    genPlus1     spaQ
        1000  0.362209
        2000  0.310039
        3000  0.250572
        4000  0.266763
        5000  0.302040
        6000  0.322179
        7000  0.314838
        8000  0.300204
        9000  0.298737
       10000  0.369445
       11000  0.275056
       12000  0.279430
       13000  0.259952
       14000  0.257022
       15000  0.345278
       16000  0.327916
       17000  0.300926
       18000  0.271018
       19000  0.261089
       20000  0.313324
       21000  0.337451
       22000  0.238551
       23000  0.216550
       24000  0.349682
       25000  0.327307
       26000  0.302801
       27000  0.306539
       28000  0.256973
       29000  0.277889
       30000  0.198802
       31000  0.258785
       32000  0.271449
       33000  0.258101
       34000  0.255986
       35000  0.303447
       36000  0.311353
       37000  0.323932
       38000  0.292969
       39000  0.246660
       40000  0.290438
       41000  0.316778
       42000  0.335976
       43000  0.282206
       44000  0.289102
       45000  0.352938
       46000  0.244840
       47000  0.339477
       48000  0.333690
       49000  0.340883
       50000  0.278370
       51000  0.289988
       52000  0.326039
       53000  0.314901
       54000  0.261123
       55000  0.356847
       56000  0.319096
       57000  0.274119
       58000  0.359974
       59000  0.253434
       60000  0.278849
       61000  0.217581
       62000  0.293713
       63000  0.285799
       64000  0.259518
       65000  0.325880
       66000  0.289812
       67000  0.297471
       68000  0.302267
       69000  0.303325
       70000  0.261815
       71000  0.291098
       72000  0.244099
       73000  0.278470
       74000  0.313925
       75000  0.263969
       76000  0.280403
       77000  0.311270
       78000  0.325005
       79000  0.315124
       80000  0.310745
       81000  0.276640
       82000  0.301578
       83000  0.305643
       84000  0.339132
       85000  0.332092
       86000  0.266681
       87000  0.238106
       88000  0.228518
       89000  0.288367
       90000  0.310103
       91000  0.229068
       92000  0.292212
       93000  0.253721
       94000  0.261969
       95000  0.244585
       96000  0.351612
       97000  0.280109
       98000  0.232638
       99000  0.293836
      100000  0.318185
      101000  0.292579
      102000  0.305918
      103000  0.326060
      104000  0.330001
      105000  0.279417
      106000  0.264066
      107000  0.267574
      108000  0.338204
      109000  0.240120
      110000  0.302931
      111000  0.239104
      112000  0.266263
      113000  0.277510
      114000  0.253512
      115000  0.309245
      116000  0.311570
      117000  0.322047
      118000  0.333008
      119000  0.283448
      120000  0.275957
      121000  0.301395
      122000  0.330170
      123000  0.266009
      124000  0.270299
      125000  0.297680
      126000  0.377789
      127000  0.269380
      128000  0.299442
      129000  0.338140
      130000  0.360775
      131000  0.287849
      132000  0.321357
      133000  0.255923
      134000  0.351616
      135000  0.323292
      136000  0.322825
      137000  0.351365
      138000  0.338201
      139000  0.362566
      140000  0.403388
      141000  0.219120
      142000  0.286821
      143000  0.211893
      144000  0.284444
      145000  0.287720
      146000  0.237016
      147000  0.222031
      148000  0.334566
      149000  0.269643
      150000  0.317620
      151000  0.313416
      152000  0.206395
      153000  0.282505
      154000  0.295811
      155000  0.323951
      156000  0.228497
      157000  0.311992
      158000  0.278017
      159000  0.328100
      160000  0.358907
      161000  0.297613
      162000  0.211083
      163000  0.333819
      164000  0.269143
      165000  0.295727
      166000  0.291948
      167000  0.298953
      168000  0.330448
      169000  0.297781
      170000  0.317771
      171000  0.276937
      172000  0.322203
      173000  0.276228
      174000  0.307888
      175000  0.283248
      176000  0.316932
      177000  0.256727
      178000  0.294552
      179000  0.305800
      180000  0.300922
      181000  0.251604
      182000  0.257669
      183000  0.244349
      184000  0.334501
      185000  0.320699
      186000  0.326027
      187000  0.250528
      188000  0.268967
      189000  0.272211
      190000  0.284587
      191000  0.329076
      192000  0.336496
      193000  0.293056
      194000  0.347360
      195000  0.277305
      196000  0.298333
      197000  0.288637
      198000  0.267912
      199000  0.283428
      200000  0.287459
      201000  0.301546
      202000  0.307685
      203000  0.348574
      204000  0.249275
      205000  0.233692
      206000  0.345175
      207000  0.276568
      208000  0.257062
      209000  0.253367
      210000  0.332461
      211000  0.272227
      212000  0.315386
      213000  0.306262
      214000  0.295851
      215000  0.227949
      216000  0.306715
      217000  0.300898
      218000  0.224053
      219000  0.230900
      220000  0.303068
      221000  0.323822
      222000  0.392134
      223000  0.275912
      224000  0.276734
      225000  0.290569
      226000  0.359961
      227000  0.286711
      228000  0.264601
      229000  0.258326
      230000  0.293406
      231000  0.314943
      232000  0.303220
      233000  0.278709
      234000  0.273465
      235000  0.270815
      236000  0.290399
      237000  0.344127
      238000  0.302101
      239000  0.236241
      240000  0.355327
      241000  0.257648
      242000  0.319412
      243000  0.306709
      244000  0.292629
      245000  0.358709
      246000  0.291442
      247000  0.250944
      248000  0.327388
      249000  0.318089
      250000  0.275407
      251000  0.319325
      252000  0.240335
      253000  0.266409
      254000  0.331520
      255000  0.283121
      256000  0.319003
      257000  0.302228
      258000  0.299477
      259000  0.258997
      260000  0.306599
      261000  0.272406
      262000  0.363053
      263000  0.199559
      264000  0.326229
      265000  0.371958
      266000  0.348291
      267000  0.278040
      268000  0.375009
      269000  0.291191
      270000  0.375801
      271000  0.273031
      272000  0.277210
      273000  0.300010
      274000  0.264910
      275000  0.267445
      276000  0.329757
      277000  0.334298
      278000  0.374234
      279000  0.304602
      280000  0.303739
      281000  0.249350
      282000  0.289308
      283000  0.364919
      284000  0.276445
      285000  0.368170
      286000  0.252231
      287000  0.303645
      288000  0.272179
      289000  0.263536
      290000  0.311415
      291000  0.259360
      292000  0.290320
      293000  0.258004
      294000  0.283672
      295000  0.312000
      296000  0.313552
      297000  0.264702
      298000  0.264187
      299000  0.290126
      300000  0.290178
      301000  0.323616
      302000  0.273297
      303000  0.347822
      304000  0.316949
      305000  0.292252
      306000  0.276037
      307000  0.333867
      308000  0.272839
      309000  0.227312
      310000  0.281240
      311000  0.333536
      312000  0.256785
      313000  0.287331
      314000  0.321757
      315000  0.313502
      316000  0.303187
      317000  0.251740
      318000  0.313396
      319000  0.220368
      320000  0.277689
      321000  0.313528
      322000  0.271279
      323000  0.249201
      324000  0.288050
      325000  0.309208
      326000  0.321443
      327000  0.318986
      328000  0.242615
      329000  0.240794
      330000  0.286104
      331000  0.222653
      332000  0.269108
      333000  0.249989
      334000  0.292820
      335000  0.272776
      336000  0.312346
      337000  0.323854
      338000  0.289337
      339000  0.307464
      340000  0.256389
      341000  0.260650
      342000  0.260802
      343000  0.346835
      344000  0.236084
      345000  0.309715
      346000  0.309710
      347000  0.354465
      348000  0.281320
      349000  0.289380
      350000  0.279934
      351000  0.365348
      352000  0.301927
      353000  0.366587
      354000  0.352056
      355000  0.269787
      356000  0.271541
      357000  0.349681
      358000  0.297088
      359000  0.314735
      360000  0.331182
      361000  0.289841
      362000  0.340593
      363000  0.295823
      364000  0.260841
      365000  0.300745
      366000  0.223244
      367000  0.331439
      368000  0.222715
      369000  0.312336
      370000  0.249134
      371000  0.222363
      372000  0.268267
      373000  0.330999
      374000  0.295156
      375000  0.246452
      376000  0.234378
      377000  0.293595
      378000  0.271451
      379000  0.307245
      380000  0.306264
      381000  0.317004
      382000  0.319615
      383000  0.267509
      384000  0.362205
      385000  0.250576
      386000  0.245439
      387000  0.301883
      388000  0.324175
      389000  0.311707
      390000  0.291188
      391000  0.267569
      392000  0.357235
      393000  0.299398
      394000  0.300895
      395000  0.314091
      396000  0.332983
      397000  0.309623
      398000  0.294123
      399000  0.328085
      400000  0.316201
      401000  0.222121
      402000  0.333810
      403000  0.339033
      404000  0.308825
      405000  0.329315
      406000  0.282433
      407000  0.299818
      408000  0.344635
      409000  0.250510
      410000  0.270780
      411000  0.302357
      412000  0.318768
      413000  0.226877
      414000  0.287933
      415000  0.251134
      416000  0.310412
      417000  0.269344
      418000  0.278845
      419000  0.241988
      420000  0.304672
      421000  0.282140
      422000  0.245811
      423000  0.238184
      424000  0.262454
      425000  0.312366
      426000  0.343875
      427000  0.218050
      428000  0.345090
      429000  0.259597
      430000  0.294662
      431000  0.295583
      432000  0.314898
      433000  0.302275
      434000  0.277476
      435000  0.293762
      436000  0.234123
      437000  0.255959
      438000  0.302142
      439000  0.244356
      440000  0.350371
      441000  0.320689
      442000  0.242166
      443000  0.260261
      444000  0.329142
      445000  0.271136
      446000  0.260104
      447000  0.310230
      448000  0.238689
      449000  0.246237
      450000  0.305711
      451000  0.352423
      452000  0.323871
      453000  0.383732
      454000  0.281689
      455000  0.255764
      456000  0.272905
      457000  0.285648
      458000  0.238322
      459000  0.282494
      460000  0.362754
      461000  0.255254
      462000  0.295812
      463000  0.271580
      464000  0.350144
      465000  0.272724
      466000  0.316022
      467000  0.244806
      468000  0.278437
      469000  0.262279
      470000  0.372172
      471000  0.282091
      472000  0.333750
      473000  0.318938
      474000  0.276557
      475000  0.264819
      476000  0.276919
      477000  0.234249
      478000  0.331428
      479000  0.287849
      480000  0.309835
      481000  0.291901
      482000  0.296249
      483000  0.257033
      484000  0.313317
      485000  0.327611
      486000  0.240721
      487000  0.312474
      488000  0.287179
      489000  0.253404
      490000  0.259442
      491000  0.330148
      492000  0.254084
      493000  0.232661
      494000  0.280120
      495000  0.290470
      496000  0.262375
      497000  0.324840
      498000  0.233303
      499000  0.311125
      500000  0.330381
      501000  0.359759
      502000  0.243313
      503000  0.282349
      504000  0.296880
      505000  0.281849
      506000  0.284952
      507000  0.324285
      508000  0.334963
      509000  0.288937
      510000  0.306372
      511000  0.321472
      512000  0.276644
      513000  0.273458
      514000  0.297839
      515000  0.292667
      516000  0.272593
      517000  0.414479
      518000  0.332160
      519000  0.271781
      520000  0.323037
      521000  0.228184
      522000  0.265087
      523000  0.271313
      524000  0.323826
      525000  0.337361
      526000  0.275993
      527000  0.219194
      528000  0.263508
      529000  0.311684
      530000  0.311853
      531000  0.307223
      532000  0.213585
      533000  0.380553
      534000  0.291064
      535000  0.341965
      536000  0.303356
      537000  0.322307
      538000  0.268886
      539000  0.290467
      540000  0.317456
      541000  0.215234
      542000  0.236599
      543000  0.306284
      544000  0.302842
      545000  0.370917
      546000  0.312054
      547000  0.314846
      548000  0.258218
      549000  0.282674
      550000  0.200387
      551000  0.332929
      552000  0.217895
      553000  0.317566
      554000  0.346796
      555000  0.234117
      556000  0.336987
      557000  0.285743
      558000  0.343373
      559000  0.309213
      560000  0.320806
      561000  0.292051
      562000  0.292528
      563000  0.323106
      564000  0.282152
      565000  0.338497
      566000  0.355881
      567000  0.241132
      568000  0.321327
      569000  0.218435
      570000  0.300912
      571000  0.339780
      572000  0.277598
      573000  0.299239
      574000  0.280051
      575000  0.331859
      576000  0.219853
      577000  0.291357
      578000  0.260413
      579000  0.320889
      580000  0.303728
      581000  0.273337
      582000  0.242563
      583000  0.321290
      584000  0.322659
      585000  0.261374
      586000  0.201532
      587000  0.363975
      588000  0.264087
      589000  0.274067
      590000  0.273925
      591000  0.287808
      592000  0.260041
      593000  0.360653
      594000  0.277909
      595000  0.284389
      596000  0.289761
      597000  0.235203
      598000  0.343234
      599000  0.312483
      600000  0.312913
      601000  0.295015
      602000  0.277352
      603000  0.311232
      604000  0.201809
      605000  0.357086
      606000  0.288976
      607000  0.359675
      608000  0.320727
      609000  0.274603
      610000  0.337776
      611000  0.328131
      612000  0.251969
      613000  0.233929
      614000  0.325647
      615000  0.263684
      616000  0.332951
      617000  0.347876
      618000  0.300204
      619000  0.306504
      620000  0.289589
      621000  0.220208
      622000  0.312736
      623000  0.224230
      624000  0.292850
      625000  0.309700
      626000  0.287743
      627000  0.289643
      628000  0.340382
      629000  0.242616
      630000  0.236625
      631000  0.380931
      632000  0.283057
      633000  0.275571
      634000  0.258376
      635000  0.299912
      636000  0.264582
      637000  0.356618
      638000  0.250550
      639000  0.221650
      640000  0.285591
      641000  0.281234
      642000  0.306688
      643000  0.340387
      644000  0.338951
      645000  0.256570
      646000  0.243522
      647000  0.267079
      648000  0.287084
      649000  0.277644
      650000  0.234509
      651000  0.268687
      652000  0.266404
      653000  0.224857
      654000  0.219891
      655000  0.316269
      656000  0.296608
      657000  0.315920
      658000  0.271741
      659000  0.268961
      660000  0.233623
      661000  0.294772
      662000  0.271892
      663000  0.371126
      664000  0.279757
      665000  0.269209
      666000  0.255571
      667000  0.284337
      668000  0.358885
      669000  0.363892
      670000  0.267906
      671000  0.303337
      672000  0.277792
      673000  0.313014
      674000  0.307815
      675000  0.338347
      676000  0.284632
      677000  0.360618
      678000  0.244543
      679000  0.348259
      680000  0.290756
      681000  0.328213
      682000  0.306737
      683000  0.312468
      684000  0.231178
      685000  0.234570
      686000  0.366319
      687000  0.297972
      688000  0.282158
      689000  0.262979
      690000  0.269175
      691000  0.270293
      692000  0.257579
      693000  0.266768
      694000  0.232236
      695000  0.274408
      696000  0.312285
      697000  0.382806
      698000  0.266929
      699000  0.333694
      700000  0.270798
      701000  0.306767
      702000  0.281808
      703000  0.291625
      704000  0.309156
      705000  0.286566
      706000  0.286785
      707000  0.241064
      708000  0.330040
      709000  0.268377
      710000  0.340162
      711000  0.301531
      712000  0.226618
      713000  0.282795
      714000  0.292850
      715000  0.298713
      716000  0.287699
      717000  0.294844
      718000  0.276893
      719000  0.285312
      720000  0.329617
      721000  0.280831
      722000  0.364655
      723000  0.344332
      724000  0.250452
      725000  0.394057
      726000  0.303977
      727000  0.333682
      728000  0.263528
      729000  0.288003
      730000  0.197059
      731000  0.335833
      732000  0.333028
      733000  0.261424
      734000  0.313849
      735000  0.383536
      736000  0.343791
      737000  0.319324
      738000  0.235584
      739000  0.312580
      740000  0.252072
      741000  0.307442
      742000  0.237783
      743000  0.277059
      744000  0.282075
      745000  0.277026
      746000  0.354825
      747000  0.349605
      748000  0.282733
      749000  0.293952
      750000  0.222176
      751000  0.239447
      752000  0.290187
      753000  0.281411
      754000  0.348872
      755000  0.231330
      756000  0.289128
      757000  0.245241
      758000  0.264798
      759000  0.305582
      760000  0.326180
      761000  0.325896
      762000  0.238125
      763000  0.212428
      764000  0.280765
      765000  0.331106
      766000  0.244901
      767000  0.283170
      768000  0.243361
      769000  0.297843
      770000  0.335551
      771000  0.333646
      772000  0.276280
      773000  0.322455
      774000  0.291767
      775000  0.329665
      776000  0.267760
      777000  0.365824
      778000  0.276225
      779000  0.268951
      780000  0.373879
      781000  0.279591
      782000  0.329619
      783000  0.325809
      784000  0.304931
      785000  0.260888
      786000  0.283001
      787000  0.236229
      788000  0.286014
      789000  0.315545
      790000  0.279551
      791000  0.305302
      792000  0.285790
      793000  0.273109
      794000  0.304838
      795000  0.348778
      796000  0.287134
      797000  0.290601
      798000  0.248510
      799000  0.316848
      800000  0.381976
      801000  0.268045
      802000  0.297752
      803000  0.298039
      804000  0.285787
      805000  0.251528
      806000  0.285018
      807000  0.265225
      808000  0.328707
      809000  0.255391
      810000  0.354781
      811000  0.258259
      812000  0.259233
      813000  0.273549
      814000  0.275778
      815000  0.254598
      816000  0.312151
      817000  0.331186
      818000  0.312807
      819000  0.264637
      820000  0.345682
      821000  0.281995
      822000  0.281910
      823000  0.306551
      824000  0.288280
      825000  0.323032
      826000  0.235141
      827000  0.269399
      828000  0.302475
      829000  0.255305
      830000  0.275142
      831000  0.271570
      832000  0.307261
      833000  0.255182
      834000  0.311402
      835000  0.331891
      836000  0.249011
      837000  0.304502
      838000  0.314931
      839000  0.284928
      840000  0.253617
      841000  0.284391
      842000  0.213532
      843000  0.335425
      844000  0.333451
      845000  0.312567
      846000  0.262075
      847000  0.266746
      848000  0.293897
      849000  0.258801
      850000  0.315348
      851000  0.322768
      852000  0.274555
      853000  0.316669
      854000  0.362281
      855000  0.226363
      856000  0.287576
      857000  0.330837
      858000  0.268189
      859000  0.294711
      860000  0.300685
      861000  0.252438
      862000  0.296722
      863000  0.281100
      864000  0.259440
      865000  0.319325
      866000  0.321992
      867000  0.238608
      868000  0.280478
      869000  0.245953
      870000  0.262943
      871000  0.227831
      872000  0.295329
      873000  0.275759
      874000  0.304673
      875000  0.348640
      876000  0.369110
      877000  0.341490
      878000  0.239499
      879000  0.284272
      880000  0.261857
      881000  0.296942
      882000  0.219581
      883000  0.281757
      884000  0.248236
      885000  0.253285
      886000  0.246134
      887000  0.297505
      888000  0.305782
      889000  0.320884
      890000  0.320031
      891000  0.312736
      892000  0.293480
      893000  0.257275
      894000  0.259010
      895000  0.357510
      896000  0.255326
      897000  0.282880
      898000  0.259149
      899000  0.323531
      900000  0.232577
      901000  0.317553
      902000  0.292837
      903000  0.250928
      904000  0.286504
      905000  0.284333
      906000  0.333842
      907000  0.262952
      908000  0.245134
      909000  0.288322
      910000  0.299794
      911000  0.311806
      912000  0.241885
      913000  0.287201
      914000  0.249249
      915000  0.319513
      916000  0.253085
      917000  0.309390
      918000  0.290032
      919000  0.324261
      920000  0.276778
      921000  0.291487
      922000  0.294981
      923000  0.308877
      924000  0.268284
      925000  0.271331
      926000  0.263846
      927000  0.332427
      928000  0.289621
      929000  0.266492
      930000  0.383863
      931000  0.219550
      932000  0.272976
      933000  0.301034
      934000  0.305505
      935000  0.354388
      936000  0.240626
      937000  0.401516
      938000  0.308547
      939000  0.358673
      940000  0.303805
      941000  0.259725
      942000  0.268945
      943000  0.348656
      944000  0.235214
      945000  0.288255
      946000  0.363076
      947000  0.262260
      948000  0.274968
      949000  0.292735
      950000  0.352116
      951000  0.335672
      952000  0.280244
      953000  0.288119
      954000  0.331780
      955000  0.341815
      956000  0.371636
      957000  0.306408
      958000  0.299309
      959000  0.299777
      960000  0.318166
      961000  0.341675
      962000  0.338091
      963000  0.271177
      964000  0.323082
      965000  0.271889
      966000  0.302500
      967000  0.311282
      968000  0.311989
      969000  0.245487
      970000  0.243516
      971000  0.313784
      972000  0.255403
      973000  0.250588
      974000  0.331779
      975000  0.346925
      976000  0.327064
      977000  0.312950
      978000  0.358407
      979000  0.346614
      980000  0.289432
      981000  0.278479
      982000  0.266267
      983000  0.293656
      984000  0.368058
      985000  0.282604
      986000  0.288292
      987000  0.274772
      988000  0.286956
      989000  0.315906
      990000  0.284075
      991000  0.289041
      992000  0.323556
      993000  0.283795
      994000  0.268041
      995000  0.306167
      996000  0.256524
      997000  0.274214
      998000  0.321813
      999000  0.315909
     1000000  0.294367
