    genPlus1     spaQ
        1000  0.511993
        2000  0.534568
        3000  0.502108
        4000  0.517726
        5000  0.523152
        6000  0.522996
        7000  0.515855
        8000  0.506030
        9000  0.525628
       10000  0.503053
       11000  0.508388
       12000  0.522817
       13000  0.512551
       14000  0.513680
       15000  0.506891
       16000  0.510770
       17000  0.496036
       18000  0.511205
       19000  0.506231
       20000  0.490532
       21000  0.505297
       22000  0.523470
       23000  0.522020
       24000  0.526088
       25000  0.522039
       26000  0.519394
       27000  0.506219
       28000  0.519870
       29000  0.508590
       30000  0.532384
       31000  0.502227
       32000  0.514296
       33000  0.510446
       34000  0.506774
       35000  0.505705
       36000  0.508243
       37000  0.514765
       38000  0.504396
       39000  0.511948
       40000  0.529281
       41000  0.516740
       42000  0.517467
       43000  0.526744
       44000  0.526054
       45000  0.528855
       46000  0.493390
       47000  0.498736
       48000  0.504925
       49000  0.514407
       50000  0.505758
       51000  0.514775
       52000  0.523288
       53000  0.510316
       54000  0.530730
       55000  0.518311
       56000  0.520205
       57000  0.525604
       58000  0.514788
       59000  0.500007
       60000  0.509048
       61000  0.512706
       62000  0.488952
       63000  0.504866
       64000  0.503966
       65000  0.495583
       66000  0.507650
       67000  0.508893
       68000  0.505635
       69000  0.508151
       70000  0.500280
       71000  0.504520
       72000  0.515133
       73000  0.496068
       74000  0.503708
       75000  0.522959
       76000  0.528565
       77000  0.529815
       78000  0.507924
       79000  0.501664
       80000  0.508760
       81000  0.514609
       82000  0.507280
       83000  0.513178
       84000  0.518793
       85000  0.486497
       86000  0.514004
       87000  0.493483
       88000  0.510717
       89000  0.493385
       90000  0.519032
       91000  0.533027
       92000  0.504337
       93000  0.510481
       94000  0.498648
       95000  0.498845
       96000  0.530710
       97000  0.503900
       98000  0.535355
       99000  0.518156
      100000  0.503966
      101000  0.501727
      102000  0.500814
      103000  0.493389
      104000  0.506382
      105000  0.501236
      106000  0.512112
      107000  0.509321
      108000  0.507458
      109000  0.501094
      110000  0.507665
      111000  0.500375
      112000  0.511418
      113000  0.506000
      114000  0.527465
      115000  0.507119
      116000  0.529549
      117000  0.527463
      118000  0.511899
      119000  0.514650
      120000  0.521297
      121000  0.514195
      122000  0.518493
      123000  0.503021
      124000  0.496532
      125000  0.515692
      126000  0.504139
      127000  0.515406
      128000  0.514943
      129000  0.515956
      130000  0.506878
      131000  0.531264
      132000  0.507668
      133000  0.534407
      134000  0.515094
      135000  0.504505
      136000  0.503600
      137000  0.497401
      138000  0.536330
      139000  0.513655
      140000  0.509275
      141000  0.504340
      142000  0.506745
      143000  0.521308
      144000  0.502154
      145000  0.502710
      146000  0.508066
      147000  0.518146
      148000  0.526463
      149000  0.526396
      150000  0.526445
      151000  0.539215
      152000  0.507305
      153000  0.500939
      154000  0.502254
      155000  0.518775
      156000  0.485699
      157000  0.494634
      158000  0.515850
      159000  0.502588
      160000  0.499882
      161000  0.502746
      162000  0.510452
      163000  0.510873
      164000  0.516815
      165000  0.506941
      166000  0.513254
      167000  0.509053
      168000  0.509452
      169000  0.525205
      170000  0.515336
      171000  0.517997
      172000  0.512405
      173000  0.494006
      174000  0.507705
      175000  0.511523
      176000  0.506675
      177000  0.518132
      178000  0.507132
      179000  0.530003
      180000  0.530175
      181000  0.514067
      182000  0.514320
      183000  0.530537
      184000  0.501495
      185000  0.505899
      186000  0.509683
      187000  0.491474
      188000  0.513088
      189000  0.506836
      190000  0.522868
      191000  0.509421
      192000  0.517224
      193000  0.517124
      194000  0.506842
      195000  0.496051
      196000  0.505767
      197000  0.506500
      198000  0.505956
      199000  0.523323
      200000  0.509226
      201000  0.513943
      202000  0.499541
      203000  0.511505
      204000  0.515156
      205000  0.508615
      206000  0.516590
      207000  0.501897
      208000  0.512390
      209000  0.509977
      210000  0.494593
      211000  0.507167
      212000  0.515374
      213000  0.500512
      214000  0.503047
      215000  0.501229
      216000  0.515375
      217000  0.501645
      218000  0.513370
      219000  0.507168
      220000  0.524562
      221000  0.491423
      222000  0.520903
      223000  0.511236
      224000  0.510041
      225000  0.474491
      226000  0.513166
      227000  0.504292
      228000  0.524213
      229000  0.501260
      230000  0.524905
      231000  0.516147
      232000  0.516402
      233000  0.509707
      234000  0.512281
      235000  0.506838
      236000  0.508574
      237000  0.515941
      238000  0.491934
      239000  0.523088
      240000  0.507896
      241000  0.509548
      242000  0.506873
      243000  0.527408
      244000  0.521574
      245000  0.502627
      246000  0.500516
      247000  0.518503
      248000  0.513704
      249000  0.515842
      250000  0.517014
      251000  0.509791
      252000  0.508458
      253000  0.505215
      254000  0.502829
      255000  0.521054
      256000  0.510476
      257000  0.503689
      258000  0.507386
      259000  0.509810
      260000  0.509591
      261000  0.501108
      262000  0.517055
      263000  0.500831
      264000  0.516394
      265000  0.518311
      266000  0.515556
      267000  0.513559
      268000  0.507969
      269000  0.511294
      270000  0.503315
      271000  0.497034
      272000  0.516082
      273000  0.505398
      274000  0.506576
      275000  0.504891
      276000  0.506237
      277000  0.520280
      278000  0.506553
      279000  0.503569
      280000  0.504762
      281000  0.496810
      282000  0.521685
      283000  0.519101
      284000  0.515214
      285000  0.503913
      286000  0.506867
      287000  0.506425
      288000  0.519340
      289000  0.506037
      290000  0.494719
      291000  0.498613
      292000  0.515794
      293000  0.523769
      294000  0.491227
      295000  0.505029
      296000  0.520754
      297000  0.483923
      298000  0.506844
      299000  0.504063
      300000  0.510705
      301000  0.516307
      302000  0.510877
      303000  0.493490
      304000  0.519065
      305000  0.516196
      306000  0.510749
      307000  0.509698
      308000  0.494700
      309000  0.514204
      310000  0.510895
      311000  0.501786
      312000  0.524153
      313000  0.510043
      314000  0.512184
      315000  0.525829
      316000  0.528716
      317000  0.518643
      318000  0.509763
      319000  0.521309
      320000  0.493996
      321000  0.518185
      322000  0.519793
      323000  0.519423
      324000  0.513068
      325000  0.519071
      326000  0.515028
      327000  0.509137
      328000  0.517233
      329000  0.500148
      330000  0.504758
      331000  0.514824
      332000  0.522444
      333000  0.528323
      334000  0.502685
      335000  0.500067
      336000  0.511815
      337000  0.525583
      338000  0.501900
      339000  0.516904
      340000  0.517263
      341000  0.507223
      342000  0.499447
      343000  0.513891
      344000  0.513781
      345000  0.513416
      346000  0.538007
      347000  0.504210
      348000  0.505463
      349000  0.518058
      350000  0.505160
      351000  0.520312
      352000  0.523239
      353000  0.522165
      354000  0.513794
      355000  0.499067
      356000  0.529880
      357000  0.499896
      358000  0.520482
      359000  0.515600
      360000  0.507807
      361000  0.497172
      362000  0.509524
      363000  0.504133
      364000  0.500275
      365000  0.508150
      366000  0.495498
      367000  0.524192
      368000  0.492575
      369000  0.525998
      370000  0.516498
      371000  0.504655
      372000  0.513681
      373000  0.510463
      374000  0.516162
      375000  0.502068
      376000  0.523382
      377000  0.487007
      378000  0.499866
      379000  0.506741
      380000  0.506136
      381000  0.530876
      382000  0.512475
      383000  0.505381
      384000  0.502788
      385000  0.522824
      386000  0.508573
      387000  0.503480
      388000  0.504430
      389000  0.528175
      390000  0.497200
      391000  0.505650
      392000  0.517455
      393000  0.529495
      394000  0.494327
      395000  0.520561
      396000  0.516666
      397000  0.503893
      398000  0.505301
      399000  0.499419
      400000  0.514802
      401000  0.514446
      402000  0.508521
      403000  0.501601
      404000  0.510875
      405000  0.505862
      406000  0.515476
      407000  0.511106
      408000  0.511721
      409000  0.516767
      410000  0.516698
      411000  0.507667
      412000  0.518113
      413000  0.518675
      414000  0.510281
      415000  0.519845
      416000  0.511090
      417000  0.503051
      418000  0.517100
      419000  0.488787
      420000  0.507049
      421000  0.505259
      422000  0.519678
      423000  0.525814
      424000  0.508431
      425000  0.523575
      426000  0.503875
      427000  0.497369
      428000  0.516633
      429000  0.505774
      430000  0.499125
      431000  0.503264
      432000  0.507237
      433000  0.511831
      434000  0.517541
      435000  0.495742
      436000  0.509111
      437000  0.504638
      438000  0.515685
      439000  0.534536
      440000  0.505201
      441000  0.513914
      442000  0.498963
      443000  0.498622
      444000  0.504401
      445000  0.509431
      446000  0.496170
      447000  0.501928
      448000  0.505221
      449000  0.505902
      450000  0.501095
      451000  0.507947
      452000  0.498459
      453000  0.499370
      454000  0.526811
      455000  0.495504
      456000  0.500017
      457000  0.511509
      458000  0.527910
      459000  0.522514
      460000  0.524937
      461000  0.526017
      462000  0.518443
      463000  0.512834
      464000  0.503302
      465000  0.512136
      466000  0.512837
      467000  0.500558
      468000  0.505700
      469000  0.527320
      470000  0.500808
      471000  0.509229
      472000  0.515517
      473000  0.499450
      474000  0.491120
      475000  0.498725
      476000  0.512120
      477000  0.518225
      478000  0.504210
      479000  0.486636
      480000  0.504438
      481000  0.498827
      482000  0.507307
      483000  0.505064
      484000  0.507987
      485000  0.495564
      486000  0.503056
      487000  0.522549
      488000  0.515958
      489000  0.514087
      490000  0.507378
      491000  0.511912
      492000  0.517912
      493000  0.512450
      494000  0.506341
      495000  0.507686
      496000  0.502872
      497000  0.490238
      498000  0.500693
      499000  0.513066
      500000  0.503669
      501000  0.498885
      502000  0.529740
      503000  0.494341
      504000  0.516841
      505000  0.520638
      506000  0.497441
      507000  0.520620
      508000  0.508798
      509000  0.518467
      510000  0.521071
      511000  0.490620
      512000  0.495090
      513000  0.517001
      514000  0.514035
      515000  0.504919
      516000  0.505756
      517000  0.508695
      518000  0.500022
      519000  0.495538
      520000  0.507358
      521000  0.513700
      522000  0.516546
      523000  0.505881
      524000  0.515889
      525000  0.493491
      526000  0.514614
      527000  0.527445
      528000  0.510905
      529000  0.501842
      530000  0.488173
      531000  0.500620
      532000  0.512809
      533000  0.530885
      534000  0.521305
      535000  0.513711
      536000  0.523521
      537000  0.512813
      538000  0.502846
      539000  0.498010
      540000  0.506743
      541000  0.509860
      542000  0.517282
      543000  0.528083
      544000  0.477518
      545000  0.507044
      546000  0.511753
      547000  0.500931
      548000  0.519805
      549000  0.508574
      550000  0.499511
      551000  0.520978
      552000  0.502508
      553000  0.495845
      554000  0.506366
      555000  0.525325
      556000  0.519682
      557000  0.523650
      558000  0.513612
      559000  0.521433
      560000  0.510543
      561000  0.514431
      562000  0.512885
      563000  0.506123
      564000  0.511200
      565000  0.526289
      566000  0.499997
      567000  0.505447
      568000  0.509757
      569000  0.520796
      570000  0.523077
      571000  0.513394
      572000  0.508927
      573000  0.501258
      574000  0.501299
      575000  0.529640
      576000  0.518715
      577000  0.519020
      578000  0.514847
      579000  0.503623
      580000  0.507232
      581000  0.500870
      582000  0.515741
      583000  0.498077
      584000  0.505322
      585000  0.490826
      586000  0.515036
      587000  0.522571
      588000  0.516048
      589000  0.512787
      590000  0.510439
      591000  0.502123
      592000  0.512586
      593000  0.502338
      594000  0.526449
      595000  0.503417
      596000  0.510671
      597000  0.505065
      598000  0.507375
      599000  0.492760
      600000  0.510035
      601000  0.506035
      602000  0.507228
      603000  0.524498
      604000  0.507372
      605000  0.504607
      606000  0.516956
      607000  0.504644
      608000  0.501806
      609000  0.514740
      610000  0.516288
      611000  0.514869
      612000  0.529098
      613000  0.509780
      614000  0.506267
      615000  0.502618
      616000  0.520208
      617000  0.520415
      618000  0.527263
      619000  0.499783
      620000  0.526863
      621000  0.494061
      622000  0.511513
      623000  0.513471
      624000  0.526582
      625000  0.501031
      626000  0.488527
      627000  0.515614
      628000  0.518304
      629000  0.504809
      630000  0.527696
      631000  0.527655
      632000  0.501652
      633000  0.514656
      634000  0.509847
      635000  0.524811
      636000  0.508396
      637000  0.522821
      638000  0.523378
      639000  0.519470
      640000  0.494233
      641000  0.495926
      642000  0.510996
      643000  0.517305
      644000  0.507954
      645000  0.517915
      646000  0.519650
      647000  0.518380
      648000  0.513392
      649000  0.515763
      650000  0.507143
      651000  0.497348
      652000  0.511146
      653000  0.507214
      654000  0.501460
      655000  0.512482
      656000  0.503400
      657000  0.528899
      658000  0.516063
      659000  0.520958
      660000  0.505890
      661000  0.502497
      662000  0.499969
      663000  0.504042
      664000  0.502552
      665000  0.516011
      666000  0.515508
      667000  0.509878
      668000  0.508489
      669000  0.506079
      670000  0.531374
      671000  0.524500
      672000  0.521725
      673000  0.510025
      674000  0.496127
      675000  0.502848
      676000  0.511421
      677000  0.522265
      678000  0.522184
      679000  0.486523
      680000  0.504046
      681000  0.513972
      682000  0.513226
      683000  0.508404
      684000  0.507476
      685000  0.500996
      686000  0.497154
      687000  0.496550
      688000  0.508661
      689000  0.501641
      690000  0.519241
      691000  0.507734
      692000  0.494392
      693000  0.500067
      694000  0.511653
      695000  0.524840
      696000  0.515221
      697000  0.520796
      698000  0.511402
      699000  0.530967
      700000  0.497256
      701000  0.491759
      702000  0.511232
      703000  0.505233
      704000  0.497288
      705000  0.518211
      706000  0.512196
      707000  0.498217
      708000  0.519161
      709000  0.523335
      710000  0.511083
      711000  0.515224
      712000  0.515696
      713000  0.513752
      714000  0.507063
      715000  0.521979
      716000  0.517374
      717000  0.500100
      718000  0.516247
      719000  0.494149
      720000  0.512008
      721000  0.524933
      722000  0.501801
      723000  0.504717
      724000  0.517211
      725000  0.506747
      726000  0.513781
      727000  0.498245
      728000  0.513017
      729000  0.511326
      730000  0.520875
      731000  0.500971
      732000  0.522520
      733000  0.504065
      734000  0.526440
      735000  0.520841
      736000  0.520199
      737000  0.526735
      738000  0.507421
      739000  0.528906
      740000  0.488596
      741000  0.511112
      742000  0.521794
      743000  0.520988
      744000  0.519550
      745000  0.524866
      746000  0.510760
      747000  0.507472
      748000  0.522544
      749000  0.513114
      750000  0.520789
      751000  0.518467
      752000  0.512563
      753000  0.507622
      754000  0.496289
      755000  0.516711
      756000  0.507098
      757000  0.509182
      758000  0.502213
      759000  0.509937
      760000  0.528268
      761000  0.498484
      762000  0.505477
      763000  0.495970
      764000  0.518701
      765000  0.516764
      766000  0.519126
      767000  0.515494
      768000  0.495010
      769000  0.506731
      770000  0.517009
      771000  0.532550
      772000  0.504202
      773000  0.503850
      774000  0.500878
      775000  0.519993
      776000  0.511973
      777000  0.521913
      778000  0.523301
      779000  0.508275
      780000  0.521486
      781000  0.525201
      782000  0.494028
      783000  0.506308
      784000  0.508985
      785000  0.508557
      786000  0.513792
      787000  0.517094
      788000  0.512445
      789000  0.507060
      790000  0.512223
      791000  0.502899
      792000  0.514822
      793000  0.521815
      794000  0.527887
      795000  0.500942
      796000  0.510312
      797000  0.509594
      798000  0.516901
      799000  0.513391
      800000  0.523244
      801000  0.510011
      802000  0.507982
      803000  0.521961
      804000  0.513300
      805000  0.524022
      806000  0.535749
      807000  0.526998
      808000  0.538987
      809000  0.518106
      810000  0.510682
      811000  0.508724
      812000  0.508536
      813000  0.509051
      814000  0.516739
      815000  0.511029
      816000  0.517408
      817000  0.517693
      818000  0.516612
      819000  0.504164
      820000  0.514074
      821000  0.519273
      822000  0.500428
      823000  0.510869
      824000  0.517896
      825000  0.520173
      826000  0.521797
      827000  0.509929
      828000  0.500345
      829000  0.511396
      830000  0.513081
      831000  0.503056
      832000  0.509717
      833000  0.507350
      834000  0.519021
      835000  0.490981
      836000  0.503446
      837000  0.518719
      838000  0.503407
      839000  0.515245
      840000  0.516190
      841000  0.515336
      842000  0.524183
      843000  0.487944
      844000  0.509177
      845000  0.515210
      846000  0.524537
      847000  0.505211
      848000  0.507766
      849000  0.512720
      850000  0.518884
      851000  0.504748
      852000  0.530355
      853000  0.510392
      854000  0.511546
      855000  0.509995
      856000  0.503385
      857000  0.499738
      858000  0.504702
      859000  0.500189
      860000  0.507366
      861000  0.511715
      862000  0.506328
      863000  0.517179
      864000  0.499246
      865000  0.514893
      866000  0.512525
      867000  0.511880
      868000  0.523441
      869000  0.514130
      870000  0.502824
      871000  0.516713
      872000  0.501905
      873000  0.516526
      874000  0.518460
      875000  0.496501
      876000  0.529005
      877000  0.518820
      878000  0.520906
      879000  0.513746
      880000  0.519230
      881000  0.520462
      882000  0.511513
      883000  0.525626
      884000  0.500285
      885000  0.521481
      886000  0.510975
      887000  0.509430
      888000  0.507623
      889000  0.509044
      890000  0.519812
      891000  0.504582
      892000  0.517560
      893000  0.531675
      894000  0.505995
      895000  0.523189
      896000  0.510645
      897000  0.505248
      898000  0.520998
      899000  0.515181
      900000  0.514481
      901000  0.511522
      902000  0.510189
      903000  0.515508
      904000  0.499480
      905000  0.515132
      906000  0.508168
      907000  0.512557
      908000  0.506737
      909000  0.501695
      910000  0.516335
      911000  0.500190
      912000  0.510970
      913000  0.496331
      914000  0.517205
      915000  0.519755
      916000  0.488986
      917000  0.508919
      918000  0.504654
      919000  0.506881
      920000  0.511742
      921000  0.501752
      922000  0.501100
      923000  0.515425
      924000  0.519631
      925000  0.523189
      926000  0.509863
      927000  0.511572
      928000  0.497949
      929000  0.518546
      930000  0.487772
      931000  0.504010
      932000  0.518477
      933000  0.501835
      934000  0.517517
      935000  0.504717
      936000  0.516637
      937000  0.496524
      938000  0.509713
      939000  0.521176
      940000  0.490984
      941000  0.501432
      942000  0.512481
      943000  0.524908
      944000  0.516513
      945000  0.501598
      946000  0.508728
      947000  0.504924
      948000  0.501737
      949000  0.506036
      950000  0.516349
      951000  0.513981
      952000  0.534516
      953000  0.515265
      954000  0.503791
      955000  0.502110
      956000  0.523192
      957000  0.507072
      958000  0.519885
      959000  0.510459
      960000  0.513821
      961000  0.517156
      962000  0.529679
      963000  0.508555
      964000  0.517087
      965000  0.500944
      966000  0.511250
      967000  0.504624
      968000  0.539918
      969000  0.513314
      970000  0.530753
      971000  0.501074
      972000  0.516981
      973000  0.513817
      974000  0.509896
      975000  0.518097
      976000  0.526994
      977000  0.498252
      978000  0.522133
      979000  0.506996
      980000  0.522559
      981000  0.503529
      982000  0.503294
      983000  0.506122
      984000  0.512055
      985000  0.521114
      986000  0.521807
      987000  0.511926
      988000  0.510745
      989000  0.500197
      990000  0.506628
      991000  0.513558
      992000  0.515310
      993000  0.499618
      994000  0.502160
      995000  0.526313
      996000  0.527706
      997000  0.504807
      998000  0.499271
      999000  0.528327
     1000000  0.506163
