    genPlus1     beta
        1000  0.940711
        2000  0.907833
        3000  0.938120
        4000  0.935731
        5000  0.953860
        6000  0.927883
        7000  0.929885
        8000  0.933388
        9000  0.928236
       10000  0.934273
       11000  0.953419
       12000  0.942129
       13000  0.917119
       14000  0.920507
       15000  0.956987
       16000  0.934491
       17000  0.967943
       18000  0.959808
       19000  0.937869
       20000  0.884586
       21000  0.973117
       22000  0.922392
       23000  0.912783
       24000  0.938044
       25000  0.944639
       26000  0.916912
       27000  0.839912
       28000  0.895484
       29000  0.945606
       30000  0.908010
       31000  0.878120
       32000  0.901681
       33000  0.948686
       34000  0.965933
       35000  0.848817
       36000  0.942604
       37000  0.947817
       38000  0.943863
       39000  0.793871
       40000  0.931512
       41000  0.965577
       42000  0.911406
       43000  0.899243
       44000  0.937444
       45000  0.835600
       46000  0.944451
       47000  0.932243
       48000  0.947181
       49000  0.918100
       50000  0.942312
       51000  0.932782
       52000  0.965529
       53000  0.954798
       54000  0.880144
       55000  0.939344
       56000  0.851063
       57000  0.930205
       58000  0.937090
       59000  0.956986
       60000  0.935987
       61000  0.704224
       62000  0.937634
       63000  0.856141
       64000  0.933339
       65000  0.972634
       66000  0.960623
       67000  0.911538
       68000  0.921662
       69000  0.947943
       70000  0.956214
       71000  0.928096
       72000  0.948394
       73000  0.941844
       74000  0.896476
       75000  0.920651
       76000  0.940719
       77000  0.902352
       78000  0.857143
       79000  0.959044
       80000  0.924877
       81000  0.968929
       82000  0.967088
       83000  0.949407
       84000  0.932025
       85000  0.956073
       86000  0.945726
       87000  0.955206
       88000  0.905195
       89000  0.919819
       90000  0.942994
       91000  0.851347
       92000  0.931869
       93000  0.976329
       94000  0.913093
       95000  0.925699
       96000  0.945621
       97000  0.890930
       98000  0.851853
       99000  0.912591
      100000  0.730859
      101000  0.899862
      102000  0.942267
      103000  0.931771
      104000  0.975441
      105000  0.934703
      106000  0.881536
      107000  0.930963
      108000  0.958186
      109000  0.947305
      110000  0.975301
      111000  0.929465
      112000  0.888945
      113000  0.926347
      114000  0.912344
      115000  0.947258
      116000  0.941453
      117000  0.890255
      118000  0.956848
      119000  0.936835
      120000  0.839918
      121000  0.968440
      122000  0.940637
      123000  0.921026
      124000  0.928886
      125000  0.936380
      126000  0.865716
      127000  0.917381
      128000  0.935178
      129000  0.891385
      130000  0.915063
      131000  0.933283
      132000  0.885387
      133000  0.912128
      134000  0.962949
      135000  0.911798
      136000  0.944003
      137000  0.874838
      138000  0.886385
      139000  0.923886
      140000  0.909112
      141000  0.899396
      142000  0.919587
      143000  0.907939
      144000  0.877784
      145000  0.860110
      146000  0.952330
      147000  0.825893
      148000  0.929223
      149000  0.916497
      150000  0.937922
      151000  0.916212
      152000  0.896881
      153000  0.960630
      154000  0.947653
      155000  0.951930
      156000  0.931137
      157000  0.947032
      158000  0.917725
      159000  0.955353
      160000  0.888827
      161000  0.875945
      162000  0.927789
      163000  0.841573
      164000  0.915763
      165000  0.926561
      166000  0.916411
      167000  0.930853
      168000  0.950941
      169000  0.944577
      170000  0.937373
      171000  0.946446
      172000  0.962098
      173000  0.880741
      174000  0.911651
      175000  0.939935
      176000  0.745472
      177000  0.940898
      178000  0.895139
      179000  0.908805
      180000  0.931865
      181000  0.843523
      182000  0.919596
      183000  0.919131
      184000  0.931335
      185000  0.901642
      186000  0.913348
      187000  0.944551
      188000  0.937501
      189000  0.895441
      190000  0.945564
      191000  0.943813
      192000  0.904454
      193000  0.937138
      194000  0.936017
      195000  0.945527
      196000  0.976887
      197000  0.948230
      198000  0.887951
      199000  0.927404
      200000  0.923370
      201000  0.940780
      202000  0.913622
      203000  0.948479
      204000  0.969442
      205000  0.954485
      206000  0.924869
      207000  0.932545
      208000  0.892356
      209000  0.938860
      210000  0.908853
      211000  0.840474
      212000  0.919346
      213000  0.934250
      214000  0.908816
      215000  0.895881
      216000  0.905324
      217000  0.930579
      218000  0.940845
      219000  0.918122
      220000  0.883904
      221000  0.946331
      222000  0.828545
      223000  0.942867
      224000  0.944062
      225000  0.947115
      226000  0.894431
      227000  0.923267
      228000  0.961828
      229000  0.942663
      230000  0.885596
      231000  0.933955
      232000  0.796457
      233000  0.927163
      234000  0.915057
      235000  0.983037
      236000  0.951672
      237000  0.906895
      238000  0.890297
      239000  0.935299
      240000  0.905799
      241000  0.929550
      242000  0.920432
      243000  0.974245
      244000  0.956628
      245000  0.881871
      246000  0.947476
      247000  0.918679
      248000  0.941508
      249000  0.957222
      250000  0.941415
      251000  0.939653
      252000  0.944163
      253000  0.922881
      254000  0.855312
      255000  0.966820
      256000  0.963337
      257000  0.932862
      258000  0.918254
      259000  0.937987
      260000  0.930728
      261000  0.887246
      262000  0.909378
      263000  0.907054
      264000  0.950390
      265000  0.954724
      266000  0.919086
      267000  0.912403
      268000  0.869859
      269000  0.936059
      270000  0.850921
      271000  0.922825
      272000  0.937040
      273000  0.913204
      274000  0.835192
      275000  0.941968
      276000  0.906697
      277000  0.861488
      278000  0.820708
      279000  0.929009
      280000  0.914577
      281000  0.925744
      282000  0.867859
      283000  0.923363
      284000  0.919333
      285000  0.864209
      286000  0.946446
      287000  0.929744
      288000  0.937974
      289000  0.939887
      290000  0.949691
      291000  0.935229
      292000  0.958178
      293000  0.953999
      294000  0.967860
      295000  0.923433
      296000  0.914687
      297000  0.924251
      298000  0.938310
      299000  0.881697
      300000  0.922105
      301000  0.901798
      302000  0.931269
      303000  0.906808
      304000  0.894929
      305000  0.935752
      306000  0.944757
      307000  0.926113
      308000  0.929164
      309000  0.918896
      310000  0.902920
      311000  0.954577
      312000  0.949140
      313000  0.826082
      314000  0.817789
      315000  0.906254
      316000  0.891269
      317000  0.891433
      318000  0.925027
      319000  0.981822
      320000  0.946194
      321000  0.946566
      322000  0.928006
      323000  0.945427
      324000  0.832280
      325000  0.952063
      326000  0.901460
      327000  0.877058
      328000  0.954205
      329000  0.917756
      330000  0.930399
      331000  0.918743
      332000  0.938896
      333000  0.897495
      334000  0.901220
      335000  0.941444
      336000  0.948041
      337000  0.925593
      338000  0.917192
      339000  0.945931
      340000  0.888576
      341000  0.871858
      342000  0.880570
      343000  0.895811
      344000  0.886892
      345000  0.873445
      346000  0.939308
      347000  0.932383
      348000  0.964918
      349000  0.879614
      350000  0.914707
      351000  0.930030
      352000  0.888663
      353000  0.889378
      354000  0.919867
      355000  0.896485
      356000  0.933007
      357000  0.897309
      358000  0.944990
      359000  0.895515
      360000  0.852639
      361000  0.859774
      362000  0.869602
      363000  0.858616
      364000  0.941953
      365000  0.949613
      366000  0.959062
      367000  0.930168
      368000  0.940020
      369000  0.915571
      370000  0.942717
      371000  0.961257
      372000  0.950536
      373000  0.936046
      374000  0.928549
      375000  0.814515
      376000  0.964446
      377000  0.940385
      378000  0.939227
      379000  0.955537
      380000  0.883831
      381000  0.908627
      382000  0.950156
      383000  0.855215
      384000  0.966342
      385000  0.906350
      386000  0.962863
      387000  0.919884
      388000  0.934022
      389000  0.822330
      390000  0.930797
      391000  0.932099
      392000  0.926601
      393000  0.899810
      394000  0.866836
      395000  0.953641
      396000  0.870073
      397000  0.878408
      398000  0.897569
      399000  0.932275
      400000  0.940055
      401000  0.929824
      402000  0.939856
      403000  0.943237
      404000  0.903909
      405000  0.924485
      406000  0.927492
      407000  0.941200
      408000  0.945914
      409000  0.963254
      410000  0.960646
      411000  0.879726
      412000  0.911410
      413000  0.941719
      414000  0.943540
      415000  0.934702
      416000  0.979123
      417000  0.932433
      418000  0.941639
      419000  0.948436
      420000  0.839086
      421000  0.946573
      422000  0.857082
      423000  0.926794
      424000  0.915497
      425000  0.968797
      426000  0.972170
      427000  0.899979
      428000  0.911086
      429000  0.929557
      430000  0.954264
      431000  0.957824
      432000  0.939979
      433000  0.940709
      434000  0.939477
      435000  0.961500
      436000  0.899619
      437000  0.972573
      438000  0.892665
      439000  0.904018
      440000  0.989476
      441000  0.936813
      442000  0.928040
      443000  0.970938
      444000  0.937904
      445000  0.952036
      446000  0.878371
      447000  0.663297
      448000  0.841738
      449000  0.941030
      450000  0.899052
      451000  0.932006
      452000  0.912131
      453000  0.897871
      454000  0.958007
      455000  0.947740
      456000  0.906122
      457000  0.919436
      458000  0.947735
      459000  0.958682
      460000  0.945866
      461000  0.925495
      462000  0.800616
      463000  0.963514
      464000  0.939743
      465000  0.934786
      466000  0.968119
      467000  0.879417
      468000  0.907874
      469000  0.913629
      470000  0.960296
      471000  0.951815
      472000  0.923524
      473000  0.963421
      474000  0.926809
      475000  0.934005
      476000  0.894170
      477000  0.803471
      478000  0.945910
      479000  0.899536
      480000  0.945454
      481000  0.978020
      482000  0.906773
      483000  0.911194
      484000  0.947332
      485000  0.925664
      486000  0.905544
      487000  0.872933
      488000  0.887887
      489000  0.920278
      490000  0.801187
      491000  0.969516
      492000  0.938119
      493000  0.939022
      494000  0.945022
      495000  0.888866
      496000  0.901746
      497000  0.920334
      498000  0.953499
      499000  0.939726
      500000  0.939954
      501000  0.956458
      502000  0.938591
      503000  0.911622
      504000  0.838854
      505000  0.780444
      506000  0.833083
      507000  0.923147
      508000  0.881272
      509000  0.954455
      510000  0.860090
      511000  0.950254
      512000  0.932276
      513000  0.888433
      514000  0.934987
      515000  0.928542
      516000  0.928620
      517000  0.953865
      518000  0.938768
      519000  0.937424
      520000  0.951039
      521000  0.924883
      522000  0.912848
      523000  0.916789
      524000  0.947757
      525000  0.944008
      526000  0.876800
      527000  0.942699
      528000  0.962461
      529000  0.937145
      530000  0.895594
      531000  0.949631
      532000  0.959401
      533000  0.951738
      534000  0.814529
      535000  0.943773
      536000  0.966760
      537000  0.958634
      538000  0.864621
      539000  0.918804
      540000  0.920136
      541000  0.942398
      542000  0.896919
      543000  0.928200
      544000  0.906259
      545000  0.854912
      546000  0.934638
      547000  0.878594
      548000  0.915185
      549000  0.930220
      550000  0.865381
      551000  0.889457
      552000  0.949184
      553000  0.927837
      554000  0.879889
      555000  0.940753
      556000  0.944536
      557000  0.871775
      558000  0.950716
      559000  0.936618
      560000  0.932611
      561000  0.899078
      562000  0.916978
      563000  0.931879
      564000  0.832427
      565000  0.883702
      566000  0.944511
      567000  0.975255
      568000  0.936866
      569000  0.940381
      570000  0.964510
      571000  0.932980
      572000  0.870311
      573000  0.896996
      574000  0.956973
      575000  0.913021
      576000  0.872842
      577000  0.944862
      578000  0.933146
      579000  0.913545
      580000  0.955408
      581000  0.957128
      582000  0.832098
      583000  0.902571
      584000  0.930167
      585000  0.953154
      586000  0.961404
      587000  0.938155
      588000  0.892531
      589000  0.897927
      590000  0.922731
      591000  0.826419
      592000  0.943780
      593000  0.878957
      594000  0.933309
      595000  0.821309
      596000  0.937960
      597000  0.851978
      598000  0.886372
      599000  0.905540
      600000  0.914063
      601000  0.944166
      602000  0.922313
      603000  0.910611
      604000  0.863246
      605000  0.941906
      606000  0.945661
      607000  0.970944
      608000  0.913891
      609000  0.932352
      610000  0.902540
      611000  0.858686
      612000  0.913595
      613000  0.945223
      614000  0.946656
      615000  0.920226
      616000  0.920968
      617000  0.946982
      618000  0.941453
      619000  0.912708
      620000  0.932780
      621000  0.942314
      622000  0.916443
      623000  0.931378
      624000  0.946201
      625000  0.830022
      626000  0.907968
      627000  0.898074
      628000  0.931571
      629000  0.880542
      630000  0.764195
      631000  0.919904
      632000  0.868152
      633000  0.938759
      634000  0.884834
      635000  0.978699
      636000  0.858985
      637000  0.938988
      638000  0.942388
      639000  0.909883
      640000  0.967917
      641000  0.870136
      642000  0.884549
      643000  0.965995
      644000  0.943414
      645000  0.873409
      646000  0.915131
      647000  0.907899
      648000  0.904210
      649000  0.930712
      650000  0.926693
      651000  0.852468
      652000  0.851096
      653000  0.873631
      654000  0.908952
      655000  0.923037
      656000  0.959630
      657000  0.908835
      658000  0.978310
      659000  0.944634
      660000  0.857719
      661000  0.962740
      662000  0.939388
      663000  0.918699
      664000  0.949685
      665000  0.916571
      666000  0.814992
      667000  0.946040
      668000  0.947565
      669000  0.880260
      670000  0.929513
      671000  0.964763
      672000  0.922399
      673000  0.912255
      674000  0.932563
      675000  0.935517
      676000  0.933248
      677000  0.928883
      678000  0.920786
      679000  0.949219
      680000  0.868441
      681000  0.843884
      682000  0.931932
      683000  0.952745
      684000  0.861560
      685000  0.918513
      686000  0.937738
      687000  0.943215
      688000  0.911314
      689000  0.868252
      690000  0.939005
      691000  0.871709
      692000  0.936842
      693000  0.926142
      694000  0.932302
      695000  0.935729
      696000  0.921920
      697000  0.902563
      698000  0.897642
      699000  0.903590
      700000  0.877026
      701000  0.879311
      702000  0.799434
      703000  0.938103
      704000  0.875496
      705000  0.927862
      706000  0.873113
      707000  0.932714
      708000  0.907946
      709000  0.855580
      710000  0.933423
      711000  0.917072
      712000  0.933663
      713000  0.958935
      714000  0.917297
      715000  0.977418
      716000  0.860769
      717000  0.926879
      718000  0.958591
      719000  0.931461
      720000  0.885673
      721000  0.957100
      722000  0.939726
      723000  0.900674
      724000  0.888238
      725000  0.920428
      726000  0.939518
      727000  0.943446
      728000  0.938551
      729000  0.941049
      730000  0.902773
      731000  0.946235
      732000  0.979816
      733000  0.830087
      734000  0.866375
      735000  0.950296
      736000  0.902831
      737000  0.927154
      738000  0.763475
      739000  0.977786
      740000  0.939896
      741000  0.949666
      742000  0.950749
      743000  0.895965
      744000  0.854777
      745000  0.942259
      746000  0.934485
      747000  0.906888
      748000  0.898989
      749000  0.957335
      750000  0.891489
      751000  0.918557
      752000  0.957015
      753000  0.805672
      754000  0.918613
      755000  0.946160
      756000  0.809012
      757000  0.866219
      758000  0.920891
      759000  0.930985
      760000  0.907798
      761000  0.905906
      762000  0.934678
      763000  0.905811
      764000  0.904562
      765000  0.941159
      766000  0.912369
      767000  0.931976
      768000  0.918808
      769000  0.952809
      770000  0.925790
      771000  0.914234
      772000  0.933110
      773000  0.892313
      774000  0.905308
      775000  0.906770
      776000  0.933982
      777000  0.890574
      778000  0.929312
      779000  0.970819
      780000  0.890384
      781000  0.925279
      782000  0.925564
      783000  0.848469
      784000  0.919903
      785000  0.937376
      786000  0.901989
      787000  0.943389
      788000  0.947827
      789000  0.918413
      790000  0.914186
      791000  0.896645
      792000  0.952514
      793000  0.934999
      794000  0.912032
      795000  0.962171
      796000  0.952490
      797000  0.937657
      798000  0.918701
      799000  0.902588
      800000  0.859724
      801000  0.943771
      802000  0.945491
      803000  0.881065
      804000  0.857915
      805000  0.935049
      806000  0.953630
      807000  0.939324
      808000  0.877476
      809000  0.927673
      810000  0.943542
      811000  0.897310
      812000  0.928283
      813000  0.916789
      814000  0.958349
      815000  0.845828
      816000  0.943806
      817000  0.924039
      818000  0.867392
      819000  0.896731
      820000  0.923037
      821000  0.946420
      822000  0.951433
      823000  0.934219
      824000  0.958602
      825000  0.952152
      826000  0.936491
      827000  0.966922
      828000  0.949616
      829000  0.926448
      830000  0.839490
      831000  0.921519
      832000  0.918257
      833000  0.942399
      834000  0.947540
      835000  0.946744
      836000  0.947033
      837000  0.864832
      838000  0.916758
      839000  0.957230
      840000  0.937054
      841000  0.944437
      842000  0.914263
      843000  0.928496
      844000  0.925319
      845000  0.880082
      846000  0.978869
      847000  0.921527
      848000  0.938882
      849000  0.931925
      850000  0.920966
      851000  0.918955
      852000  0.952016
      853000  0.966690
      854000  0.890030
      855000  0.945638
      856000  0.933838
      857000  0.883533
      858000  0.909399
      859000  0.911119
      860000  0.950110
      861000  0.947044
      862000  0.939770
      863000  0.856280
      864000  0.977300
      865000  0.862823
      866000  0.773965
      867000  0.948058
      868000  0.908783
      869000  0.931326
      870000  0.890243
      871000  0.972474
      872000  0.930999
      873000  0.833231
      874000  0.944153
      875000  0.959224
      876000  0.910906
      877000  0.968070
      878000  0.882038
      879000  0.922204
      880000  0.958105
      881000  0.939210
      882000  0.810879
      883000  0.931387
      884000  0.883955
      885000  0.874073
      886000  0.959648
      887000  0.912881
      888000  0.915727
      889000  0.972075
      890000  0.957234
      891000  0.893483
      892000  0.954093
      893000  0.942853
      894000  0.934413
      895000  0.966932
      896000  0.990018
      897000  0.945496
      898000  0.892172
      899000  0.937706
      900000  0.936325
      901000  0.914980
      902000  0.921327
      903000  0.919087
      904000  0.949438
      905000  0.939724
      906000  0.921887
      907000  0.883843
      908000  0.934450
      909000  0.917057
      910000  0.881336
      911000  0.879649
      912000  0.980500
      913000  0.862232
      914000  0.890116
      915000  0.945717
      916000  0.864701
      917000  0.864316
      918000  0.963755
      919000  0.870382
      920000  0.926354
      921000  0.892707
      922000  0.914307
      923000  0.931912
      924000  0.853295
      925000  0.935675
      926000  0.894149
      927000  0.949198
      928000  0.957291
      929000  0.935921
      930000  0.969851
      931000  0.938548
      932000  0.886128
      933000  0.913334
      934000  0.909689
      935000  0.913456
      936000  0.898673
      937000  0.909922
      938000  0.858923
      939000  0.933870
      940000  0.964359
      941000  0.900671
      942000  0.831705
      943000  0.930268
      944000  0.945675
      945000  0.801181
      946000  0.865118
      947000  0.775247
      948000  0.919694
      949000  0.907187
      950000  0.928746
      951000  0.919419
      952000  0.814290
      953000  0.940184
      954000  0.913738
      955000  0.901277
      956000  0.862458
      957000  0.954345
      958000  0.950197
      959000  0.943177
      960000  0.913037
      961000  0.976930
      962000  0.931028
      963000  0.904193
      964000  0.907815
      965000  0.816364
      966000  0.778537
      967000  0.910108
      968000  0.869707
      969000  0.953137
      970000  0.858531
      971000  0.908886
      972000  0.944996
      973000  0.886439
      974000  0.928511
      975000  0.905400
      976000  0.911062
      977000  0.837124
      978000  0.918054
      979000  0.841631
      980000  0.951549
      981000  0.961298
      982000  0.860271
      983000  0.936431
      984000  0.902314
      985000  0.890940
      986000  0.936994
      987000  0.918970
      988000  0.943601
      989000  0.959697
      990000  0.921389
      991000  0.953000
      992000  0.821165
      993000  0.894535
      994000  0.942301
      995000  0.942946
      996000  0.957169
      997000  0.952806
      998000  0.901013
      999000  0.966747
     1000000  0.964752
     1001000  0.975618
     1002000  0.884921
     1003000  0.943284
     1004000  0.889623
     1005000  0.906654
     1006000  0.921263
     1007000  0.922359
     1008000  0.968979
     1009000  0.920667
     1010000  0.934261
     1011000  0.882941
     1012000  0.900062
     1013000  0.914098
     1014000  0.954626
     1015000  0.969236
     1016000  0.972322
     1017000  0.932933
     1018000  0.937497
     1019000  0.952655
     1020000  0.945726
     1021000  0.939645
     1022000  0.938992
     1023000  0.946978
     1024000  0.914912
     1025000  0.933399
     1026000  0.931922
     1027000  0.953315
     1028000  0.978924
     1029000  0.897619
     1030000  0.935491
     1031000  0.937917
     1032000  0.927537
     1033000  0.872380
     1034000  0.904590
     1035000  0.873996
     1036000  0.944434
     1037000  0.971706
     1038000  0.940214
     1039000  0.948386
     1040000  0.952023
     1041000  0.878229
     1042000  0.969431
     1043000  0.926812
     1044000  0.927939
     1045000  0.949494
     1046000  0.931429
     1047000  0.916416
     1048000  0.945398
     1049000  0.924944
     1050000  0.953801
     1051000  0.945369
     1052000  0.957463
     1053000  0.925731
     1054000  0.948153
     1055000  0.925211
     1056000  0.903739
     1057000  0.828190
     1058000  0.942883
     1059000  0.971357
     1060000  0.906122
     1061000  0.978270
     1062000  0.878295
     1063000  0.930206
     1064000  0.833125
     1065000  0.938329
     1066000  0.912359
     1067000  0.962583
     1068000  0.908897
     1069000  0.950742
     1070000  0.890168
     1071000  0.919198
     1072000  0.925704
     1073000  0.937330
     1074000  0.950083
     1075000  0.877405
     1076000  0.935445
     1077000  0.918084
     1078000  0.897362
     1079000  0.889307
     1080000  0.831329
     1081000  0.786846
     1082000  0.861145
     1083000  0.806463
     1084000  0.933896
     1085000  0.933446
     1086000  0.944051
     1087000  0.971515
     1088000  0.930750
     1089000  0.881575
     1090000  0.904490
     1091000  0.941389
     1092000  0.897889
     1093000  0.931848
     1094000  0.902132
     1095000  0.951193
     1096000  0.965327
     1097000  0.914064
     1098000  0.946708
     1099000  0.816858
     1100000  0.927043
     1101000  0.852679
     1102000  0.825887
     1103000  0.947064
     1104000  0.935842
     1105000  0.901877
     1106000  0.938425
     1107000  0.912473
     1108000  0.844343
     1109000  0.958945
     1110000  0.934819
     1111000  0.959486
     1112000  0.895335
     1113000  0.922512
     1114000  0.912662
     1115000  0.912572
     1116000  0.944612
     1117000  0.920798
     1118000  0.897634
     1119000  0.903387
     1120000  0.972995
     1121000  0.935729
     1122000  0.895617
     1123000  0.863353
     1124000  0.901912
     1125000  0.941754
     1126000  0.899579
     1127000  0.858333
     1128000  0.945324
     1129000  0.943680
     1130000  0.880540
     1131000  0.929049
     1132000  0.938299
     1133000  0.988216
     1134000  0.939268
     1135000  0.925824
     1136000  0.890419
     1137000  0.923797
     1138000  0.853797
     1139000  0.936968
     1140000  0.907073
     1141000  0.942219
     1142000  0.949399
     1143000  0.939248
     1144000  0.939181
     1145000  0.932321
     1146000  0.941901
     1147000  0.951009
     1148000  0.967265
     1149000  0.914212
     1150000  0.949549
     1151000  0.900880
     1152000  0.924054
     1153000  0.942505
     1154000  0.947417
     1155000  0.890140
     1156000  0.935332
     1157000  0.944782
     1158000  0.888197
     1159000  0.923240
     1160000  0.949705
     1161000  0.933861
     1162000  0.945867
     1163000  0.872143
     1164000  0.996918
     1165000  0.921705
     1166000  0.970916
     1167000  0.968178
     1168000  0.943939
     1169000  0.934364
     1170000  0.931816
     1171000  0.902704
     1172000  0.941042
     1173000  0.960537
     1174000  0.954717
     1175000  0.862309
     1176000  0.945622
     1177000  0.942927
     1178000  0.935287
     1179000  0.944122
     1180000  0.834335
     1181000  0.953131
     1182000  0.902973
     1183000  0.895969
     1184000  0.934551
     1185000  0.961808
     1186000  0.942680
     1187000  0.936668
     1188000  0.922351
     1189000  0.942658
     1190000  0.942920
     1191000  0.945858
     1192000  0.939794
     1193000  0.841868
     1194000  0.959967
     1195000  0.961731
     1196000  0.953953
     1197000  0.829392
     1198000  0.938529
     1199000  0.849752
     1200000  0.957611
     1201000  0.974188
     1202000  0.897443
     1203000  0.965411
     1204000  0.796628
     1205000  0.947400
     1206000  0.959337
     1207000  0.958267
     1208000  0.947590
     1209000  0.972757
     1210000  0.892843
     1211000  0.911643
     1212000  0.853196
     1213000  0.949921
     1214000  0.870221
     1215000  0.904722
     1216000  0.951592
     1217000  0.957428
     1218000  0.943609
     1219000  0.881768
     1220000  0.933581
     1221000  0.858866
     1222000  0.903958
     1223000  0.923862
     1224000  0.960195
     1225000  0.915433
     1226000  0.934896
     1227000  0.945441
     1228000  0.935079
     1229000  0.939227
     1230000  0.893870
     1231000  0.843797
     1232000  0.935204
     1233000  0.964765
     1234000  0.956234
     1235000  0.922657
     1236000  0.974090
     1237000  0.931037
     1238000  0.807984
     1239000  0.912572
     1240000  0.936380
     1241000  0.907790
     1242000  0.890696
     1243000  0.958232
     1244000  0.934872
     1245000  0.933794
     1246000  0.871980
     1247000  0.880781
     1248000  0.902901
     1249000  0.848816
     1250000  0.947407
     1251000  0.924647
     1252000  0.973228
     1253000  0.891288
     1254000  0.941077
     1255000  0.932532
     1256000  0.925118
     1257000  0.887462
     1258000  0.937486
     1259000  0.885578
     1260000  0.874353
     1261000  0.970969
     1262000  0.906958
     1263000  0.842536
     1264000  0.977329
     1265000  0.852593
     1266000  0.920204
     1267000  0.953234
     1268000  0.881453
     1269000  0.882454
     1270000  0.935322
     1271000  0.924369
     1272000  0.934924
     1273000  0.921257
     1274000  0.931292
     1275000  0.935677
     1276000  0.939183
     1277000  0.932885
     1278000  0.935593
     1279000  0.893980
     1280000  0.941601
     1281000  0.977457
     1282000  0.954450
     1283000  0.960844
     1284000  0.929908
     1285000  0.886429
     1286000  0.941185
     1287000  0.919257
     1288000  0.844742
     1289000  0.926973
     1290000  0.952704
     1291000  0.961462
     1292000  0.952852
     1293000  0.860319
     1294000  0.960579
     1295000  0.923195
     1296000  0.888935
     1297000  0.931705
     1298000  0.945853
     1299000  0.957970
     1300000  0.894805
     1301000  0.968771
     1302000  0.888115
     1303000  0.949229
     1304000  0.938949
     1305000  0.940937
     1306000  0.936811
     1307000  0.928364
     1308000  0.922222
     1309000  0.924351
     1310000  0.919145
     1311000  0.907876
     1312000  0.947904
     1313000  0.933057
     1314000  0.928350
     1315000  0.949925
     1316000  0.898569
     1317000  0.718925
     1318000  0.955525
     1319000  0.955558
     1320000  0.945303
     1321000  0.950466
     1322000  0.919949
     1323000  0.955336
     1324000  0.931128
     1325000  0.944523
     1326000  0.731675
     1327000  0.924373
     1328000  0.973168
     1329000  0.889992
     1330000  0.972572
     1331000  0.922953
     1332000  0.943978
     1333000  0.884171
     1334000  0.918883
     1335000  0.913878
     1336000  0.980820
     1337000  0.913367
     1338000  0.919152
     1339000  0.934505
     1340000  0.904945
     1341000  0.947686
     1342000  0.968109
     1343000  0.941823
     1344000  0.887325
     1345000  0.943075
     1346000  0.947363
     1347000  0.937860
     1348000  0.913375
     1349000  0.927238
     1350000  0.916939
     1351000  0.843883
     1352000  0.943359
     1353000  0.857744
     1354000  0.944802
     1355000  0.947495
     1356000  0.875099
     1357000  0.806631
     1358000  0.865898
     1359000  0.914669
     1360000  0.935577
     1361000  0.934945
     1362000  0.959716
     1363000  0.927281
     1364000  0.938481
     1365000  0.900873
     1366000  0.925361
     1367000  0.897108
     1368000  0.935388
     1369000  0.944872
     1370000  0.900241
     1371000  0.919112
     1372000  0.919052
     1373000  0.962559
     1374000  0.911403
     1375000  0.924289
     1376000  0.921750
     1377000  0.882380
     1378000  0.859081
     1379000  0.905637
     1380000  0.936802
     1381000  0.916589
     1382000  0.958794
     1383000  0.900516
     1384000  0.942584
     1385000  0.802602
     1386000  0.932644
     1387000  0.946952
     1388000  0.913806
     1389000  0.786016
     1390000  0.927261
     1391000  0.883179
     1392000  0.836685
     1393000  0.971313
     1394000  0.882395
     1395000  0.929823
     1396000  0.882901
     1397000  0.949654
     1398000  0.913914
     1399000  0.935158
     1400000  0.937909
     1401000  0.824891
     1402000  0.917647
     1403000  0.823815
     1404000  0.911455
     1405000  0.942364
     1406000  0.947001
     1407000  0.937517
     1408000  0.936881
     1409000  0.859641
     1410000  0.942077
     1411000  0.971465
     1412000  0.944508
     1413000  0.913915
     1414000  0.899246
     1415000  0.899233
     1416000  0.920104
     1417000  0.941277
     1418000  0.854431
     1419000  0.915261
     1420000  0.938337
     1421000  0.849380
     1422000  0.894336
     1423000  0.933919
     1424000  0.927417
     1425000  0.933785
     1426000  0.908491
     1427000  0.936863
     1428000  0.922767
     1429000  0.928234
     1430000  0.923440
     1431000  0.996352
     1432000  0.947212
     1433000  0.939864
     1434000  0.939469
     1435000  0.894485
     1436000  0.930753
     1437000  0.879831
     1438000  0.905276
     1439000  0.937831
     1440000  0.932566
     1441000  0.790535
     1442000  0.969564
     1443000  0.930422
     1444000  0.972019
     1445000  0.973679
     1446000  0.916302
     1447000  0.936759
     1448000  0.951966
     1449000  0.883984
     1450000  0.903041
     1451000  0.951485
     1452000  0.920107
     1453000  0.892609
     1454000  0.853011
     1455000  0.933561
     1456000  0.947465
     1457000  0.864672
     1458000  0.950107
     1459000  0.949924
     1460000  0.937038
     1461000  0.909073
     1462000  0.863054
     1463000  0.952115
     1464000  0.728863
     1465000  0.931093
     1466000  0.859601
     1467000  0.936784
     1468000  0.984859
     1469000  0.872331
     1470000  0.904114
     1471000  0.938012
     1472000  0.929541
     1473000  0.949818
     1474000  0.907796
     1475000  0.919827
     1476000  0.888459
     1477000  0.929764
     1478000  0.879618
     1479000  0.914279
     1480000  0.923803
     1481000  0.937308
     1482000  0.914720
     1483000  0.947309
     1484000  0.950791
     1485000  0.924503
     1486000  0.926276
     1487000  0.876412
     1488000  0.929840
     1489000  0.900130
     1490000  0.948040
     1491000  0.871763
     1492000  0.906299
     1493000  0.933036
     1494000  0.923950
     1495000  0.860457
     1496000  0.961959
     1497000  0.955196
     1498000  0.962014
     1499000  0.892738
     1500000  0.892742
     1501000  0.947301
     1502000  0.946264
     1503000  0.949959
     1504000  0.906054
     1505000  0.946654
     1506000  0.944102
     1507000  0.936951
     1508000  0.875888
     1509000  0.942303
     1510000  0.798178
     1511000  0.942167
     1512000  0.940644
     1513000  0.922098
     1514000  0.935046
     1515000  0.961965
     1516000  0.935305
     1517000  0.930358
     1518000  0.925282
     1519000  0.923190
     1520000  0.941946
     1521000  0.909817
     1522000  0.930768
     1523000  0.984833
     1524000  0.940839
     1525000  0.964899
     1526000  0.831438
     1527000  0.895923
     1528000  0.970196
     1529000  0.956660
     1530000  0.952916
     1531000  0.970841
     1532000  0.913981
     1533000  0.869126
     1534000  0.939337
     1535000  0.943885
     1536000  0.959279
     1537000  0.906411
     1538000  0.922151
     1539000  0.879262
     1540000  0.978363
     1541000  0.869980
     1542000  0.934110
     1543000  0.970261
     1544000  0.944892
     1545000  0.937555
     1546000  0.848941
     1547000  0.899456
     1548000  0.946259
     1549000  0.944112
     1550000  0.923088
     1551000  0.880189
     1552000  0.908304
     1553000  0.913797
     1554000  0.918806
     1555000  0.920253
     1556000  0.922880
     1557000  0.869673
     1558000  0.819335
     1559000  0.949515
     1560000  0.908163
     1561000  0.928449
     1562000  0.904339
     1563000  0.938076
     1564000  0.931158
     1565000  0.922883
     1566000  0.927451
     1567000  0.905167
     1568000  0.791055
     1569000  0.960219
     1570000  0.922704
     1571000  0.975172
     1572000  0.899778
     1573000  0.927129
     1574000  0.926179
     1575000  0.933921
     1576000  0.894817
     1577000  0.940566
     1578000  0.929618
     1579000  0.914175
     1580000  0.927987
     1581000  0.894982
     1582000  0.934971
     1583000  0.895269
     1584000  0.903563
     1585000  0.932058
     1586000  0.960301
     1587000  0.928955
     1588000  0.905999
     1589000  0.973276
     1590000  0.973985
     1591000  0.864762
     1592000  0.909133
     1593000  0.944398
     1594000  0.911833
     1595000  0.903980
     1596000  0.953692
     1597000  0.933578
     1598000  0.845516
     1599000  0.976316
     1600000  0.939987
     1601000  0.940306
     1602000  0.950657
     1603000  0.962364
     1604000  0.939212
     1605000  0.941469
     1606000  0.899801
     1607000  0.894145
     1608000  0.858222
     1609000  0.960236
     1610000  0.912917
     1611000  0.944223
     1612000  0.926518
     1613000  0.949540
     1614000  0.895680
     1615000  0.942654
     1616000  0.882291
     1617000  0.937079
     1618000  0.940906
     1619000  0.943617
     1620000  0.922266
     1621000  0.906759
     1622000  0.973288
     1623000  0.857867
     1624000  0.938886
     1625000  0.841825
     1626000  0.906526
     1627000  0.915506
     1628000  0.980045
     1629000  0.940171
     1630000  0.936064
     1631000  0.942617
     1632000  0.893873
     1633000  0.836318
     1634000  0.946246
     1635000  0.918921
     1636000  0.885965
     1637000  0.925467
     1638000  0.879465
     1639000  0.949138
     1640000  0.915876
     1641000  0.928588
     1642000  0.898837
     1643000  0.914155
     1644000  0.948472
     1645000  0.978467
     1646000  0.941413
     1647000  0.950170
     1648000  0.907333
     1649000  0.931594
     1650000  0.935715
     1651000  0.933762
     1652000  0.923314
     1653000  0.789011
     1654000  0.896187
     1655000  0.909554
     1656000  0.913519
     1657000  0.889404
     1658000  0.934922
     1659000  0.870931
     1660000  0.908870
     1661000  0.922278
     1662000  0.947261
     1663000  0.925814
     1664000  0.929442
     1665000  0.936487
     1666000  0.943731
     1667000  0.960992
     1668000  0.937662
     1669000  0.920412
     1670000  0.802253
     1671000  0.974273
     1672000  0.982486
     1673000  0.896797
     1674000  0.934685
     1675000  0.946610
     1676000  0.910027
     1677000  0.948036
     1678000  0.954638
     1679000  0.849735
     1680000  0.930551
     1681000  0.954066
     1682000  0.934260
     1683000  0.864366
     1684000  0.912584
     1685000  0.920328
     1686000  0.904558
     1687000  0.897098
     1688000  0.904101
     1689000  0.927538
     1690000  0.905460
     1691000  0.931819
     1692000  0.932398
     1693000  0.918461
     1694000  0.947632
     1695000  0.945261
     1696000  0.941255
     1697000  0.932985
     1698000  0.953413
     1699000  0.944747
     1700000  0.895923
     1701000  0.886378
     1702000  0.965939
     1703000  0.926131
     1704000  0.944104
     1705000  0.935707
     1706000  0.945648
     1707000  0.952097
     1708000  0.973071
     1709000  0.884237
     1710000  0.784508
     1711000  0.921971
     1712000  0.903587
     1713000  0.957057
     1714000  0.898709
     1715000  0.932889
     1716000  0.760784
     1717000  0.905269
     1718000  0.862953
     1719000  0.949078
     1720000  0.956800
     1721000  0.927101
     1722000  0.931786
     1723000  0.910713
     1724000  0.934252
     1725000  0.925834
     1726000  0.943677
     1727000  0.911375
     1728000  0.915971
     1729000  0.942274
     1730000  0.948518
     1731000  0.928871
     1732000  0.950500
     1733000  0.954312
     1734000  0.877064
     1735000  0.922158
     1736000  0.952601
     1737000  0.919286
     1738000  0.947004
     1739000  0.936444
     1740000  0.935476
     1741000  0.909009
     1742000  0.924907
     1743000  0.887461
     1744000  0.902071
     1745000  0.928982
     1746000  0.911635
     1747000  0.966035
     1748000  0.933398
     1749000  0.766834
     1750000  0.976321
     1751000  0.958921
     1752000  0.968635
     1753000  0.926401
     1754000  0.947821
     1755000  0.932083
     1756000  0.849364
     1757000  0.936543
     1758000  0.933824
     1759000  0.927255
     1760000  0.921403
     1761000  0.890475
     1762000  0.896137
     1763000  0.943136
     1764000  0.946482
     1765000  0.907383
     1766000  0.877973
     1767000  0.871231
     1768000  0.927668
     1769000  0.942354
     1770000  0.903908
     1771000  0.944874
     1772000  0.887007
     1773000  0.866793
     1774000  0.931702
     1775000  0.942410
     1776000  0.941394
     1777000  0.935807
     1778000  0.899047
     1779000  0.901567
     1780000  0.945916
     1781000  0.934209
     1782000  0.959398
     1783000  0.946395
     1784000  0.856622
     1785000  0.945073
     1786000  0.907317
     1787000  0.960745
     1788000  0.876102
     1789000  0.968034
     1790000  0.905799
     1791000  0.983323
     1792000  0.952664
     1793000  0.868169
     1794000  0.848857
     1795000  0.950513
     1796000  0.971294
     1797000  0.731013
     1798000  0.888864
     1799000  0.913520
     1800000  0.971668
     1801000  0.948535
     1802000  0.966471
     1803000  0.935725
     1804000  0.944676
     1805000  0.942791
     1806000  0.921801
     1807000  0.901589
     1808000  0.948533
     1809000  0.939260
     1810000  0.970589
     1811000  0.929563
     1812000  0.915306
     1813000  0.942615
     1814000  0.945584
     1815000  0.880353
     1816000  0.879622
     1817000  0.925074
     1818000  0.935381
     1819000  0.962039
     1820000  0.952710
     1821000  0.919889
     1822000  0.897909
     1823000  0.939201
     1824000  0.959455
     1825000  0.938673
     1826000  0.820176
     1827000  0.971371
     1828000  0.954261
     1829000  0.940266
     1830000  0.911750
     1831000  0.941447
     1832000  0.932091
     1833000  0.913039
     1834000  0.915731
     1835000  0.908905
     1836000  0.911282
     1837000  0.921253
     1838000  0.875568
     1839000  0.946280
     1840000  0.925241
     1841000  0.910444
     1842000  0.941216
     1843000  0.905134
     1844000  0.977031
     1845000  0.893664
     1846000  0.889236
     1847000  0.900918
     1848000  0.940165
     1849000  0.951476
     1850000  0.923588
     1851000  0.945992
     1852000  0.954570
     1853000  0.934764
     1854000  0.870765
     1855000  0.936351
     1856000  0.886420
     1857000  0.943186
     1858000  0.958909
     1859000  0.885797
     1860000  0.975442
     1861000  0.876689
     1862000  0.958992
     1863000  0.945910
     1864000  0.924881
     1865000  0.834074
     1866000  0.916961
     1867000  0.935684
     1868000  0.916976
     1869000  0.958530
     1870000  0.919764
     1871000  0.930653
     1872000  0.919627
     1873000  0.962598
     1874000  0.888568
     1875000  0.876544
     1876000  0.935262
     1877000  0.942657
     1878000  0.961953
     1879000  0.948709
     1880000  0.942872
     1881000  0.915340
     1882000  0.945288
     1883000  0.851334
     1884000  0.973097
     1885000  0.932414
     1886000  0.878982
     1887000  0.926954
     1888000  0.924332
     1889000  0.927247
     1890000  0.934661
     1891000  0.930872
     1892000  0.955522
     1893000  0.932278
     1894000  0.902477
     1895000  0.943472
     1896000  0.874343
     1897000  0.986978
     1898000  0.912653
     1899000  0.941964
     1900000  0.891702
     1901000  0.931337
     1902000  0.964778
     1903000  0.861657
     1904000  0.924683
     1905000  0.872904
     1906000  0.883675
     1907000  0.978460
     1908000  0.927822
     1909000  0.920535
     1910000  0.941483
     1911000  0.928394
     1912000  0.903586
     1913000  0.889555
     1914000  0.913996
     1915000  0.894579
     1916000  0.886521
     1917000  0.865558
     1918000  0.875659
     1919000  0.933390
     1920000  0.882899
     1921000  0.954517
     1922000  0.880839
     1923000  0.931506
     1924000  0.930754
     1925000  0.889665
     1926000  0.915226
     1927000  0.904934
     1928000  0.854082
     1929000  0.884035
     1930000  0.935699
     1931000  0.942702
     1932000  0.922058
     1933000  0.980662
     1934000  0.946613
     1935000  0.949350
     1936000  0.840326
     1937000  0.943560
     1938000  0.981736
     1939000  0.864253
     1940000  0.930329
     1941000  0.936108
     1942000  0.894083
     1943000  0.920539
     1944000  0.863690
     1945000  0.991411
     1946000  0.872683
     1947000  0.945659
     1948000  0.936082
     1949000  0.977423
     1950000  0.953568
     1951000  0.919899
     1952000  0.962714
     1953000  0.933917
     1954000  0.953167
     1955000  0.961466
     1956000  0.910013
     1957000  0.924746
     1958000  0.956001
     1959000  0.952422
     1960000  0.905421
     1961000  0.979002
     1962000  0.807047
     1963000  0.922049
     1964000  0.933333
     1965000  0.908567
     1966000  0.823931
     1967000  0.777005
     1968000  0.897882
     1969000  0.928010
     1970000  0.921745
     1971000  0.948742
     1972000  0.896620
     1973000  0.902484
     1974000  0.954270
     1975000  0.904314
     1976000  0.894210
     1977000  0.844814
     1978000  0.936770
     1979000  0.946148
     1980000  0.908990
     1981000  0.890391
     1982000  0.908887
     1983000  0.925011
     1984000  0.938969
     1985000  0.921163
     1986000  0.985112
     1987000  0.862859
     1988000  0.859733
     1989000  0.929584
     1990000  0.875122
     1991000  0.968351
     1992000  0.929432
     1993000  0.806699
     1994000  0.932998
     1995000  0.960096
     1996000  0.925542
     1997000  0.877390
     1998000  0.918077
     1999000  0.917958
     2000000  0.889157
