    genPlus1     beta
        1000  0.941091
        2000  0.923420
        3000  0.914407
        4000  0.843000
        5000  0.868379
        6000  0.964965
        7000  0.908720
        8000  0.926020
        9000  0.948384
       10000  0.897129
       11000  0.930850
       12000  0.944567
       13000  0.890630
       14000  0.945483
       15000  0.909580
       16000  0.904387
       17000  0.813236
       18000  0.970163
       19000  0.894699
       20000  0.936946
       21000  0.894954
       22000  0.909322
       23000  0.947794
       24000  0.956281
       25000  0.942763
       26000  0.913562
       27000  0.934406
       28000  0.960166
       29000  0.878156
       30000  0.882837
       31000  0.969324
       32000  0.975296
       33000  0.900990
       34000  0.911607
       35000  0.920097
       36000  0.897842
       37000  0.901298
       38000  0.932919
       39000  0.920366
       40000  0.885572
       41000  0.830519
       42000  0.975716
       43000  0.922012
       44000  0.944157
       45000  0.970722
       46000  0.932528
       47000  0.955833
       48000  0.923266
       49000  0.916342
       50000  0.947888
       51000  0.953929
       52000  0.914452
       53000  0.932119
       54000  0.959640
       55000  0.928572
       56000  0.948436
       57000  0.928595
       58000  0.976550
       59000  0.940352
       60000  0.804712
       61000  0.939835
       62000  0.925828
       63000  0.958951
       64000  0.960196
       65000  0.939653
       66000  0.898313
       67000  0.901964
       68000  0.945009
       69000  0.937722
       70000  0.917752
       71000  0.877725
       72000  0.948811
       73000  0.956983
       74000  0.892805
       75000  0.962738
       76000  0.982663
       77000  0.941839
       78000  0.938262
       79000  0.905883
       80000  0.942663
       81000  0.912100
       82000  0.971451
       83000  0.933644
       84000  0.956025
       85000  0.948667
       86000  0.951937
       87000  0.937588
       88000  0.914851
       89000  0.919792
       90000  0.916644
       91000  0.900408
       92000  0.957294
       93000  0.918637
       94000  0.933030
       95000  0.939133
       96000  0.896372
       97000  0.937250
       98000  0.921291
       99000  0.946113
      100000  0.883681
      101000  0.834001
      102000  0.845021
      103000  0.901461
      104000  0.919506
      105000  0.925971
      106000  0.810270
      107000  0.903809
      108000  0.927935
      109000  0.922043
      110000  0.981565
      111000  0.943169
      112000  0.927758
      113000  0.871259
      114000  0.952736
      115000  0.841174
      116000  0.947236
      117000  0.931465
      118000  0.906887
      119000  0.948941
      120000  0.854194
      121000  0.902334
      122000  0.884399
      123000  0.892508
      124000  0.865292
      125000  0.847307
      126000  0.871347
      127000  0.853980
      128000  0.930392
      129000  0.947879
      130000  0.900087
      131000  0.963784
      132000  0.832927
      133000  0.974856
      134000  0.941108
      135000  0.940373
      136000  0.914267
      137000  0.938862
      138000  0.855694
      139000  0.900427
      140000  0.952934
      141000  0.957464
      142000  0.882600
      143000  0.912751
      144000  0.946145
      145000  0.863868
      146000  0.941775
      147000  0.841982
      148000  0.879198
      149000  0.978910
      150000  0.850412
      151000  0.884642
      152000  0.929955
      153000  0.979575
      154000  0.946707
      155000  0.932439
      156000  0.943354
      157000  0.963623
      158000  0.927509
      159000  0.933904
      160000  0.971659
      161000  0.945726
      162000  0.945100
      163000  0.880296
      164000  0.907751
      165000  0.942040
      166000  0.942246
      167000  0.914281
      168000  0.935271
      169000  0.885294
      170000  0.976738
      171000  0.917979
      172000  0.934161
      173000  0.929018
      174000  0.943636
      175000  0.880724
      176000  0.745847
      177000  0.923070
      178000  0.949165
      179000  0.924243
      180000  0.928063
      181000  0.969874
      182000  0.909847
      183000  0.936813
      184000  0.906526
      185000  0.954252
      186000  0.934183
      187000  0.866974
      188000  0.905726
      189000  0.930211
      190000  0.873868
      191000  0.944265
      192000  0.945513
      193000  0.812727
      194000  0.929647
      195000  0.907008
      196000  0.928426
      197000  0.979849
      198000  0.931472
      199000  0.920872
      200000  0.922095
      201000  0.951729
      202000  0.901099
      203000  0.898790
      204000  0.883774
      205000  0.941802
      206000  0.948175
      207000  0.900371
      208000  0.921776
      209000  0.932701
      210000  0.806954
      211000  0.906907
      212000  0.950307
      213000  0.946122
      214000  0.914738
      215000  0.872991
      216000  0.951819
      217000  0.925958
      218000  0.940671
      219000  0.919109
      220000  0.946750
      221000  0.913323
      222000  0.949884
      223000  0.930349
      224000  0.904454
      225000  0.864457
      226000  0.974435
      227000  0.944964
      228000  0.939907
      229000  0.831796
      230000  0.940409
      231000  0.919449
      232000  0.930044
      233000  0.935880
      234000  0.931970
      235000  0.947241
      236000  0.931249
      237000  0.896014
      238000  0.926511
      239000  0.922437
      240000  0.892159
      241000  0.918396
      242000  0.942872
      243000  0.918964
      244000  0.967852
      245000  0.794179
      246000  0.950264
      247000  0.902453
      248000  0.948604
      249000  0.927790
      250000  0.935639
      251000  0.923449
      252000  0.945022
      253000  0.946825
      254000  0.887086
      255000  0.876757
      256000  0.885204
      257000  0.971470
      258000  0.919873
      259000  0.954892
      260000  0.963414
      261000  0.937002
      262000  0.903875
      263000  0.931618
      264000  0.928117
      265000  0.907417
      266000  0.974175
      267000  0.943281
      268000  0.912111
      269000  0.920367
      270000  0.948653
      271000  0.912885
      272000  0.977373
      273000  0.932139
      274000  0.925099
      275000  0.948185
      276000  0.953095
      277000  0.938036
      278000  0.871278
      279000  0.897996
      280000  0.939197
      281000  0.861059
      282000  0.939218
      283000  0.908141
      284000  0.933754
      285000  0.938354
      286000  0.934854
      287000  0.937627
      288000  0.968277
      289000  0.944609
      290000  0.921586
      291000  0.949622
      292000  0.933390
      293000  0.916917
      294000  0.935228
      295000  0.922155
      296000  0.921665
      297000  0.923375
      298000  0.839519
      299000  0.942297
      300000  0.970887
      301000  0.911409
      302000  0.938704
      303000  0.956865
      304000  0.899271
      305000  0.936857
      306000  0.954797
      307000  0.900434
      308000  0.927745
      309000  0.935133
      310000  0.904442
      311000  0.963555
      312000  0.924535
      313000  0.934181
      314000  0.905263
      315000  0.949122
      316000  0.861561
      317000  0.934013
      318000  0.915839
      319000  0.981157
      320000  0.954071
      321000  0.903371
      322000  0.906715
      323000  0.939155
      324000  0.833096
      325000  0.954414
      326000  0.894712
      327000  0.940460
      328000  0.924850
      329000  0.887254
      330000  0.908216
      331000  0.964391
      332000  0.942909
      333000  0.906738
      334000  0.932223
      335000  0.925817
      336000  0.886538
      337000  0.866635
      338000  0.926293
      339000  0.947927
      340000  0.904703
      341000  0.984507
      342000  0.901350
      343000  0.892234
      344000  0.965406
      345000  0.860850
      346000  0.836134
      347000  0.945483
      348000  0.871917
      349000  0.939847
      350000  0.943700
      351000  0.975205
      352000  0.938046
      353000  0.928606
      354000  0.943602
      355000  0.926410
      356000  0.932256
      357000  0.863210
      358000  0.953607
      359000  0.930550
      360000  0.918824
      361000  0.975200
      362000  0.848060
      363000  0.936680
      364000  0.942707
      365000  0.862618
      366000  0.913882
      367000  0.955801
      368000  0.921552
      369000  0.873120
      370000  0.850449
      371000  0.807495
      372000  0.983044
      373000  0.920563
      374000  0.979318
      375000  0.921674
      376000  0.966252
      377000  0.800887
      378000  0.938344
      379000  0.929527
      380000  0.911751
      381000  0.915239
      382000  0.831741
      383000  0.938068
      384000  0.914734
      385000  0.879986
      386000  0.952080
      387000  0.943192
      388000  0.930892
      389000  0.906674
      390000  0.886035
      391000  0.932855
      392000  0.947807
      393000  0.923573
      394000  0.946787
      395000  0.949807
      396000  0.916466
      397000  0.935854
      398000  0.913996
      399000  0.804964
      400000  0.923661
      401000  0.900637
      402000  0.945810
      403000  0.903572
      404000  0.948189
      405000  0.977929
      406000  0.969589
      407000  0.936128
      408000  0.976283
      409000  0.927345
      410000  0.887167
      411000  0.922672
      412000  0.934102
      413000  0.897174
      414000  0.935664
      415000  0.911096
      416000  0.979599
      417000  0.955834
      418000  0.943658
      419000  0.907600
      420000  0.947127
      421000  0.934754
      422000  0.938638
      423000  0.912594
      424000  0.934078
      425000  0.945174
      426000  0.944544
      427000  0.938556
      428000  0.949564
      429000  0.933482
      430000  0.967431
      431000  0.934886
      432000  0.827511
      433000  0.944233
      434000  0.888490
      435000  0.935426
      436000  0.945807
      437000  0.941797
      438000  0.927641
      439000  0.943010
      440000  0.937952
      441000  0.970825
      442000  0.918946
      443000  0.884349
      444000  0.911116
      445000  0.932644
      446000  0.931617
      447000  0.944761
      448000  0.945366
      449000  0.903644
      450000  0.966777
      451000  0.840288
      452000  0.862125
      453000  0.918284
      454000  0.959056
      455000  0.885839
      456000  0.859495
      457000  0.896028
      458000  0.930049
      459000  0.932020
      460000  0.966649
      461000  0.970258
      462000  0.929426
      463000  0.908163
      464000  0.931984
      465000  0.936994
      466000  0.909621
      467000  0.925390
      468000  0.961080
      469000  0.949738
      470000  0.824957
      471000  0.916501
      472000  0.947343
      473000  0.923189
      474000  0.855123
      475000  0.926089
      476000  0.936656
      477000  0.975411
      478000  0.967241
      479000  0.924351
      480000  0.867597
      481000  0.929590
      482000  0.963231
      483000  0.940767
      484000  0.910693
      485000  0.947485
      486000  0.979756
      487000  0.940373
      488000  0.922557
      489000  0.945843
      490000  0.897559
      491000  0.953484
      492000  0.936053
      493000  0.954232
      494000  0.919990
      495000  0.940276
      496000  0.949836
      497000  0.942374
      498000  0.914966
      499000  0.946400
      500000  0.909655
      501000  0.930485
      502000  0.974296
      503000  0.911871
      504000  0.907354
      505000  0.962697
      506000  0.972663
      507000  0.882940
      508000  0.971362
      509000  0.894007
      510000  0.934585
      511000  0.881095
      512000  0.914329
      513000  0.872662
      514000  0.937502
      515000  0.935869
      516000  0.934095
      517000  0.947592
      518000  0.906628
      519000  0.959418
      520000  0.950432
      521000  0.909485
      522000  0.877232
      523000  0.937606
      524000  0.819912
      525000  0.874034
      526000  0.908516
      527000  0.928821
      528000  0.915250
      529000  0.940588
      530000  0.867094
      531000  0.928091
      532000  0.964353
      533000  0.929094
      534000  0.965357
      535000  0.965233
      536000  0.891520
      537000  0.895207
      538000  0.940598
      539000  0.892324
      540000  0.939049
      541000  0.905012
      542000  0.923314
      543000  0.865408
      544000  0.947973
      545000  0.934800
      546000  0.939317
      547000  0.938069
      548000  0.950148
      549000  0.909671
      550000  0.994487
      551000  0.915224
      552000  0.944326
      553000  0.930860
      554000  0.970208
      555000  0.944266
      556000  0.943906
      557000  0.897876
      558000  0.878397
      559000  0.967225
      560000  0.893253
      561000  0.938121
      562000  0.958199
      563000  0.953669
      564000  0.970604
      565000  0.934257
      566000  0.922614
      567000  0.948331
      568000  0.805108
      569000  0.897797
      570000  0.936334
      571000  0.928750
      572000  0.882530
      573000  0.916205
      574000  0.855632
      575000  0.894363
      576000  0.896345
      577000  0.940372
      578000  0.916316
      579000  0.973786
      580000  0.880330
      581000  0.860394
      582000  0.945407
      583000  0.920761
      584000  0.950194
      585000  0.923929
      586000  0.926038
      587000  0.918816
      588000  0.921238
      589000  0.904411
      590000  0.944675
      591000  0.789900
      592000  0.932924
      593000  0.919944
      594000  0.917111
      595000  0.968605
      596000  0.900760
      597000  0.905872
      598000  0.924133
      599000  0.844743
      600000  0.946991
      601000  0.734676
      602000  0.943491
      603000  0.864860
      604000  0.885212
      605000  0.925156
      606000  0.961830
      607000  1.007120
      608000  0.913633
      609000  0.926399
      610000  0.899307
      611000  0.931617
      612000  0.853545
      613000  0.930505
      614000  0.928927
      615000  0.908450
      616000  0.939669
      617000  0.946076
      618000  0.936756
      619000  0.885708
      620000  0.877247
      621000  0.905043
      622000  0.933478
      623000  0.941602
      624000  0.850990
      625000  0.938175
      626000  0.901120
      627000  0.901866
      628000  0.809569
      629000  0.948374
      630000  0.935430
      631000  0.914199
      632000  0.939081
      633000  0.873996
      634000  0.922268
      635000  0.920365
      636000  0.966960
      637000  0.952082
      638000  0.934411
      639000  0.961441
      640000  0.963324
      641000  0.848398
      642000  0.914774
      643000  0.906924
      644000  0.902028
      645000  0.893991
      646000  0.904186
      647000  0.919318
      648000  0.940177
      649000  0.929471
      650000  0.905597
      651000  0.934957
      652000  0.967128
      653000  0.931052
      654000  0.919834
      655000  0.801929
      656000  0.946268
      657000  0.944332
      658000  0.968596
      659000  0.924700
      660000  0.935766
      661000  0.943512
      662000  0.866470
      663000  0.889221
      664000  0.857887
      665000  0.879142
      666000  0.932028
      667000  0.930938
      668000  0.934984
      669000  0.924689
      670000  0.945108
      671000  0.930894
      672000  0.905628
      673000  0.878235
      674000  0.941429
      675000  0.933912
      676000  0.969736
      677000  0.915626
      678000  0.944606
      679000  0.938459
      680000  0.922328
      681000  0.932201
      682000  0.946275
      683000  0.957496
      684000  0.930302
      685000  0.946757
      686000  0.852647
      687000  0.962104
      688000  0.938633
      689000  0.922863
      690000  0.937165
      691000  0.868861
      692000  0.904205
      693000  0.972547
      694000  0.935248
      695000  0.973782
      696000  0.909903
      697000  0.915976
      698000  0.960157
      699000  0.913590
      700000  0.943488
      701000  0.914029
      702000  0.968790
      703000  0.959191
      704000  0.960586
      705000  0.884492
      706000  0.918825
      707000  0.914899
      708000  0.921410
      709000  0.942797
      710000  0.903874
      711000  0.952487
      712000  0.926761
      713000  0.960875
      714000  0.799814
      715000  0.839239
      716000  0.927954
      717000  0.962757
      718000  0.909582
      719000  0.940489
      720000  0.944806
      721000  0.916043
      722000  0.911277
      723000  0.915724
      724000  0.952547
      725000  0.902657
      726000  0.816072
      727000  0.914654
      728000  0.915065
      729000  0.902374
      730000  0.925746
      731000  0.931967
      732000  0.946497
      733000  0.937795
      734000  0.945913
      735000  0.936825
      736000  0.952944
      737000  0.937586
      738000  0.944026
      739000  0.892287
      740000  0.955059
      741000  0.938699
      742000  0.886017
      743000  0.978709
      744000  0.931711
      745000  0.961331
      746000  0.942523
      747000  0.858364
      748000  0.974061
      749000  0.967262
      750000  0.969370
      751000  0.931553
      752000  0.940370
      753000  0.935752
      754000  0.889674
      755000  0.884502
      756000  0.899667
      757000  0.928782
      758000  0.943635
      759000  0.970852
      760000  0.905173
      761000  0.945697
      762000  0.965815
      763000  0.933738
      764000  0.916222
      765000  0.961591
      766000  0.957771
      767000  0.858570
      768000  0.943476
      769000  0.931547
      770000  0.856980
      771000  0.901540
      772000  0.925851
      773000  0.948212
      774000  0.928492
      775000  0.774035
      776000  0.919823
      777000  0.947017
      778000  0.926217
      779000  0.880873
      780000  0.973439
      781000  0.941921
      782000  0.891305
      783000  0.901235
      784000  0.943206
      785000  0.913103
      786000  0.906877
      787000  0.972078
      788000  0.951765
      789000  0.870769
      790000  0.960689
      791000  0.834864
      792000  0.950195
      793000  0.875459
      794000  0.933395
      795000  0.890351
      796000  0.822723
      797000  0.935957
      798000  0.932745
      799000  0.933137
      800000  0.908820
      801000  0.947386
      802000  0.947494
      803000  0.934011
      804000  0.936163
      805000  0.898396
      806000  0.936644
      807000  0.940059
      808000  0.940594
      809000  0.884270
      810000  0.899980
      811000  0.927469
      812000  0.941283
      813000  0.789032
      814000  0.967071
      815000  0.944543
      816000  0.950200
      817000  0.946432
      818000  0.809611
      819000  0.921107
      820000  0.936673
      821000  0.973726
      822000  0.941617
      823000  0.899411
      824000  0.895927
      825000  0.926045
      826000  0.812074
      827000  0.955997
      828000  0.962942
      829000  0.919143
      830000  0.932495
      831000  0.817927
      832000  0.920739
      833000  0.868424
      834000  0.877954
      835000  0.927329
      836000  0.941645
      837000  0.901504
      838000  0.951541
      839000  0.928423
      840000  0.943018
      841000  0.876959
      842000  0.938540
      843000  0.945826
      844000  0.901815
      845000  0.944016
      846000  0.956848
      847000  0.950853
      848000  0.945807
      849000  0.929984
      850000  0.938529
      851000  0.967680
      852000  0.976624
      853000  0.920633
      854000  0.934830
      855000  0.879347
      856000  0.941782
      857000  0.864685
      858000  0.901267
      859000  0.967380
      860000  0.961012
      861000  0.923785
      862000  0.923757
      863000  0.910294
      864000  0.963538
      865000  0.950739
      866000  0.866148
      867000  0.858999
      868000  0.891421
      869000  0.903828
      870000  0.839383
      871000  0.943406
      872000  0.928766
      873000  0.887811
      874000  0.944675
      875000  0.921192
      876000  0.887864
      877000  0.939867
      878000  0.925562
      879000  0.936658
      880000  0.897601
      881000  0.945995
      882000  0.918792
      883000  0.927751
      884000  0.887034
      885000  0.912269
      886000  0.923749
      887000  0.939248
      888000  0.975858
      889000  0.938228
      890000  0.904192
      891000  0.936433
      892000  0.951888
      893000  0.878570
      894000  0.917912
      895000  0.909619
      896000  0.942823
      897000  0.932731
      898000  0.949724
      899000  0.906006
      900000  0.910525
      901000  0.940099
      902000  0.945757
      903000  0.964157
      904000  0.960323
      905000  0.973393
      906000  0.923382
      907000  0.911594
      908000  0.916737
      909000  0.892387
      910000  0.955773
      911000  0.933718
      912000  0.863412
      913000  0.945987
      914000  0.931036
      915000  0.957206
      916000  0.934036
      917000  0.894342
      918000  0.859807
      919000  0.910100
      920000  0.916423
      921000  0.937306
      922000  0.946073
      923000  0.924181
      924000  0.744444
      925000  0.930827
      926000  0.953040
      927000  0.930921
      928000  0.946433
      929000  0.882917
      930000  0.928535
      931000  0.946461
      932000  0.967942
      933000  0.913664
      934000  0.947975
      935000  0.922373
      936000  0.910931
      937000  0.942561
      938000  0.924504
      939000  0.928587
      940000  0.881419
      941000  0.879614
      942000  0.965136
      943000  0.920329
      944000  0.861262
      945000  0.917035
      946000  0.892091
      947000  0.954242
      948000  0.942754
      949000  0.899136
      950000  0.933728
      951000  0.901809
      952000  0.912281
      953000  0.953352
      954000  0.938428
      955000  0.918911
      956000  0.949114
      957000  0.938506
      958000  0.851354
      959000  0.945114
      960000  0.936680
      961000  0.937817
      962000  0.898627
      963000  0.886034
      964000  0.891684
      965000  0.873099
      966000  0.917340
      967000  0.931257
      968000  0.914999
      969000  0.904256
      970000  0.909528
      971000  0.904425
      972000  0.917359
      973000  0.858475
      974000  0.956667
      975000  0.939769
      976000  0.912846
      977000  0.952928
      978000  0.960065
      979000  0.894693
      980000  0.888434
      981000  0.878321
      982000  0.880253
      983000  0.947794
      984000  0.918416
      985000  0.911754
      986000  0.920565
      987000  0.850136
      988000  0.939535
      989000  0.896202
      990000  0.924193
      991000  0.963784
      992000  0.934440
      993000  0.906775
      994000  0.911386
      995000  0.882521
      996000  0.937197
      997000  0.897963
      998000  0.943141
      999000  0.907293
     1000000  0.960682
     1001000  0.897941
     1002000  0.921221
     1003000  0.944965
     1004000  0.915878
     1005000  0.896023
     1006000  0.928879
     1007000  0.807947
     1008000  0.941089
     1009000  0.921246
     1010000  0.881084
     1011000  0.955805
     1012000  0.948900
     1013000  0.760988
     1014000  0.955052
     1015000  0.943008
     1016000  0.947899
     1017000  0.931932
     1018000  0.942641
     1019000  0.898488
     1020000  0.910883
     1021000  0.928251
     1022000  0.941946
     1023000  0.958025
     1024000  0.938719
     1025000  0.848662
     1026000  0.912344
     1027000  0.906344
     1028000  0.911464
     1029000  0.952846
     1030000  0.944548
     1031000  0.800239
     1032000  0.931190
     1033000  0.925027
     1034000  0.957572
     1035000  0.922641
     1036000  0.927849
     1037000  0.953159
     1038000  0.935479
     1039000  0.876036
     1040000  0.911079
     1041000  0.929666
     1042000  0.898885
     1043000  0.878196
     1044000  0.786311
     1045000  0.969869
     1046000  0.886245
     1047000  0.941250
     1048000  0.945455
     1049000  0.862482
     1050000  0.946124
     1051000  0.926492
     1052000  0.933966
     1053000  0.924352
     1054000  0.943980
     1055000  0.900650
     1056000  0.880186
     1057000  0.960829
     1058000  0.859364
     1059000  0.819713
     1060000  0.969185
     1061000  0.920154
     1062000  0.914472
     1063000  0.898993
     1064000  0.955924
     1065000  0.877702
     1066000  0.885478
     1067000  0.917606
     1068000  0.943876
     1069000  0.956469
     1070000  0.894607
     1071000  0.923412
     1072000  0.956327
     1073000  0.920775
     1074000  0.897783
     1075000  0.900950
     1076000  0.937014
     1077000  0.904887
     1078000  0.952701
     1079000  0.911899
     1080000  0.927322
     1081000  0.905705
     1082000  0.926675
     1083000  0.750455
     1084000  0.926243
     1085000  0.945555
     1086000  0.960568
     1087000  0.880654
     1088000  0.801036
     1089000  0.969891
     1090000  0.909705
     1091000  0.832876
     1092000  0.962972
     1093000  0.943725
     1094000  0.841208
     1095000  0.917758
     1096000  0.895610
     1097000  0.848603
     1098000  0.971087
     1099000  0.850979
     1100000  0.904808
     1101000  0.937780
     1102000  0.888052
     1103000  0.947524
     1104000  0.922112
     1105000  0.933226
     1106000  0.939425
     1107000  0.925541
     1108000  0.961797
     1109000  0.950418
     1110000  0.908326
     1111000  0.945130
     1112000  0.963127
     1113000  0.950563
     1114000  0.911967
     1115000  0.893222
     1116000  0.944195
     1117000  0.895355
     1118000  0.902809
     1119000  0.942831
     1120000  0.908714
     1121000  0.890225
     1122000  0.937677
     1123000  0.841369
     1124000  0.922412
     1125000  0.941795
     1126000  0.946091
     1127000  0.937537
     1128000  0.955727
     1129000  0.920893
     1130000  0.978819
     1131000  0.927617
     1132000  0.819284
     1133000  0.934465
     1134000  0.951099
     1135000  0.978237
     1136000  0.945427
     1137000  0.798317
     1138000  0.934503
     1139000  0.949432
     1140000  0.933535
     1141000  0.830334
     1142000  0.814157
     1143000  0.877469
     1144000  0.747739
     1145000  0.945214
     1146000  0.856967
     1147000  0.900458
     1148000  0.906435
     1149000  0.893713
     1150000  0.900537
     1151000  0.936668
     1152000  0.977542
     1153000  0.900877
     1154000  0.959417
     1155000  0.963111
     1156000  0.941033
     1157000  0.889439
     1158000  0.896655
     1159000  0.843687
     1160000  0.872410
     1161000  0.933511
     1162000  0.947436
     1163000  0.944761
     1164000  0.957986
     1165000  0.919320
     1166000  0.955024
     1167000  0.913499
     1168000  0.933458
     1169000  0.829607
     1170000  0.840147
     1171000  0.942878
     1172000  0.905935
     1173000  0.977741
     1174000  0.910413
     1175000  0.924348
     1176000  0.939201
     1177000  0.882631
     1178000  0.960270
     1179000  0.935717
     1180000  0.940275
     1181000  0.911223
     1182000  0.938746
     1183000  0.941778
     1184000  0.929560
     1185000  0.911983
     1186000  0.925844
     1187000  0.895174
     1188000  0.934037
     1189000  0.930346
     1190000  0.901107
     1191000  0.883695
     1192000  0.947862
     1193000  0.913613
     1194000  0.897071
     1195000  0.931156
     1196000  0.970613
     1197000  0.948040
     1198000  0.921251
     1199000  0.946902
     1200000  0.942762
     1201000  0.925790
     1202000  0.957859
     1203000  0.867089
     1204000  0.947543
     1205000  0.805609
     1206000  0.864096
     1207000  0.847560
     1208000  0.920747
     1209000  0.920563
     1210000  0.925115
     1211000  0.941577
     1212000  0.897832
     1213000  0.890141
     1214000  0.848377
     1215000  0.936837
     1216000  0.899137
     1217000  0.838992
     1218000  0.947240
     1219000  0.871803
     1220000  0.979193
     1221000  0.939880
     1222000  0.947686
     1223000  0.920460
     1224000  0.940069
     1225000  0.908844
     1226000  0.941387
     1227000  0.939663
     1228000  0.915753
     1229000  0.914571
     1230000  0.886490
     1231000  0.916171
     1232000  0.944682
     1233000  0.886791
     1234000  0.927811
     1235000  0.940452
     1236000  0.895437
     1237000  0.910110
     1238000  0.970579
     1239000  0.942868
     1240000  0.935913
     1241000  0.943231
     1242000  0.909469
     1243000  0.947872
     1244000  0.940784
     1245000  0.973089
     1246000  0.916276
     1247000  0.954404
     1248000  0.971548
     1249000  0.956528
     1250000  0.824264
     1251000  0.897308
     1252000  0.922851
     1253000  0.913104
     1254000  0.939265
     1255000  0.969903
     1256000  0.944878
     1257000  0.952433
     1258000  0.958518
     1259000  0.964800
     1260000  0.921473
     1261000  0.917256
     1262000  0.953866
     1263000  0.915501
     1264000  0.942652
     1265000  0.944183
     1266000  0.950793
     1267000  0.947100
     1268000  0.811136
     1269000  0.930792
     1270000  0.856979
     1271000  0.842107
     1272000  0.947754
     1273000  0.943527
     1274000  0.952989
     1275000  0.900087
     1276000  0.930353
     1277000  0.930196
     1278000  0.926876
     1279000  0.895857
     1280000  0.950849
     1281000  0.935125
     1282000  0.866393
     1283000  0.955495
     1284000  0.918539
     1285000  0.903762
     1286000  0.891820
     1287000  0.939208
     1288000  0.940540
     1289000  0.948497
     1290000  0.909107
     1291000  0.900169
     1292000  0.964088
     1293000  0.941804
     1294000  0.933283
     1295000  0.973057
     1296000  0.902426
     1297000  0.922416
     1298000  0.895117
     1299000  0.944425
     1300000  0.892187
     1301000  0.936959
     1302000  0.774745
     1303000  0.848132
     1304000  0.900552
     1305000  0.914322
     1306000  0.847543
     1307000  0.914060
     1308000  0.920606
     1309000  0.904535
     1310000  0.905756
     1311000  0.879972
     1312000  0.893408
     1313000  0.870531
     1314000  0.978804
     1315000  0.940933
     1316000  0.924223
     1317000  0.908636
     1318000  0.879803
     1319000  0.914759
     1320000  0.932704
     1321000  0.984335
     1322000  0.844233
     1323000  0.889153
     1324000  0.940823
     1325000  0.941840
     1326000  0.928040
     1327000  0.934111
     1328000  0.935716
     1329000  0.877277
     1330000  0.918190
     1331000  0.960320
     1332000  0.861954
     1333000  0.896178
     1334000  0.922200
     1335000  0.899436
     1336000  0.905834
     1337000  0.914178
     1338000  0.964078
     1339000  0.919442
     1340000  0.926868
     1341000  0.946959
     1342000  0.907027
     1343000  0.898896
     1344000  0.961331
     1345000  0.933194
     1346000  0.878796
     1347000  0.946113
     1348000  0.827423
     1349000  0.910788
     1350000  0.864573
     1351000  0.970192
     1352000  0.917887
     1353000  0.966930
     1354000  0.953747
     1355000  0.926489
     1356000  0.898933
     1357000  0.894706
     1358000  0.959181
     1359000  0.946759
     1360000  0.912130
     1361000  0.967679
     1362000  0.915606
     1363000  0.938536
     1364000  0.903882
     1365000  0.931710
     1366000  0.759956
     1367000  0.925535
     1368000  0.913877
     1369000  0.961121
     1370000  0.914406
     1371000  0.941086
     1372000  0.930132
     1373000  0.901074
     1374000  0.933466
     1375000  0.944321
     1376000  0.932140
     1377000  0.944287
     1378000  0.800992
     1379000  0.933317
     1380000  0.948862
     1381000  0.842352
     1382000  0.949442
     1383000  0.945938
     1384000  0.936771
     1385000  0.922551
     1386000  0.894834
     1387000  0.932393
     1388000  0.943514
     1389000  0.898297
     1390000  0.951089
     1391000  0.937198
     1392000  0.908981
     1393000  0.934427
     1394000  0.946856
     1395000  0.825420
     1396000  0.941788
     1397000  0.936724
     1398000  0.944175
     1399000  0.942097
     1400000  0.922761
     1401000  0.926257
     1402000  0.932124
     1403000  0.918442
     1404000  0.918017
     1405000  0.910778
     1406000  0.899351
     1407000  0.948539
     1408000  0.942439
     1409000  0.943055
     1410000  0.962593
     1411000  0.945952
     1412000  0.775471
     1413000  0.946510
     1414000  0.922903
     1415000  0.935135
     1416000  0.940452
     1417000  0.940698
     1418000  0.886387
     1419000  0.835842
     1420000  0.912258
     1421000  0.933236
     1422000  0.953525
     1423000  0.966781
     1424000  0.977469
     1425000  0.964125
     1426000  0.934154
     1427000  0.918325
     1428000  0.979388
     1429000  0.937314
     1430000  0.897078
     1431000  0.860095
     1432000  0.938793
     1433000  0.883307
     1434000  0.907100
     1435000  0.934243
     1436000  0.917910
     1437000  0.926550
     1438000  0.908361
     1439000  0.935082
     1440000  0.936609
     1441000  0.931906
     1442000  0.953576
     1443000  0.860547
     1444000  0.920346
     1445000  0.929092
     1446000  0.875589
     1447000  0.927172
     1448000  0.933624
     1449000  0.953443
     1450000  0.883408
     1451000  0.901715
     1452000  0.900761
     1453000  0.944306
     1454000  0.894003
     1455000  0.949005
     1456000  0.934519
     1457000  0.974735
     1458000  0.916131
     1459000  0.936168
     1460000  0.883291
     1461000  0.857429
     1462000  0.909882
     1463000  0.945885
     1464000  0.936375
     1465000  0.930275
     1466000  0.898074
     1467000  0.916882
     1468000  0.937990
     1469000  0.873651
     1470000  0.942817
     1471000  0.929799
     1472000  0.944199
     1473000  0.937075
     1474000  0.886547
     1475000  0.943287
     1476000  0.958767
     1477000  0.944742
     1478000  0.902907
     1479000  0.932168
     1480000  0.902818
     1481000  0.921939
     1482000  0.946690
     1483000  0.929484
     1484000  0.945024
     1485000  0.917666
     1486000  0.860482
     1487000  0.923076
     1488000  0.919323
     1489000  0.911388
     1490000  0.868804
     1491000  0.924178
     1492000  0.935514
     1493000  0.858084
     1494000  0.946521
     1495000  0.923322
     1496000  0.860430
     1497000  0.882370
     1498000  0.900794
     1499000  0.940411
     1500000  0.941229
     1501000  0.942101
     1502000  0.930261
     1503000  0.900377
     1504000  0.854620
     1505000  0.943792
     1506000  0.933612
     1507000  0.940255
     1508000  0.942719
     1509000  0.857882
     1510000  0.931407
     1511000  0.904327
     1512000  0.951357
     1513000  0.950709
     1514000  0.916965
     1515000  0.886372
     1516000  0.890030
     1517000  0.893403
     1518000  0.946629
     1519000  0.919218
     1520000  0.948539
     1521000  0.950402
     1522000  0.934454
     1523000  0.875264
     1524000  0.986724
     1525000  0.973189
     1526000  0.946931
     1527000  0.863416
     1528000  0.963902
     1529000  0.936184
     1530000  0.905653
     1531000  0.936611
     1532000  0.873793
     1533000  0.935017
     1534000  0.942230
     1535000  0.935095
     1536000  0.974743
     1537000  0.935022
     1538000  0.907833
     1539000  0.835815
     1540000  0.969432
     1541000  0.950872
     1542000  0.890284
     1543000  0.859264
     1544000  0.866303
     1545000  0.889487
     1546000  0.960318
     1547000  0.839303
     1548000  0.884160
     1549000  0.972500
     1550000  0.928100
     1551000  0.946231
     1552000  0.960957
     1553000  0.872619
     1554000  0.938422
     1555000  0.942624
     1556000  0.939931
     1557000  0.905762
     1558000  0.976526
     1559000  0.962812
     1560000  0.905099
     1561000  0.979061
     1562000  0.946926
     1563000  0.934498
     1564000  0.853609
     1565000  0.950735
     1566000  0.933536
     1567000  0.914373
     1568000  0.908012
     1569000  0.942159
     1570000  0.971559
     1571000  0.942746
     1572000  0.884411
     1573000  0.936612
     1574000  0.919082
     1575000  0.961844
     1576000  0.896503
     1577000  0.961051
     1578000  0.944176
     1579000  0.923556
     1580000  0.855508
     1581000  0.976203
     1582000  0.938948
     1583000  0.942096
     1584000  0.971935
     1585000  0.955256
     1586000  0.931255
     1587000  0.974947
     1588000  0.890354
     1589000  0.861403
     1590000  0.902226
     1591000  0.923020
     1592000  0.870194
     1593000  0.951103
     1594000  0.870031
     1595000  0.971571
     1596000  0.953597
     1597000  0.954945
     1598000  0.904377
     1599000  0.900257
     1600000  0.927150
     1601000  0.963523
     1602000  0.871396
     1603000  0.908762
     1604000  0.773646
     1605000  0.948111
     1606000  0.948240
     1607000  0.918827
     1608000  0.828932
     1609000  0.942256
     1610000  0.928883
     1611000  0.831845
     1612000  0.848608
     1613000  0.949804
     1614000  0.891535
     1615000  0.921292
     1616000  0.950147
     1617000  0.917458
     1618000  0.938878
     1619000  0.896337
     1620000  0.933807
     1621000  0.911730
     1622000  0.918725
     1623000  0.971810
     1624000  0.947338
     1625000  0.917509
     1626000  0.936004
     1627000  0.932531
     1628000  0.942288
     1629000  0.868518
     1630000  0.848332
     1631000  0.942724
     1632000  0.900956
     1633000  0.940672
     1634000  0.867402
     1635000  0.934199
     1636000  0.961908
     1637000  0.873843
     1638000  0.980828
     1639000  0.819300
     1640000  0.934113
     1641000  0.920029
     1642000  0.957332
     1643000  0.931606
     1644000  0.937816
     1645000  0.928814
     1646000  0.867228
     1647000  0.903931
     1648000  0.910156
     1649000  0.945012
     1650000  0.948036
     1651000  0.954404
     1652000  0.955911
     1653000  0.914899
     1654000  0.882794
     1655000  0.925310
     1656000  0.930664
     1657000  0.860135
     1658000  0.946864
     1659000  0.943956
     1660000  0.910272
     1661000  0.927633
     1662000  0.895785
     1663000  0.967512
     1664000  0.941357
     1665000  0.946249
     1666000  0.921446
     1667000  0.964310
     1668000  0.917900
     1669000  0.970394
     1670000  0.932161
     1671000  0.877344
     1672000  0.895081
     1673000  0.909162
     1674000  0.908801
     1675000  0.896524
     1676000  0.910176
     1677000  0.948189
     1678000  0.961714
     1679000  0.754028
     1680000  0.957349
     1681000  0.934745
     1682000  0.945404
     1683000  0.943086
     1684000  0.899934
     1685000  0.909156
     1686000  0.920039
     1687000  0.974479
     1688000  0.910176
     1689000  0.956708
     1690000  0.903923
     1691000  0.928270
     1692000  0.893805
     1693000  0.933375
     1694000  0.863967
     1695000  0.876012
     1696000  0.959093
     1697000  0.926611
     1698000  0.944204
     1699000  0.930353
     1700000  0.886987
     1701000  0.936193
     1702000  0.949706
     1703000  0.913124
     1704000  0.944011
     1705000  0.942988
     1706000  0.884948
     1707000  0.787660
     1708000  0.719183
     1709000  0.937426
     1710000  0.886903
     1711000  0.935004
     1712000  0.919057
     1713000  0.885766
     1714000  0.917858
     1715000  0.914424
     1716000  0.878030
     1717000  0.893764
     1718000  0.957765
     1719000  0.894344
     1720000  0.900021
     1721000  0.842697
     1722000  0.925531
     1723000  0.933705
     1724000  0.942764
     1725000  0.918935
     1726000  0.942888
     1727000  0.940937
     1728000  0.942707
     1729000  0.958643
     1730000  0.941744
     1731000  0.934372
     1732000  0.961121
     1733000  0.907346
     1734000  0.938937
     1735000  0.850133
     1736000  0.911926
     1737000  0.947738
     1738000  0.755574
     1739000  0.846408
     1740000  0.936172
     1741000  0.947212
     1742000  0.946273
     1743000  0.767995
     1744000  0.893302
     1745000  0.933051
     1746000  0.920473
     1747000  0.944250
     1748000  0.931404
     1749000  0.912838
     1750000  0.856474
     1751000  0.887202
     1752000  0.948008
     1753000  0.878031
     1754000  0.934401
     1755000  0.971999
     1756000  0.914247
     1757000  0.859559
     1758000  0.896830
     1759000  0.911601
     1760000  0.931944
     1761000  0.937719
     1762000  0.926987
     1763000  0.958361
     1764000  0.896930
     1765000  0.941989
     1766000  0.981955
     1767000  0.954127
     1768000  0.974230
     1769000  0.944920
     1770000  0.871910
     1771000  0.916534
     1772000  0.935515
     1773000  0.866089
     1774000  0.946807
     1775000  0.897469
     1776000  0.886327
     1777000  0.956402
     1778000  0.940984
     1779000  0.932532
     1780000  0.945956
     1781000  0.913343
     1782000  0.829577
     1783000  0.913768
     1784000  0.868934
     1785000  0.867274
     1786000  0.934547
     1787000  0.923649
     1788000  0.912222
     1789000  0.924310
     1790000  0.917931
     1791000  0.924717
     1792000  0.929329
     1793000  0.939332
     1794000  0.784375
     1795000  0.976113
     1796000  0.934825
     1797000  0.947351
     1798000  0.964531
     1799000  0.953344
     1800000  0.929745
     1801000  0.897564
     1802000  0.920335
     1803000  0.919645
     1804000  0.936329
     1805000  0.933609
     1806000  0.945945
     1807000  0.930678
     1808000  0.909291
     1809000  0.906880
     1810000  0.846724
     1811000  0.932855
     1812000  0.973213
     1813000  0.920038
     1814000  0.860747
     1815000  0.887772
     1816000  0.799472
     1817000  0.948419
     1818000  0.977431
     1819000  0.938587
     1820000  0.967124
     1821000  0.978454
     1822000  0.950223
     1823000  0.934602
     1824000  0.900806
     1825000  0.939781
     1826000  0.948399
     1827000  0.918397
     1828000  0.870859
     1829000  0.932846
     1830000  0.903652
     1831000  0.833026
     1832000  0.950221
     1833000  0.902460
     1834000  0.933789
     1835000  0.961337
     1836000  0.949643
     1837000  0.945151
     1838000  0.942794
     1839000  0.942625
     1840000  0.878179
     1841000  0.932987
     1842000  0.939709
     1843000  0.810172
     1844000  0.968760
     1845000  0.937738
     1846000  0.914403
     1847000  0.933934
     1848000  0.941070
     1849000  0.950700
     1850000  0.891413
     1851000  0.937804
     1852000  0.960461
     1853000  0.886738
     1854000  0.910446
     1855000  0.922034
     1856000  0.931253
     1857000  0.943663
     1858000  0.991872
     1859000  0.925234
     1860000  0.826701
     1861000  0.935872
     1862000  0.931687
     1863000  0.758500
     1864000  0.956891
     1865000  0.852856
     1866000  0.935307
     1867000  0.938688
     1868000  0.929820
     1869000  0.891233
     1870000  0.946318
     1871000  0.940159
     1872000  0.936343
     1873000  0.948771
     1874000  0.914685
     1875000  0.921090
     1876000  0.925158
     1877000  0.918576
     1878000  0.916445
     1879000  0.938920
     1880000  0.880698
     1881000  0.903086
     1882000  0.932889
     1883000  0.935568
     1884000  0.976671
     1885000  0.914625
     1886000  0.903278
     1887000  0.916942
     1888000  0.906727
     1889000  0.833602
     1890000  0.838461
     1891000  0.864479
     1892000  0.943105
     1893000  0.989040
     1894000  0.931223
     1895000  0.932164
     1896000  0.917737
     1897000  0.883398
     1898000  0.932729
     1899000  0.886214
     1900000  0.946280
     1901000  0.916053
     1902000  0.945117
     1903000  0.929362
     1904000  0.974065
     1905000  0.959065
     1906000  0.912908
     1907000  0.960519
     1908000  0.777418
     1909000  0.776986
     1910000  0.879531
     1911000  0.939769
     1912000  0.938379
     1913000  0.913045
     1914000  0.929362
     1915000  0.941257
     1916000  0.899134
     1917000  0.946129
     1918000  0.916395
     1919000  0.942671
     1920000  0.971988
     1921000  0.895675
     1922000  0.939678
     1923000  0.793912
     1924000  0.915783
     1925000  0.908349
     1926000  0.861461
     1927000  0.814412
     1928000  0.835291
     1929000  0.932595
     1930000  0.959774
     1931000  0.919971
     1932000  0.802453
     1933000  0.861604
     1934000  0.921045
     1935000  0.940534
     1936000  0.903672
     1937000  0.946125
     1938000  0.871064
     1939000  0.936481
     1940000  0.946671
     1941000  0.942329
     1942000  0.954613
     1943000  0.920049
     1944000  0.929206
     1945000  0.950078
     1946000  0.957305
     1947000  0.862654
     1948000  0.914909
     1949000  0.964903
     1950000  0.885504
     1951000  0.946421
     1952000  0.895355
     1953000  0.965681
     1954000  0.917058
     1955000  0.854702
     1956000  0.949715
     1957000  0.969133
     1958000  0.931073
     1959000  0.909018
     1960000  0.856380
     1961000  0.894197
     1962000  0.878714
     1963000  0.945391
     1964000  0.909152
     1965000  0.948586
     1966000  0.931147
     1967000  0.957268
     1968000  0.905164
     1969000  0.838818
     1970000  0.995537
     1971000  0.943483
     1972000  0.956146
     1973000  0.895684
     1974000  0.923444
     1975000  0.924495
     1976000  0.955155
     1977000  0.940891
     1978000  0.946608
     1979000  0.885253
     1980000  0.947360
     1981000  0.942709
     1982000  0.960215
     1983000  0.921604
     1984000  0.934998
     1985000  0.967694
     1986000  0.965564
     1987000  0.929005
     1988000  0.942885
     1989000  0.891102
     1990000  0.937018
     1991000  0.872229
     1992000  0.946133
     1993000  0.873407
     1994000  0.915967
     1995000  0.965935
     1996000  0.944616
     1997000  0.900068
     1998000  0.978382
     1999000  0.900444
     2000000  0.909494
