    genPlus1     spaQ
        1000  0.315023
        2000  0.306481
        3000  0.271039
        4000  0.286308
        5000  0.243714
        6000  0.326332
        7000  0.230209
        8000  0.289546
        9000  0.346483
       10000  0.318304
       11000  0.311352
       12000  0.322614
       13000  0.260089
       14000  0.280917
       15000  0.266509
       16000  0.315258
       17000  0.288089
       18000  0.387025
       19000  0.347613
       20000  0.265998
       21000  0.319351
       22000  0.324364
       23000  0.275926
       24000  0.278426
       25000  0.259943
       26000  0.284697
       27000  0.236476
       28000  0.341255
       29000  0.231762
       30000  0.262781
       31000  0.300722
       32000  0.305067
       33000  0.219580
       34000  0.285734
       35000  0.318903
       36000  0.271049
       37000  0.271721
       38000  0.316001
       39000  0.210442
       40000  0.255314
       41000  0.264429
       42000  0.358202
       43000  0.257965
       44000  0.315147
       45000  0.293020
       46000  0.274093
       47000  0.320290
       48000  0.284178
       49000  0.350512
       50000  0.258352
       51000  0.317501
       52000  0.313061
       53000  0.259043
       54000  0.299469
       55000  0.294607
       56000  0.300981
       57000  0.284291
       58000  0.312053
       59000  0.239859
       60000  0.285851
       61000  0.332845
       62000  0.277397
       63000  0.337772
       64000  0.299200
       65000  0.262756
       66000  0.303681
       67000  0.267832
       68000  0.196243
       69000  0.319909
       70000  0.239625
       71000  0.282041
       72000  0.265734
       73000  0.311400
       74000  0.232497
       75000  0.234732
       76000  0.301444
       77000  0.249473
       78000  0.252423
       79000  0.281541
       80000  0.265863
       81000  0.312701
       82000  0.287913
       83000  0.278223
       84000  0.289078
       85000  0.331799
       86000  0.271644
       87000  0.283899
       88000  0.321311
       89000  0.219841
       90000  0.255569
       91000  0.283892
       92000  0.275656
       93000  0.293963
       94000  0.263737
       95000  0.200542
       96000  0.313564
       97000  0.279278
       98000  0.299005
       99000  0.324818
      100000  0.269680
      101000  0.247736
      102000  0.264122
      103000  0.256978
      104000  0.280682
      105000  0.277806
      106000  0.388506
      107000  0.313449
      108000  0.335724
      109000  0.327697
      110000  0.302845
      111000  0.340308
      112000  0.249301
      113000  0.255253
      114000  0.316067
      115000  0.246639
      116000  0.241141
      117000  0.358010
      118000  0.258051
      119000  0.400281
      120000  0.280748
      121000  0.250686
      122000  0.315120
      123000  0.279605
      124000  0.248362
      125000  0.269296
      126000  0.355413
      127000  0.278706
      128000  0.247621
      129000  0.300914
      130000  0.252348
      131000  0.231086
      132000  0.245560
      133000  0.289776
      134000  0.274324
      135000  0.307740
      136000  0.338373
      137000  0.309990
      138000  0.283539
      139000  0.294321
      140000  0.245363
      141000  0.273898
      142000  0.262867
      143000  0.284016
      144000  0.220209
      145000  0.283686
      146000  0.329708
      147000  0.332032
      148000  0.278044
      149000  0.308747
      150000  0.292940
      151000  0.260734
      152000  0.303286
      153000  0.291677
      154000  0.251269
      155000  0.255904
      156000  0.280245
      157000  0.317327
      158000  0.264191
      159000  0.267070
      160000  0.242517
      161000  0.308690
      162000  0.247515
      163000  0.310541
      164000  0.258414
      165000  0.326553
      166000  0.257467
      167000  0.343984
      168000  0.300870
      169000  0.299145
      170000  0.237147
      171000  0.310945
      172000  0.274678
      173000  0.264810
      174000  0.352570
      175000  0.365560
      176000  0.269225
      177000  0.333018
      178000  0.277476
      179000  0.351834
      180000  0.248797
      181000  0.292399
      182000  0.312187
      183000  0.198260
      184000  0.296870
      185000  0.309419
      186000  0.307670
      187000  0.196913
      188000  0.263731
      189000  0.274745
      190000  0.279484
      191000  0.250884
      192000  0.292998
      193000  0.266276
      194000  0.261709
      195000  0.313752
      196000  0.253196
      197000  0.303162
      198000  0.342607
      199000  0.274073
      200000  0.289865
      201000  0.327378
      202000  0.252977
      203000  0.274267
      204000  0.285755
      205000  0.260873
      206000  0.340798
      207000  0.214323
      208000  0.285074
      209000  0.272878
      210000  0.315791
      211000  0.303536
      212000  0.336717
      213000  0.268973
      214000  0.259158
      215000  0.255925
      216000  0.420291
      217000  0.257979
      218000  0.275152
      219000  0.314201
      220000  0.242801
      221000  0.271352
      222000  0.294217
      223000  0.295722
      224000  0.340491
      225000  0.226444
      226000  0.277458
      227000  0.277564
      228000  0.287825
      229000  0.289128
      230000  0.309549
      231000  0.296258
      232000  0.238097
      233000  0.286607
      234000  0.265991
      235000  0.257933
      236000  0.362301
      237000  0.290672
      238000  0.288893
      239000  0.278462
      240000  0.301071
      241000  0.311880
      242000  0.296545
      243000  0.234296
      244000  0.306124
      245000  0.302717
      246000  0.300395
      247000  0.319632
      248000  0.331549
      249000  0.246860
      250000  0.329061
      251000  0.243861
      252000  0.278749
      253000  0.259479
      254000  0.320940
      255000  0.356492
      256000  0.264892
      257000  0.214762
      258000  0.226756
      259000  0.318581
      260000  0.279434
      261000  0.340594
      262000  0.369052
      263000  0.289345
      264000  0.307897
      265000  0.244652
      266000  0.338195
      267000  0.309000
      268000  0.261469
      269000  0.268938
      270000  0.317644
      271000  0.281609
      272000  0.283331
      273000  0.326616
      274000  0.271719
      275000  0.345587
      276000  0.248290
      277000  0.274895
      278000  0.275520
      279000  0.286343
      280000  0.264518
      281000  0.245568
      282000  0.344707
      283000  0.295691
      284000  0.252721
      285000  0.336537
      286000  0.258101
      287000  0.265959
      288000  0.314176
      289000  0.317452
      290000  0.288366
      291000  0.249850
      292000  0.231044
      293000  0.357717
      294000  0.305632
      295000  0.333019
      296000  0.303502
      297000  0.316830
      298000  0.239253
      299000  0.304707
      300000  0.248386
      301000  0.243174
      302000  0.283157
      303000  0.243808
      304000  0.221044
      305000  0.367194
      306000  0.250093
      307000  0.220120
      308000  0.259400
      309000  0.276599
      310000  0.254926
      311000  0.306694
      312000  0.239009
      313000  0.303906
      314000  0.228579
      315000  0.221928
      316000  0.310652
      317000  0.267916
      318000  0.260527
      319000  0.274983
      320000  0.277669
      321000  0.278330
      322000  0.285700
      323000  0.257916
      324000  0.285879
      325000  0.323767
      326000  0.282283
      327000  0.274419
      328000  0.350359
      329000  0.280497
      330000  0.258391
      331000  0.256226
      332000  0.231489
      333000  0.309835
      334000  0.223142
      335000  0.306974
      336000  0.325130
      337000  0.331517
      338000  0.242656
      339000  0.228150
      340000  0.214722
      341000  0.264422
      342000  0.299593
      343000  0.308565
      344000  0.288542
      345000  0.303474
      346000  0.273314
      347000  0.307441
      348000  0.324222
      349000  0.334092
      350000  0.285962
      351000  0.252640
      352000  0.261842
      353000  0.279053
      354000  0.345718
      355000  0.311609
      356000  0.229496
      357000  0.365526
      358000  0.280987
      359000  0.335323
      360000  0.257202
      361000  0.274883
      362000  0.279211
      363000  0.254436
      364000  0.314449
      365000  0.273646
      366000  0.254753
      367000  0.349134
      368000  0.327959
      369000  0.246103
      370000  0.272946
      371000  0.278685
      372000  0.313660
      373000  0.299359
      374000  0.281803
      375000  0.241612
      376000  0.398077
      377000  0.313994
      378000  0.318977
      379000  0.243692
      380000  0.308585
      381000  0.262544
      382000  0.300506
      383000  0.285912
      384000  0.298869
      385000  0.280386
      386000  0.281093
      387000  0.249735
      388000  0.281907
      389000  0.283976
      390000  0.282582
      391000  0.266877
      392000  0.293009
      393000  0.332710
      394000  0.297443
      395000  0.257524
      396000  0.240245
      397000  0.243409
      398000  0.229081
      399000  0.269493
      400000  0.327474
      401000  0.322835
      402000  0.247759
      403000  0.254906
      404000  0.257020
      405000  0.321408
      406000  0.297285
      407000  0.305063
      408000  0.233240
      409000  0.293120
      410000  0.302815
      411000  0.256412
      412000  0.379716
      413000  0.301669
      414000  0.297891
      415000  0.344606
      416000  0.332797
      417000  0.341590
      418000  0.323837
      419000  0.235760
      420000  0.305281
      421000  0.289659
      422000  0.326073
      423000  0.244456
      424000  0.361198
      425000  0.277427
      426000  0.279947
      427000  0.248894
      428000  0.302457
      429000  0.234724
      430000  0.283800
      431000  0.252842
      432000  0.293191
      433000  0.245713
      434000  0.317746
      435000  0.343661
      436000  0.281332
      437000  0.312951
      438000  0.271577
      439000  0.210696
      440000  0.276728
      441000  0.290298
      442000  0.270710
      443000  0.300001
      444000  0.292978
      445000  0.278094
      446000  0.260876
      447000  0.241125
      448000  0.256527
      449000  0.279823
      450000  0.294195
      451000  0.339400
      452000  0.166384
      453000  0.287625
      454000  0.304411
      455000  0.306632
      456000  0.300519
      457000  0.293817
      458000  0.279438
      459000  0.228829
      460000  0.218750
      461000  0.287118
      462000  0.275204
      463000  0.304193
      464000  0.238915
      465000  0.320376
      466000  0.273085
      467000  0.296693
      468000  0.302874
      469000  0.322012
      470000  0.300083
      471000  0.288725
      472000  0.299913
      473000  0.285850
      474000  0.244904
      475000  0.290980
      476000  0.288374
      477000  0.331377
      478000  0.299814
      479000  0.293550
      480000  0.231640
      481000  0.259363
      482000  0.284503
      483000  0.315546
      484000  0.270012
      485000  0.279880
      486000  0.329386
      487000  0.389047
      488000  0.263101
      489000  0.229880
      490000  0.209237
      491000  0.310689
      492000  0.326113
      493000  0.277227
      494000  0.277919
      495000  0.337195
      496000  0.247590
      497000  0.248335
      498000  0.314141
      499000  0.250493
      500000  0.283741
      501000  0.229833
      502000  0.290059
      503000  0.285912
      504000  0.235761
      505000  0.336287
      506000  0.222166
      507000  0.282753
      508000  0.318944
      509000  0.333576
      510000  0.292779
      511000  0.315355
      512000  0.351052
      513000  0.328419
      514000  0.236254
      515000  0.373859
      516000  0.322342
      517000  0.258390
      518000  0.332841
      519000  0.249593
      520000  0.310220
      521000  0.299298
      522000  0.243752
      523000  0.279865
      524000  0.260283
      525000  0.252041
      526000  0.257321
      527000  0.394733
      528000  0.310799
      529000  0.300674
      530000  0.274334
      531000  0.230771
      532000  0.280562
      533000  0.255011
      534000  0.320152
      535000  0.211343
      536000  0.313559
      537000  0.332724
      538000  0.339840
      539000  0.265533
      540000  0.331920
      541000  0.296769
      542000  0.313106
      543000  0.262741
      544000  0.268072
      545000  0.253331
      546000  0.232357
      547000  0.335190
      548000  0.305798
      549000  0.348699
      550000  0.252522
      551000  0.259006
      552000  0.307765
      553000  0.318097
      554000  0.280345
      555000  0.340622
      556000  0.249084
      557000  0.246909
      558000  0.248318
      559000  0.293209
      560000  0.273375
      561000  0.309803
      562000  0.365033
      563000  0.227772
      564000  0.273990
      565000  0.306858
      566000  0.221255
      567000  0.321597
      568000  0.270994
      569000  0.295335
      570000  0.344750
      571000  0.321295
      572000  0.250634
      573000  0.209555
      574000  0.268536
      575000  0.231319
      576000  0.309374
      577000  0.213421
      578000  0.338818
      579000  0.265262
      580000  0.240333
      581000  0.302230
      582000  0.252420
      583000  0.262734
      584000  0.254259
      585000  0.285983
      586000  0.314027
      587000  0.281571
      588000  0.283996
      589000  0.312528
      590000  0.304457
      591000  0.308908
      592000  0.294149
      593000  0.297777
      594000  0.295154
      595000  0.293792
      596000  0.284822
      597000  0.291612
      598000  0.281294
      599000  0.266572
      600000  0.300841
      601000  0.288562
      602000  0.232335
      603000  0.354212
      604000  0.287044
      605000  0.310766
      606000  0.298918
      607000  0.295882
      608000  0.217646
      609000  0.276207
      610000  0.266886
      611000  0.342448
      612000  0.264269
      613000  0.282531
      614000  0.306730
      615000  0.275975
      616000  0.378778
      617000  0.285194
      618000  0.269783
      619000  0.296374
      620000  0.339970
      621000  0.293661
      622000  0.305030
      623000  0.289171
      624000  0.297048
      625000  0.340376
      626000  0.292989
      627000  0.301905
      628000  0.237878
      629000  0.268318
      630000  0.305921
      631000  0.346238
      632000  0.258353
      633000  0.215718
      634000  0.328008
      635000  0.285028
      636000  0.320871
      637000  0.311727
      638000  0.281550
      639000  0.322139
      640000  0.336712
      641000  0.292766
      642000  0.373695
      643000  0.295467
      644000  0.263220
      645000  0.283935
      646000  0.232812
      647000  0.246860
      648000  0.357463
      649000  0.255924
      650000  0.269684
      651000  0.293454
      652000  0.233510
      653000  0.258882
      654000  0.289733
      655000  0.287669
      656000  0.272856
      657000  0.300729
      658000  0.309321
      659000  0.255309
      660000  0.307847
      661000  0.256968
      662000  0.222013
      663000  0.264061
      664000  0.227032
      665000  0.313591
      666000  0.287895
      667000  0.262975
      668000  0.354050
      669000  0.336826
      670000  0.271592
      671000  0.300070
      672000  0.297387
      673000  0.306447
      674000  0.241002
      675000  0.344293
      676000  0.239935
      677000  0.398490
      678000  0.290670
      679000  0.357998
      680000  0.266119
      681000  0.288007
      682000  0.267160
      683000  0.264914
      684000  0.278966
      685000  0.252714
      686000  0.286345
      687000  0.373720
      688000  0.250350
      689000  0.328720
      690000  0.359213
      691000  0.259905
      692000  0.292889
      693000  0.313322
      694000  0.216455
      695000  0.257481
      696000  0.260358
      697000  0.280007
      698000  0.240522
      699000  0.260201
      700000  0.353257
      701000  0.292103
      702000  0.297026
      703000  0.310623
      704000  0.307258
      705000  0.308393
      706000  0.388159
      707000  0.287745
      708000  0.217918
      709000  0.323798
      710000  0.306797
      711000  0.266651
      712000  0.320984
      713000  0.303040
      714000  0.334455
      715000  0.324419
      716000  0.319576
      717000  0.335749
      718000  0.343599
      719000  0.297386
      720000  0.213206
      721000  0.308531
      722000  0.245251
      723000  0.263733
      724000  0.326612
      725000  0.233786
      726000  0.278112
      727000  0.321948
      728000  0.347678
      729000  0.323158
      730000  0.322709
      731000  0.329981
      732000  0.313158
      733000  0.284739
      734000  0.322189
      735000  0.319631
      736000  0.313561
      737000  0.270785
      738000  0.348044
      739000  0.225758
      740000  0.237964
      741000  0.328911
      742000  0.268137
      743000  0.297766
      744000  0.264303
      745000  0.285966
      746000  0.333172
      747000  0.365111
      748000  0.273748
      749000  0.269059
      750000  0.274554
      751000  0.286917
      752000  0.305107
      753000  0.250222
      754000  0.357887
      755000  0.264386
      756000  0.289814
      757000  0.277122
      758000  0.322690
      759000  0.278798
      760000  0.359936
      761000  0.310259
      762000  0.312749
      763000  0.250011
      764000  0.333089
      765000  0.303502
      766000  0.271027
      767000  0.270148
      768000  0.377024
      769000  0.247783
      770000  0.264141
      771000  0.221728
      772000  0.327244
      773000  0.263260
      774000  0.319204
      775000  0.338094
      776000  0.288645
      777000  0.267895
      778000  0.267520
      779000  0.278602
      780000  0.277741
      781000  0.258525
      782000  0.300485
      783000  0.285840
      784000  0.247591
      785000  0.292517
      786000  0.278747
      787000  0.295003
      788000  0.283620
      789000  0.285772
      790000  0.252881
      791000  0.337805
      792000  0.269163
      793000  0.260774
      794000  0.275638
      795000  0.258702
      796000  0.306133
      797000  0.268183
      798000  0.274551
      799000  0.319571
      800000  0.261701
      801000  0.347550
      802000  0.339124
      803000  0.227213
      804000  0.297197
      805000  0.297580
      806000  0.275801
      807000  0.207328
      808000  0.281280
      809000  0.348548
      810000  0.265149
      811000  0.239750
      812000  0.275676
      813000  0.286844
      814000  0.257200
      815000  0.310772
      816000  0.327424
      817000  0.289595
      818000  0.333661
      819000  0.256891
      820000  0.339058
      821000  0.243786
      822000  0.302619
      823000  0.255428
      824000  0.268898
      825000  0.251283
      826000  0.280978
      827000  0.258644
      828000  0.256354
      829000  0.316405
      830000  0.263921
      831000  0.298844
      832000  0.291807
      833000  0.291851
      834000  0.319354
      835000  0.298989
      836000  0.303330
      837000  0.326369
      838000  0.282991
      839000  0.230031
      840000  0.246302
      841000  0.276251
      842000  0.295863
      843000  0.212636
      844000  0.228875
      845000  0.318566
      846000  0.218680
      847000  0.300452
      848000  0.246470
      849000  0.237553
      850000  0.233136
      851000  0.264868
      852000  0.290349
      853000  0.291606
      854000  0.243146
      855000  0.317528
      856000  0.300978
      857000  0.294748
      858000  0.378590
      859000  0.234793
      860000  0.367589
      861000  0.346063
      862000  0.264614
      863000  0.262843
      864000  0.260975
      865000  0.280161
      866000  0.317262
      867000  0.297800
      868000  0.260042
      869000  0.272992
      870000  0.254962
      871000  0.329187
      872000  0.262945
      873000  0.327026
      874000  0.252562
      875000  0.354730
      876000  0.320968
      877000  0.271102
      878000  0.280862
      879000  0.277247
      880000  0.256370
      881000  0.305546
      882000  0.313492
      883000  0.323603
      884000  0.255022
      885000  0.240366
      886000  0.257134
      887000  0.300625
      888000  0.295095
      889000  0.332037
      890000  0.350963
      891000  0.335048
      892000  0.248655
      893000  0.263363
      894000  0.264326
      895000  0.269874
      896000  0.258064
      897000  0.331035
      898000  0.218121
      899000  0.278110
      900000  0.241792
      901000  0.274648
      902000  0.339856
      903000  0.290449
      904000  0.273189
      905000  0.334347
      906000  0.347463
      907000  0.266428
      908000  0.336003
      909000  0.279801
      910000  0.325630
      911000  0.292052
      912000  0.282587
      913000  0.233903
      914000  0.271494
      915000  0.196566
      916000  0.284465
      917000  0.273591
      918000  0.349400
      919000  0.320551
      920000  0.257934
      921000  0.275802
      922000  0.314536
      923000  0.298521
      924000  0.320249
      925000  0.243810
      926000  0.280540
      927000  0.262516
      928000  0.300955
      929000  0.234327
      930000  0.261871
      931000  0.303233
      932000  0.305885
      933000  0.228066
      934000  0.257959
      935000  0.337191
      936000  0.321637
      937000  0.392907
      938000  0.268854
      939000  0.291480
      940000  0.362731
      941000  0.321106
      942000  0.329063
      943000  0.291632
      944000  0.228255
      945000  0.268931
      946000  0.307796
      947000  0.339278
      948000  0.259861
      949000  0.247310
      950000  0.250259
      951000  0.275517
      952000  0.290621
      953000  0.226919
      954000  0.261900
      955000  0.267969
      956000  0.283251
      957000  0.312826
      958000  0.199025
      959000  0.347632
      960000  0.339063
      961000  0.268312
      962000  0.249444
      963000  0.286248
      964000  0.337461
      965000  0.288068
      966000  0.283403
      967000  0.298691
      968000  0.273077
      969000  0.279204
      970000  0.322354
      971000  0.294658
      972000  0.270877
      973000  0.329756
      974000  0.256067
      975000  0.277954
      976000  0.235609
      977000  0.262586
      978000  0.298404
      979000  0.230357
      980000  0.273822
      981000  0.267888
      982000  0.311030
      983000  0.294757
      984000  0.296613
      985000  0.305881
      986000  0.362083
      987000  0.240688
      988000  0.252573
      989000  0.352302
      990000  0.265364
      991000  0.254171
      992000  0.305933
      993000  0.256922
      994000  0.297092
      995000  0.359548
      996000  0.257399
      997000  0.318036
      998000  0.237829
      999000  0.268713
     1000000  0.333301
