    genPlus1     beta
        1000  0.947682
        2000  0.903864
        3000  0.945753
        4000  0.971518
        5000  1.007647
        6000  0.943901
        7000  0.895358
        8000  1.010102
        9000  0.972118
       10000  0.986214
       11000  0.978508
       12000  0.925895
       13000  0.904784
       14000  0.983737
       15000  0.965620
       16000  0.970813
       17000  0.970931
       18000  0.994278
       19000  0.931949
       20000  0.902087
       21000  1.008786
       22000  0.882943
       23000  0.998491
       24000  0.972154
       25000  1.002196
       26000  0.973230
       27000  0.962424
       28000  0.969129
       29000  0.980677
       30000  1.007635
       31000  0.979975
       32000  0.926966
       33000  0.975335
       34000  0.936854
       35000  0.965813
       36000  0.958227
       37000  0.962534
       38000  0.958458
       39000  0.726155
       40000  0.952320
       41000  0.988325
       42000  1.009440
       43000  0.987314
       44000  0.966543
       45000  0.967683
       46000  0.961874
       47000  0.974556
       48000  0.970090
       49000  1.008145
       50000  0.881513
       51000  0.940444
       52000  0.920166
       53000  0.953600
       54000  0.928973
       55000  0.950006
       56000  0.959756
       57000  1.001825
       58000  0.941379
       59000  0.890477
       60000  0.971721
       61000  0.975459
       62000  0.969648
       63000  0.984471
       64000  0.923513
       65000  0.971830
       66000  0.886454
       67000  0.987646
       68000  0.921357
       69000  1.005949
       70000  0.975061
       71000  1.012768
       72000  0.956702
       73000  0.971343
       74000  0.989330
       75000  0.920630
       76000  1.002001
       77000  1.001400
       78000  0.999154
       79000  0.993842
       80000  0.946902
       81000  0.999554
       82000  0.967344
       83000  0.958018
       84000  0.995127
       85000  0.986728
       86000  0.916522
       87000  0.794016
       88000  0.966280
       89000  1.001017
       90000  1.015584
       91000  0.982870
       92000  0.883649
       93000  0.933029
       94000  0.946157
       95000  1.010616
       96000  0.950206
       97000  0.880280
       98000  0.996476
       99000  0.968679
      100000  0.912978
      101000  0.952478
      102000  0.988222
      103000  0.968616
      104000  0.948187
      105000  0.925702
      106000  0.977746
      107000  1.017959
      108000  0.997404
      109000  0.923551
      110000  0.964245
      111000  0.973046
      112000  0.985864
      113000  0.902659
      114000  0.870469
      115000  0.950118
      116000  0.951540
      117000  0.802093
      118000  1.002641
      119000  1.014624
      120000  0.993970
      121000  0.980068
      122000  0.968341
      123000  1.013543
      124000  0.938344
      125000  0.977844
      126000  0.972237
      127000  0.969584
      128000  0.962820
      129000  1.007568
      130000  0.908237
      131000  0.858485
      132000  0.994177
      133000  0.986523
      134000  0.970080
      135000  0.970467
      136000  0.994248
      137000  1.008864
      138000  0.970307
      139000  1.000413
      140000  1.003420
      141000  0.966743
      142000  0.977873
      143000  0.964448
      144000  0.994871
      145000  1.001090
      146000  0.898708
      147000  0.984529
      148000  0.877179
      149000  0.963847
      150000  0.983351
      151000  0.973617
      152000  0.994811
      153000  0.947924
      154000  1.000474
      155000  0.922270
      156000  0.946772
      157000  0.974705
      158000  0.973431
      159000  1.011512
      160000  0.980129
      161000  0.954544
      162000  1.000015
      163000  0.920159
      164000  0.958588
      165000  0.955958
      166000  0.940939
      167000  0.998816
      168000  0.919572
      169000  0.920357
      170000  0.884616
      171000  0.919814
      172000  0.996268
      173000  1.012335
      174000  0.985875
      175000  0.963804
      176000  0.996218
      177000  0.957551
      178000  0.837005
      179000  0.964641
      180000  1.004704
      181000  0.960475
      182000  0.960160
      183000  0.968403
      184000  0.977885
      185000  0.912636
      186000  0.957505
      187000  0.935552
      188000  0.958192
      189000  0.907776
      190000  0.952075
      191000  0.951959
      192000  0.996734
      193000  0.962710
      194000  0.964023
      195000  0.910441
      196000  0.928529
      197000  0.882608
      198000  0.996051
      199000  1.003524
      200000  0.932340
      201000  0.950665
      202000  0.972684
      203000  0.913526
      204000  0.957308
      205000  0.932212
      206000  0.968208
      207000  0.885013
      208000  0.986655
      209000  0.856956
      210000  1.004324
      211000  0.978486
      212000  0.985908
      213000  0.888455
      214000  0.920894
      215000  0.830082
      216000  0.952680
      217000  0.953011
      218000  1.000424
      219000  0.984442
      220000  0.941237
      221000  0.870152
      222000  0.967918
      223000  0.965282
      224000  0.984297
      225000  0.913989
      226000  0.951191
      227000  0.906783
      228000  1.000670
      229000  0.980412
      230000  0.923235
      231000  0.959976
      232000  1.001674
      233000  1.005599
      234000  0.948453
      235000  0.985370
      236000  0.979654
      237000  0.901076
      238000  0.994293
      239000  0.941803
      240000  0.957752
      241000  0.951717
      242000  0.978432
      243000  0.934006
      244000  0.930542
      245000  0.983481
      246000  0.902149
      247000  0.954071
      248000  0.999342
      249000  0.986200
      250000  0.971459
      251000  0.863812
      252000  0.975342
      253000  0.898404
      254000  0.969438
      255000  0.903133
      256000  0.952286
      257000  0.988714
      258000  0.993898
      259000  0.999442
      260000  0.956837
      261000  1.003059
      262000  0.937403
      263000  0.904269
      264000  0.901200
      265000  1.004857
      266000  0.977886
      267000  0.948345
      268000  0.972205
      269000  0.968096
      270000  0.950624
      271000  1.007101
      272000  0.881011
      273000  0.910433
      274000  0.990639
      275000  0.900802
      276000  0.911735
      277000  0.994735
      278000  0.949039
      279000  1.012830
      280000  1.007560
      281000  0.991544
      282000  0.967021
      283000  0.978086
      284000  1.004175
      285000  0.981724
      286000  0.983907
      287000  0.956835
      288000  1.021008
      289000  0.984916
      290000  0.935832
      291000  0.947585
      292000  0.888416
      293000  0.994172
      294000  0.931178
      295000  0.964331
      296000  0.876118
      297000  0.946419
      298000  0.926739
      299000  0.937297
      300000  0.840233
      301000  0.962919
      302000  0.941900
      303000  0.982148
      304000  0.978321
      305000  0.941371
      306000  0.935722
      307000  0.964775
      308000  0.934525
      309000  0.976919
      310000  0.993165
      311000  0.972624
      312000  1.009948
      313000  0.916067
      314000  0.882765
      315000  0.988347
      316000  0.998372
      317000  0.994838
      318000  0.970016
      319000  0.907907
      320000  0.960109
      321000  0.864888
      322000  0.934988
      323000  0.837341
      324000  0.992974
      325000  0.936915
      326000  0.934865
      327000  0.972075
      328000  0.977334
      329000  0.905632
      330000  0.965515
      331000  0.909066
      332000  0.879936
      333000  0.983772
      334000  0.911761
      335000  0.984644
      336000  0.935536
      337000  0.954381
      338000  0.946706
      339000  1.000020
      340000  0.928429
      341000  0.950596
      342000  0.966429
      343000  0.995411
      344000  0.922566
      345000  0.802299
      346000  0.961576
      347000  0.972096
      348000  0.903223
      349000  1.000965
      350000  0.862455
      351000  0.946949
      352000  0.966688
      353000  0.923843
      354000  0.998093
      355000  0.912029
      356000  0.896382
      357000  0.954276
      358000  0.955084
      359000  0.877811
      360000  0.966406
      361000  0.975819
      362000  0.971474
      363000  1.000143
      364000  1.013310
      365000  0.996160
      366000  1.006459
      367000  0.932774
      368000  0.944334
      369000  0.972300
      370000  0.917802
      371000  0.999656
      372000  1.006390
      373000  0.958370
      374000  0.955614
      375000  0.974200
      376000  0.992329
      377000  0.992401
      378000  0.859957
      379000  0.989675
      380000  0.990012
      381000  0.852520
      382000  0.966128
      383000  0.860880
      384000  0.992261
      385000  1.008628
      386000  0.903912
      387000  0.920054
      388000  0.912504
      389000  0.994188
      390000  0.964711
      391000  0.958162
      392000  0.979700
      393000  0.955980
      394000  0.923464
      395000  0.915216
      396000  0.910541
      397000  0.925451
      398000  0.836231
      399000  0.924579
      400000  0.956470
      401000  0.941578
      402000  1.001687
      403000  0.971325
      404000  0.825472
      405000  0.966297
      406000  1.008326
      407000  0.915567
      408000  0.949927
      409000  0.985824
      410000  1.004868
      411000  0.982941
      412000  0.998309
      413000  0.954365
      414000  0.933608
      415000  0.880387
      416000  0.995426
      417000  0.947601
      418000  0.921846
      419000  0.978188
      420000  0.961434
      421000  1.026479
      422000  0.922153
      423000  0.977452
      424000  0.794126
      425000  0.994864
      426000  1.001617
      427000  0.936998
      428000  0.906988
      429000  0.931249
      430000  0.985975
      431000  0.918590
      432000  0.977688
      433000  0.917877
      434000  0.978420
      435000  0.890069
      436000  0.982046
      437000  0.855508
      438000  1.006523
      439000  1.001238
      440000  0.980598
      441000  0.975273
      442000  0.925224
      443000  0.981226
      444000  1.007853
      445000  0.959204
      446000  1.002354
      447000  0.964880
      448000  0.961700
      449000  0.973301
      450000  0.940906
      451000  0.947201
      452000  0.958287
      453000  0.968650
      454000  0.984309
      455000  0.885990
      456000  0.885874
      457000  0.933429
      458000  0.973021
      459000  0.992095
      460000  0.962212
      461000  0.997312
      462000  1.006383
      463000  1.003117
      464000  1.000924
      465000  0.989352
      466000  1.027384
      467000  0.995696
      468000  0.910725
      469000  0.950024
      470000  0.882622
      471000  0.970120
      472000  1.006600
      473000  0.980358
      474000  0.944875
      475000  1.007688
      476000  1.001690
      477000  0.985923
      478000  0.954989
      479000  0.991711
      480000  0.973446
      481000  0.982239
      482000  0.920226
      483000  0.962386
      484000  0.974449
      485000  0.962451
      486000  0.954830
      487000  0.939211
      488000  0.920302
      489000  0.951616
      490000  0.976387
      491000  1.006551
      492000  0.944641
      493000  0.961906
      494000  0.985969
      495000  0.871500
      496000  0.991282
      497000  0.955580
      498000  1.005959
      499000  0.961824
      500000  0.911979
      501000  0.967314
      502000  0.980107
      503000  0.978180
      504000  0.971968
      505000  1.008234
      506000  0.882026
      507000  0.997667
      508000  0.892900
      509000  0.975863
      510000  0.939909
      511000  0.986907
      512000  0.810133
      513000  1.031820
      514000  0.934933
      515000  0.945134
      516000  0.975661
      517000  0.964387
      518000  0.919307
      519000  0.975605
      520000  0.825415
      521000  0.972416
      522000  0.980604
      523000  0.933021
      524000  0.879868
      525000  0.978791
      526000  0.975994
      527000  0.919559
      528000  0.984762
      529000  1.013378
      530000  0.963086
      531000  0.998135
      532000  0.897677
      533000  0.936222
      534000  0.973487
      535000  0.947837
      536000  0.913168
      537000  0.985998
      538000  0.987424
      539000  0.925815
      540000  0.969149
      541000  1.007619
      542000  0.969962
      543000  0.912913
      544000  0.912303
      545000  0.956907
      546000  0.948544
      547000  0.993611
      548000  0.994223
      549000  1.016831
      550000  0.966011
      551000  0.945053
      552000  0.994843
      553000  0.976650
      554000  0.976694
      555000  0.941337
      556000  0.844673
      557000  0.921896
      558000  0.894902
      559000  0.935816
      560000  0.940830
      561000  0.927225
      562000  1.004343
      563000  0.959010
      564000  0.915023
      565000  0.984508
      566000  0.978127
      567000  0.957507
      568000  0.922629
      569000  0.970658
      570000  0.932546
      571000  0.923936
      572000  0.954562
      573000  0.934883
      574000  0.905143
      575000  0.958162
      576000  0.910763
      577000  0.954573
      578000  0.942633
      579000  0.906179
      580000  0.912554
      581000  0.964324
      582000  0.939998
      583000  1.007730
      584000  0.922340
      585000  0.958024
      586000  0.996503
      587000  0.970444
      588000  1.008356
      589000  0.927630
      590000  0.969158
      591000  0.994645
      592000  0.992059
      593000  0.961234
      594000  0.961053
      595000  0.917107
      596000  0.967871
      597000  0.914312
      598000  1.004168
      599000  0.959300
      600000  0.941565
      601000  0.916118
      602000  0.997047
      603000  0.977662
      604000  0.999341
      605000  0.944129
      606000  0.918018
      607000  0.954726
      608000  0.863227
      609000  0.969324
      610000  0.907990
      611000  0.956574
      612000  0.898709
      613000  1.002203
      614000  0.945991
      615000  0.999018
      616000  0.968838
      617000  0.854220
      618000  1.009617
      619000  0.940437
      620000  0.984184
      621000  0.988292
      622000  0.961281
      623000  0.982018
      624000  0.935412
      625000  0.997065
      626000  0.880861
      627000  0.978853
      628000  0.976626
      629000  0.948728
      630000  0.964425
      631000  0.934545
      632000  0.985607
      633000  0.983545
      634000  0.986458
      635000  0.970267
      636000  0.986227
      637000  1.006133
      638000  0.979471
      639000  0.961490
      640000  0.898859
      641000  0.997940
      642000  0.964500
      643000  0.990368
      644000  0.853341
      645000  0.921263
      646000  0.969098
      647000  0.965917
      648000  0.945373
      649000  0.996698
      650000  0.993264
      651000  0.994880
      652000  0.944706
      653000  0.948895
      654000  0.929374
      655000  1.005596
      656000  0.942295
      657000  0.939490
      658000  1.011291
      659000  1.009055
      660000  0.966834
      661000  0.871595
      662000  1.004774
      663000  1.002830
      664000  0.995244
      665000  1.007028
      666000  0.975238
      667000  1.010632
      668000  0.936779
      669000  0.919392
      670000  0.917965
      671000  0.992781
      672000  1.006049
      673000  0.936771
      674000  0.918609
      675000  0.980187
      676000  0.917410
      677000  0.963385
      678000  0.972937
      679000  0.911415
      680000  0.912545
      681000  0.952704
      682000  0.913328
      683000  0.919618
      684000  0.956725
      685000  0.985145
      686000  0.965730
      687000  1.015422
      688000  0.965124
      689000  0.974017
      690000  0.994918
      691000  0.974476
      692000  0.940260
      693000  0.936652
      694000  0.940612
      695000  0.942158
      696000  0.985715
      697000  0.971887
      698000  0.882969
      699000  0.981184
      700000  0.999313
      701000  0.995805
      702000  0.940580
      703000  0.963043
      704000  0.951904
      705000  0.955527
      706000  1.006437
      707000  0.947227
      708000  0.949088
      709000  0.987384
      710000  0.996432
      711000  0.961877
      712000  1.008030
      713000  0.938408
      714000  0.925075
      715000  0.942112
      716000  0.999001
      717000  0.874298
      718000  0.992215
      719000  0.971569
      720000  0.849847
      721000  0.987701
      722000  0.891265
      723000  0.917420
      724000  1.005183
      725000  1.010017
      726000  1.000453
      727000  0.910843
      728000  0.970474
      729000  0.969131
      730000  0.973200
      731000  0.975069
      732000  0.955541
      733000  0.982545
      734000  0.968340
      735000  0.971569
      736000  0.949591
      737000  0.965021
      738000  0.928412
      739000  0.938068
      740000  0.964577
      741000  0.978445
      742000  0.948514
      743000  0.964010
      744000  0.868576
      745000  0.971519
      746000  0.877308
      747000  0.991714
      748000  0.931663
      749000  0.966941
      750000  0.975364
      751000  1.007174
      752000  0.961390
      753000  0.950216
      754000  0.932150
      755000  0.915067
      756000  0.970662
      757000  1.000705
      758000  0.867044
      759000  0.957939
      760000  0.965633
      761000  0.980277
      762000  0.989095
      763000  0.960719
      764000  1.005396
      765000  1.004134
      766000  0.957823
      767000  0.924817
      768000  0.943519
      769000  0.932594
      770000  0.974694
      771000  0.885305
      772000  0.944760
      773000  0.952745
      774000  0.900328
      775000  1.001102
      776000  0.920605
      777000  1.002880
      778000  0.930722
      779000  0.995097
      780000  0.966849
      781000  0.955700
      782000  0.946715
      783000  0.986339
      784000  0.936359
      785000  0.999025
      786000  0.925388
      787000  0.973967
      788000  0.979117
      789000  0.970978
      790000  0.957340
      791000  0.988909
      792000  0.967763
      793000  0.958973
      794000  0.919504
      795000  0.966027
      796000  0.971607
      797000  1.005996
      798000  0.986237
      799000  0.995191
      800000  0.909979
      801000  0.919089
      802000  0.955818
      803000  0.899950
      804000  0.969583
      805000  1.007050
      806000  0.962518
      807000  0.983770
      808000  0.999618
      809000  0.952602
      810000  0.948187
      811000  0.944021
      812000  1.002630
      813000  0.953399
      814000  0.931991
      815000  0.829069
      816000  0.987520
      817000  0.935827
      818000  0.979201
      819000  1.004296
      820000  0.996742
      821000  0.973260
      822000  0.968552
      823000  0.958565
      824000  0.953875
      825000  0.881158
      826000  0.939713
      827000  0.913715
      828000  0.952122
      829000  0.913768
      830000  0.940167
      831000  0.918397
      832000  0.940163
      833000  0.915548
      834000  0.972029
      835000  0.920346
      836000  0.929854
      837000  0.952401
      838000  0.962907
      839000  0.992996
      840000  0.970519
      841000  1.018501
      842000  0.919786
      843000  0.974517
      844000  0.883252
      845000  1.010716
      846000  0.958957
      847000  0.937193
      848000  0.958911
      849000  0.972662
      850000  0.960733
      851000  0.972083
      852000  0.992692
      853000  0.954518
      854000  0.938819
      855000  0.979884
      856000  0.956495
      857000  0.936127
      858000  0.947894
      859000  0.947436
      860000  0.922767
      861000  0.959374
      862000  0.939051
      863000  0.940544
      864000  0.990049
      865000  0.999166
      866000  0.927781
      867000  0.961221
      868000  0.921197
      869000  0.969764
      870000  0.975916
      871000  0.951863
      872000  0.883306
      873000  0.939162
      874000  0.892948
      875000  0.978844
      876000  0.942055
      877000  0.947672
      878000  0.959509
      879000  1.009300
      880000  0.849960
      881000  0.912400
      882000  0.943053
      883000  1.015078
      884000  0.967483
      885000  0.942180
      886000  0.949793
      887000  0.993404
      888000  1.019116
      889000  0.990593
      890000  0.926441
      891000  0.968581
      892000  0.994903
      893000  0.955269
      894000  0.970866
      895000  0.959178
      896000  0.973707
      897000  0.933098
      898000  0.929398
      899000  0.992556
      900000  0.979264
      901000  0.985541
      902000  0.969463
      903000  0.956140
      904000  0.967799
      905000  0.973130
      906000  0.983356
      907000  0.853386
      908000  0.930704
      909000  0.956898
      910000  0.933634
      911000  0.984705
      912000  0.911228
      913000  0.954740
      914000  0.975072
      915000  0.999503
      916000  0.943056
      917000  0.965464
      918000  0.984211
      919000  0.948020
      920000  1.019719
      921000  0.961627
      922000  0.998911
      923000  0.933962
      924000  0.922584
      925000  0.973745
      926000  0.977385
      927000  0.977312
      928000  0.914672
      929000  0.937843
      930000  0.918353
      931000  0.949665
      932000  0.998049
      933000  0.997376
      934000  1.036554
      935000  0.971813
      936000  0.880346
      937000  0.937116
      938000  0.992212
      939000  0.931875
      940000  1.024799
      941000  0.947774
      942000  0.880484
      943000  1.002700
      944000  1.005830
      945000  0.971505
      946000  0.988670
      947000  0.949082
      948000  0.994734
      949000  0.926023
      950000  0.961108
      951000  0.846041
      952000  0.976231
      953000  0.869974
      954000  0.967078
      955000  0.945033
      956000  1.004449
      957000  0.958320
      958000  0.974002
      959000  0.868552
      960000  0.908479
      961000  0.960459
      962000  1.007618
      963000  0.997235
      964000  1.002282
      965000  0.937550
      966000  0.967446
      967000  0.996096
      968000  0.940545
      969000  0.970355
      970000  1.008806
      971000  0.920452
      972000  0.992383
      973000  0.987337
      974000  0.986727
      975000  0.941331
      976000  0.969448
      977000  0.980170
      978000  0.966844
      979000  0.990546
      980000  1.015970
      981000  0.936179
      982000  0.967318
      983000  0.828269
      984000  0.918817
      985000  0.887322
      986000  0.941971
      987000  0.935842
      988000  0.819959
      989000  0.823455
      990000  0.970486
      991000  0.989771
      992000  0.953456
      993000  0.931075
      994000  0.920619
      995000  0.968009
      996000  0.944012
      997000  1.011651
      998000  0.964590
      999000  0.972774
     1000000  1.002147
