       1000 -244.828371
       2000 -246.076305
       3000 -244.864750
       4000 -244.261126
       5000 -244.083849
       6000 -244.958642
       7000 -246.329195
       8000 -244.472764
       9000 -244.402257
      10000 -244.186619
      11000 -246.258734
      12000 -245.262015
      13000 -246.049271
      14000 -244.222871
      15000 -244.509192
      16000 -244.423362
      17000 -244.275320
      18000 -244.073489
      19000 -245.279437
      20000 -245.791142
      21000 -244.264302
      22000 -246.256708
      23000 -244.017402
      24000 -244.245814
      25000 -243.969806
      26000 -246.166422
      27000 -244.563490
      28000 -244.450861
      29000 -245.311620
      30000 -244.081820
      31000 -244.279288
      32000 -245.239551
      33000 -248.338165
      34000 -245.146427
      35000 -244.400111
      36000 -244.636512
      37000 -250.256397
      38000 -246.500159
      39000 -251.250329
      40000 -244.742505
      41000 -244.156275
      42000 -246.386721
      43000 -244.170739
      44000 -244.382181
      45000 -244.354253
      46000 -246.421371
      47000 -244.363361
      48000 -244.435134
      49000 -244.162618
      50000 -246.292857
      51000 -246.931157
      52000 -249.287185
      53000 -244.706614
      54000 -245.361048
      55000 -244.785071
      56000 -244.550593
      57000 -243.974497
      58000 -246.908151
      59000 -246.476674
      60000 -244.256252
      61000 -244.349118
      62000 -244.442358
      63000 -246.181007
      64000 -247.159413
      65000 -244.253603
      66000 -246.599485
      67000 -244.165980
      68000 -245.572985
      69000 -243.923256
      70000 -244.355388
      71000 -244.895517
      72000 -244.627622
      73000 -244.265357
      74000 -246.730852
      75000 -245.593432
      76000 -243.972273
      77000 -243.979896
      78000 -244.008759
      79000 -244.079419
      80000 -244.843031
      81000 -246.002688
      82000 -246.415051
      83000 -246.510360
      84000 -244.062014
      85000 -244.179181
      86000 -245.709829
      87000 -248.848860
      88000 -244.498112
      89000 -243.984770
      90000 -245.342446
      91000 -246.201467
      92000 -246.238910
      93000 -245.114578
      94000 -248.683969
      95000 -244.554230
      96000 -244.781366
      97000 -248.084776
      98000 -244.043966
      99000 -244.458261
     100000 -245.542080
     101000 -244.739626
     102000 -244.157750
     103000 -244.459302
     104000 -244.818920
     105000 -245.266069
     106000 -244.313467
     107000 -245.719635
     108000 -246.026483
     109000 -245.311591
     110000 -244.438770
     111000 -244.224390
     112000 -244.191699
     113000 -245.777767
     114000 -247.098696
     115000 -248.596702
     116000 -244.759512
     117000 -248.586142
     118000 -250.925827
     119000 -245.190147
     120000 -249.481237
     121000 -246.238009
     122000 -248.211556
     123000 -245.018523
     124000 -245.008160
     125000 -244.311945
     126000 -244.400342
     127000 -246.382569
     128000 -246.399723
     129000 -246.086347
     130000 -245.948346
     131000 -246.901194
     132000 -244.074865
     133000 -244.182140
     134000 -244.435293
     135000 -244.428992
     136000 -244.073900
     137000 -244.276568
     138000 -244.290411
     139000 -243.992505
     140000 -243.954438
     141000 -244.377260
     142000 -244.311497
     143000 -244.528977
     144000 -244.065474
     145000 -249.990381
     146000 -246.228986
     147000 -245.942961
     148000 -246.403646
     149000 -244.448606
     150000 -244.228591
     151000 -244.210703
     152000 -244.066279
     153000 -244.823838
     154000 -243.991728
     155000 -245.338918
     156000 -244.845485
     157000 -244.360998
     158000 -244.381234
     159000 -244.696346
     160000 -244.276947
     161000 -244.682501
     162000 -243.997630
     163000 -245.384312
     164000 -244.630158
     165000 -244.646478
     166000 -246.918979
     167000 -244.013168
     168000 -247.462445
     169000 -245.380024
     170000 -246.214629
     171000 -245.391779
     172000 -244.046735
     173000 -244.826962
     174000 -244.191546
     175000 -244.449675
     176000 -244.047410
     177000 -244.648451
     178000 -247.511279
     179000 -244.428981
     180000 -243.938507
     181000 -244.597154
     182000 -244.602648
     183000 -244.462826
     184000 -250.178624
     185000 -245.549739
     186000 -244.649259
     187000 -245.181544
     188000 -244.589936
     189000 -247.777341
     190000 -244.745728
     191000 -244.748728
     192000 -244.040546
     193000 -244.476820
     194000 -244.536177
     195000 -247.419953
     196000 -245.206962
     197000 -246.265169
     198000 -250.025940
     199000 -243.953142
     200000 -245.128599
     201000 -244.772892
     202000 -244.393164
     203000 -245.529859
     204000 -244.612269
     205000 -245.272258
     206000 -248.214266
     207000 -246.204679
     208000 -244.180237
     209000 -246.943286
     210000 -243.943204
     211000 -244.952638
     212000 -246.169212
     213000 -247.895999
     214000 -245.586022
     215000 -248.436712
     216000 -246.635558
     217000 -244.721701
     218000 -243.992363
     219000 -244.212482
     220000 -246.911643
     221000 -246.586961
     222000 -244.470846
     223000 -244.413176
     224000 -244.214625
     225000 -245.782203
     226000 -244.768519
     227000 -245.990734
     228000 -243.989218
     229000 -244.272643
     230000 -245.318315
     231000 -244.545083
     232000 -243.976418
     233000 -243.927521
     234000 -244.813934
     235000 -244.198893
     236000 -246.243479
     237000 -246.158629
     238000 -244.073280
     239000 -245.014128
     240000 -244.601045
     241000 -244.753552
     242000 -244.302887
     243000 -245.094803
     244000 -245.165385
     245000 -245.771130
     246000 -245.789694
     247000 -248.510855
     248000 -244.006326
     249000 -244.186824
     250000 -244.262548
     251000 -247.311811
     252000 -244.438048
     253000 -245.877986
     254000 -246.250354
     255000 -245.766709
     256000 -244.743124
     257000 -244.150739
     258000 -244.078646
     259000 -244.005028
     260000 -244.624192
     261000 -243.958947
     262000 -247.006465
     263000 -245.740320
     264000 -247.957339
     265000 -243.936623
     266000 -244.854357
     267000 -244.842236
     268000 -244.244592
     269000 -244.344165
     270000 -244.783146
     271000 -243.997285
     272000 -246.305602
     273000 -245.599232
     274000 -244.123613
     275000 -245.821287
     276000 -245.569928
     277000 -244.067311
     278000 -244.824192
     279000 -244.905427
     280000 -246.085100
     281000 -246.094088
     282000 -244.485740
     283000 -244.887228
     284000 -243.945049
     285000 -244.252853
     286000 -246.188179
     287000 -244.661150
     288000 -246.204144
     289000 -246.175358
     290000 -248.917309
     291000 -244.862033
     292000 -246.120044
     293000 -244.074933
     294000 -245.300505
     295000 -244.436647
     296000 -248.183271
     297000 -244.852144
     298000 -245.244295
     299000 -245.028892
     300000 -249.097526
     301000 -244.555017
     302000 -245.011568
     303000 -244.246500
     304000 -246.261231
     305000 -245.025607
     306000 -245.060305
     307000 -244.425680
     308000 -245.084340
     309000 -244.696178
     310000 -246.074987
     311000 -244.234518
     312000 -244.448321
     313000 -245.722797
     314000 -246.713101
     315000 -244.155970
     316000 -244.018961
     317000 -244.065914
     318000 -244.436345
     319000 -245.957962
     320000 -244.541728
     321000 -246.727211
     322000 -245.196800
     323000 -251.537747
     324000 -244.091271
     325000 -245.036483
     326000 -245.077499
     327000 -244.402948
     328000 -244.764077
     329000 -245.708800
     330000 -244.407430
     331000 -245.924255
     332000 -248.560759
     333000 -244.222358
     334000 -245.846269
     335000 -244.209520
     336000 -248.924132
     337000 -244.686639
     338000 -244.884977
     339000 -243.997558
     340000 -245.376029
     341000 -244.774165
     342000 -244.384974
     343000 -244.058200
     344000 -245.539055
     345000 -249.417447
     346000 -244.578084
     347000 -244.247219
     348000 -247.901629
     349000 -243.985444
     350000 -246.792894
     351000 -244.842145
     352000 -244.491289
     353000 -247.153059
     354000 -244.022613
     355000 -245.838533
     356000 -247.718968
     357000 -246.615543
     358000 -244.692445
     359000 -246.387377
     360000 -244.496005
     361000 -244.343459
     362000 -248.148090
     363000 -243.995973
     364000 -244.981550
     365000 -244.048179
     366000 -245.929971
     367000 -245.119767
     368000 -244.891774
     369000 -244.242308
     370000 -245.435530
     371000 -244.002258
     372000 -243.917890
     373000 -244.633995
     374000 -244.655232
     375000 -244.368994
     376000 -244.100147
     377000 -246.083949
     378000 -246.860880
     379000 -246.116492
     380000 -244.132404
     381000 -249.385133
     382000 -246.324622
     383000 -249.128369
     384000 -244.101072
     385000 -244.239194
     386000 -245.748587
     387000 -245.609683
     388000 -245.552691
     389000 -244.074715
     390000 -244.524515
     391000 -244.637659
     392000 -244.283477
     393000 -244.676384
     394000 -245.513896
     395000 -245.492364
     396000 -245.881519
     397000 -247.122263
     398000 -247.534015
     399000 -247.331944
     400000 -246.580580
     401000 -245.020114
     402000 -243.976253
     403000 -244.265793
     404000 -247.855190
     405000 -246.430424
     406000 -244.191326
     407000 -247.568182
     408000 -244.801180
     409000 -244.192281
     410000 -243.936491
     411000 -244.234676
     412000 -248.207184
     413000 -244.705387
     414000 -247.101445
     415000 -246.321492
     416000 -244.057999
     417000 -244.861608
     418000 -245.348003
     419000 -244.306639
     420000 -244.580542
     421000 -247.074728
     422000 -245.550624
     423000 -244.783314
     424000 -250.433522
     425000 -244.065559
     426000 -243.977130
     427000 -245.034834
     428000 -247.491593
     429000 -245.298573
     430000 -244.190086
     431000 -245.418353
     432000 -244.314355
     433000 -245.433890
     434000 -244.303077
     435000 -246.079315
     436000 -246.212123
     437000 -247.581798
     438000 -243.916278
     439000 -243.981950
     440000 -244.269835
     441000 -244.426665
     442000 -250.827490
     443000 -244.260344
     444000 -246.132126
     445000 -246.537753
     446000 -243.967808
     447000 -244.423089
     448000 -244.575947
     449000 -244.218263
     450000 -245.037983
     451000 -244.872052
     452000 -244.587541
     453000 -244.458749
     454000 -245.906880
     455000 -246.180274
     456000 -246.617287
     457000 -250.839686
     458000 -244.224989
     459000 -244.103364
     460000 -244.489201
     461000 -244.032884
     462000 -243.917978
     463000 -243.958230
     464000 -243.985958
     465000 -244.141697
     466000 -247.218715
     467000 -244.054378
     468000 -249.519090
     469000 -244.784733
     470000 -246.717543
     471000 -244.434635
     472000 -243.917996
     473000 -244.273462
     474000 -244.881447
     475000 -246.105596
     476000 -245.979593
     477000 -244.190839
     478000 -244.671134
     479000 -244.108683
     480000 -244.380988
     481000 -244.245137
     482000 -245.382868
     483000 -244.484882
     484000 -244.365051
     485000 -244.483269
     486000 -244.697003
     487000 -245.083195
     488000 -245.381216
     489000 -250.467244
     490000 -248.514505
     491000 -243.915942
     492000 -244.939130
     493000 -244.572403
     494000 -244.190173
     495000 -246.551447
     496000 -246.097202
     497000 -244.656093
     498000 -243.923131
     499000 -244.573810
     500000 -247.663955
     501000 -244.480864
     502000 -244.277280
     503000 -246.263127
     504000 -244.250287
     505000 -244.176785
     506000 -246.279870
     507000 -244.028210
     508000 -246.010203
     509000 -244.342778
     510000 -244.977395
     511000 -246.150414
     512000 -253.190553
     513000 -247.925722
     514000 -248.938021
     515000 -244.876521
     516000 -244.490258
     517000 -244.435249
     518000 -245.630794
     519000 -244.481108
     520000 -247.856920
     521000 -250.074009
     522000 -250.153361
     523000 -245.250205
     524000 -246.334704
     525000 -244.297370
     526000 -248.448650
     527000 -245.397291
     528000 -244.207787
     529000 -244.992275
     530000 -244.552156
     531000 -244.022064
     532000 -246.259727
     533000 -245.050303
     534000 -244.213798
     535000 -244.825466
     536000 -245.537843
     537000 -244.189748
     538000 -244.169172
     539000 -250.818576
     540000 -246.388838
     541000 -244.079401
     542000 -244.298769
     543000 -247.369373
     544000 -247.381795
     545000 -244.659864
     546000 -244.812235
     547000 -244.082563
     548000 -244.074242
     549000 -245.540421
     550000 -246.434646
     551000 -244.878053
     552000 -246.055537
     553000 -246.605333
     554000 -244.659210
     555000 -245.026499
     556000 -249.630326
     557000 -245.557830
     558000 -246.342901
     559000 -245.058412
     560000 -246.841074
     561000 -247.263749
     562000 -243.942967
     563000 -244.569327
     564000 -245.496636
     565000 -244.211517
     566000 -244.307575
     567000 -244.607234
     568000 -247.176498
     569000 -244.281901
     570000 -245.124395
     571000 -245.500732
     572000 -244.682028
     573000 -245.077131
     574000 -246.038748
     575000 -244.590703
     576000 -245.875103
     577000 -244.701639
     578000 -244.924455
     579000 -246.008393
     580000 -247.376673
     581000 -248.294119
     582000 -244.975657
     583000 -246.112305
     584000 -247.390063
     585000 -244.640081
     586000 -244.043609
     587000 -244.287097
     588000 -244.196156
     589000 -245.398091
     590000 -244.318298
     591000 -246.057807
     592000 -246.087984
     593000 -244.584008
     594000 -244.587139
     595000 -245.693161
     596000 -244.349650
     597000 -245.512387
     598000 -243.945136
     599000 -244.617658
     600000 -244.945114
     601000 -245.721333
     602000 -246.030484
     603000 -244.314756
     604000 -246.005015
     605000 -244.952623
     606000 -245.667300
     607000 -244.677847
     608000 -247.330676
     609000 -246.386313
     610000 -245.955562
     611000 -244.665791
     612000 -246.228944
     613000 -243.969715
     614000 -244.903685
     615000 -244.010531
     616000 -244.455650
     617000 -247.019128
     618000 -244.395935
     619000 -244.967068
     620000 -244.216284
     621000 -244.156750
     622000 -244.512422
     623000 -244.248446
     624000 -245.066506
     625000 -246.030281
     626000 -246.309425
     627000 -245.012707
     628000 -244.330859
     629000 -246.729728
     630000 -244.529369
     631000 -250.816076
     632000 -244.195438
     633000 -244.225713
     634000 -244.183086
     635000 -244.291388
     636000 -244.186438
     637000 -243.921018
     638000 -244.286960
     639000 -244.507188
     640000 -246.224476
     641000 -246.020504
     642000 -244.432469
     643000 -246.108143
     644000 -247.043627
     645000 -247.203031
     646000 -246.389566
     647000 -244.397543
     648000 -244.871981
     649000 -244.041012
     650000 -244.087305
     651000 -244.065346
     652000 -244.937440
     653000 -248.623500
     654000 -245.189461
     655000 -249.407748
     656000 -245.001100
     657000 -245.075736
     658000 -244.661349
     659000 -244.306817
     660000 -244.375028
     661000 -246.548951
     662000 -243.937652
     663000 -243.961822
     664000 -244.060439
     665000 -243.985782
     666000 -244.420961
     667000 -244.556782
     668000 -245.039196
     669000 -247.239710
     670000 -245.668787
     671000 -244.093921
     672000 -243.922038
     673000 -245.148670
     674000 -247.255155
     675000 -244.276055
     676000 -245.444091
     677000 -244.547043
     678000 -244.226994
     679000 -245.856268
     680000 -247.648763
     681000 -244.735510
     682000 -245.801166
     683000 -245.621999
     684000 -244.627026
     685000 -246.172468
     686000 -246.438807
     687000 -245.316699
     688000 -244.417064
     689000 -244.371900
     690000 -247.649317
     691000 -244.296272
     692000 -245.055176
     693000 -245.041723
     694000 -245.045791
     695000 -245.004731
     696000 -244.193866
     697000 -244.405987
     698000 -251.553866
     699000 -245.394692
     700000 -244.006704
     701000 -244.052925
     702000 -245.046660
     703000 -244.552892
     704000 -246.653924
     705000 -244.684487
     706000 -243.917319
     707000 -244.871372
     708000 -244.802097
     709000 -244.169735
     710000 -244.044557
     711000 -244.572909
     712000 -244.144393
     713000 -245.006899
     714000 -245.279288
     715000 -245.005950
     716000 -244.010755
     717000 -246.478256
     718000 -244.101719
     719000 -244.411115
     720000 -252.867586
     721000 -244.165195
     722000 -246.452738
     723000 -245.684262
     724000 -243.932614
     725000 -244.459344
     726000 -243.991989
     727000 -245.589990
     728000 -244.286362
     729000 -244.450825
     730000 -244.220681
     731000 -244.393295
     732000 -244.657093
     733000 -244.240581
     734000 -244.463865
     735000 -244.259917
     736000 -244.809864
     737000 -244.519287
     738000 -245.376499
     739000 -245.013628
     740000 -244.526787
     741000 -244.945972
     742000 -244.812793
     743000 -244.444570
     744000 -246.628681
     745000 -244.261106
     746000 -246.882949
     747000 -244.108641
     748000 -245.142402
     749000 -244.372421
     750000 -244.350615
     751000 -244.008777
     752000 -244.509708
     753000 -244.781176
     754000 -247.138253
     755000 -245.751335
     756000 -244.425813
     757000 -243.988762
     758000 -246.669457
     759000 -244.641596
     760000 -246.335808
     761000 -244.274703
     762000 -244.145331
     763000 -246.514357
     764000 -243.930001
     765000 -243.945550
     766000 -244.599248
     767000 -245.476146
     768000 -244.907394
     769000 -245.261842
     770000 -244.361175
     771000 -248.405372
     772000 -244.936013
     773000 -246.640246
     774000 -245.832448
     775000 -243.983687
     776000 -245.594139
     777000 -243.961195
     778000 -245.313005
     779000 -244.062425
     780000 -244.374662
     781000 -244.681399
     782000 -244.846569
     783000 -246.239907
     784000 -245.159768
     785000 -244.010442
     786000 -247.123462
     787000 -244.372696
     788000 -244.292377
     789000 -244.420680
     790000 -246.526135
     791000 -244.147977
     792000 -244.473413
     793000 -244.570252
     794000 -245.625215
     795000 -244.394843
     796000 -246.353714
     797000 -243.922679
     798000 -244.186279
     799000 -244.061159
     800000 -245.609496
     801000 -245.636939
     802000 -248.473318
     803000 -246.192030
     804000 -244.443419
     805000 -243.989189
     806000 -244.561885
     807000 -246.189930
     808000 -244.002752
     809000 -244.732202
     810000 -244.846348
     811000 -244.955478
     812000 -243.964335
     813000 -244.711773
     814000 -249.006265
     815000 -247.746748
     816000 -244.167780
     817000 -245.174127
     818000 -245.069768
     819000 -245.952137
     820000 -244.040433
     821000 -244.383963
     822000 -244.333042
     823000 -244.630562
     824000 -244.699588
     825000 -246.301883
     826000 -245.069759
     827000 -251.272362
     828000 -244.746131
     829000 -245.788556
     830000 -248.818313
     831000 -245.422553
     832000 -244.972425
     833000 -245.485033
     834000 -246.192881
     835000 -245.601455
     836000 -245.336816
     837000 -244.737363
     838000 -244.555215
     839000 -244.090968
     840000 -246.369178
     841000 -245.805752
     842000 -249.296387
     843000 -244.303120
     844000 -250.231056
     845000 -244.570167
     846000 -244.623672
     847000 -245.137307
     848000 -250.325292
     849000 -244.233586
     850000 -246.514150
     851000 -244.247524
     852000 -244.095149
     853000 -244.702625
     854000 -245.093686
     855000 -244.280672
     856000 -244.667196
     857000 -245.052201
     858000 -244.824402
     859000 -244.865904
     860000 -247.173832
     861000 -244.616362
     862000 -246.965575
     863000 -244.964991
     864000 -244.131885
     865000 -244.008609
     866000 -245.393924
     867000 -244.513913
     868000 -245.361941
     869000 -244.440450
     870000 -244.341943
     871000 -244.751196
     872000 -251.547379
     873000 -246.962814
     874000 -246.009019
     875000 -244.296556
     876000 -244.935617
     877000 -246.723898
     878000 -244.614004
     879000 -244.345705
     880000 -247.138507
     881000 -245.827865
     882000 -246.802453
     883000 -247.292334
     884000 -244.359142
     885000 -244.933188
     886000 -244.789012
     887000 -244.085388
     888000 -245.903499
     889000 -244.124248
     890000 -245.250533
     891000 -244.332336
     892000 -244.065042
     893000 -244.664006
     894000 -250.102071
     895000 -244.565104
     896000 -248.103365
     897000 -245.113192
     898000 -245.188961
     899000 -244.097020
     900000 -244.290125
     901000 -244.196407
     902000 -246.384309
     903000 -244.673523
     904000 -244.472813
     905000 -244.386037
     906000 -245.750727
     907000 -247.042378
     908000 -245.313490
     909000 -244.660036
     910000 -245.102334
     911000 -244.208621
     912000 -245.581321
     913000 -244.698628
     914000 -244.355205
     915000 -244.004242
     916000 -244.916291
     917000 -244.511819
     918000 -244.215887
     919000 -244.822041
     920000 -248.038671
     921000 -244.503796
     922000 -244.011929
     923000 -245.224625
     924000 -245.332199
     925000 -246.155113
     926000 -244.772356
     927000 -244.760464
     928000 -245.762643
     929000 -246.995533
     930000 -250.933616
     931000 -244.791372
     932000 -244.023192
     933000 -244.032042
     934000 -250.754169
     935000 -244.254018
     936000 -246.788142
     937000 -247.013610
     938000 -244.101759
     939000 -245.138089
     940000 -246.807295
     941000 -244.857108
     942000 -246.319002
     943000 -243.963457
     944000 -243.924699
     945000 -244.261448
     946000 -244.151362
     947000 -246.721233
     948000 -244.067313
     949000 -245.259314
     950000 -244.516727
     951000 -248.941833
     952000 -244.583561
     953000 -247.114438
     954000 -244.369059
     955000 -244.928833
     956000 -243.941657
     957000 -244.586707
     958000 -244.218718
     959000 -248.366428
     960000 -245.941309
     961000 -244.532976
     962000 -244.079112
     963000 -244.033900
     964000 -252.870646
     965000 -245.023890
     966000 -244.360043
     967000 -244.049034
     968000 -245.047583
     969000 -244.289238
     970000 -244.267402
     971000 -245.598469
     972000 -244.099393
     973000 -244.170418
     974000 -244.179195
     975000 -245.026658
     976000 -244.445625
     977000 -244.276322
     978000 -244.488685
     979000 -244.124909
     980000 -247.435643
     981000 -245.051159
     982000 -244.363178
     983000 -249.427293
     984000 -245.413399
     985000 -246.572893
     986000 -248.777563
     987000 -245.057897
     988000 -249.663450
     989000 -247.916483
     990000 -244.286066
     991000 -244.135785
     992000 -244.710289
     993000 -249.027639
     994000 -247.215626
     995000 -246.282301
     996000 -244.897946
     997000 -244.718422
     998000 -244.430244
     999000 -244.391721
    1000000 -243.970426
