    genPlus1     spaQ
        1000  0.457084
        2000  0.445933
        3000  0.459397
        4000  0.437364
        5000  0.448671
        6000  0.465410
        7000  0.453859
        8000  0.437652
        9000  0.443325
       10000  0.455245
       11000  0.438684
       12000  0.447429
       13000  0.448522
       14000  0.439739
       15000  0.445327
       16000  0.419214
       17000  0.445962
       18000  0.439432
       19000  0.408482
       20000  0.447832
       21000  0.449159
       22000  0.459777
       23000  0.450308
       24000  0.454024
       25000  0.442923
       26000  0.441449
       27000  0.459316
       28000  0.449451
       29000  0.446360
       30000  0.443248
       31000  0.440525
       32000  0.450317
       33000  0.432488
       34000  0.445035
       35000  0.462512
       36000  0.440346
       37000  0.433987
       38000  0.449002
       39000  0.437181
       40000  0.453128
       41000  0.449227
       42000  0.440913
       43000  0.448471
       44000  0.442114
       45000  0.455820
       46000  0.452700
       47000  0.441405
       48000  0.447190
       49000  0.449165
       50000  0.429981
       51000  0.434557
       52000  0.408534
       53000  0.427440
       54000  0.455101
       55000  0.437646
       56000  0.439403
       57000  0.446045
       58000  0.433514
       59000  0.428303
       60000  0.446757
       61000  0.451775
       62000  0.440015
       63000  0.427982
       64000  0.446101
       65000  0.442487
       66000  0.449197
       67000  0.452759
       68000  0.441672
       69000  0.422812
       70000  0.448842
       71000  0.429104
       72000  0.449063
       73000  0.447128
       74000  0.448581
       75000  0.428414
       76000  0.462479
       77000  0.464411
       78000  0.443629
       79000  0.443917
       80000  0.459746
       81000  0.437807
       82000  0.452690
       83000  0.447866
       84000  0.444544
       85000  0.439483
       86000  0.444540
       87000  0.447548
       88000  0.438441
       89000  0.444485
       90000  0.447538
       91000  0.446203
       92000  0.441065
       93000  0.456030
       94000  0.456699
       95000  0.440822
       96000  0.437684
       97000  0.459883
       98000  0.452042
       99000  0.444384
      100000  0.457356
      101000  0.432402
      102000  0.453181
      103000  0.445204
      104000  0.453213
      105000  0.454581
      106000  0.454785
      107000  0.443770
      108000  0.436615
      109000  0.438384
      110000  0.453982
      111000  0.443826
      112000  0.452974
      113000  0.441832
      114000  0.448710
      115000  0.433145
      116000  0.443307
      117000  0.432819
      118000  0.433435
      119000  0.450485
      120000  0.456545
      121000  0.451885
      122000  0.421270
      123000  0.424343
      124000  0.448459
      125000  0.448310
      126000  0.441339
      127000  0.451103
      128000  0.441901
      129000  0.430066
      130000  0.448173
      131000  0.442911
      132000  0.451316
      133000  0.447382
      134000  0.443515
      135000  0.443823
      136000  0.444442
      137000  0.446129
      138000  0.444058
      139000  0.450194
      140000  0.443882
      141000  0.451889
      142000  0.463701
      143000  0.463501
      144000  0.470746
      145000  0.451450
      146000  0.443233
      147000  0.452059
      148000  0.443925
      149000  0.446607
      150000  0.439041
      151000  0.413150
      152000  0.454771
      153000  0.448207
      154000  0.448687
      155000  0.440758
      156000  0.462782
      157000  0.437877
      158000  0.450544
      159000  0.448920
      160000  0.460673
      161000  0.451000
      162000  0.448595
      163000  0.445878
      164000  0.443980
      165000  0.449383
      166000  0.436518
      167000  0.456244
      168000  0.453928
      169000  0.453489
      170000  0.455737
      171000  0.443962
      172000  0.445135
      173000  0.453483
      174000  0.448963
      175000  0.459540
      176000  0.448218
      177000  0.442257
      178000  0.449831
      179000  0.444070
      180000  0.455091
      181000  0.445355
      182000  0.429356
      183000  0.448791
      184000  0.447612
      185000  0.447610
      186000  0.443578
      187000  0.413800
      188000  0.443146
      189000  0.456097
      190000  0.413752
      191000  0.436583
      192000  0.447999
      193000  0.421165
      194000  0.448886
      195000  0.461907
      196000  0.444787
      197000  0.451877
      198000  0.456604
      199000  0.415138
      200000  0.455601
      201000  0.446891
      202000  0.436245
      203000  0.416734
      204000  0.434135
      205000  0.450251
      206000  0.445113
      207000  0.451883
      208000  0.454729
      209000  0.456440
      210000  0.452930
      211000  0.432205
      212000  0.422557
      213000  0.429852
      214000  0.413963
      215000  0.449032
      216000  0.437629
      217000  0.441826
      218000  0.453746
      219000  0.453253
      220000  0.449349
      221000  0.451202
      222000  0.439720
      223000  0.460449
      224000  0.441409
      225000  0.454517
      226000  0.459951
      227000  0.444037
      228000  0.444047
      229000  0.449973
      230000  0.448853
      231000  0.440802
      232000  0.419795
      233000  0.440532
      234000  0.420677
      235000  0.449352
      236000  0.402919
      237000  0.448659
      238000  0.440128
      239000  0.453961
      240000  0.441995
      241000  0.457583
      242000  0.444579
      243000  0.444283
      244000  0.439768
      245000  0.446132
      246000  0.454875
      247000  0.451678
      248000  0.445724
      249000  0.444706
      250000  0.438755
      251000  0.452325
      252000  0.455788
      253000  0.445692
      254000  0.449732
      255000  0.428413
      256000  0.453193
      257000  0.419460
      258000  0.435856
      259000  0.451675
      260000  0.444663
      261000  0.441469
      262000  0.455737
      263000  0.455026
      264000  0.448385
      265000  0.450285
      266000  0.443134
      267000  0.440287
      268000  0.454484
      269000  0.414689
      270000  0.459814
      271000  0.444567
      272000  0.414180
      273000  0.452502
      274000  0.442882
      275000  0.447227
      276000  0.449079
      277000  0.443952
      278000  0.442092
      279000  0.448461
      280000  0.443023
      281000  0.441879
      282000  0.438274
      283000  0.448810
      284000  0.442832
      285000  0.455012
      286000  0.441917
      287000  0.449765
      288000  0.436322
      289000  0.452867
      290000  0.443967
      291000  0.436898
      292000  0.433094
      293000  0.433805
      294000  0.452367
      295000  0.456913
      296000  0.448281
      297000  0.447289
      298000  0.451016
      299000  0.446854
      300000  0.448722
      301000  0.451591
      302000  0.442032
      303000  0.454496
      304000  0.451017
      305000  0.454467
      306000  0.445438
      307000  0.448587
      308000  0.465012
      309000  0.446433
      310000  0.435837
      311000  0.444415
      312000  0.447654
      313000  0.451923
      314000  0.463668
      315000  0.437541
      316000  0.437388
      317000  0.457248
      318000  0.435450
      319000  0.447292
      320000  0.435233
      321000  0.436962
      322000  0.451641
      323000  0.458350
      324000  0.449208
      325000  0.448243
      326000  0.438480
      327000  0.447510
      328000  0.440901
      329000  0.452596
      330000  0.453052
      331000  0.453356
      332000  0.444139
      333000  0.453592
      334000  0.441869
      335000  0.435313
      336000  0.446416
      337000  0.446112
      338000  0.443661
      339000  0.458101
      340000  0.461329
      341000  0.440639
      342000  0.443313
      343000  0.448285
      344000  0.449578
      345000  0.437444
      346000  0.444365
      347000  0.448618
      348000  0.448588
      349000  0.434945
      350000  0.424899
      351000  0.454081
      352000  0.449884
      353000  0.450499
      354000  0.458860
      355000  0.443948
      356000  0.446484
      357000  0.447200
      358000  0.448596
      359000  0.446784
      360000  0.434523
      361000  0.459499
      362000  0.439234
      363000  0.445333
      364000  0.457287
      365000  0.409918
      366000  0.458226
      367000  0.438860
      368000  0.442345
      369000  0.426224
      370000  0.447200
      371000  0.438805
      372000  0.460436
      373000  0.407915
      374000  0.445983
      375000  0.433923
      376000  0.461781
      377000  0.456131
      378000  0.436094
      379000  0.459137
      380000  0.438193
      381000  0.450188
      382000  0.440841
      383000  0.452892
      384000  0.453704
      385000  0.449479
      386000  0.446089
      387000  0.446647
      388000  0.448140
      389000  0.448938
      390000  0.434845
      391000  0.459409
      392000  0.445061
      393000  0.438329
      394000  0.450054
      395000  0.425576
      396000  0.440631
      397000  0.445523
      398000  0.454433
      399000  0.443494
      400000  0.439035
      401000  0.439048
      402000  0.440980
      403000  0.444069
      404000  0.427891
      405000  0.428167
      406000  0.434066
      407000  0.449730
      408000  0.454498
      409000  0.443774
      410000  0.436218
      411000  0.460548
      412000  0.450632
      413000  0.441316
      414000  0.444344
      415000  0.446067
      416000  0.411432
      417000  0.442930
      418000  0.454666
      419000  0.442415
      420000  0.444127
      421000  0.444626
      422000  0.449261
      423000  0.457229
      424000  0.421894
      425000  0.437383
      426000  0.438908
      427000  0.439032
      428000  0.449353
      429000  0.451908
      430000  0.445148
      431000  0.440864
      432000  0.453571
      433000  0.449830
      434000  0.442072
      435000  0.442521
      436000  0.445727
      437000  0.454772
      438000  0.448094
      439000  0.425518
      440000  0.440107
      441000  0.429601
      442000  0.441269
      443000  0.459916
      444000  0.445315
      445000  0.454656
      446000  0.456991
      447000  0.450974
      448000  0.437333
      449000  0.449402
      450000  0.449892
      451000  0.448120
      452000  0.448827
      453000  0.433907
      454000  0.447724
      455000  0.446623
      456000  0.435422
      457000  0.453807
      458000  0.442753
      459000  0.452827
      460000  0.449685
      461000  0.447210
      462000  0.445905
      463000  0.452310
      464000  0.439541
      465000  0.447866
      466000  0.439568
      467000  0.459263
      468000  0.431460
      469000  0.456857
      470000  0.452494
      471000  0.436099
      472000  0.422339
      473000  0.457705
      474000  0.449276
      475000  0.448610
      476000  0.459899
      477000  0.456273
      478000  0.436084
      479000  0.448651
      480000  0.439279
      481000  0.435463
      482000  0.452367
      483000  0.447901
      484000  0.457734
      485000  0.455452
      486000  0.460324
      487000  0.442226
      488000  0.416292
      489000  0.455294
      490000  0.455590
      491000  0.450951
      492000  0.457379
      493000  0.436863
      494000  0.452798
      495000  0.447680
      496000  0.450228
      497000  0.441583
      498000  0.412847
      499000  0.455118
      500000  0.447022
      501000  0.443157
      502000  0.455729
      503000  0.449711
      504000  0.446311
      505000  0.452139
      506000  0.454827
      507000  0.461205
      508000  0.444998
      509000  0.443370
      510000  0.448207
      511000  0.449204
      512000  0.436753
      513000  0.445387
      514000  0.442546
      515000  0.418234
      516000  0.446292
      517000  0.443137
      518000  0.442911
      519000  0.418282
      520000  0.442942
      521000  0.447824
      522000  0.457491
      523000  0.448803
      524000  0.452514
      525000  0.429959
      526000  0.414959
      527000  0.436515
      528000  0.446476
      529000  0.429917
      530000  0.459649
      531000  0.442422
      532000  0.439756
      533000  0.450206
      534000  0.449487
      535000  0.438423
      536000  0.454056
      537000  0.447908
      538000  0.443109
      539000  0.428553
      540000  0.455149
      541000  0.445838
      542000  0.440185
      543000  0.447184
      544000  0.427542
      545000  0.444208
      546000  0.447805
      547000  0.450106
      548000  0.439331
      549000  0.447456
      550000  0.449262
      551000  0.437401
      552000  0.434207
      553000  0.445555
      554000  0.431674
      555000  0.444929
      556000  0.436359
      557000  0.455483
      558000  0.420012
      559000  0.420866
      560000  0.398000
      561000  0.438924
      562000  0.458110
      563000  0.450932
      564000  0.454507
      565000  0.452176
      566000  0.446658
      567000  0.451820
      568000  0.442863
      569000  0.448592
      570000  0.442997
      571000  0.460003
      572000  0.435465
      573000  0.458178
      574000  0.448895
      575000  0.441132
      576000  0.452054
      577000  0.441454
      578000  0.449312
      579000  0.445168
      580000  0.409964
      581000  0.452821
      582000  0.448694
      583000  0.440943
      584000  0.443286
      585000  0.445217
      586000  0.437262
      587000  0.428080
      588000  0.437781
      589000  0.449916
      590000  0.432963
      591000  0.445929
      592000  0.450443
      593000  0.441857
      594000  0.450716
      595000  0.448661
      596000  0.414734
      597000  0.439460
      598000  0.440286
      599000  0.437542
      600000  0.418036
      601000  0.433770
      602000  0.440008
      603000  0.444878
      604000  0.444731
      605000  0.420485
      606000  0.439791
      607000  0.453203
      608000  0.449023
      609000  0.461941
      610000  0.448693
      611000  0.450217
      612000  0.432171
      613000  0.451303
      614000  0.449564
      615000  0.450968
      616000  0.427910
      617000  0.456363
      618000  0.449904
      619000  0.447967
      620000  0.437478
      621000  0.439277
      622000  0.437489
      623000  0.445204
      624000  0.434002
      625000  0.470194
      626000  0.447901
      627000  0.442720
      628000  0.441399
      629000  0.429928
      630000  0.443483
      631000  0.441968
      632000  0.431069
      633000  0.439645
      634000  0.458353
      635000  0.440630
      636000  0.459940
      637000  0.440061
      638000  0.451394
      639000  0.455743
      640000  0.449137
      641000  0.443942
      642000  0.442229
      643000  0.443958
      644000  0.439008
      645000  0.416263
      646000  0.440179
      647000  0.443587
      648000  0.444945
      649000  0.447567
      650000  0.452180
      651000  0.413780
      652000  0.449154
      653000  0.440731
      654000  0.440204
      655000  0.443081
      656000  0.454449
      657000  0.442583
      658000  0.449754
      659000  0.440210
      660000  0.452209
      661000  0.460843
      662000  0.455682
      663000  0.457486
      664000  0.439831
      665000  0.472435
      666000  0.434606
      667000  0.450325
      668000  0.452681
      669000  0.451256
      670000  0.447519
      671000  0.418541
      672000  0.447573
      673000  0.430032
      674000  0.450642
      675000  0.461254
      676000  0.464181
      677000  0.446565
      678000  0.458123
      679000  0.437410
      680000  0.450555
      681000  0.444240
      682000  0.439697
      683000  0.433608
      684000  0.430847
      685000  0.446009
      686000  0.453552
      687000  0.453315
      688000  0.441814
      689000  0.435085
      690000  0.450405
      691000  0.446815
      692000  0.436165
      693000  0.454784
      694000  0.462312
      695000  0.453006
      696000  0.438271
      697000  0.445658
      698000  0.455726
      699000  0.451991
      700000  0.446334
      701000  0.432536
      702000  0.434666
      703000  0.447973
      704000  0.445321
      705000  0.452230
      706000  0.444014
      707000  0.436629
      708000  0.442621
      709000  0.450485
      710000  0.447225
      711000  0.426621
      712000  0.454762
      713000  0.444619
      714000  0.444703
      715000  0.450258
      716000  0.449125
      717000  0.456450
      718000  0.441086
      719000  0.441180
      720000  0.427459
      721000  0.445919
      722000  0.449898
      723000  0.450256
      724000  0.424149
      725000  0.448964
      726000  0.445995
      727000  0.441365
      728000  0.452177
      729000  0.450709
      730000  0.443127
      731000  0.421417
      732000  0.417351
      733000  0.445892
      734000  0.448852
      735000  0.416131
      736000  0.446559
      737000  0.446551
      738000  0.437884
      739000  0.434526
      740000  0.437783
      741000  0.443417
      742000  0.465089
      743000  0.456096
      744000  0.437882
      745000  0.448849
      746000  0.435626
      747000  0.444516
      748000  0.437212
      749000  0.458387
      750000  0.444340
      751000  0.450579
      752000  0.422926
      753000  0.448891
      754000  0.447163
      755000  0.457515
      756000  0.462473
      757000  0.448756
      758000  0.440214
      759000  0.443111
      760000  0.433963
      761000  0.448283
      762000  0.443042
      763000  0.459462
      764000  0.409741
      765000  0.453188
      766000  0.452495
      767000  0.434752
      768000  0.449283
      769000  0.445456
      770000  0.448326
      771000  0.409887
      772000  0.451194
      773000  0.436502
      774000  0.449526
      775000  0.445920
      776000  0.445411
      777000  0.458991
      778000  0.446797
      779000  0.426625
      780000  0.453800
      781000  0.435530
      782000  0.458626
      783000  0.443838
      784000  0.452305
      785000  0.435973
      786000  0.438168
      787000  0.446589
      788000  0.460156
      789000  0.440965
      790000  0.464047
      791000  0.454900
      792000  0.442596
      793000  0.452778
      794000  0.440504
      795000  0.462058
      796000  0.451276
      797000  0.440916
      798000  0.449246
      799000  0.444092
      800000  0.441530
      801000  0.440056
      802000  0.456384
      803000  0.442266
      804000  0.451407
      805000  0.437493
      806000  0.447353
      807000  0.456557
      808000  0.445938
      809000  0.445273
      810000  0.455234
      811000  0.448494
      812000  0.445586
      813000  0.440220
      814000  0.461691
      815000  0.440433
      816000  0.444469
      817000  0.447711
      818000  0.465083
      819000  0.442331
      820000  0.446823
      821000  0.436703
      822000  0.443888
      823000  0.454995
      824000  0.451506
      825000  0.453741
      826000  0.451354
      827000  0.439345
      828000  0.460310
      829000  0.441011
      830000  0.442325
      831000  0.447854
      832000  0.447185
      833000  0.421973
      834000  0.454506
      835000  0.451790
      836000  0.435722
      837000  0.434535
      838000  0.441390
      839000  0.445430
      840000  0.445778
      841000  0.442522
      842000  0.454583
      843000  0.453855
      844000  0.437934
      845000  0.450104
      846000  0.436607
      847000  0.437304
      848000  0.460370
      849000  0.432020
      850000  0.445488
      851000  0.451902
      852000  0.418647
      853000  0.446732
      854000  0.453217
      855000  0.453982
      856000  0.439750
      857000  0.446523
      858000  0.454273
      859000  0.453982
      860000  0.439436
      861000  0.438331
      862000  0.443089
      863000  0.454235
      864000  0.438879
      865000  0.440575
      866000  0.440374
      867000  0.450659
      868000  0.443321
      869000  0.445769
      870000  0.443675
      871000  0.441503
      872000  0.444008
      873000  0.450943
      874000  0.448476
      875000  0.448072
      876000  0.443824
      877000  0.455672
      878000  0.460706
      879000  0.438742
      880000  0.435578
      881000  0.446923
      882000  0.417190
      883000  0.447607
      884000  0.442845
      885000  0.454719
      886000  0.451291
      887000  0.453878
      888000  0.423622
      889000  0.455684
      890000  0.455619
      891000  0.451291
      892000  0.448175
      893000  0.451537
      894000  0.450022
      895000  0.442618
      896000  0.448945
      897000  0.440851
      898000  0.439199
      899000  0.453024
      900000  0.447786
      901000  0.460094
      902000  0.414962
      903000  0.450628
      904000  0.425460
      905000  0.450574
      906000  0.442101
      907000  0.451563
      908000  0.457442
      909000  0.452574
      910000  0.444988
      911000  0.451197
      912000  0.432644
      913000  0.445371
      914000  0.444350
      915000  0.452770
      916000  0.455857
      917000  0.449061
      918000  0.416437
      919000  0.448487
      920000  0.436773
      921000  0.442881
      922000  0.409564
      923000  0.458603
      924000  0.446240
      925000  0.460524
      926000  0.455696
      927000  0.446469
      928000  0.461851
      929000  0.434305
      930000  0.414120
      931000  0.450481
      932000  0.440106
      933000  0.447532
      934000  0.450605
      935000  0.445006
      936000  0.464582
      937000  0.450007
      938000  0.450916
      939000  0.452695
      940000  0.447897
      941000  0.436000
      942000  0.457072
      943000  0.442827
      944000  0.440568
      945000  0.452887
      946000  0.454321
      947000  0.444410
      948000  0.446452
      949000  0.444999
      950000  0.434076
      951000  0.446743
      952000  0.441409
      953000  0.443718
      954000  0.450284
      955000  0.427177
      956000  0.438398
      957000  0.454802
      958000  0.444156
      959000  0.448572
      960000  0.426856
      961000  0.434201
      962000  0.437922
      963000  0.440689
      964000  0.447501
      965000  0.442202
      966000  0.419402
      967000  0.438282
      968000  0.431119
      969000  0.447010
      970000  0.456958
      971000  0.448024
      972000  0.443562
      973000  0.431267
      974000  0.452891
      975000  0.447833
      976000  0.448803
      977000  0.437450
      978000  0.447335
      979000  0.440912
      980000  0.443066
      981000  0.443641
      982000  0.447325
      983000  0.446375
      984000  0.446328
      985000  0.440615
      986000  0.453340
      987000  0.453769
      988000  0.440578
      989000  0.451005
      990000  0.443068
      991000  0.458688
      992000  0.447730
      993000  0.448453
      994000  0.452290
      995000  0.438133
      996000  0.451984
      997000  0.433505
      998000  0.449409
      999000  0.441944
     1000000  0.451061
