       1000 -26956.403468
       2000 -26955.533523
       3000 -26956.847027
       4000 -26956.301103
       5000 -26955.551990
       6000 -26958.421496
       7000 -26955.935639
       8000 -26960.099240
       9000 -26955.634498
      10000 -26956.115113
      11000 -26956.101084
      12000 -26955.527838
      13000 -26955.547705
      14000 -26955.962715
      15000 -26955.546676
      16000 -26959.298571
      17000 -26955.533050
      18000 -26956.000990
      19000 -26960.354506
      20000 -26955.532813
      21000 -26955.568649
      22000 -26956.928475
      23000 -26955.623833
      24000 -26955.955292
      25000 -26960.298765
      26000 -26955.778830
      27000 -26956.829966
      28000 -26955.580530
      29000 -26955.528031
      30000 -26955.639242
      31000 -26955.872006
      32000 -26955.624316
      33000 -26957.299469
      34000 -26955.555208
      35000 -26957.586759
      36000 -26955.891669
      37000 -26959.913861
      38000 -26955.562865
      39000 -26956.331184
      40000 -26955.853969
      41000 -26955.571290
      42000 -26955.831047
      43000 -26955.546324
      44000 -26955.720734
      45000 -26956.199098
      46000 -26955.810425
      47000 -26955.782859
      48000 -26955.526193
      49000 -26955.568874
      50000 -26960.236690
      51000 -26956.825857
      52000 -26960.344659
      53000 -26958.764885
      54000 -26956.095035
      55000 -26956.255877
      56000 -26956.004758
      57000 -26955.531792
      58000 -26957.055275
      59000 -26958.483140
      60000 -26955.525690
      61000 -26955.726757
      62000 -26955.929581
      63000 -26959.912463
      64000 -26955.530991
      65000 -26955.691505
      66000 -26955.570128
      67000 -26955.816226
      68000 -26955.758459
      69000 -26959.390873
      70000 -26955.557385
      71000 -26958.233064
      72000 -26955.565039
      73000 -26955.525928
      74000 -26955.549362
      75000 -26960.072089
      76000 -26957.578058
      77000 -26958.117954
      78000 -26955.616747
      79000 -26955.601408
      80000 -26956.921699
      81000 -26956.230633
      82000 -26955.809371
      83000 -26955.533355
      84000 -26955.572879
      85000 -26955.994580
      86000 -26955.573029
      87000 -26955.529014
      88000 -26956.135687
      89000 -26955.575296
      90000 -26955.528913
      91000 -26955.529688
      92000 -26960.378820
      93000 -26956.231229
      94000 -26956.338429
      95000 -26955.840472
      96000 -26956.249845
      97000 -26956.951666
      98000 -26955.749427
      99000 -26955.579548
     100000 -26956.450949
     101000 -26957.320733
     102000 -26955.859616
     103000 -26955.550096
     104000 -26955.863013
     105000 -26956.025103
     106000 -26956.051929
     107000 -26955.609083
     108000 -26956.427897
     109000 -26956.143864
     110000 -26955.950278
     111000 -26955.606118
     112000 -26955.837948
     113000 -26955.744444
     114000 -26955.553176
     115000 -26957.140930
     116000 -26955.635597
     117000 -26957.218764
     118000 -26957.073554
     119000 -26955.634290
     120000 -26956.313026
     121000 -26955.735912
     122000 -26961.056599
     123000 -26959.882748
     124000 -26955.546027
     125000 -26960.884379
     126000 -26955.789111
     127000 -26955.675046
     128000 -26955.738498
     129000 -26957.947472
     130000 -26955.539166
     131000 -26955.661188
     132000 -26955.690618
     133000 -26955.527438
     134000 -26955.623211
     135000 -26955.606285
     136000 -26955.577065
     137000 -26955.530615
     138000 -26955.594423
     139000 -26955.617329
     140000 -26955.603198
     141000 -26955.736289
     142000 -26957.912201
     143000 -26957.855717
     144000 -26960.327311
     145000 -26955.700821
     146000 -26955.640143
     147000 -26955.750850
     148000 -26955.601023
     149000 -26955.526258
     150000 -26956.052138
     151000 -26959.649116
     152000 -26956.050119
     153000 -26955.539909
     154000 -26955.552492
     155000 -26955.847140
     156000 -26957.658590
     157000 -26956.219775
     158000 -26955.637922
     159000 -26955.559995
     160000 -26957.130306
     161000 -26955.667828
     162000 -26955.549750
     163000 -26955.534457
     164000 -26955.598239
     165000 -26955.577643
     166000 -26956.445088
     167000 -26956.264608
     168000 -26955.943766
     169000 -26955.893142
     170000 -26956.186637
     171000 -26955.599154
     172000 -26955.552125
     173000 -26955.892472
     174000 -26955.561475
     175000 -26956.877356
     176000 -26955.540158
     177000 -26955.709309
     178000 -26955.598209
     179000 -26955.593831
     180000 -26956.093582
     181000 -26955.545926
     182000 -26960.127977
     183000 -26955.555712
     184000 -26955.529757
     185000 -26955.529731
     186000 -26955.619599
     187000 -26963.995808
     188000 -26955.645678
     189000 -26956.241565
     190000 -26959.585772
     191000 -26956.433517
     192000 -26955.535670
     193000 -26959.320962
     194000 -26955.558824
     195000 -26957.430272
     196000 -26955.563619
     197000 -26955.735274
     198000 -26956.322701
     199000 -26959.463940
     200000 -26956.166548
     201000 -26955.525506
     202000 -26956.494070
     203000 -26959.364962
     204000 -26956.916399
     205000 -26955.620571
     206000 -26955.552783
     207000 -26955.735797
     208000 -26956.044485
     209000 -26956.296038
     210000 -26955.833471
     211000 -26957.369931
     212000 -26959.376999
     213000 -26958.009553
     214000 -26959.565038
     215000 -26955.563911
     216000 -26956.258618
     217000 -26955.744937
     218000 -26955.922356
     219000 -26955.867261
     220000 -26955.576221
     221000 -26955.682172
     222000 -26955.964968
     223000 -26957.078513
     224000 -26955.782500
     225000 -26956.016730
     226000 -26956.966609
     227000 -26955.595412
     228000 -26955.594970
     229000 -26955.605400
     230000 -26955.557742
     231000 -26955.842543
     232000 -26961.370028
     233000 -26955.871236
     234000 -26959.309206
     235000 -26955.576340
     236000 -26966.193520
     237000 -26955.551638
     238000 -26955.916470
     239000 -26955.947696
     240000 -26955.730590
     241000 -26956.491498
     242000 -26955.571506
     243000 -26955.583968
     244000 -26955.959186
     245000 -26955.530580
     246000 -26956.064083
     247000 -26955.718786
     248000 -26955.537354
     249000 -26955.566603
     250000 -26956.091199
     251000 -26955.774770
     252000 -26956.194283
     253000 -26955.538011
     254000 -26955.593366
     255000 -26960.072202
     256000 -26955.860848
     257000 -26959.297780
     258000 -26956.566176
     259000 -26955.718611
     260000 -26955.568247
     261000 -26955.776900
     262000 -26956.186750
     263000 -26956.084641
     264000 -26955.544114
     265000 -26955.622480
     266000 -26955.646452
     267000 -26955.898300
     268000 -26956.012497
     269000 -26959.499735
     270000 -26956.936569
     271000 -26955.571956
     272000 -26959.544557
     273000 -26955.791257
     274000 -26955.663155
     275000 -26955.526389
     276000 -26955.565632
     277000 -26955.599639
     278000 -26955.722540
     279000 -26960.408630
     280000 -26955.653688
     281000 -26955.740452
     282000 -26956.159957
     283000 -26955.556322
     284000 -26955.666590
     285000 -26956.082710
     286000 -26955.737174
     287000 -26955.594945
     288000 -26956.480080
     289000 -26955.827044
     290000 -26955.598903
     291000 -26956.378931
     292000 -26957.152996
     293000 -26959.910617
     294000 -26955.778565
     295000 -26956.374142
     296000 -26955.541595
     297000 -26955.526757
     298000 -26955.668967
     299000 -26955.525527
     300000 -26955.553547
     301000 -26955.711805
     302000 -26955.727545
     303000 -26961.630973
     304000 -26955.669028
     305000 -26956.010335
     306000 -26955.543800
     307000 -26955.549526
     308000 -26958.298513
     309000 -26955.527393
     310000 -26956.569723
     311000 -26955.578192
     312000 -26955.530267
     313000 -26955.739141
     314000 -26957.902948
     315000 -26956.272617
     316000 -26961.152312
     317000 -26956.431885
     318000 -26956.644129
     319000 -26955.526779
     320000 -26956.686997
     321000 -26956.367872
     322000 -26955.715814
     323000 -26956.634984
     324000 -26955.570548
     325000 -26955.540707
     326000 -26956.130079
     327000 -26955.528620
     328000 -26955.832257
     329000 -26955.800235
     330000 -26955.845997
     331000 -26955.878415
     332000 -26955.590537
     333000 -26955.904774
     334000 -26955.741243
     335000 -26959.954491
     336000 -26955.527536
     337000 -26955.530842
     338000 -26955.615000
     339000 -26956.587323
     340000 -26957.286699
     341000 -26955.859682
     342000 -26955.635210
     343000 -26955.541679
     344000 -26955.586183
     345000 -26956.288106
     346000 -26955.580339
     347000 -26955.550434
     348000 -26955.549564
     349000 -26956.745176
     350000 -26959.546361
     351000 -26955.962117
     352000 -26955.600852
     353000 -26955.635138
     354000 -26956.736029
     355000 -26955.599859
     356000 -26955.527008
     357000 -26955.526244
     358000 -26955.549792
     359000 -26955.525629
     360000 -26956.833107
     361000 -26956.868591
     362000 -26956.026612
     363000 -26955.546502
     364000 -26956.438802
     365000 -26960.096970
     366000 -26956.611248
     367000 -26956.076622
     368000 -26955.702420
     369000 -26959.184045
     370000 -26955.526246
     371000 -26956.084258
     372000 -26957.075592
     373000 -26960.466229
     374000 -26955.532728
     375000 -26959.912645
     376000 -26957.398531
     377000 -26956.246979
     378000 -26956.521793
     379000 -26956.792562
     380000 -26956.171976
     381000 -26955.616990
     382000 -26955.838501
     383000 -26955.829512
     384000 -26955.917517
     385000 -26955.581772
     386000 -26955.531153
     387000 -26955.526070
     388000 -26955.538456
     389000 -26955.560614
     390000 -26956.765802
     391000 -26956.849479
     392000 -26955.554390
     393000 -26956.151881
     394000 -26955.609672
     395000 -26960.357654
     396000 -26955.860482
     397000 -26955.541736
     398000 -26956.005959
     399000 -26955.624435
     400000 -26956.052939
     401000 -26956.051126
     402000 -26955.824217
     403000 -26955.593888
     404000 -26958.616116
     405000 -26958.526532
     406000 -26956.931502
     407000 -26955.593278
     408000 -26956.014350
     409000 -26960.918670
     410000 -26956.499047
     411000 -26957.101309
     412000 -26955.643439
     413000 -26955.791297
     414000 -26955.581248
     415000 -26955.531466
     416000 -26963.864166
     417000 -26955.659914
     418000 -26956.036149
     419000 -26955.696984
     420000 -26955.591119
     421000 -26955.569634
     422000 -26955.572634
     423000 -26956.428562
     424000 -26959.346140
     425000 -26956.298078
     426000 -26956.070127
     427000 -26956.053286
     428000 -26955.576387
     429000 -26955.737893
     430000 -26955.551726
     431000 -26955.836064
     432000 -26955.902326
     433000 -26955.598165
     434000 -26955.724209
     435000 -26955.688976
     436000 -26955.537297
     437000 -26961.679343
     438000 -26955.537515
     439000 -26959.606823
     440000 -26960.443065
     441000 -26960.169698
     442000 -26955.795817
     443000 -26956.958936
     444000 -26955.546985
     445000 -26956.034880
     446000 -26956.387570
     447000 -26955.666032
     448000 -26956.306204
     449000 -26955.578444
     450000 -26955.601230
     451000 -26955.538053
     452000 -26955.556867
     453000 -26959.912358
     454000 -26955.531209
     455000 -26955.526181
     456000 -26956.649731
     457000 -26955.929521
     458000 -26955.672153
     459000 -26955.823037
     460000 -26955.591123
     461000 -26955.526298
     462000 -26955.534000
     463000 -26955.773347
     464000 -26955.987184
     465000 -26955.533356
     466000 -26955.983879
     467000 -26956.818911
     468000 -26959.919633
     469000 -26956.364832
     470000 -26955.790474
     471000 -26956.520811
     472000 -26959.365990
     473000 -26956.513761
     474000 -26955.573227
     475000 -26955.550191
     476000 -26956.955097
     477000 -26956.269310
     478000 -26956.523531
     479000 -26955.551399
     480000 -26956.020655
     481000 -26956.641591
     482000 -26955.778562
     483000 -26955.533933
     484000 -26956.518921
     485000 -26956.144804
     486000 -26957.050011
     487000 -26955.711732
     488000 -26959.387940
     489000 -26956.122153
     490000 -26956.164814
     491000 -26955.664416
     492000 -26956.455019
     493000 -26956.384853
     494000 -26955.820116
     495000 -26955.530610
     496000 -26955.619269
     497000 -26955.766466
     498000 -26959.683378
     499000 -26956.097386
     500000 -26955.525621
     501000 -26955.644985
     502000 -26956.185547
     503000 -26955.592363
     504000 -26955.528496
     505000 -26955.757966
     506000 -26956.057548
     507000 -26957.256391
     508000 -26955.556414
     509000 -26955.631743
     510000 -26955.539913
     511000 -26955.570373
     512000 -26956.403781
     513000 -26955.545090
     514000 -26955.687099
     515000 -26959.312094
     516000 -26955.528690
     517000 -26955.646250
     518000 -26955.661190
     519000 -26959.311044
     520000 -26955.659086
     521000 -26955.532688
     522000 -26956.474987
     523000 -26955.556089
     524000 -26955.792410
     525000 -26957.978400
     526000 -26959.477836
     527000 -26956.445597
     528000 -26955.527068
     529000 -26957.990707
     530000 -26956.900852
     531000 -26955.696443
     532000 -26955.960636
     533000 -26955.618009
     534000 -26955.582092
     535000 -26956.138242
     536000 -26955.959123
     537000 -26955.534053
     538000 -26955.648033
     539000 -26958.403888
     540000 -26956.101603
     541000 -26955.535168
     542000 -26955.909928
     543000 -26955.526168
     544000 -26960.145096
     545000 -26955.587328
     546000 -26955.532385
     547000 -26955.612500
     548000 -26956.013912
     549000 -26955.528089
     550000 -26955.572682
     551000 -26956.295125
     552000 -26956.900672
     553000 -26955.540997
     554000 -26960.564409
     555000 -26955.558687
     556000 -26956.473407
     557000 -26956.149278
     558000 -26959.299797
     559000 -26961.138772
     560000 -26963.334900
     561000 -26962.518133
     562000 -26956.589142
     563000 -26955.663172
     564000 -26956.015450
     565000 -26955.761200
     566000 -26955.526023
     567000 -26955.730465
     568000 -26955.664436
     569000 -26955.549681
     570000 -26955.655405
     571000 -26956.978174
     572000 -26956.641328
     573000 -26956.602078
     574000 -26955.559143
     575000 -26955.809140
     576000 -26955.750435
     577000 -26955.778340
     578000 -26955.574715
     579000 -26955.551133
     580000 -26960.089253
     581000 -26955.822380
     582000 -26955.552683
     583000 -26955.828043
     584000 -26955.636876
     585000 -26955.549719
     586000 -26956.317734
     587000 -26958.554556
     588000 -26956.234704
     589000 -26955.602450
     590000 -26957.184161
     591000 -26955.533603
     592000 -26955.631766
     593000 -26955.742260
     594000 -26955.648752
     595000 -26955.551685
     596000 -26959.495998
     597000 -26955.997429
     598000 -26955.898405
     599000 -26956.272427
     600000 -26959.316858
     601000 -26961.263805
     602000 -26960.902678
     603000 -26955.560420
     604000 -26955.565663
     605000 -26959.305711
     606000 -26955.956354
     607000 -26955.861937
     608000 -26955.563619
     609000 -26957.439053
     610000 -26960.911807
     611000 -26955.618610
     612000 -26957.378509
     613000 -26955.689618
     614000 -26955.585526
     615000 -26955.665599
     616000 -26958.609828
     617000 -26956.283579
     618000 -26955.601845
     619000 -26955.535093
     620000 -26956.282648
     621000 -26956.021012
     622000 -26956.280944
     623000 -26955.550085
     624000 -26959.914146
     625000 -26960.108133
     626000 -26955.533937
     627000 -26955.674435
     628000 -26955.783453
     629000 -26959.976390
     630000 -26955.625083
     631000 -26955.732846
     632000 -26957.666835
     633000 -26955.974269
     634000 -26956.635713
     635000 -26955.860633
     636000 -26956.964237
     637000 -26955.924263
     638000 -26955.696497
     639000 -26956.187508
     640000 -26955.567806
     641000 -26955.600144
     642000 -26955.711471
     643000 -26955.599361
     644000 -26956.056588
     645000 -26959.389569
     646000 -26955.910645
     647000 -26955.619098
     648000 -26955.558150
     649000 -26955.529231
     650000 -26955.761616
     651000 -26963.040431
     652000 -26960.459064
     653000 -26955.849928
     654000 -26955.907684
     655000 -26955.649872
     656000 -26956.008097
     657000 -26955.684372
     658000 -26955.594419
     659000 -26955.907097
     660000 -26961.279495
     661000 -26957.170063
     662000 -26956.178434
     663000 -26956.474124
     664000 -26955.951574
     665000 -26961.030027
     666000 -26956.815454
     667000 -26955.624802
     668000 -26955.808515
     669000 -26955.686155
     670000 -26955.528711
     671000 -26959.306073
     672000 -26955.529297
     673000 -26959.971264
     674000 -26955.644037
     675000 -26957.268261
     676000 -26958.050212
     677000 -26955.526486
     678000 -26956.591522
     679000 -26960.080001
     680000 -26955.638571
     681000 -26955.585900
     682000 -26955.967824
     683000 -26957.033898
     684000 -26957.727390
     685000 -26955.532317
     686000 -26955.900168
     687000 -26955.873959
     688000 -26955.746034
     689000 -26956.716880
     690000 -26955.629499
     691000 -26955.525573
     692000 -26956.508639
     693000 -26956.051871
     694000 -26957.534462
     695000 -26955.841259
     696000 -26956.160463
     697000 -26955.538723
     698000 -26956.185032
     699000 -26955.745001
     700000 -26955.528276
     701000 -26957.287511
     702000 -26956.802998
     703000 -26955.535200
     704000 -26955.546813
     705000 -26955.766076
     706000 -26955.596538
     707000 -26956.425455
     708000 -26955.681626
     709000 -26960.578605
     710000 -26960.338941
     711000 -26959.730858
     712000 -26956.048923
     713000 -26955.569924
     714000 -26955.566724
     715000 -26955.620919
     716000 -26955.567348
     717000 -26956.297541
     718000 -26955.813695
     719000 -26955.804386
     720000 -26958.758497
     721000 -26955.533763
     722000 -26955.601536
     723000 -26955.620852
     724000 -26959.958280
     725000 -26955.561510
     726000 -26955.532531
     727000 -26955.786656
     728000 -26955.761350
     729000 -26955.648354
     730000 -26955.646893
     731000 -26959.328612
     732000 -26959.338480
     733000 -26955.534225
     734000 -26955.557713
     735000 -26959.397153
     736000 -26955.526521
     737000 -26955.526568
     738000 -26956.218781
     739000 -26956.832293
     740000 -26956.234337
     741000 -26955.628959
     742000 -26958.322182
     743000 -26956.241465
     744000 -26956.219010
     745000 -26960.923673
     746000 -26956.610041
     747000 -26955.574018
     748000 -26956.326124
     749000 -26956.642225
     750000 -26955.581442
     751000 -26955.640102
     752000 -26959.397411
     753000 -26955.559003
     754000 -26955.526071
     755000 -26956.479185
     756000 -26957.576584
     757000 -26955.554618
     758000 -26955.906618
     759000 -26955.647889
     760000 -26959.913383
     761000 -26955.541642
     762000 -26955.652444
     763000 -26956.860748
     764000 -26964.518056
     765000 -26955.860350
     766000 -26955.790558
     767000 -26956.785109
     768000 -26955.573509
     769000 -26955.543353
     770000 -26955.542648
     771000 -26960.102076
     772000 -26955.681620
     773000 -26960.016453
     774000 -26955.583820
     775000 -26955.533743
     776000 -26955.544480
     777000 -26956.762638
     778000 -26955.525603
     779000 -26960.235992
     780000 -26955.928722
     781000 -26956.628714
     782000 -26956.689222
     783000 -26955.605465
     784000 -26955.772938
     785000 -26956.544165
     786000 -26956.175777
     787000 -26955.526349
     788000 -26957.012210
     789000 -26955.825766
     790000 -26958.011422
     791000 -26956.067378
     792000 -26955.683447
     793000 -26955.818075
     794000 -26955.874239
     795000 -26957.468891
     796000 -26955.687675
     797000 -26955.830758
     798000 -26955.572024
     799000 -26955.592778
     800000 -26955.771338
     801000 -26955.924856
     802000 -26956.286895
     803000 -26955.708581
     804000 -26955.697535
     805000 -26956.280221
     806000 -26955.527214
     807000 -26956.315000
     808000 -26955.533441
     809000 -26955.548129
     810000 -26956.113529
     811000 -26955.546965
     812000 -26955.540290
     813000 -26955.905955
     814000 -26957.375912
     815000 -26955.882085
     816000 -26955.575960
     817000 -26955.531030
     818000 -26958.320395
     819000 -26955.703491
     820000 -26955.525561
     821000 -26960.029252
     822000 -26955.602876
     823000 -26956.080368
     824000 -26955.705134
     825000 -26955.921848
     826000 -26955.693448
     827000 -26956.012131
     828000 -26957.046817
     829000 -26955.821160
     830000 -26955.703945
     831000 -26955.533159
     832000 -26955.526170
     833000 -26959.349406
     834000 -26956.015362
     835000 -26955.727983
     836000 -26956.591638
     837000 -26956.830429
     838000 -26955.784277
     839000 -26955.543998
     840000 -26955.536304
     841000 -26955.688917
     842000 -26956.025354
     843000 -26955.935092
     844000 -26956.211042
     845000 -26960.541360
     846000 -26960.023066
     847000 -26956.310856
     848000 -26957.060476
     849000 -26957.416837
     850000 -26955.542562
     851000 -26955.737405
     852000 -26959.304375
     853000 -26955.525758
     854000 -26955.863472
     855000 -26955.950207
     856000 -26955.961309
     857000 -26955.526742
     858000 -26955.985818
     859000 -26955.950164
     860000 -26956.000522
     861000 -26956.151681
     862000 -26955.649368
     863000 -26955.981058
     864000 -26956.074037
     865000 -26955.866508
     866000 -26960.877103
     867000 -26955.645149
     868000 -26955.634740
     869000 -26960.765501
     870000 -26955.614200
     871000 -26955.773800
     872000 -26955.596832
     873000 -26955.663906
     874000 -26955.546473
     875000 -26955.537080
     876000 -26955.606214
     877000 -26956.177000
     878000 -26957.137977
     879000 -26956.093033
     880000 -26956.619301
     881000 -26955.525507
     882000 -26959.344766
     883000 -26955.529688
     884000 -26955.665671
     885000 -26956.043151
     886000 -26955.688726
     887000 -26955.937804
     888000 -26960.635110
     889000 -26956.178839
     890000 -26956.169183
     891000 -26955.688775
     892000 -26955.539209
     893000 -26955.707548
     894000 -26955.607968
     895000 -26955.681796
     896000 -26955.560847
     897000 -26955.837463
     898000 -26956.031112
     899000 -26955.843138
     900000 -26955.532107
     901000 -26956.998408
     902000 -26959.477564
     903000 -26955.643138
     904000 -26959.460387
     905000 -26955.639791
     906000 -26955.721844
     907000 -26955.709602
     908000 -26956.466110
     909000 -26955.798124
     910000 -26955.556737
     911000 -26955.681845
     912000 -26957.261205
     913000 -26955.545508
     914000 -26955.580987
     915000 -26955.817276
     916000 -26956.204769
     917000 -26955.564969
     918000 -26959.380007
     919000 -26955.546770
     920000 -26956.400288
     921000 -26955.663220
     922000 -26960.157048
     923000 -26956.684557
     924000 -26955.529254
     925000 -26957.095866
     926000 -26956.180596
     927000 -26955.527121
     928000 -26957.416056
     929000 -26956.879613
     930000 -26959.550197
     931000 -26955.634058
     932000 -26955.918971
     933000 -26955.528849
     934000 -26955.641706
     935000 -26955.556154
     936000 -26958.168577
     937000 -26955.607199
     938000 -26955.662084
     939000 -26955.809878
     940000 -26955.533874
     941000 -26956.539219
     942000 -26956.401452
     943000 -26955.666944
     944000 -26955.867319
     945000 -26955.829055
     946000 -26955.991812
     947000 -26955.578427
     948000 -26955.527250
     949000 -26955.556370
     950000 -26956.929248
     951000 -26955.525726
     952000 -26955.782573
     953000 -26955.611838
     954000 -26955.622436
     955000 -26959.801176
     956000 -26956.141967
     957000 -26956.054278
     958000 -26955.589754
     959000 -26955.549116
     960000 -26960.211678
     961000 -26959.918388
     962000 -26956.212973
     963000 -26955.854348
     964000 -26955.528525
     965000 -26955.713662
     966000 -26959.297873
     967000 -26956.158837
     968000 -26959.928784
     969000 -26955.525598
     970000 -26956.381837
     971000 -26955.536143
     972000 -26955.620549
     973000 -26957.613559
     974000 -26955.829491
     975000 -26955.532822
     976000 -26955.556106
     977000 -26956.287131
     978000 -26955.527080
     979000 -26955.831177
     980000 -26955.650856
     981000 -26955.616065
     982000 -26955.527007
     983000 -26955.527889
     984000 -26955.528330
     985000 -26955.862198
     986000 -26955.876685
     987000 -26955.925016
     988000 -26955.866217
     989000 -26955.668181
     990000 -26955.650691
     991000 -26956.701366
     992000 -26955.531285
     993000 -26955.545852
     994000 -26955.771494
     995000 -26956.181027
     996000 -26955.744383
     997000 -26957.057376
     998000 -26955.578753
     999000 -26955.734929
    1000000 -26955.672060
