       1000 -850.453888
       2000 -852.621081
       3000 -849.143687
       4000 -856.137887
       5000 -858.396082
       6000 -849.501428
       7000 -856.957709
       8000 -851.771999
       9000 -849.645666
      10000 -851.004480
      11000 -854.598536
      12000 -849.126490
      13000 -856.750769
      14000 -852.749711
      15000 -850.455688
      16000 -851.630055
      17000 -849.662102
      18000 -853.424701
      19000 -870.855961
      20000 -851.583287
      21000 -850.931033
      22000 -850.438885
      23000 -854.388370
      24000 -854.417762
      25000 -849.363113
      26000 -853.341341
      27000 -857.868917
      28000 -856.565044
      29000 -857.383060
      30000 -856.211455
      31000 -855.938288
      32000 -851.665767
      33000 -851.594069
      34000 -854.840436
      35000 -856.126063
      36000 -849.402497
      37000 -849.695347
      38000 -849.134834
      39000 -850.720920
      40000 -850.397443
      41000 -850.299526
      42000 -850.281673
      43000 -855.223871
      44000 -853.901306
      45000 -856.642092
      46000 -849.125697
      47000 -856.096427
      48000 -855.094451
      49000 -852.275823
      50000 -850.755209
      51000 -849.631258
      52000 -854.447300
      53000 -860.229283
      54000 -849.124864
      55000 -859.396094
      56000 -849.328697
      57000 -850.211555
      58000 -850.283624
      59000 -849.518848
      60000 -850.690392
      61000 -854.912795
      62000 -855.106920
      63000 -849.442763
      64000 -850.181922
      65000 -849.429711
      66000 -854.574102
      67000 -853.692015
      68000 -861.814639
      69000 -849.315907
      70000 -852.325963
      71000 -854.843955
      72000 -857.540166
      73000 -853.057282
      74000 -849.271980
      75000 -849.122561
      76000 -857.073044
      77000 -854.331412
      78000 -855.565624
      79000 -853.308227
      80000 -849.369958
      81000 -850.485438
      82000 -859.073471
      83000 -857.179341
      84000 -852.207530
      85000 -857.159105
      86000 -868.708757
      87000 -855.810931
      88000 -849.277227
      89000 -852.173597
      90000 -849.164524
      91000 -850.917167
      92000 -849.698193
      93000 -867.141944
      94000 -856.255457
      95000 -855.773570
      96000 -854.591742
      97000 -851.476873
      98000 -856.034688
      99000 -851.061214
     100000 -849.652819
     101000 -850.728823
     102000 -853.806680
     103000 -849.659778
     104000 -856.268477
     105000 -857.427890
     106000 -849.223251
     107000 -850.642084
     108000 -852.778121
     109000 -855.378079
     110000 -851.482820
     111000 -851.997098
     112000 -854.441972
     113000 -850.432744
     114000 -856.263947
     115000 -855.259337
     116000 -852.903510
     117000 -851.776591
     118000 -849.122843
     119000 -849.840029
     120000 -853.938127
     121000 -849.125955
     122000 -855.808074
     123000 -858.027800
     124000 -853.308522
     125000 -852.899855
     126000 -855.288661
     127000 -849.186736
     128000 -856.967033
     129000 -849.444432
     130000 -858.005662
     131000 -854.990486
     132000 -849.137293
     133000 -852.468572
     134000 -849.122329
     135000 -849.502876
     136000 -860.293359
     137000 -852.374802
     138000 -849.285905
     139000 -849.529600
     140000 -852.449387
     141000 -850.370063
     142000 -849.467190
     143000 -860.427889
     144000 -851.397999
     145000 -849.194811
     146000 -855.883645
     147000 -854.405038
     148000 -854.334929
     149000 -852.271686
     150000 -856.501935
     151000 -853.467429
     152000 -850.408500
     153000 -849.144527
     154000 -855.048216
     155000 -858.812161
     156000 -849.134924
     157000 -856.596783
     158000 -851.110734
     159000 -854.500908
     160000 -855.523931
     161000 -850.388630
     162000 -849.200403
     163000 -855.119981
     164000 -851.334022
     165000 -850.997194
     166000 -850.407691
     167000 -855.148848
     168000 -853.969239
     169000 -852.242573
     170000 -850.576733
     171000 -854.156547
     172000 -854.459567
     173000 -854.246513
     174000 -853.362364
     175000 -851.950492
     176000 -858.503423
     177000 -862.455574
     178000 -849.769310
     179000 -862.207444
     180000 -849.178980
     181000 -855.210920
     182000 -850.344987
     183000 -849.152480
     184000 -864.847962
     185000 -854.297250
     186000 -855.923530
     187000 -857.891125
     188000 -853.156199
     189000 -850.284498
     190000 -849.966817
     191000 -856.660189
     192000 -854.085616
     193000 -855.466575
     194000 -851.101164
     195000 -853.165651
     196000 -853.882068
     197000 -854.086415
     198000 -849.139613
     199000 -851.460254
     200000 -849.242952
     201000 -849.258400
     202000 -862.013337
     203000 -858.302291
     204000 -850.329397
     205000 -849.555026
     206000 -851.916607
     207000 -853.589183
     208000 -854.896381
     209000 -862.682266
     210000 -854.738561
     211000 -852.512679
     212000 -849.309667
     213000 -858.506814
     214000 -857.556376
     215000 -850.281399
     216000 -849.903016
     217000 -849.510626
     218000 -854.277724
     219000 -849.124448
     220000 -851.359643
     221000 -853.185675
     222000 -856.225135
     223000 -854.619697
     224000 -856.933809
     225000 -853.150780
     226000 -857.313455
     227000 -849.619490
     228000 -855.363515
     229000 -855.576187
     230000 -854.460972
     231000 -849.407771
     232000 -859.164731
     233000 -849.131444
     234000 -859.601821
     235000 -849.941529
     236000 -853.961073
     237000 -849.397840
     238000 -855.195868
     239000 -850.286192
     240000 -857.353884
     241000 -849.164412
     242000 -850.082917
     243000 -849.338693
     244000 -850.958875
     245000 -853.545050
     246000 -852.223070
     247000 -849.513589
     248000 -854.440857
     249000 -851.009954
     250000 -850.916136
     251000 -850.361949
     252000 -849.766904
     253000 -850.177173
     254000 -851.143640
     255000 -850.288677
     256000 -851.560452
     257000 -849.356987
     258000 -855.271381
     259000 -854.464936
     260000 -849.595829
     261000 -855.503541
     262000 -851.023076
     263000 -851.915767
     264000 -849.124675
     265000 -855.875300
     266000 -855.313883
     267000 -850.519774
     268000 -857.398107
     269000 -849.963017
     270000 -849.227664
     271000 -850.331027
     272000 -854.991972
     273000 -857.482001
     274000 -849.183729
     275000 -850.298510
     276000 -852.613312
     277000 -854.280533
     278000 -856.014183
     279000 -856.933297
     280000 -852.837224
     281000 -851.971546
     282000 -854.587378
     283000 -855.137560
     284000 -853.311993
     285000 -854.077498
     286000 -854.324759
     287000 -853.782973
     288000 -849.122401
     289000 -856.723996
     290000 -853.956442
     291000 -852.451906
     292000 -850.311140
     293000 -856.393059
     294000 -851.683566
     295000 -849.174832
     296000 -850.929874
     297000 -855.000386
     298000 -852.306638
     299000 -849.126826
     300000 -853.265829
     301000 -851.959387
     302000 -851.801950
     303000 -853.567895
     304000 -854.794059
     305000 -856.295804
     306000 -856.227682
     307000 -850.420018
     308000 -851.936404
     309000 -849.460639
     310000 -851.811244
     311000 -851.360793
     312000 -855.429897
     313000 -849.677740
     314000 -854.376579
     315000 -849.803085
     316000 -850.288465
     317000 -852.007248
     318000 -862.139600
     319000 -855.371493
     320000 -854.988063
     321000 -865.327553
     322000 -858.184505
     323000 -857.799221
     324000 -860.480877
     325000 -851.999391
     326000 -849.748122
     327000 -851.359583
     328000 -854.515576
     329000 -856.650983
     330000 -857.551721
     331000 -855.637955
     332000 -855.749695
     333000 -849.123779
     334000 -857.265755
     335000 -854.793824
     336000 -849.217450
     337000 -852.049566
     338000 -853.409797
     339000 -851.958783
     340000 -853.787338
     341000 -849.138691
     342000 -859.750109
     343000 -855.569594
     344000 -861.293688
     345000 -849.167693
     346000 -850.317930
     347000 -853.942425
     348000 -849.721253
     349000 -850.317110
     350000 -854.895235
     351000 -850.281363
     352000 -859.602560
     353000 -853.843175
     354000 -858.621023
     355000 -852.005715
     356000 -856.708846
     357000 -854.271288
     358000 -849.205936
     359000 -852.113491
     360000 -849.122326
     361000 -856.426700
     362000 -851.916471
     363000 -851.584387
     364000 -853.630092
     365000 -849.372259
     366000 -850.288347
     367000 -853.202766
     368000 -852.484540
     369000 -855.017142
     370000 -851.220131
     371000 -858.384896
     372000 -857.301763
     373000 -851.375676
     374000 -849.449016
     375000 -851.361407
     376000 -855.481320
     377000 -851.863701
     378000 -854.271540
     379000 -856.184019
     380000 -856.639659
     381000 -856.764153
     382000 -856.190000
     383000 -850.298612
     384000 -856.052364
     385000 -858.239640
     386000 -849.720639
     387000 -849.749097
     388000 -856.062433
     389000 -854.802652
     390000 -858.992145
     391000 -850.690134
     392000 -855.127208
     393000 -856.125952
     394000 -854.020813
     395000 -849.155691
     396000 -854.924917
     397000 -856.321508
     398000 -855.245435
     399000 -851.966847
     400000 -850.021836
     401000 -858.415692
     402000 -852.711180
     403000 -850.616128
     404000 -849.392389
     405000 -851.804307
     406000 -859.838057
     407000 -854.252395
     408000 -849.219052
     409000 -849.822730
     410000 -850.046973
     411000 -849.688446
     412000 -850.289746
     413000 -849.574310
     414000 -850.881952
     415000 -853.750514
     416000 -853.970379
     417000 -854.600946
     418000 -854.801254
     419000 -851.335062
     420000 -850.950308
     421000 -852.397876
     422000 -852.955487
     423000 -855.772655
     424000 -849.307975
     425000 -851.200801
     426000 -854.656216
     427000 -849.281183
     428000 -855.836246
     429000 -852.170347
     430000 -849.467651
     431000 -856.783174
     432000 -849.990997
     433000 -849.128998
     434000 -853.513959
     435000 -856.445493
     436000 -849.898184
     437000 -851.791041
     438000 -854.916037
     439000 -850.714210
     440000 -856.072375
     441000 -855.745718
     442000 -855.183574
     443000 -856.059095
     444000 -853.835445
     445000 -849.140488
     446000 -849.829798
     447000 -850.408930
     448000 -849.259033
     449000 -853.065832
     450000 -854.380031
     451000 -851.447926
     452000 -850.212484
     453000 -849.122676
     454000 -858.426469
     455000 -850.314756
     456000 -851.908276
     457000 -853.308155
     458000 -851.622758
     459000 -849.558024
     460000 -854.101219
     461000 -850.300896
     462000 -854.271184
     463000 -851.921414
     464000 -857.852326
     465000 -852.288397
     466000 -849.125734
     467000 -851.327338
     468000 -854.514159
     469000 -859.382963
     470000 -850.412293
     471000 -852.507727
     472000 -854.080651
     473000 -853.714137
     474000 -856.662121
     475000 -859.435402
     476000 -849.233815
     477000 -852.194169
     478000 -850.287861
     479000 -853.763053
     480000 -853.296868
     481000 -849.481777
     482000 -850.328031
     483000 -849.515936
     484000 -851.536513
     485000 -850.482098
     486000 -859.323894
     487000 -853.294135
     488000 -850.556707
     489000 -854.702056
     490000 -855.262896
     491000 -849.963417
     492000 -858.401980
     493000 -851.446466
     494000 -856.358257
     495000 -849.561526
     496000 -849.126830
     497000 -855.171059
     498000 -849.162899
     499000 -851.461073
     500000 -854.182271
     501000 -854.141016
     502000 -849.268259
     503000 -850.771732
     504000 -854.022465
     505000 -865.473513
     506000 -851.449406
     507000 -851.326950
     508000 -854.144065
     509000 -849.137403
     510000 -850.285883
     511000 -854.537830
     512000 -850.284539
     513000 -856.821978
     514000 -852.466311
     515000 -850.068078
     516000 -854.328881
     517000 -849.275776
     518000 -853.308091
     519000 -854.939527
     520000 -849.258857
     521000 -854.430173
     522000 -849.451454
     523000 -852.373059
     524000 -856.460715
     525000 -849.178901
     526000 -854.630570
     527000 -850.804942
     528000 -851.616369
     529000 -854.775770
     530000 -849.632161
     531000 -855.372690
     532000 -855.861666
     533000 -849.205510
     534000 -855.772630
     535000 -850.400890
     536000 -849.141548
     537000 -853.329787
     538000 -853.565016
     539000 -853.650771
     540000 -850.458282
     541000 -854.518813
     542000 -850.986249
     543000 -849.175926
     544000 -853.198915
     545000 -852.532502
     546000 -849.130178
     547000 -854.247519
     548000 -851.449230
     549000 -849.494891
     550000 -856.964443
     551000 -855.838686
     552000 -849.126873
     553000 -855.199164
     554000 -851.425813
     555000 -851.015506
     556000 -849.243850
     557000 -856.585342
     558000 -852.466062
     559000 -856.135223
     560000 -851.635454
     561000 -852.946424
     562000 -850.611306
     563000 -855.835319
     564000 -860.583499
     565000 -851.795738
     566000 -850.710996
     567000 -851.597831
     568000 -849.627842
     569000 -849.161248
     570000 -859.011722
     571000 -854.364894
     572000 -851.919175
     573000 -849.146215
     574000 -851.247500
     575000 -851.632468
     576000 -856.093918
     577000 -860.056844
     578000 -849.122478
     579000 -850.904320
     580000 -850.443986
     581000 -867.085975
     582000 -857.343882
     583000 -852.069666
     584000 -863.735933
     585000 -857.892960
     586000 -864.083074
     587000 -850.333142
     588000 -849.209337
     589000 -851.806037
     590000 -852.923971
     591000 -854.092581
     592000 -849.151972
     593000 -854.225130
     594000 -850.300220
     595000 -849.135126
     596000 -850.333991
     597000 -855.465727
     598000 -854.870136
     599000 -857.741632
     600000 -858.591157
     601000 -853.912902
     602000 -849.126670
     603000 -861.276014
     604000 -849.163519
     605000 -851.929186
     606000 -857.702571
     607000 -851.823453
     608000 -852.318518
     609000 -859.425637
     610000 -855.718888
     611000 -853.360678
     612000 -849.735008
     613000 -855.329496
     614000 -856.467890
     615000 -850.918003
     616000 -851.515780
     617000 -852.906256
     618000 -849.606703
     619000 -850.939171
     620000 -850.281611
     621000 -858.416479
     622000 -849.618584
     623000 -854.465689
     624000 -856.657379
     625000 -849.188142
     626000 -851.635949
     627000 -850.253189
     628000 -856.439114
     629000 -849.130129
     630000 -852.934293
     631000 -853.199324
     632000 -849.789067
     633000 -849.166320
     634000 -850.290036
     635000 -851.909917
     636000 -852.299932
     637000 -856.534374
     638000 -851.572662
     639000 -856.245160
     640000 -853.103644
     641000 -849.621151
     642000 -850.696603
     643000 -856.338189
     644000 -851.159297
     645000 -849.537008
     646000 -859.448734
     647000 -849.139855
     648000 -856.050671
     649000 -849.122982
     650000 -849.545976
     651000 -849.370625
     652000 -853.549206
     653000 -849.162929
     654000 -850.286752
     655000 -853.949494
     656000 -849.927916
     657000 -855.637088
     658000 -853.293166
     659000 -850.387116
     660000 -849.149439
     661000 -851.296385
     662000 -853.695328
     663000 -858.191028
     664000 -856.958927
     665000 -849.326182
     666000 -853.438360
     667000 -857.888802
     668000 -849.725167
     669000 -851.260194
     670000 -858.679736
     671000 -853.475416
     672000 -853.970763
     673000 -864.469184
     674000 -850.294642
     675000 -851.978416
     676000 -854.218593
     677000 -850.299356
     678000 -849.556738
     679000 -855.027268
     680000 -851.360942
     681000 -851.968335
     682000 -854.893121
     683000 -852.308722
     684000 -853.843665
     685000 -855.120018
     686000 -855.234765
     687000 -849.236414
     688000 -849.985602
     689000 -853.637734
     690000 -853.702622
     691000 -849.129157
     692000 -851.441449
     693000 -849.290123
     694000 -849.464245
     695000 -849.250447
     696000 -855.124185
     697000 -859.068667
     698000 -854.377153
     699000 -849.571592
     700000 -854.217471
     701000 -855.659885
     702000 -849.127087
     703000 -849.181766
     704000 -853.300708
     705000 -851.294405
     706000 -859.966136
     707000 -851.910829
     708000 -850.444923
     709000 -851.962714
     710000 -853.377656
     711000 -858.155810
     712000 -849.483150
     713000 -850.914964
     714000 -851.585258
     715000 -853.781304
     716000 -860.453329
     717000 -849.216200
     718000 -852.311665
     719000 -851.573542
     720000 -851.348893
     721000 -853.303576
     722000 -855.382014
     723000 -853.773773
     724000 -851.100894
     725000 -849.953845
     726000 -849.169996
     727000 -858.029478
     728000 -854.522815
     729000 -853.696037
     730000 -849.297207
     731000 -855.468637
     732000 -851.581065
     733000 -849.208796
     734000 -850.035578
     735000 -857.040752
     736000 -850.813617
     737000 -854.504838
     738000 -849.166508
     739000 -850.289983
     740000 -851.990313
     741000 -851.761515
     742000 -849.160945
     743000 -851.622437
     744000 -856.440797
     745000 -849.316544
     746000 -855.077818
     747000 -860.917187
     748000 -849.125388
     749000 -851.971585
     750000 -850.415437
     751000 -851.697876
     752000 -849.729863
     753000 -854.520708
     754000 -853.223761
     755000 -849.718004
     756000 -855.881637
     757000 -852.481710
     758000 -850.914815
     759000 -854.597896
     760000 -849.716037
     761000 -851.416374
     762000 -855.225137
     763000 -859.365357
     764000 -856.423066
     765000 -850.225720
     766000 -849.127203
     767000 -856.140016
     768000 -850.440316
     769000 -851.524391
     770000 -849.122326
     771000 -850.593859
     772000 -850.636653
     773000 -858.497077
     774000 -857.879289
     775000 -849.293163
     776000 -850.957857
     777000 -849.144697
     778000 -856.121201
     779000 -857.467071
     780000 -851.593641
     781000 -856.800814
     782000 -854.919950
     783000 -849.133599
     784000 -858.222018
     785000 -857.358342
     786000 -851.669641
     787000 -849.434463
     788000 -849.129593
     789000 -859.095549
     790000 -851.671345
     791000 -850.336218
     792000 -851.951243
     793000 -855.103537
     794000 -849.157671
     795000 -866.811973
     796000 -853.333198
     797000 -854.927849
     798000 -849.315000
     799000 -851.145214
     800000 -854.594515
     801000 -851.218261
     802000 -852.425430
     803000 -852.005489
     804000 -858.582258
     805000 -851.218892
     806000 -849.629783
     807000 -851.736817
     808000 -853.626673
     809000 -853.347493
     810000 -862.170857
     811000 -854.925905
     812000 -849.145303
     813000 -849.131004
     814000 -850.292273
     815000 -850.380916
     816000 -855.890284
     817000 -854.646521
     818000 -857.507555
     819000 -857.817541
     820000 -849.905179
     821000 -851.967449
     822000 -851.698144
     823000 -849.241697
     824000 -853.947717
     825000 -854.394135
     826000 -857.293250
     827000 -849.167702
     828000 -853.719243
     829000 -854.627528
     830000 -857.414752
     831000 -857.341181
     832000 -851.589958
     833000 -850.302732
     834000 -850.937140
     835000 -852.212066
     836000 -850.907102
     837000 -855.126441
     838000 -856.058456
     839000 -853.358928
     840000 -857.466037
     841000 -853.971508
     842000 -850.195259
     843000 -849.123454
     844000 -856.342648
     845000 -860.014476
     846000 -851.461027
     847000 -850.070716
     848000 -849.475896
     849000 -854.230683
     850000 -851.699886
     851000 -849.207417
     852000 -858.141696
     853000 -849.697248
     854000 -852.764984
     855000 -851.517770
     856000 -859.066612
     857000 -854.216278
     858000 -851.937260
     859000 -854.272241
     860000 -858.188239
     861000 -849.535319
     862000 -851.372440
     863000 -851.365253
     864000 -852.332721
     865000 -851.395116
     866000 -853.377493
     867000 -857.773160
     868000 -853.906343
     869000 -851.839142
     870000 -851.462915
     871000 -862.341879
     872000 -849.532483
     873000 -852.782692
     874000 -849.210040
     875000 -857.741217
     876000 -851.953728
     877000 -853.787505
     878000 -851.624895
     879000 -855.633129
     880000 -854.886660
     881000 -850.490118
     882000 -856.048216
     883000 -851.908234
     884000 -854.836422
     885000 -849.123458
     886000 -858.740473
     887000 -858.487522
     888000 -851.587655
     889000 -853.221924
     890000 -854.727561
     891000 -849.392525
     892000 -849.231805
     893000 -850.954477
     894000 -849.166216
     895000 -849.131035
     896000 -854.727229
     897000 -855.155948
     898000 -849.310518
     899000 -849.943120
     900000 -850.037303
     901000 -851.378071
     902000 -853.720261
     903000 -851.908416
     904000 -855.897486
     905000 -857.918499
     906000 -849.156262
     907000 -854.677018
     908000 -850.851866
     909000 -854.474919
     910000 -852.174768
     911000 -853.606724
     912000 -849.813417
     913000 -854.099634
     914000 -850.287264
     915000 -855.271654
     916000 -855.438126
     917000 -849.357072
     918000 -855.715839
     919000 -852.746028
     920000 -858.568804
     921000 -851.019037
     922000 -849.256167
     923000 -856.744795
     924000 -849.636761
     925000 -851.592886
     926000 -850.827935
     927000 -852.569570
     928000 -849.135619
     929000 -850.286031
     930000 -857.330518
     931000 -855.305111
     932000 -853.880622
     933000 -852.307130
     934000 -850.774748
     935000 -852.250855
     936000 -849.687338
     937000 -849.147511
     938000 -852.358051
     939000 -864.441190
     940000 -854.624338
     941000 -849.413766
     942000 -851.417796
     943000 -859.730186
     944000 -849.129380
     945000 -856.706652
     946000 -849.242929
     947000 -850.961390
     948000 -849.124419
     949000 -849.131360
     950000 -850.291575
     951000 -852.094868
     952000 -851.398330
     953000 -850.300424
     954000 -853.309683
     955000 -849.739825
     956000 -851.925298
     957000 -849.677682
     958000 -851.392574
     959000 -853.784842
     960000 -856.618739
     961000 -852.027713
     962000 -852.724761
     963000 -849.140707
     964000 -850.094001
     965000 -849.122325
     966000 -855.870175
     967000 -858.396444
     968000 -853.589608
     969000 -849.201901
     970000 -849.156926
     971000 -851.541490
     972000 -854.365983
     973000 -856.954272
     974000 -849.583403
     975000 -858.647536
     976000 -855.108563
     977000 -849.414615
     978000 -852.555097
     979000 -849.242922
     980000 -852.098377
     981000 -849.171654
     982000 -856.805754
     983000 -866.271230
     984000 -850.294937
     985000 -849.253623
     986000 -854.914024
     987000 -854.962822
     988000 -857.460228
     989000 -854.742906
     990000 -849.148996
     991000 -849.436118
     992000 -858.643620
     993000 -857.371282
     994000 -860.623483
     995000 -851.961366
     996000 -858.318036
     997000 -850.323843
     998000 -853.299367
     999000 -857.872124
    1000000 -850.296491
