       1000 -247.469978
       2000 -244.571240
       3000 -245.233544
       4000 -242.442080
       5000 -243.552826
       6000 -240.553251
       7000 -241.468320
       8000 -241.633259
       9000 -240.482359
      10000 -242.034797
      11000 -244.585131
      12000 -242.327420
      13000 -240.747729
      14000 -241.861262
      15000 -240.608316
      16000 -241.256052
      17000 -241.719989
      18000 -243.398938
      19000 -241.781008
      20000 -247.330737
      21000 -242.292345
      22000 -240.486097
      23000 -240.477909
      24000 -241.333094
      25000 -242.997496
      26000 -241.414537
      27000 -240.319116
      28000 -241.427240
      29000 -241.361369
      30000 -241.864013
      31000 -241.829753
      32000 -243.196676
      33000 -240.445444
      34000 -240.412723
      35000 -241.363365
      36000 -240.651814
      37000 -240.474196
      38000 -241.440375
      39000 -240.470369
      40000 -241.868265
      41000 -240.604735
      42000 -242.156226
      43000 -240.785437
      44000 -242.550018
      45000 -241.706254
      46000 -240.940862
      47000 -240.402349
      48000 -240.559930
      49000 -240.747074
      50000 -240.954098
      51000 -241.255888
      52000 -241.910002
      53000 -240.651468
      54000 -240.591258
      55000 -240.437995
      56000 -241.254504
      57000 -241.161906
      58000 -241.560689
      59000 -242.118472
      60000 -240.472376
      61000 -245.756992
      62000 -240.579140
      63000 -243.990352
      64000 -250.150423
      65000 -240.584474
      66000 -240.405471
      67000 -241.452005
      68000 -240.345900
      69000 -244.245540
      70000 -242.038726
      71000 -241.489043
      72000 -241.351255
      73000 -241.285937
      74000 -241.413291
      75000 -240.712607
      76000 -243.628910
      77000 -242.857749
      78000 -241.156429
      79000 -244.185029
      80000 -243.822620
      81000 -241.098437
      82000 -243.087852
      83000 -241.193777
      84000 -240.876922
      85000 -242.545256
      86000 -241.154744
      87000 -240.945354
      88000 -242.461346
      89000 -241.180025
      90000 -242.623629
      91000 -244.207807
      92000 -241.244158
      93000 -245.725662
      94000 -240.375028
      95000 -240.384194
      96000 -240.699141
      97000 -240.443595
      98000 -240.560044
      99000 -241.516694
     100000 -240.414156
     101000 -240.309500
     102000 -242.373657
     103000 -243.019541
     104000 -242.145258
     105000 -241.953864
     106000 -241.443031
     107000 -241.854738
     108000 -240.888093
     109000 -241.168578
     110000 -241.034558
     111000 -240.836751
     112000 -243.479909
     113000 -240.959682
     114000 -240.666673
     115000 -241.091978
     116000 -246.637761
     117000 -242.135313
     118000 -244.253104
     119000 -240.465272
     120000 -240.918763
     121000 -243.929225
     122000 -242.035385
     123000 -240.326018
     124000 -240.503167
     125000 -247.963427
     126000 -241.848343
     127000 -241.713338
     128000 -241.741128
     129000 -241.669324
     130000 -241.726110
     131000 -241.593124
     132000 -241.379468
     133000 -246.356489
     134000 -241.541876
     135000 -242.533402
     136000 -241.180681
     137000 -241.303554
     138000 -240.483596
     139000 -241.704117
     140000 -241.790584
     141000 -246.432783
     142000 -240.835808
     143000 -240.773816
     144000 -241.253320
     145000 -242.640859
     146000 -243.763196
     147000 -240.356960
     148000 -240.497024
     149000 -241.250071
     150000 -241.674208
     151000 -241.000463
     152000 -241.319730
     153000 -242.244119
     154000 -241.187936
     155000 -240.616403
     156000 -240.823975
     157000 -242.745250
     158000 -240.502188
     159000 -241.358160
     160000 -240.755604
     161000 -246.896589
     162000 -241.670239
     163000 -245.633465
     164000 -241.708758
     165000 -241.456450
     166000 -241.597169
     167000 -241.978675
     168000 -240.919123
     169000 -241.224710
     170000 -241.850096
     171000 -241.717845
     172000 -240.359687
     173000 -245.217482
     174000 -241.115690
     175000 -247.100229
     176000 -241.763870
     177000 -240.708061
     178000 -244.278345
     179000 -242.280396
     180000 -241.540084
     181000 -244.018457
     182000 -244.527757
     183000 -241.801618
     184000 -241.227088
     185000 -242.294491
     186000 -241.052060
     187000 -242.030883
     188000 -241.202841
     189000 -241.526822
     190000 -241.746803
     191000 -243.193712
     192000 -241.151576
     193000 -240.491327
     194000 -241.972081
     195000 -243.277196
     196000 -241.431579
     197000 -240.531190
     198000 -241.578818
     199000 -241.507272
     200000 -241.177921
     201000 -240.438765
     202000 -241.959037
     203000 -241.465660
     204000 -244.322634
     205000 -243.210296
     206000 -241.613449
     207000 -242.788358
     208000 -241.881478
     209000 -243.023567
     210000 -241.164225
     211000 -244.158057
     212000 -242.404838
     213000 -241.448756
     214000 -240.461059
     215000 -242.455326
     216000 -244.716201
     217000 -240.765514
     218000 -246.865512
     219000 -242.641966
     220000 -241.574269
     221000 -240.627420
     222000 -242.003532
     223000 -242.058381
     224000 -243.151459
     225000 -242.497685
     226000 -240.924678
     227000 -241.808369
     228000 -240.626290
     229000 -240.907929
     230000 -242.876710
     231000 -243.181922
     232000 -241.467308
     233000 -243.312015
     234000 -242.013758
     235000 -242.198944
     236000 -241.523333
     237000 -243.957179
     238000 -245.982788
     239000 -240.820947
     240000 -241.508808
     241000 -240.762259
     242000 -240.670600
     243000 -244.687619
     244000 -242.521135
     245000 -242.235053
     246000 -240.683900
     247000 -240.343793
     248000 -241.990789
     249000 -245.414728
     250000 -240.488237
     251000 -247.890765
     252000 -242.728454
     253000 -240.693516
     254000 -245.316927
     255000 -241.811641
     256000 -241.287554
     257000 -240.633218
     258000 -240.924757
     259000 -240.981715
     260000 -244.454414
     261000 -241.764497
     262000 -240.827002
     263000 -241.715083
     264000 -241.226347
     265000 -240.408475
     266000 -241.191469
     267000 -240.337692
     268000 -243.673422
     269000 -243.340606
     270000 -240.952358
     271000 -241.048219
     272000 -242.886816
     273000 -241.221198
     274000 -241.956104
     275000 -242.152850
     276000 -240.794705
     277000 -241.680704
     278000 -240.488359
     279000 -241.320660
     280000 -242.947092
     281000 -240.335150
     282000 -241.729307
     283000 -241.441126
     284000 -241.534972
     285000 -241.213430
     286000 -240.528330
     287000 -240.495624
     288000 -241.389828
     289000 -240.568518
     290000 -241.287664
     291000 -240.996780
     292000 -241.237858
     293000 -243.936969
     294000 -241.852685
     295000 -240.952315
     296000 -241.442509
     297000 -240.688639
     298000 -241.506686
     299000 -241.192643
     300000 -242.581668
     301000 -241.475995
     302000 -245.455747
     303000 -241.286350
     304000 -241.866272
     305000 -244.818816
     306000 -241.224400
     307000 -241.192726
     308000 -241.394721
     309000 -241.948792
     310000 -240.779282
     311000 -240.648584
     312000 -240.574613
     313000 -241.361875
     314000 -244.424838
     315000 -242.327056
     316000 -240.586279
     317000 -242.349352
     318000 -241.026975
     319000 -243.024941
     320000 -240.762920
     321000 -241.681903
     322000 -244.325930
     323000 -242.112440
     324000 -241.487837
     325000 -240.560658
     326000 -240.543345
     327000 -241.341799
     328000 -241.328515
     329000 -241.718238
     330000 -241.145302
     331000 -244.779843
     332000 -241.103214
     333000 -240.992438
     334000 -242.422816
     335000 -244.860150
     336000 -241.589813
     337000 -242.823039
     338000 -241.301316
     339000 -241.259254
     340000 -243.020679
     341000 -240.403908
     342000 -241.815013
     343000 -242.502941
     344000 -240.529435
     345000 -242.054618
     346000 -240.596506
     347000 -244.712719
     348000 -241.253980
     349000 -241.802347
     350000 -240.362667
     351000 -243.490839
     352000 -241.315957
     353000 -240.708966
     354000 -241.894141
     355000 -242.122686
     356000 -242.793760
     357000 -240.476091
     358000 -242.066023
     359000 -241.293804
     360000 -241.689571
     361000 -243.075560
     362000 -241.519128
     363000 -241.287496
     364000 -241.410477
     365000 -241.993990
     366000 -240.857898
     367000 -244.312368
     368000 -243.261714
     369000 -241.100635
     370000 -241.596656
     371000 -242.211628
     372000 -241.438670
     373000 -242.544101
     374000 -243.507540
     375000 -241.690540
     376000 -240.904803
     377000 -246.537957
     378000 -241.131316
     379000 -250.134169
     380000 -240.894065
     381000 -244.677830
     382000 -241.604321
     383000 -241.177943
     384000 -240.421830
     385000 -241.481177
     386000 -242.202084
     387000 -242.759970
     388000 -242.376464
     389000 -241.604086
     390000 -242.499932
     391000 -243.872973
     392000 -241.013234
     393000 -242.805005
     394000 -240.393728
     395000 -241.158444
     396000 -240.848762
     397000 -241.114493
     398000 -242.037941
     399000 -240.476139
     400000 -240.906298
     401000 -241.653606
     402000 -242.175393
     403000 -241.273390
     404000 -241.959345
     405000 -240.726853
     406000 -240.491301
     407000 -244.649741
     408000 -242.405564
     409000 -243.761025
     410000 -241.468432
     411000 -242.728019
     412000 -240.463789
     413000 -244.615351
     414000 -242.899900
     415000 -240.584000
     416000 -240.619734
     417000 -242.544162
     418000 -244.990705
     419000 -247.804856
     420000 -242.507355
     421000 -241.296237
     422000 -242.775717
     423000 -243.462349
     424000 -241.897068
     425000 -241.032461
     426000 -242.287871
     427000 -241.456799
     428000 -240.866089
     429000 -240.433217
     430000 -245.401122
     431000 -240.972596
     432000 -241.827872
     433000 -240.596396
     434000 -242.619114
     435000 -241.269108
     436000 -241.424537
     437000 -241.833524
     438000 -242.063426
     439000 -242.124038
     440000 -242.981400
     441000 -243.480312
     442000 -240.726959
     443000 -245.936671
     444000 -240.335855
     445000 -241.058935
     446000 -241.339165
     447000 -242.488896
     448000 -241.735230
     449000 -241.497462
     450000 -241.200185
     451000 -241.414070
     452000 -241.681986
     453000 -242.007058
     454000 -242.241162
     455000 -240.700070
     456000 -241.530063
     457000 -241.402890
     458000 -240.576174
     459000 -244.789617
     460000 -241.168299
     461000 -240.653869
     462000 -241.380665
     463000 -240.652278
     464000 -241.546152
     465000 -242.156255
     466000 -240.399090
     467000 -241.200631
     468000 -242.459064
     469000 -242.510862
     470000 -240.795010
     471000 -241.041847
     472000 -241.774567
     473000 -242.447240
     474000 -241.333317
     475000 -241.689238
     476000 -243.238772
     477000 -241.328416
     478000 -244.074560
     479000 -241.504651
     480000 -241.442447
     481000 -240.610093
     482000 -241.573735
     483000 -240.557111
     484000 -241.241948
     485000 -240.587587
     486000 -240.866649
     487000 -242.725518
     488000 -242.019849
     489000 -243.007047
     490000 -241.479496
     491000 -240.808226
     492000 -246.364148
     493000 -240.391267
     494000 -241.675381
     495000 -240.448250
     496000 -240.409804
     497000 -241.223046
     498000 -242.717769
     499000 -244.516436
     500000 -241.054935
     501000 -247.260473
     502000 -240.580508
     503000 -241.753077
     504000 -241.770238
     505000 -241.742580
     506000 -242.141403
     507000 -240.871252
     508000 -241.262395
     509000 -242.591215
     510000 -240.458752
     511000 -240.318357
     512000 -242.690511
     513000 -241.117060
     514000 -240.774463
     515000 -244.056598
     516000 -241.092566
     517000 -241.249207
     518000 -241.842916
     519000 -242.109045
     520000 -240.623866
     521000 -240.506582
     522000 -241.254873
     523000 -246.185439
     524000 -241.196452
     525000 -241.425461
     526000 -244.726872
     527000 -240.926454
     528000 -242.169056
     529000 -243.065934
     530000 -241.200455
     531000 -242.608615
     532000 -241.079920
     533000 -241.798097
     534000 -247.412660
     535000 -240.479062
     536000 -242.076208
     537000 -241.745199
     538000 -241.174825
     539000 -241.662372
     540000 -240.329648
     541000 -244.864153
     542000 -241.400741
     543000 -242.070072
     544000 -240.639767
     545000 -241.546654
     546000 -241.156829
     547000 -240.631802
     548000 -241.209167
     549000 -240.590299
     550000 -240.908429
     551000 -241.173151
     552000 -241.160630
     553000 -241.307869
     554000 -240.865343
     555000 -243.627421
     556000 -241.859541
     557000 -241.298067
     558000 -242.219567
     559000 -241.679975
     560000 -243.870884
     561000 -240.376305
     562000 -240.778841
     563000 -240.874519
     564000 -240.790039
     565000 -240.907712
     566000 -242.668160
     567000 -240.467718
     568000 -241.384889
     569000 -245.115126
     570000 -241.238137
     571000 -241.367837
     572000 -242.961890
     573000 -241.601648
     574000 -240.616162
     575000 -244.823601
     576000 -242.274352
     577000 -241.481499
     578000 -241.720842
     579000 -244.757683
     580000 -243.698365
     581000 -242.795760
     582000 -241.602147
     583000 -241.174933
     584000 -247.048102
     585000 -246.087242
     586000 -242.318094
     587000 -242.868162
     588000 -240.519218
     589000 -241.808339
     590000 -242.285577
     591000 -242.117277
     592000 -241.554686
     593000 -240.870486
     594000 -241.930265
     595000 -241.680225
     596000 -240.507944
     597000 -250.443054
     598000 -241.508340
     599000 -240.749777
     600000 -240.752484
     601000 -242.072267
     602000 -240.326046
     603000 -240.576506
     604000 -243.123634
     605000 -244.903492
     606000 -240.722545
     607000 -241.772211
     608000 -240.608514
     609000 -241.492750
     610000 -240.402868
     611000 -240.679000
     612000 -241.732087
     613000 -240.347821
     614000 -240.513514
     615000 -241.437123
     616000 -240.792786
     617000 -240.400655
     618000 -242.518535
     619000 -241.932297
     620000 -241.292873
     621000 -241.306263
     622000 -241.829405
     623000 -240.379980
     624000 -240.541599
     625000 -241.609617
     626000 -241.759131
     627000 -245.635265
     628000 -240.607462
     629000 -240.592266
     630000 -240.659006
     631000 -240.504848
     632000 -242.067463
     633000 -241.398936
     634000 -241.597691
     635000 -242.058449
     636000 -242.088693
     637000 -246.239384
     638000 -240.878303
     639000 -243.968024
     640000 -240.510126
     641000 -241.230210
     642000 -244.145358
     643000 -243.998967
     644000 -240.631932
     645000 -241.329067
     646000 -240.934741
     647000 -240.331549
     648000 -241.444035
     649000 -241.850270
     650000 -241.293313
     651000 -246.451371
     652000 -240.476605
     653000 -240.794928
     654000 -240.805328
     655000 -242.843880
     656000 -242.408198
     657000 -240.548621
     658000 -240.315062
     659000 -241.769670
     660000 -241.517745
     661000 -240.975983
     662000 -241.021997
     663000 -240.896449
     664000 -240.751465
     665000 -241.533975
     666000 -243.089327
     667000 -242.544095
     668000 -240.530594
     669000 -241.600201
     670000 -240.602857
     671000 -242.471549
     672000 -241.322459
     673000 -240.318860
     674000 -241.406426
     675000 -242.147825
     676000 -241.310421
     677000 -243.113833
     678000 -246.666580
     679000 -240.708145
     680000 -241.680791
     681000 -242.451656
     682000 -241.302674
     683000 -240.650553
     684000 -243.663684
     685000 -242.029175
     686000 -242.010265
     687000 -243.943614
     688000 -240.676756
     689000 -242.907548
     690000 -240.415401
     691000 -241.871120
     692000 -242.673086
     693000 -240.906366
     694000 -241.211077
     695000 -242.898676
     696000 -241.683349
     697000 -240.714714
     698000 -241.196290
     699000 -242.162212
     700000 -240.466478
     701000 -240.730193
     702000 -244.360948
     703000 -240.616670
     704000 -244.946989
     705000 -240.611002
     706000 -240.649414
     707000 -243.486057
     708000 -241.764881
     709000 -241.567323
     710000 -242.024813
     711000 -241.541767
     712000 -240.333685
     713000 -241.200449
     714000 -241.080245
     715000 -241.170801
     716000 -241.477904
     717000 -241.029206
     718000 -240.645554
     719000 -240.869980
     720000 -243.611134
     721000 -242.465888
     722000 -240.510573
     723000 -241.533307
     724000 -242.189242
     725000 -240.998008
     726000 -240.926944
     727000 -240.543735
     728000 -241.099758
     729000 -241.846441
     730000 -245.306062
     731000 -241.772515
     732000 -242.538547
     733000 -240.595703
     734000 -244.468901
     735000 -240.345180
     736000 -242.331413
     737000 -241.766256
     738000 -240.789548
     739000 -244.512095
     740000 -241.212395
     741000 -241.436158
     742000 -241.369369
     743000 -240.758049
     744000 -241.394796
     745000 -246.647685
     746000 -240.452626
     747000 -243.999091
     748000 -245.227357
     749000 -241.481311
     750000 -241.273039
     751000 -241.748457
     752000 -241.576472
     753000 -241.861855
     754000 -241.159933
     755000 -242.440075
     756000 -241.356385
     757000 -241.653772
     758000 -241.198440
     759000 -242.380941
     760000 -243.414387
     761000 -241.775803
     762000 -241.386905
     763000 -241.527288
     764000 -240.755547
     765000 -241.177785
     766000 -241.945558
     767000 -241.637233
     768000 -241.641290
     769000 -241.756719
     770000 -245.167766
     771000 -241.608720
     772000 -241.052269
     773000 -241.528457
     774000 -240.530249
     775000 -240.744186
     776000 -243.840305
     777000 -241.642799
     778000 -240.802602
     779000 -242.220681
     780000 -240.394337
     781000 -242.521068
     782000 -243.564001
     783000 -242.699384
     784000 -241.903363
     785000 -241.289026
     786000 -240.405761
     787000 -241.299016
     788000 -242.607060
     789000 -242.325059
     790000 -240.570168
     791000 -240.470600
     792000 -240.778905
     793000 -243.016601
     794000 -246.410747
     795000 -241.554321
     796000 -241.470708
     797000 -241.093692
     798000 -240.358839
     799000 -240.565072
     800000 -240.860524
     801000 -241.520987
     802000 -241.215866
     803000 -242.478725
     804000 -240.444987
     805000 -244.140112
     806000 -241.312305
     807000 -242.057713
     808000 -241.145465
     809000 -242.894137
     810000 -241.145982
     811000 -243.504255
     812000 -243.036142
     813000 -240.615779
     814000 -241.706839
     815000 -241.235834
     816000 -240.679522
     817000 -245.295499
     818000 -241.552450
     819000 -242.885646
     820000 -248.494027
     821000 -241.872628
     822000 -245.415526
     823000 -246.929869
     824000 -240.683977
     825000 -243.229268
     826000 -241.873789
     827000 -241.362782
     828000 -240.495100
     829000 -241.522508
     830000 -240.789623
     831000 -240.910146
     832000 -243.964376
     833000 -243.815925
     834000 -241.997930
     835000 -240.904302
     836000 -241.201224
     837000 -241.104495
     838000 -240.598127
     839000 -241.568866
     840000 -241.672947
     841000 -241.567593
     842000 -240.921601
     843000 -245.464695
     844000 -241.671933
     845000 -240.431919
     846000 -241.615883
     847000 -240.653450
     848000 -242.579702
     849000 -241.176951
     850000 -241.369490
     851000 -240.478603
     852000 -240.395571
     853000 -241.091484
     854000 -244.816507
     855000 -240.761418
     856000 -250.129947
     857000 -240.629835
     858000 -241.135369
     859000 -241.859123
     860000 -241.589936
     861000 -240.545924
     862000 -241.341892
     863000 -240.411704
     864000 -240.373269
     865000 -241.328721
     866000 -241.078724
     867000 -241.331227
     868000 -240.456442
     869000 -241.128063
     870000 -243.302111
     871000 -242.301616
     872000 -242.583852
     873000 -240.398524
     874000 -240.753637
     875000 -241.280525
     876000 -240.691803
     877000 -240.629598
     878000 -240.737559
     879000 -242.190607
     880000 -242.250480
     881000 -242.785945
     882000 -241.092970
     883000 -241.185995
     884000 -241.619388
     885000 -245.534644
     886000 -242.806987
     887000 -243.538631
     888000 -241.540105
     889000 -240.312940
     890000 -241.898275
     891000 -242.378435
     892000 -241.438149
     893000 -240.461999
     894000 -241.510493
     895000 -241.579743
     896000 -241.215772
     897000 -242.245731
     898000 -242.414702
     899000 -242.261949
     900000 -241.117126
     901000 -241.180756
     902000 -240.575575
     903000 -247.595680
     904000 -240.613807
     905000 -241.375949
     906000 -241.899693
     907000 -242.025445
     908000 -243.357955
     909000 -241.182994
     910000 -241.692991
     911000 -240.331544
     912000 -240.715324
     913000 -240.432919
     914000 -241.279503
     915000 -241.773808
     916000 -244.436289
     917000 -241.648914
     918000 -240.694816
     919000 -241.882467
     920000 -240.345781
     921000 -240.964156
     922000 -240.337390
     923000 -241.583848
     924000 -240.384450
     925000 -242.816945
     926000 -240.434897
     927000 -245.235327
     928000 -243.611665
     929000 -240.976019
     930000 -242.019902
     931000 -241.521396
     932000 -241.729146
     933000 -242.197649
     934000 -240.859121
     935000 -241.312100
     936000 -241.254682
     937000 -241.239093
     938000 -241.919751
     939000 -240.963322
     940000 -242.966401
     941000 -242.541762
     942000 -240.657313
     943000 -240.540341
     944000 -243.638519
     945000 -241.888991
     946000 -243.137096
     947000 -242.643128
     948000 -242.406843
     949000 -242.046810
     950000 -242.127144
     951000 -243.226155
     952000 -241.523901
     953000 -240.553403
     954000 -241.950533
     955000 -243.542518
     956000 -240.802974
     957000 -240.738194
     958000 -241.130267
     959000 -240.688794
     960000 -241.141177
     961000 -242.891106
     962000 -241.315782
     963000 -240.843815
     964000 -241.195022
     965000 -240.767351
     966000 -244.742991
     967000 -242.277089
     968000 -244.819256
     969000 -240.352509
     970000 -241.940975
     971000 -241.329253
     972000 -242.176778
     973000 -242.668937
     974000 -240.706812
     975000 -240.619023
     976000 -241.495223
     977000 -243.342464
     978000 -240.390289
     979000 -243.269512
     980000 -242.042414
     981000 -252.118781
     982000 -245.441738
     983000 -240.538828
     984000 -241.043720
     985000 -240.983325
     986000 -241.415790
     987000 -247.457030
     988000 -240.859332
     989000 -240.650104
     990000 -242.501692
     991000 -240.883092
     992000 -241.278455
     993000 -242.281828
     994000 -241.805543
     995000 -241.698868
     996000 -240.430769
     997000 -240.417756
     998000 -246.323231
     999000 -241.611405
    1000000 -241.727062
