       1000 -26902.608618
       2000 -26895.610674
       3000 -26895.907203
       4000 -26896.038692
       5000 -26896.502934
       6000 -26896.968804
       7000 -26896.021637
       8000 -26896.127174
       9000 -26898.808097
      10000 -26895.781517
      11000 -26895.245857
      12000 -26895.177626
      13000 -26896.149010
      14000 -26896.564796
      15000 -26896.157202
      16000 -26895.304316
      17000 -26896.170740
      18000 -26896.355347
      19000 -26895.194323
      20000 -26895.795299
      21000 -26896.507564
      22000 -26895.844578
      23000 -26895.160865
      24000 -26900.869112
      25000 -26895.189831
      26000 -26896.177802
      27000 -26896.191562
      28000 -26895.161220
      29000 -26896.180830
      30000 -26895.418531
      31000 -26896.662281
      32000 -26900.304003
      33000 -26895.589235
      34000 -26896.470173
      35000 -26895.749318
      36000 -26896.932300
      37000 -26897.202092
      38000 -26896.074802
      39000 -26895.783443
      40000 -26896.441345
      41000 -26895.755126
      42000 -26897.078953
      43000 -26896.636141
      44000 -26897.570655
      45000 -26896.202393
      46000 -26896.927852
      47000 -26896.366982
      48000 -26896.333233
      49000 -26896.243976
      50000 -26896.706317
      51000 -26895.902865
      52000 -26895.574904
      53000 -26896.163592
      54000 -26897.420421
      55000 -26897.140382
      56000 -26896.216678
      57000 -26896.681981
      58000 -26896.974475
      59000 -26898.535137
      60000 -26895.872395
      61000 -26895.224675
      62000 -26902.429563
      63000 -26896.841206
      64000 -26896.339961
      65000 -26895.161128
      66000 -26895.160817
      67000 -26896.158438
      68000 -26895.162728
      69000 -26897.395033
      70000 -26897.079238
      71000 -26895.725632
      72000 -26897.252029
      73000 -26899.274178
      74000 -26896.295758
      75000 -26896.367341
      76000 -26895.632838
      77000 -26895.757633
      78000 -26895.748442
      79000 -26896.113259
      80000 -26896.014506
      81000 -26895.218269
      82000 -26897.011472
      83000 -26895.248508
      84000 -26895.796185
      85000 -26896.242314
      86000 -26897.006320
      87000 -26897.289654
      88000 -26895.559833
      89000 -26895.782359
      90000 -26896.369393
      91000 -26896.259037
      92000 -26895.949218
      93000 -26895.217282
      94000 -26896.564525
      95000 -26895.434439
      96000 -26896.073983
      97000 -26896.167635
      98000 -26895.764525
      99000 -26895.190019
     100000 -26896.495296
     101000 -26897.416550
     102000 -26895.936597
     103000 -26896.492890
     104000 -26896.320324
     105000 -26896.525085
     106000 -26896.471587
     107000 -26899.079413
     108000 -26895.823012
     109000 -26896.147470
     110000 -26895.202627
     111000 -26896.147609
     112000 -26895.468167
     113000 -26895.395761
     114000 -26895.193807
     115000 -26899.216630
     116000 -26895.203340
     117000 -26896.147297
     118000 -26895.551224
     119000 -26895.756754
     120000 -26895.247947
     121000 -26896.030332
     122000 -26896.303179
     123000 -26895.595240
     124000 -26896.540076
     125000 -26895.994038
     126000 -26895.794882
     127000 -26899.669553
     128000 -26896.668432
     129000 -26896.177844
     130000 -26896.514374
     131000 -26896.220252
     132000 -26895.897037
     133000 -26895.749730
     134000 -26895.243794
     135000 -26896.000975
     136000 -26896.278210
     137000 -26896.480014
     138000 -26895.869439
     139000 -26895.295280
     140000 -26896.226904
     141000 -26895.814945
     142000 -26899.290497
     143000 -26895.824701
     144000 -26896.207390
     145000 -26896.367103
     146000 -26896.577449
     147000 -26895.943507
     148000 -26896.500390
     149000 -26896.651054
     150000 -26895.797218
     151000 -26896.146554
     152000 -26895.264312
     153000 -26896.148291
     154000 -26896.870405
     155000 -26896.307442
     156000 -26899.314531
     157000 -26898.695209
     158000 -26898.033585
     159000 -26895.822978
     160000 -26896.381344
     161000 -26896.182638
     162000 -26895.748986
     163000 -26895.749758
     164000 -26895.177375
     165000 -26896.375241
     166000 -26901.627896
     167000 -26895.371682
     168000 -26895.202550
     169000 -26895.270980
     170000 -26896.775170
     171000 -26896.713990
     172000 -26896.608328
     173000 -26896.469941
     174000 -26895.848615
     175000 -26895.955473
     176000 -26896.328517
     177000 -26895.167507
     178000 -26896.257215
     179000 -26896.362489
     180000 -26895.751287
     181000 -26896.598963
     182000 -26895.276775
     183000 -26895.299666
     184000 -26896.280559
     185000 -26896.269621
     186000 -26895.160522
     187000 -26896.160251
     188000 -26897.850936
     189000 -26895.774328
     190000 -26896.166590
     191000 -26896.474907
     192000 -26896.250367
     193000 -26896.248116
     194000 -26895.366989
     195000 -26896.892257
     196000 -26902.004769
     197000 -26896.633517
     198000 -26895.823688
     199000 -26895.764707
     200000 -26896.516575
     201000 -26897.374682
     202000 -26895.843843
     203000 -26896.760928
     204000 -26899.282902
     205000 -26895.830628
     206000 -26896.159194
     207000 -26898.329159
     208000 -26895.408209
     209000 -26897.356496
     210000 -26895.781764
     211000 -26896.222750
     212000 -26895.227702
     213000 -26895.899401
     214000 -26895.753916
     215000 -26895.308607
     216000 -26895.283433
     217000 -26896.187552
     218000 -26897.294373
     219000 -26897.167419
     220000 -26895.352603
     221000 -26895.344670
     222000 -26895.163317
     223000 -26895.632990
     224000 -26896.460294
     225000 -26895.797411
     226000 -26897.941721
     227000 -26895.234595
     228000 -26896.262091
     229000 -26896.351379
     230000 -26895.454346
     231000 -26896.171469
     232000 -26895.873828
     233000 -26895.338161
     234000 -26899.936368
     235000 -26896.475091
     236000 -26895.942100
     237000 -26895.271261
     238000 -26896.220954
     239000 -26896.492070
     240000 -26896.168941
     241000 -26897.157176
     242000 -26897.750424
     243000 -26896.172947
     244000 -26895.755120
     245000 -26895.368947
     246000 -26896.891827
     247000 -26899.569405
     248000 -26895.200487
     249000 -26896.684455
     250000 -26896.294735
     251000 -26897.131328
     252000 -26897.210924
     253000 -26898.863952
     254000 -26896.406249
     255000 -26895.749248
     256000 -26895.763096
     257000 -26895.580315
     258000 -26896.385944
     259000 -26896.539016
     260000 -26896.268925
     261000 -26898.999122
     262000 -26897.462761
     263000 -26897.041472
     264000 -26895.948248
     265000 -26895.763783
     266000 -26896.907476
     267000 -26895.212001
     268000 -26896.660290
     269000 -26895.177533
     270000 -26896.345767
     271000 -26896.368261
     272000 -26896.261068
     273000 -26896.564304
     274000 -26897.029045
     275000 -26895.533883
     276000 -26895.761856
     277000 -26896.226288
     278000 -26895.318129
     279000 -26896.055434
     280000 -26896.920051
     281000 -26897.378436
     282000 -26896.904381
     283000 -26897.996555
     284000 -26897.630396
     285000 -26895.554142
     286000 -26896.711662
     287000 -26895.160681
     288000 -26895.161517
     289000 -26895.337022
     290000 -26896.490135
     291000 -26895.610046
     292000 -26896.248748
     293000 -26896.908604
     294000 -26895.764235
     295000 -26895.748371
     296000 -26896.236232
     297000 -26896.189590
     298000 -26898.739379
     299000 -26895.766575
     300000 -26896.487389
     301000 -26895.497180
     302000 -26896.233413
     303000 -26895.773346
     304000 -26895.837423
     305000 -26897.458146
     306000 -26895.162960
     307000 -26895.199207
     308000 -26897.814706
     309000 -26899.704910
     310000 -26896.302468
     311000 -26896.488574
     312000 -26896.399811
     313000 -26895.615311
     314000 -26896.898198
     315000 -26895.266019
     316000 -26895.920599
     317000 -26896.328199
     318000 -26896.550091
     319000 -26896.418720
     320000 -26896.988833
     321000 -26896.091157
     322000 -26895.280197
     323000 -26895.222944
     324000 -26896.365745
     325000 -26895.756111
     326000 -26895.951214
     327000 -26896.261422
     328000 -26895.213446
     329000 -26896.148588
     330000 -26896.148189
     331000 -26896.182801
     332000 -26895.961240
     333000 -26895.720642
     334000 -26896.250044
     335000 -26895.192645
     336000 -26895.216204
     337000 -26896.151264
     338000 -26895.476393
     339000 -26897.238198
     340000 -26895.450127
     341000 -26895.450943
     342000 -26895.269550
     343000 -26895.835751
     344000 -26895.813431
     345000 -26895.847087
     346000 -26895.161152
     347000 -26895.754828
     348000 -26895.295888
     349000 -26895.218454
     350000 -26899.250499
     351000 -26895.432207
     352000 -26897.761817
     353000 -26895.220967
     354000 -26898.765592
     355000 -26896.069412
     356000 -26897.439106
     357000 -26896.147679
     358000 -26904.290808
     359000 -26896.598096
     360000 -26896.327923
     361000 -26899.887772
     362000 -26896.918549
     363000 -26895.873407
     364000 -26895.968677
     365000 -26896.266512
     366000 -26895.769610
     367000 -26897.251345
     368000 -26895.748766
     369000 -26895.915061
     370000 -26895.948299
     371000 -26895.854200
     372000 -26896.308491
     373000 -26895.755571
     374000 -26896.413414
     375000 -26895.563484
     376000 -26896.379122
     377000 -26896.518297
     378000 -26895.878867
     379000 -26895.974872
     380000 -26895.219340
     381000 -26895.849824
     382000 -26895.930921
     383000 -26896.918585
     384000 -26896.212683
     385000 -26895.786092
     386000 -26896.283369
     387000 -26896.173709
     388000 -26895.450679
     389000 -26895.748556
     390000 -26896.259796
     391000 -26895.163736
     392000 -26896.750219
     393000 -26897.227553
     394000 -26897.154844
     395000 -26895.217533
     396000 -26896.734316
     397000 -26896.622130
     398000 -26895.255265
     399000 -26896.420316
     400000 -26895.391634
     401000 -26895.751418
     402000 -26897.988141
     403000 -26895.684570
     404000 -26896.810543
     405000 -26896.148676
     406000 -26896.511041
     407000 -26895.925669
     408000 -26895.543258
     409000 -26904.490165
     410000 -26898.271563
     411000 -26896.540208
     412000 -26896.441097
     413000 -26896.311096
     414000 -26896.155415
     415000 -26896.196618
     416000 -26895.761481
     417000 -26895.160818
     418000 -26901.329989
     419000 -26895.163947
     420000 -26896.335056
     421000 -26895.250413
     422000 -26897.381190
     423000 -26896.150534
     424000 -26896.168285
     425000 -26896.293928
     426000 -26895.448475
     427000 -26895.247308
     428000 -26895.713031
     429000 -26896.185569
     430000 -26896.319386
     431000 -26896.099638
     432000 -26900.273439
     433000 -26895.763866
     434000 -26895.325664
     435000 -26896.223272
     436000 -26896.776799
     437000 -26895.856134
     438000 -26895.174858
     439000 -26899.625605
     440000 -26895.955269
     441000 -26895.166482
     442000 -26896.308908
     443000 -26897.687883
     444000 -26896.246295
     445000 -26898.289770
     446000 -26895.832157
     447000 -26895.418310
     448000 -26895.940188
     449000 -26896.714649
     450000 -26895.199368
     451000 -26896.161717
     452000 -26896.575481
     453000 -26896.056292
     454000 -26895.191326
     455000 -26895.369042
     456000 -26895.617740
     457000 -26899.403578
     458000 -26896.260470
     459000 -26895.215241
     460000 -26896.338615
     461000 -26896.936595
     462000 -26895.880699
     463000 -26896.489046
     464000 -26895.864330
     465000 -26896.157999
     466000 -26896.096696
     467000 -26895.190332
     468000 -26895.905897
     469000 -26898.439141
     470000 -26897.168035
     471000 -26895.351889
     472000 -26896.182326
     473000 -26895.915918
     474000 -26896.249731
     475000 -26896.442900
     476000 -26899.382622
     477000 -26898.786805
     478000 -26895.477920
     479000 -26895.222090
     480000 -26903.667899
     481000 -26895.520648
     482000 -26899.664014
     483000 -26895.748593
     484000 -26898.186917
     485000 -26896.148737
     486000 -26895.249235
     487000 -26895.750148
     488000 -26896.160235
     489000 -26895.339378
     490000 -26896.270111
     491000 -26895.674584
     492000 -26895.160551
     493000 -26897.476742
     494000 -26896.075880
     495000 -26897.032415
     496000 -26897.388042
     497000 -26896.207950
     498000 -26896.411772
     499000 -26896.536133
     500000 -26896.622240
     501000 -26895.162134
     502000 -26895.163060
     503000 -26895.701662
     504000 -26895.896952
     505000 -26897.019926
     506000 -26895.209155
     507000 -26896.654622
     508000 -26896.671042
     509000 -26896.919802
     510000 -26895.206982
     511000 -26896.303467
     512000 -26896.437828
     513000 -26898.203177
     514000 -26895.432872
     515000 -26895.686079
     516000 -26896.191777
     517000 -26896.407067
     518000 -26896.334040
     519000 -26895.748332
     520000 -26895.488681
     521000 -26896.443838
     522000 -26896.296180
     523000 -26895.171933
     524000 -26896.672764
     525000 -26895.266951
     526000 -26897.014545
     527000 -26895.874988
     528000 -26896.241934
     529000 -26896.150576
     530000 -26895.264659
     531000 -26896.158278
     532000 -26895.514622
     533000 -26895.268737
     534000 -26895.750084
     535000 -26896.386913
     536000 -26895.786147
     537000 -26895.760831
     538000 -26896.725298
     539000 -26897.571304
     540000 -26898.085162
     541000 -26895.783611
     542000 -26896.392033
     543000 -26896.452063
     544000 -26895.428722
     545000 -26896.881808
     546000 -26896.211080
     547000 -26896.148332
     548000 -26895.879240
     549000 -26896.158770
     550000 -26895.270789
     551000 -26895.173818
     552000 -26896.148865
     553000 -26895.673979
     554000 -26895.763780
     555000 -26895.759920
     556000 -26895.349348
     557000 -26895.162510
     558000 -26895.777718
     559000 -26896.939377
     560000 -26896.027746
     561000 -26896.327903
     562000 -26897.336503
     563000 -26895.495717
     564000 -26896.247548
     565000 -26896.544965
     566000 -26895.264993
     567000 -26896.657596
     568000 -26895.802274
     569000 -26895.513009
     570000 -26897.360475
     571000 -26895.761274
     572000 -26896.171656
     573000 -26896.177372
     574000 -26895.764636
     575000 -26895.807861
     576000 -26895.322270
     577000 -26898.297082
     578000 -26895.935351
     579000 -26901.133475
     580000 -26895.888285
     581000 -26895.782768
     582000 -26899.534978
     583000 -26897.205880
     584000 -26896.305321
     585000 -26896.466106
     586000 -26895.785380
     587000 -26896.187751
     588000 -26896.391716
     589000 -26897.680209
     590000 -26895.162304
     591000 -26898.722078
     592000 -26895.245062
     593000 -26895.270896
     594000 -26895.176536
     595000 -26896.266603
     596000 -26895.164761
     597000 -26895.341727
     598000 -26897.027292
     599000 -26895.861948
     600000 -26896.427816
     601000 -26895.748326
     602000 -26895.173927
     603000 -26896.157396
     604000 -26897.310977
     605000 -26897.217483
     606000 -26895.589640
     607000 -26896.715936
     608000 -26896.624906
     609000 -26895.829386
     610000 -26895.989123
     611000 -26897.735873
     612000 -26895.369593
     613000 -26896.233407
     614000 -26896.370556
     615000 -26896.111781
     616000 -26896.268294
     617000 -26895.161217
     618000 -26895.748327
     619000 -26896.031988
     620000 -26896.169355
     621000 -26895.773466
     622000 -26896.524342
     623000 -26895.177749
     624000 -26895.488806
     625000 -26895.239070
     626000 -26895.295341
     627000 -26895.881516
     628000 -26896.316917
     629000 -26895.790177
     630000 -26896.775917
     631000 -26896.920335
     632000 -26899.389964
     633000 -26896.251948
     634000 -26896.019700
     635000 -26896.937954
     636000 -26895.204910
     637000 -26896.698864
     638000 -26895.656530
     639000 -26895.284895
     640000 -26895.191329
     641000 -26896.333200
     642000 -26896.262099
     643000 -26895.459151
     644000 -26896.102480
     645000 -26895.161908
     646000 -26899.437464
     647000 -26895.921933
     648000 -26895.771704
     649000 -26896.065483
     650000 -26895.336502
     651000 -26896.397090
     652000 -26896.950473
     653000 -26895.865187
     654000 -26895.160850
     655000 -26895.537176
     656000 -26896.150753
     657000 -26896.149673
     658000 -26895.295000
     659000 -26896.156806
     660000 -26896.218665
     661000 -26896.314811
     662000 -26896.149535
     663000 -26895.728136
     664000 -26895.171917
     665000 -26895.190894
     666000 -26895.501099
     667000 -26895.297718
     668000 -26896.704796
     669000 -26896.306853
     670000 -26895.748356
     671000 -26895.782597
     672000 -26895.718653
     673000 -26895.997564
     674000 -26895.720498
     675000 -26896.161201
     676000 -26896.373433
     677000 -26895.521646
     678000 -26896.171528
     679000 -26896.451197
     680000 -26896.750615
     681000 -26895.214088
     682000 -26896.173255
     683000 -26896.163004
     684000 -26895.293893
     685000 -26896.459584
     686000 -26895.191559
     687000 -26895.818770
     688000 -26900.431149
     689000 -26896.144279
     690000 -26895.849957
     691000 -26895.521768
     692000 -26896.270429
     693000 -26896.289661
     694000 -26895.938660
     695000 -26896.405720
     696000 -26895.843980
     697000 -26901.997885
     698000 -26896.169909
     699000 -26895.733767
     700000 -26895.165427
     701000 -26895.538426
     702000 -26900.167795
     703000 -26896.409389
     704000 -26895.741536
     705000 -26895.773758
     706000 -26895.482309
     707000 -26900.175103
     708000 -26897.576869
     709000 -26896.281054
     710000 -26899.741822
     711000 -26896.441976
     712000 -26895.301365
     713000 -26896.340968
     714000 -26896.231401
     715000 -26895.173190
     716000 -26895.514345
     717000 -26896.794533
     718000 -26896.587611
     719000 -26895.979801
     720000 -26896.542565
     721000 -26896.332291
     722000 -26896.438521
     723000 -26896.462170
     724000 -26900.871090
     725000 -26896.173252
     726000 -26896.166590
     727000 -26899.193412
     728000 -26898.220871
     729000 -26898.387532
     730000 -26896.972946
     731000 -26897.688895
     732000 -26895.623562
     733000 -26895.593316
     734000 -26895.348284
     735000 -26896.262846
     736000 -26895.760471
     737000 -26896.203282
     738000 -26895.352258
     739000 -26895.163401
     740000 -26896.223970
     741000 -26895.163498
     742000 -26895.781092
     743000 -26895.925181
     744000 -26897.009909
     745000 -26895.611377
     746000 -26896.188127
     747000 -26896.417595
     748000 -26896.712743
     749000 -26898.694600
     750000 -26897.763892
     751000 -26898.694808
     752000 -26897.045979
     753000 -26896.151913
     754000 -26895.444520
     755000 -26895.214965
     756000 -26895.808109
     757000 -26895.930352
     758000 -26895.197989
     759000 -26896.370152
     760000 -26895.795543
     761000 -26895.760047
     762000 -26896.551048
     763000 -26895.290093
     764000 -26896.450464
     765000 -26897.304440
     766000 -26896.142852
     767000 -26897.823409
     768000 -26897.275890
     769000 -26896.164341
     770000 -26898.223552
     771000 -26897.289752
     772000 -26895.920602
     773000 -26896.439241
     774000 -26895.919089
     775000 -26895.773764
     776000 -26895.160721
     777000 -26896.418292
     778000 -26896.148168
     779000 -26895.266391
     780000 -26897.413189
     781000 -26896.151035
     782000 -26895.956050
     783000 -26896.154545
     784000 -26897.699639
     785000 -26896.150291
     786000 -26895.332115
     787000 -26899.410521
     788000 -26896.147833
     789000 -26895.872374
     790000 -26895.163337
     791000 -26897.204088
     792000 -26895.759719
     793000 -26898.343637
     794000 -26897.004232
     795000 -26896.596396
     796000 -26896.053520
     797000 -26896.300900
     798000 -26896.597519
     799000 -26895.230760
     800000 -26895.879713
     801000 -26897.195064
     802000 -26896.621097
     803000 -26895.903779
     804000 -26897.109783
     805000 -26896.169205
     806000 -26896.110527
     807000 -26897.615237
     808000 -26895.736409
     809000 -26895.345172
     810000 -26898.959191
     811000 -26895.989183
     812000 -26895.748855
     813000 -26895.748845
     814000 -26896.308671
     815000 -26896.865819
     816000 -26899.259505
     817000 -26896.775632
     818000 -26895.578660
     819000 -26895.961402
     820000 -26896.153361
     821000 -26896.195456
     822000 -26895.858539
     823000 -26898.559800
     824000 -26901.040895
     825000 -26896.476492
     826000 -26895.671242
     827000 -26895.979767
     828000 -26895.160615
     829000 -26896.180623
     830000 -26896.031586
     831000 -26896.156947
     832000 -26896.888944
     833000 -26896.333463
     834000 -26895.843089
     835000 -26898.201791
     836000 -26896.306973
     837000 -26895.426069
     838000 -26899.353232
     839000 -26895.178973
     840000 -26896.332226
     841000 -26895.447601
     842000 -26896.233284
     843000 -26895.920608
     844000 -26895.193104
     845000 -26895.797597
     846000 -26895.181565
     847000 -26896.030901
     848000 -26895.945643
     849000 -26896.025809
     850000 -26895.771598
     851000 -26896.454869
     852000 -26897.104388
     853000 -26896.198535
     854000 -26896.691219
     855000 -26896.354501
     856000 -26895.161751
     857000 -26896.149765
     858000 -26895.779335
     859000 -26896.311716
     860000 -26895.177849
     861000 -26896.193896
     862000 -26896.154918
     863000 -26895.758315
     864000 -26895.481049
     865000 -26897.727859
     866000 -26897.042762
     867000 -26895.300258
     868000 -26896.174709
     869000 -26898.739205
     870000 -26895.384856
     871000 -26896.655499
     872000 -26895.164365
     873000 -26896.151819
     874000 -26896.802785
     875000 -26895.531996
     876000 -26896.149923
     877000 -26895.755219
     878000 -26895.179463
     879000 -26896.918135
     880000 -26896.784508
     881000 -26899.747062
     882000 -26896.556855
     883000 -26896.255295
     884000 -26897.245301
     885000 -26895.770089
     886000 -26896.383082
     887000 -26895.814350
     888000 -26897.783886
     889000 -26896.600287
     890000 -26895.160779
     891000 -26896.275478
     892000 -26895.820672
     893000 -26895.754351
     894000 -26895.505740
     895000 -26896.634162
     896000 -26895.636785
     897000 -26895.252279
     898000 -26896.775716
     899000 -26902.408757
     900000 -26896.795630
     901000 -26897.108806
     902000 -26896.114489
     903000 -26896.222566
     904000 -26897.262599
     905000 -26895.768093
     906000 -26895.608816
     907000 -26896.405229
     908000 -26895.939295
     909000 -26896.436201
     910000 -26896.508545
     911000 -26895.999446
     912000 -26896.522853
     913000 -26895.844991
     914000 -26897.700882
     915000 -26896.335289
     916000 -26896.124575
     917000 -26896.443222
     918000 -26896.022623
     919000 -26895.162525
     920000 -26898.122670
     921000 -26895.738933
     922000 -26897.813322
     923000 -26896.839574
     924000 -26895.274261
     925000 -26895.578428
     926000 -26896.345180
     927000 -26896.180336
     928000 -26895.164871
     929000 -26898.677275
     930000 -26895.749288
     931000 -26896.169561
     932000 -26896.805062
     933000 -26896.222388
     934000 -26896.371165
     935000 -26895.265228
     936000 -26896.542861
     937000 -26895.934122
     938000 -26895.240348
     939000 -26895.938437
     940000 -26896.737840
     941000 -26895.760291
     942000 -26895.939145
     943000 -26896.165783
     944000 -26895.467666
     945000 -26896.289417
     946000 -26896.079346
     947000 -26895.207045
     948000 -26895.390931
     949000 -26900.216332
     950000 -26896.315857
     951000 -26896.019215
     952000 -26895.754941
     953000 -26896.188113
     954000 -26896.215900
     955000 -26896.537165
     956000 -26896.179089
     957000 -26895.788448
     958000 -26896.417048
     959000 -26895.400590
     960000 -26895.750177
     961000 -26896.610380
     962000 -26895.781618
     963000 -26895.878433
     964000 -26895.932178
     965000 -26896.152336
     966000 -26895.944410
     967000 -26895.771000
     968000 -26895.803495
     969000 -26897.129054
     970000 -26896.151786
     971000 -26896.080070
     972000 -26895.821819
     973000 -26896.315950
     974000 -26895.252232
     975000 -26895.756060
     976000 -26898.110924
     977000 -26895.187981
     978000 -26896.265320
     979000 -26895.748449
     980000 -26896.576051
     981000 -26895.160521
     982000 -26896.516862
     983000 -26896.151672
     984000 -26895.864783
     985000 -26895.429625
     986000 -26895.204467
     987000 -26896.355527
     988000 -26897.017451
     989000 -26895.319626
     990000 -26896.775353
     991000 -26895.770652
     992000 -26896.175950
     993000 -26895.201061
     994000 -26895.591993
     995000 -26896.176930
     996000 -26895.218863
     997000 -26899.413920
     998000 -26897.398319
     999000 -26896.538188
    1000000 -26895.164484
    1001000 -26895.372863
    1002000 -26896.147763
    1003000 -26898.036183
    1004000 -26899.022692
    1005000 -26895.785764
    1006000 -26895.749876
    1007000 -26895.758672
    1008000 -26895.802198
    1009000 -26896.194316
    1010000 -26897.392239
    1011000 -26896.491687
    1012000 -26897.572916
    1013000 -26896.282267
    1014000 -26897.299626
    1015000 -26895.839767
    1016000 -26896.173587
    1017000 -26895.748388
    1018000 -26895.927466
    1019000 -26896.353004
    1020000 -26895.955260
    1021000 -26896.399189
    1022000 -26896.689354
    1023000 -26896.356501
    1024000 -26899.665927
    1025000 -26895.203523
    1026000 -26895.318759
    1027000 -26895.809567
    1028000 -26896.122711
    1029000 -26895.910684
    1030000 -26896.530086
    1031000 -26896.001406
    1032000 -26896.196884
    1033000 -26896.845238
    1034000 -26898.807489
    1035000 -26896.824093
    1036000 -26895.810803
    1037000 -26896.597148
    1038000 -26896.924665
    1039000 -26896.565633
    1040000 -26896.194183
    1041000 -26895.264142
    1042000 -26896.296670
    1043000 -26895.894783
    1044000 -26896.033506
    1045000 -26899.743910
    1046000 -26895.197143
    1047000 -26895.251374
    1048000 -26896.343570
    1049000 -26895.301428
    1050000 -26896.188898
    1051000 -26899.177586
    1052000 -26896.581190
    1053000 -26895.763822
    1054000 -26898.547192
    1055000 -26896.068652
    1056000 -26899.318652
    1057000 -26895.928957
    1058000 -26897.856580
    1059000 -26897.160213
    1060000 -26896.164105
    1061000 -26895.164551
    1062000 -26895.490762
    1063000 -26895.188968
    1064000 -26896.160369
    1065000 -26896.278543
    1066000 -26895.210653
    1067000 -26895.529868
    1068000 -26896.944209
    1069000 -26896.237839
    1070000 -26896.283931
    1071000 -26895.301882
    1072000 -26896.409709
    1073000 -26895.188978
    1074000 -26896.408818
    1075000 -26895.331186
    1076000 -26895.380416
    1077000 -26896.130337
    1078000 -26895.171511
    1079000 -26896.936361
    1080000 -26895.251436
    1081000 -26896.166239
    1082000 -26895.906272
    1083000 -26895.225771
    1084000 -26895.231081
    1085000 -26896.437284
    1086000 -26896.379645
    1087000 -26896.710933
    1088000 -26895.726299
    1089000 -26900.631297
    1090000 -26899.110504
    1091000 -26896.346556
    1092000 -26895.273844
    1093000 -26895.688811
    1094000 -26896.573900
    1095000 -26901.397294
    1096000 -26895.866600
    1097000 -26895.166849
    1098000 -26896.288749
    1099000 -26896.199818
    1100000 -26896.919329
    1101000 -26896.586130
    1102000 -26897.021075
    1103000 -26896.230441
    1104000 -26897.321582
    1105000 -26896.148447
    1106000 -26895.160790
    1107000 -26896.220812
    1108000 -26895.163859
    1109000 -26895.160852
    1110000 -26896.602702
    1111000 -26896.596202
    1112000 -26900.126144
    1113000 -26895.437216
    1114000 -26896.489348
    1115000 -26901.208740
    1116000 -26895.246548
    1117000 -26896.249596
    1118000 -26898.048215
    1119000 -26896.146479
    1120000 -26895.889574
    1121000 -26896.164993
    1122000 -26895.474598
    1123000 -26897.092815
    1124000 -26896.503455
    1125000 -26897.727697
    1126000 -26897.016391
    1127000 -26896.170298
    1128000 -26897.336218
    1129000 -26896.343586
    1130000 -26895.173812
    1131000 -26896.148222
    1132000 -26896.914895
    1133000 -26895.221388
    1134000 -26897.299879
    1135000 -26896.203757
    1136000 -26896.219727
    1137000 -26896.162549
    1138000 -26896.303456
    1139000 -26895.910645
    1140000 -26895.232634
    1141000 -26895.764096
    1142000 -26895.191327
    1143000 -26895.779217
    1144000 -26895.174443
    1145000 -26897.017690
    1146000 -26896.364391
    1147000 -26895.797615
    1148000 -26902.077721
    1149000 -26896.079093
    1150000 -26895.750191
    1151000 -26896.517085
    1152000 -26895.184567
    1153000 -26896.595690
    1154000 -26898.830743
    1155000 -26896.808341
    1156000 -26896.103356
    1157000 -26897.059258
    1158000 -26896.527149
    1159000 -26895.317804
    1160000 -26895.783214
    1161000 -26895.903704
    1162000 -26895.478389
    1163000 -26896.563904
    1164000 -26896.296487
    1165000 -26895.170316
    1166000 -26896.435862
    1167000 -26896.145173
    1168000 -26899.675896
    1169000 -26895.211109
    1170000 -26898.755085
    1171000 -26896.999288
    1172000 -26896.180745
    1173000 -26896.307112
    1174000 -26895.791093
    1175000 -26895.484603
    1176000 -26896.008287
    1177000 -26895.371251
    1178000 -26896.117720
    1179000 -26895.842961
    1180000 -26896.226865
    1181000 -26895.916747
    1182000 -26895.726773
    1183000 -26895.161599
    1184000 -26895.973061
    1185000 -26896.304659
    1186000 -26897.430361
    1187000 -26900.056290
    1188000 -26896.625009
    1189000 -26896.153282
    1190000 -26895.258864
    1191000 -26895.763477
    1192000 -26899.730835
    1193000 -26899.692575
    1194000 -26895.306831
    1195000 -26895.192279
    1196000 -26895.161763
    1197000 -26895.169247
    1198000 -26895.876228
    1199000 -26896.203970
    1200000 -26895.402681
    1201000 -26898.211421
    1202000 -26897.035777
    1203000 -26898.204035
    1204000 -26895.169412
    1205000 -26896.167041
    1206000 -26896.176913
    1207000 -26897.164597
    1208000 -26895.206960
    1209000 -26895.750939
    1210000 -26896.438422
    1211000 -26895.387796
    1212000 -26895.539728
    1213000 -26895.690782
    1214000 -26895.165958
    1215000 -26896.198804
    1216000 -26895.211673
    1217000 -26896.274440
    1218000 -26895.999053
    1219000 -26895.174042
    1220000 -26897.397456
    1221000 -26895.165721
    1222000 -26895.313616
    1223000 -26895.773515
    1224000 -26895.680557
    1225000 -26895.324062
    1226000 -26896.968121
    1227000 -26895.950792
    1228000 -26895.935183
    1229000 -26895.172266
    1230000 -26895.886517
    1231000 -26896.147921
    1232000 -26895.779645
    1233000 -26896.247519
    1234000 -26895.442386
    1235000 -26896.656026
    1236000 -26896.322823
    1237000 -26896.078350
    1238000 -26896.147685
    1239000 -26896.158345
    1240000 -26896.108983
    1241000 -26896.820311
    1242000 -26895.821570
    1243000 -26895.493224
    1244000 -26896.363005
    1245000 -26897.596802
    1246000 -26895.161416
    1247000 -26895.749047
    1248000 -26896.147416
    1249000 -26895.981946
    1250000 -26895.897775
    1251000 -26895.959420
    1252000 -26896.132956
    1253000 -26895.749691
    1254000 -26898.283791
    1255000 -26895.953743
    1256000 -26896.553957
    1257000 -26895.559227
    1258000 -26896.220704
    1259000 -26896.156089
    1260000 -26895.947956
    1261000 -26896.929660
    1262000 -26895.161241
    1263000 -26896.571018
    1264000 -26895.166487
    1265000 -26895.749498
    1266000 -26896.920742
    1267000 -26895.886554
    1268000 -26895.247083
    1269000 -26896.312050
    1270000 -26896.336520
    1271000 -26895.197052
    1272000 -26895.865851
    1273000 -26896.239131
    1274000 -26895.161326
    1275000 -26897.063946
    1276000 -26896.148000
    1277000 -26895.202616
    1278000 -26895.596083
    1279000 -26896.854110
    1280000 -26895.700469
    1281000 -26895.782483
    1282000 -26896.395434
    1283000 -26897.049963
    1284000 -26896.352184
    1285000 -26896.419762
    1286000 -26897.247507
    1287000 -26896.398046
    1288000 -26895.748610
    1289000 -26895.811663
    1290000 -26896.167257
    1291000 -26896.278710
    1292000 -26895.917849
    1293000 -26895.879169
    1294000 -26900.875998
    1295000 -26899.959269
    1296000 -26896.223464
    1297000 -26895.843929
    1298000 -26895.165325
    1299000 -26896.832801
    1300000 -26895.758779
    1301000 -26896.150364
    1302000 -26896.149688
    1303000 -26897.763107
    1304000 -26895.389788
    1305000 -26896.290286
    1306000 -26895.422248
    1307000 -26896.317147
    1308000 -26900.152120
    1309000 -26896.298968
    1310000 -26895.173730
    1311000 -26900.288610
    1312000 -26896.078907
    1313000 -26895.246255
    1314000 -26895.295793
    1315000 -26896.183056
    1316000 -26895.765201
    1317000 -26896.159513
    1318000 -26896.749952
    1319000 -26895.307739
    1320000 -26896.897471
    1321000 -26895.467414
    1322000 -26897.272237
    1323000 -26897.829129
    1324000 -26896.211620
    1325000 -26896.387386
    1326000 -26896.408217
    1327000 -26895.758399
    1328000 -26895.198402
    1329000 -26895.779550
    1330000 -26896.230930
    1331000 -26897.004984
    1332000 -26896.883835
    1333000 -26895.503055
    1334000 -26898.735871
    1335000 -26895.771121
    1336000 -26895.187820
    1337000 -26895.247802
    1338000 -26896.155090
    1339000 -26896.401361
    1340000 -26896.070503
    1341000 -26895.748377
    1342000 -26896.215886
    1343000 -26896.296461
    1344000 -26896.403835
    1345000 -26896.457083
    1346000 -26895.241936
    1347000 -26896.271076
    1348000 -26896.255165
    1349000 -26895.763059
    1350000 -26896.679964
    1351000 -26895.630827
    1352000 -26896.005899
    1353000 -26895.772631
    1354000 -26896.796086
    1355000 -26895.807417
    1356000 -26895.217292
    1357000 -26895.665867
    1358000 -26895.829237
    1359000 -26896.197555
    1360000 -26896.115014
    1361000 -26895.736106
    1362000 -26896.716795
    1363000 -26899.648751
    1364000 -26898.677039
    1365000 -26897.688127
    1366000 -26896.313958
    1367000 -26896.187889
    1368000 -26895.751187
    1369000 -26895.165766
    1370000 -26895.402140
    1371000 -26895.988315
    1372000 -26895.448335
    1373000 -26896.444944
    1374000 -26895.227949
    1375000 -26895.169372
    1376000 -26896.194675
    1377000 -26896.525153
    1378000 -26895.758363
    1379000 -26895.951642
    1380000 -26896.713505
    1381000 -26896.193865
    1382000 -26895.186126
    1383000 -26897.299555
    1384000 -26897.319858
    1385000 -26896.153032
    1386000 -26895.263931
    1387000 -26895.645673
    1388000 -26900.564891
    1389000 -26896.153306
    1390000 -26898.278211
    1391000 -26900.581005
    1392000 -26896.150864
    1393000 -26899.337302
    1394000 -26895.837505
    1395000 -26895.502847
    1396000 -26895.161840
    1397000 -26896.204591
    1398000 -26895.789930
    1399000 -26896.162214
    1400000 -26896.166405
    1401000 -26895.175786
    1402000 -26896.021271
    1403000 -26895.921516
    1404000 -26895.748632
    1405000 -26896.615912
    1406000 -26896.835617
    1407000 -26895.749401
    1408000 -26896.398523
    1409000 -26896.555306
    1410000 -26895.631980
    1411000 -26895.410928
    1412000 -26895.973040
    1413000 -26896.550839
    1414000 -26895.451517
    1415000 -26897.889982
    1416000 -26895.380906
    1417000 -26895.748844
    1418000 -26896.376845
    1419000 -26895.236097
    1420000 -26895.276242
    1421000 -26895.214577
    1422000 -26897.072189
    1423000 -26895.934784
    1424000 -26895.760167
    1425000 -26895.855654
    1426000 -26899.566899
    1427000 -26896.529533
    1428000 -26895.923508
    1429000 -26895.227785
    1430000 -26896.161731
    1431000 -26895.161814
    1432000 -26895.181585
    1433000 -26896.690913
    1434000 -26896.176708
    1435000 -26895.748406
    1436000 -26895.428085
    1437000 -26895.472846
    1438000 -26895.160938
    1439000 -26896.099027
    1440000 -26895.920461
    1441000 -26896.167112
    1442000 -26896.175331
    1443000 -26895.789401
    1444000 -26896.616884
    1445000 -26896.275341
    1446000 -26896.329099
    1447000 -26895.603046
    1448000 -26896.155372
    1449000 -26896.312018
    1450000 -26896.571174
    1451000 -26895.783683
    1452000 -26896.141765
    1453000 -26897.482701
    1454000 -26896.150297
    1455000 -26896.515465
    1456000 -26896.348063
    1457000 -26896.379652
    1458000 -26896.073973
    1459000 -26895.818876
    1460000 -26895.418050
    1461000 -26899.709705
    1462000 -26895.912022
    1463000 -26895.180787
    1464000 -26895.373504
    1465000 -26895.160704
    1466000 -26895.344165
    1467000 -26895.748416
    1468000 -26895.951550
    1469000 -26895.749197
    1470000 -26895.443410
    1471000 -26896.161657
    1472000 -26896.321910
    1473000 -26897.679484
    1474000 -26897.045756
    1475000 -26895.748662
    1476000 -26896.241001
    1477000 -26896.150617
    1478000 -26895.265781
    1479000 -26895.438755
    1480000 -26898.165345
    1481000 -26896.157587
    1482000 -26895.838071
    1483000 -26895.512374
    1484000 -26896.149846
    1485000 -26897.071743
    1486000 -26895.808880
    1487000 -26896.166403
    1488000 -26896.788234
    1489000 -26895.812286
    1490000 -26895.841984
    1491000 -26896.609643
    1492000 -26896.259231
    1493000 -26896.224698
    1494000 -26896.178255
    1495000 -26896.080502
    1496000 -26896.191412
    1497000 -26897.036214
    1498000 -26895.253412
    1499000 -26896.398194
    1500000 -26900.822234
    1501000 -26896.148935
    1502000 -26896.702772
    1503000 -26895.283812
    1504000 -26896.158060
    1505000 -26896.163317
    1506000 -26895.792457
    1507000 -26896.273739
    1508000 -26895.385312
    1509000 -26895.319730
    1510000 -26895.524022
    1511000 -26896.319780
    1512000 -26896.580469
    1513000 -26895.485911
    1514000 -26896.432458
    1515000 -26897.958253
    1516000 -26897.157206
    1517000 -26895.955993
    1518000 -26897.888514
    1519000 -26897.070754
    1520000 -26895.930126
    1521000 -26897.228384
    1522000 -26895.216033
    1523000 -26896.235126
    1524000 -26898.221357
    1525000 -26897.276897
    1526000 -26896.275278
    1527000 -26896.166634
    1528000 -26895.254941
    1529000 -26897.525947
    1530000 -26899.402415
    1531000 -26896.210646
    1532000 -26897.148330
    1533000 -26896.856064
    1534000 -26896.143097
    1535000 -26895.490745
    1536000 -26895.468343
    1537000 -26896.003907
    1538000 -26896.152076
    1539000 -26896.195088
    1540000 -26895.908580
    1541000 -26896.272973
    1542000 -26895.751323
    1543000 -26895.342026
    1544000 -26895.207882
    1545000 -26897.352420
    1546000 -26896.177789
    1547000 -26895.230514
    1548000 -26896.909767
    1549000 -26895.165794
    1550000 -26896.495009
    1551000 -26895.224954
    1552000 -26896.309233
    1553000 -26895.752106
    1554000 -26896.012241
    1555000 -26895.176352
    1556000 -26895.289800
    1557000 -26896.150482
    1558000 -26895.242391
    1559000 -26895.369641
    1560000 -26896.213737
    1561000 -26895.881681
    1562000 -26896.760378
    1563000 -26896.206237
    1564000 -26898.559057
    1565000 -26895.370106
    1566000 -26895.760116
    1567000 -26897.958592
    1568000 -26896.185902
    1569000 -26896.064584
    1570000 -26896.168027
    1571000 -26895.491309
    1572000 -26895.386553
    1573000 -26896.006094
    1574000 -26898.598408
    1575000 -26897.216759
    1576000 -26896.737732
    1577000 -26895.172860
    1578000 -26896.182243
    1579000 -26895.755162
    1580000 -26895.474631
    1581000 -26895.163350
    1582000 -26895.738944
    1583000 -26896.263886
    1584000 -26896.309442
    1585000 -26897.479401
    1586000 -26897.513863
    1587000 -26895.548883
    1588000 -26896.547239
    1589000 -26895.783764
    1590000 -26896.224602
    1591000 -26895.675349
    1592000 -26896.918670
    1593000 -26901.116796
    1594000 -26895.768798
    1595000 -26895.783619
    1596000 -26896.786083
    1597000 -26896.306278
    1598000 -26896.352059
    1599000 -26896.727690
    1600000 -26895.901253
    1601000 -26896.152192
    1602000 -26897.055720
    1603000 -26895.616896
    1604000 -26895.163239
    1605000 -26895.643247
    1606000 -26895.749221
    1607000 -26896.012530
    1608000 -26895.394838
    1609000 -26896.665255
    1610000 -26895.224836
    1611000 -26895.284203
    1612000 -26896.691405
    1613000 -26895.787567
    1614000 -26895.375552
    1615000 -26895.788266
    1616000 -26897.048926
    1617000 -26896.547282
    1618000 -26896.148648
    1619000 -26897.922631
    1620000 -26896.282498
    1621000 -26897.390662
    1622000 -26895.748328
    1623000 -26896.345715
    1624000 -26895.980684
    1625000 -26897.454393
    1626000 -26897.556886
    1627000 -26895.885807
    1628000 -26895.793376
    1629000 -26896.154074
    1630000 -26895.172215
    1631000 -26897.210699
    1632000 -26896.157258
    1633000 -26899.446277
    1634000 -26896.287133
    1635000 -26896.009964
    1636000 -26896.553122
    1637000 -26895.846258
    1638000 -26896.211369
    1639000 -26896.192818
    1640000 -26896.265366
    1641000 -26896.119050
    1642000 -26897.479219
    1643000 -26896.158829
    1644000 -26895.984556
    1645000 -26895.905921
    1646000 -26898.690413
    1647000 -26896.908198
    1648000 -26896.997488
    1649000 -26896.285995
    1650000 -26896.417158
    1651000 -26895.464359
    1652000 -26895.869779
    1653000 -26895.785962
    1654000 -26895.748558
    1655000 -26897.860893
    1656000 -26896.217735
    1657000 -26897.478157
    1658000 -26896.307000
    1659000 -26895.429138
    1660000 -26899.530509
    1661000 -26896.556751
    1662000 -26896.271631
    1663000 -26895.728277
    1664000 -26895.750848
    1665000 -26899.681944
    1666000 -26895.973227
    1667000 -26899.905942
    1668000 -26896.150996
    1669000 -26897.797407
    1670000 -26896.688633
    1671000 -26895.748512
    1672000 -26895.174105
    1673000 -26896.430400
    1674000 -26899.833599
    1675000 -26898.008557
    1676000 -26895.652673
    1677000 -26895.294561
    1678000 -26896.903532
    1679000 -26895.803009
    1680000 -26896.050988
    1681000 -26897.811706
    1682000 -26896.166520
    1683000 -26896.371189
    1684000 -26899.311757
    1685000 -26896.340884
    1686000 -26896.226181
    1687000 -26898.775718
    1688000 -26896.426051
    1689000 -26899.630776
    1690000 -26895.167192
    1691000 -26895.160771
    1692000 -26896.176067
    1693000 -26895.176402
    1694000 -26895.985212
    1695000 -26895.222276
    1696000 -26895.808526
    1697000 -26897.638259
    1698000 -26895.751946
    1699000 -26895.759292
    1700000 -26896.161615
    1701000 -26896.365552
    1702000 -26899.668982
    1703000 -26896.051659
    1704000 -26897.137797
    1705000 -26896.183179
    1706000 -26897.254089
    1707000 -26896.682640
    1708000 -26895.902693
    1709000 -26897.381550
    1710000 -26896.055552
    1711000 -26895.288234
    1712000 -26896.347367
    1713000 -26896.027440
    1714000 -26895.939498
    1715000 -26899.832955
    1716000 -26896.172446
    1717000 -26895.793718
    1718000 -26897.278153
    1719000 -26895.419054
    1720000 -26896.170333
    1721000 -26896.173364
    1722000 -26895.378819
    1723000 -26896.735807
    1724000 -26895.188969
    1725000 -26896.480244
    1726000 -26897.069544
    1727000 -26897.207427
    1728000 -26896.464851
    1729000 -26896.528274
    1730000 -26897.011743
    1731000 -26895.316694
    1732000 -26896.197237
    1733000 -26896.292207
    1734000 -26899.169469
    1735000 -26895.230466
    1736000 -26895.219834
    1737000 -26896.916337
    1738000 -26899.707273
    1739000 -26895.447468
    1740000 -26895.161414
    1741000 -26896.018815
    1742000 -26895.899676
    1743000 -26895.753966
    1744000 -26895.163737
    1745000 -26896.147987
    1746000 -26898.595221
    1747000 -26896.400797
    1748000 -26895.167908
    1749000 -26895.750847
    1750000 -26895.176047
    1751000 -26898.863189
    1752000 -26897.106354
    1753000 -26896.772406
    1754000 -26896.318809
    1755000 -26896.313963
    1756000 -26895.750705
    1757000 -26895.985858
    1758000 -26895.898007
    1759000 -26895.164042
    1760000 -26895.455271
    1761000 -26897.870613
    1762000 -26896.178305
    1763000 -26895.160567
    1764000 -26896.160088
    1765000 -26899.205791
    1766000 -26895.891754
    1767000 -26896.331629
    1768000 -26895.261977
    1769000 -26895.777996
    1770000 -26895.793036
    1771000 -26900.294989
    1772000 -26895.214987
    1773000 -26895.292878
    1774000 -26896.286003
    1775000 -26896.325643
    1776000 -26897.262079
    1777000 -26895.981061
    1778000 -26896.618222
    1779000 -26895.749792
    1780000 -26896.156143
    1781000 -26896.206201
    1782000 -26896.244739
    1783000 -26896.149793
    1784000 -26896.495170
    1785000 -26897.667915
    1786000 -26895.751416
    1787000 -26895.192600
    1788000 -26896.278743
    1789000 -26896.345841
    1790000 -26895.278073
    1791000 -26895.161403
    1792000 -26896.287826
    1793000 -26896.715774
    1794000 -26895.827486
    1795000 -26896.388321
    1796000 -26895.179137
    1797000 -26895.170461
    1798000 -26896.149268
    1799000 -26895.973764
    1800000 -26898.580082
    1801000 -26895.636004
    1802000 -26896.283704
    1803000 -26898.845722
    1804000 -26895.265081
    1805000 -26896.527773
    1806000 -26896.148300
    1807000 -26898.764852
    1808000 -26896.439641
    1809000 -26896.282920
    1810000 -26895.337433
    1811000 -26895.269609
    1812000 -26895.860877
    1813000 -26895.484093
    1814000 -26895.319903
    1815000 -26901.430027
    1816000 -26896.147432
    1817000 -26897.511195
    1818000 -26896.801121
    1819000 -26895.883163
    1820000 -26897.415210
    1821000 -26896.302094
    1822000 -26896.339677
    1823000 -26895.671621
    1824000 -26895.801372
    1825000 -26896.148576
    1826000 -26896.593605
    1827000 -26895.380551
    1828000 -26895.751585
    1829000 -26895.850896
    1830000 -26895.169408
    1831000 -26895.208396
    1832000 -26897.396212
    1833000 -26900.318870
    1834000 -26895.204487
    1835000 -26895.512522
    1836000 -26895.301577
    1837000 -26895.753521
    1838000 -26895.531920
    1839000 -26897.151425
    1840000 -26896.012840
    1841000 -26896.220389
    1842000 -26896.600271
    1843000 -26895.485086
    1844000 -26898.293951
    1845000 -26897.362000
    1846000 -26895.473074
    1847000 -26895.290121
    1848000 -26899.676349
    1849000 -26895.893996
    1850000 -26895.326488
    1851000 -26896.204261
    1852000 -26899.557206
    1853000 -26899.919281
    1854000 -26896.380358
    1855000 -26896.731268
    1856000 -26896.914034
    1857000 -26896.613243
    1858000 -26896.507686
    1859000 -26895.384694
    1860000 -26895.171011
    1861000 -26895.160805
    1862000 -26896.601813
    1863000 -26896.074961
    1864000 -26896.012730
    1865000 -26896.246522
    1866000 -26895.414405
    1867000 -26896.206878
    1868000 -26896.156878
    1869000 -26895.765889
    1870000 -26896.313067
    1871000 -26897.212505
    1872000 -26895.808299
    1873000 -26895.419759
    1874000 -26895.202925
    1875000 -26896.154829
    1876000 -26896.172771
    1877000 -26895.765865
    1878000 -26895.437207
    1879000 -26899.143365
    1880000 -26896.084711
    1881000 -26896.218458
    1882000 -26895.281957
    1883000 -26895.911410
    1884000 -26895.758174
    1885000 -26896.422363
    1886000 -26896.577719
    1887000 -26895.210218
    1888000 -26896.356766
    1889000 -26895.263965
    1890000 -26896.888840
    1891000 -26900.066221
    1892000 -26896.255199
    1893000 -26895.968825
    1894000 -26896.594078
    1895000 -26896.149437
    1896000 -26896.251790
    1897000 -26895.194352
    1898000 -26895.965170
    1899000 -26896.421333
    1900000 -26896.975383
    1901000 -26895.871345
    1902000 -26897.820302
    1903000 -26899.663895
    1904000 -26895.257253
    1905000 -26895.907484
    1906000 -26896.147216
    1907000 -26895.239623
    1908000 -26896.218235
    1909000 -26895.749250
    1910000 -26895.196138
    1911000 -26899.872513
    1912000 -26899.686070
    1913000 -26895.242502
    1914000 -26896.525123
    1915000 -26896.910175
    1916000 -26895.248693
    1917000 -26895.517734
    1918000 -26896.147264
    1919000 -26897.171429
    1920000 -26895.864714
    1921000 -26895.792799
    1922000 -26895.211370
    1923000 -26895.568580
    1924000 -26895.881697
    1925000 -26896.398154
    1926000 -26896.448011
    1927000 -26899.740837
    1928000 -26896.762119
    1929000 -26897.203352
    1930000 -26896.172612
    1931000 -26895.290029
    1932000 -26895.775855
    1933000 -26896.047453
    1934000 -26895.168528
    1935000 -26896.113260
    1936000 -26897.615954
    1937000 -26896.158372
    1938000 -26895.215923
    1939000 -26896.450627
    1940000 -26898.271153
    1941000 -26896.227957
    1942000 -26896.196415
    1943000 -26895.228573
    1944000 -26897.603623
    1945000 -26898.272921
    1946000 -26896.249070
    1947000 -26895.697352
    1948000 -26897.124694
    1949000 -26896.569096
    1950000 -26895.989766
    1951000 -26903.593731
    1952000 -26895.357054
    1953000 -26895.426491
    1954000 -26895.655027
    1955000 -26895.893167
    1956000 -26896.731444
    1957000 -26896.545921
    1958000 -26895.325109
    1959000 -26895.751007
    1960000 -26897.154124
    1961000 -26896.851157
    1962000 -26899.803668
    1963000 -26895.178085
    1964000 -26895.246569
    1965000 -26896.970645
    1966000 -26897.143908
    1967000 -26896.527893
    1968000 -26896.410123
    1969000 -26896.020111
    1970000 -26898.336211
    1971000 -26896.947165
    1972000 -26898.719944
    1973000 -26896.150239
    1974000 -26896.114678
    1975000 -26895.955410
    1976000 -26896.454816
    1977000 -26895.269780
    1978000 -26896.779559
    1979000 -26895.171735
    1980000 -26896.206870
    1981000 -26896.184080
    1982000 -26895.857127
    1983000 -26895.749364
    1984000 -26898.332880
    1985000 -26896.013547
    1986000 -26895.161300
    1987000 -26896.171517
    1988000 -26896.109367
    1989000 -26896.940684
    1990000 -26896.149857
    1991000 -26895.279846
    1992000 -26895.440395
    1993000 -26896.149191
    1994000 -26895.202176
    1995000 -26896.619850
    1996000 -26895.262380
    1997000 -26896.916569
    1998000 -26895.775205
    1999000 -26897.065584
    2000000 -26895.174078
