       1000 -799.913338
       2000 -799.835828
       3000 -799.930670
       4000 -799.909789
       5000 -799.911308
       6000 -800.662938
       7000 -801.093717
       8000 -799.943438
       9000 -800.015100
      10000 -800.029772
      11000 -799.833810
      12000 -800.065190
      13000 -799.843835
      14000 -799.877771
      15000 -800.071122
      16000 -800.408740
      17000 -800.143084
      18000 -799.836692
      19000 -801.142208
      20000 -800.724218
      21000 -801.216307
      22000 -800.951599
      23000 -804.328526
      24000 -799.836894
      25000 -800.301527
      26000 -800.948147
      27000 -800.219754
      28000 -800.562167
      29000 -801.130531
      30000 -800.369756
      31000 -800.621115
      32000 -800.613310
      33000 -801.137617
      34000 -800.031898
      35000 -801.083852
      36000 -803.871810
      37000 -799.867040
      38000 -800.949234
      39000 -799.994342
      40000 -799.833151
      41000 -803.563387
      42000 -801.048940
      43000 -800.840341
      44000 -800.000236
      45000 -800.197229
      46000 -800.450582
      47000 -800.946153
      48000 -799.916748
      49000 -800.210209
      50000 -800.194347
      51000 -799.835438
      52000 -803.962852
      53000 -799.899447
      54000 -800.117984
      55000 -800.569569
      56000 -803.911770
      57000 -801.033389
      58000 -804.071254
      59000 -800.539464
      60000 -799.835403
      61000 -799.918672
      62000 -800.368175
      63000 -800.738061
      64000 -799.845998
      65000 -800.386952
      66000 -799.969426
      67000 -799.897532
      68000 -799.893041
      69000 -799.837497
      70000 -799.986449
      71000 -799.835583
      72000 -800.467772
      73000 -799.922272
      74000 -799.833058
      75000 -801.531086
      76000 -799.894748
      77000 -803.160512
      78000 -799.908962
      79000 -799.842484
      80000 -800.063829
      81000 -804.616159
      82000 -800.337987
      83000 -800.609627
      84000 -799.895159
      85000 -800.047852
      86000 -800.331079
      87000 -800.415828
      88000 -799.836539
      89000 -799.834287
      90000 -800.104827
      91000 -801.035205
      92000 -800.145644
      93000 -804.736686
      94000 -799.979886
      95000 -800.027587
      96000 -800.452360
      97000 -803.236752
      98000 -799.840246
      99000 -799.870947
     100000 -800.056640
     101000 -800.419805
     102000 -800.872852
     103000 -800.756539
     104000 -800.352387
     105000 -800.018332
     106000 -799.909930
     107000 -800.115914
     108000 -801.000545
     109000 -799.875301
     110000 -800.182664
     111000 -802.086068
     112000 -804.365868
     113000 -803.553793
     114000 -800.419811
     115000 -801.671706
     116000 -800.145592
     117000 -800.191396
     118000 -800.155297
     119000 -799.858810
     120000 -799.858038
     121000 -799.852387
     122000 -800.511446
     123000 -800.971884
     124000 -800.110259
     125000 -799.839436
     126000 -799.836805
     127000 -800.604140
     128000 -800.345770
     129000 -800.985112
     130000 -799.839389
     131000 -799.948611
     132000 -799.833092
     133000 -800.543820
     134000 -799.869079
     135000 -800.759917
     136000 -799.850089
     137000 -801.910570
     138000 -800.143375
     139000 -799.961579
     140000 -799.835788
     141000 -800.208131
     142000 -799.878509
     143000 -799.864649
     144000 -799.967399
     145000 -800.558286
     146000 -800.431857
     147000 -800.427036
     148000 -799.927467
     149000 -800.260351
     150000 -799.992528
     151000 -799.864070
     152000 -799.838798
     153000 -805.432914
     154000 -800.218008
     155000 -800.126184
     156000 -799.836687
     157000 -799.841780
     158000 -799.956755
     159000 -800.178338
     160000 -800.282385
     161000 -800.366566
     162000 -799.854590
     163000 -800.049748
     164000 -799.952294
     165000 -800.585142
     166000 -799.907959
     167000 -803.518164
     168000 -800.368265
     169000 -799.888230
     170000 -800.848699
     171000 -800.409684
     172000 -800.208152
     173000 -799.839345
     174000 -800.843103
     175000 -799.838645
     176000 -799.868729
     177000 -803.217456
     178000 -799.861703
     179000 -799.847171
     180000 -799.954554
     181000 -802.159698
     182000 -803.701048
     183000 -800.207170
     184000 -799.835402
     185000 -799.848300
     186000 -799.910730
     187000 -801.280667
     188000 -801.048608
     189000 -805.637312
     190000 -799.867823
     191000 -803.616368
     192000 -800.200992
     193000 -800.835225
     194000 -801.191502
     195000 -799.931665
     196000 -800.447553
     197000 -800.376756
     198000 -799.838505
     199000 -799.837492
     200000 -799.947688
     201000 -800.376508
     202000 -800.184167
     203000 -800.184582
     204000 -800.892777
     205000 -799.868056
     206000 -799.878060
     207000 -801.066717
     208000 -800.087007
     209000 -803.786737
     210000 -799.860738
     211000 -799.923120
     212000 -801.829904
     213000 -799.998389
     214000 -801.392727
     215000 -800.172874
     216000 -799.995392
     217000 -799.835442
     218000 -800.279110
     219000 -799.833217
     220000 -799.835130
     221000 -799.840810
     222000 -801.180470
     223000 -799.873120
     224000 -801.116787
     225000 -801.100269
     226000 -799.916110
     227000 -803.516125
     228000 -803.186178
     229000 -800.153354
     230000 -799.883693
     231000 -800.145781
     232000 -803.259468
     233000 -800.672822
     234000 -801.072862
     235000 -799.864120
     236000 -800.007064
     237000 -799.898598
     238000 -799.857166
     239000 -799.913999
     240000 -799.846134
     241000 -799.859342
     242000 -800.864183
     243000 -799.839167
     244000 -800.201705
     245000 -804.195133
     246000 -799.835286
     247000 -801.164423
     248000 -799.834302
     249000 -800.411582
     250000 -799.835090
     251000 -800.860825
     252000 -799.833526
     253000 -799.911567
     254000 -799.845933
     255000 -799.955976
     256000 -800.628005
     257000 -800.830629
     258000 -800.329271
     259000 -800.012989
     260000 -799.833096
     261000 -799.896383
     262000 -800.080414
     263000 -800.162781
     264000 -800.038778
     265000 -799.985738
     266000 -799.927626
     267000 -800.259055
     268000 -800.097215
     269000 -799.845462
     270000 -801.334332
     271000 -800.615834
     272000 -804.106945
     273000 -801.785888
     274000 -799.998892
     275000 -804.344655
     276000 -800.143565
     277000 -800.113084
     278000 -800.133398
     279000 -799.857606
     280000 -800.375752
     281000 -801.435235
     282000 -799.942750
     283000 -800.290436
     284000 -799.896327
     285000 -799.923810
     286000 -799.875944
     287000 -799.879333
     288000 -800.092149
     289000 -799.838973
     290000 -800.214185
     291000 -800.076200
     292000 -799.914055
     293000 -799.918326
     294000 -800.008569
     295000 -799.974459
     296000 -800.192667
     297000 -800.101141
     298000 -800.046742
     299000 -799.972031
     300000 -800.145151
     301000 -802.217708
     302000 -800.224118
     303000 -799.884272
     304000 -804.098923
     305000 -800.771159
     306000 -810.507810
     307000 -801.013524
     308000 -800.110364
     309000 -800.324438
     310000 -800.198805
     311000 -801.062911
     312000 -799.833856
     313000 -800.286617
     314000 -800.130849
     315000 -799.837367
     316000 -800.071287
     317000 -799.853697
     318000 -799.897390
     319000 -799.836076
     320000 -801.688225
     321000 -800.264266
     322000 -800.429009
     323000 -807.343367
     324000 -800.420214
     325000 -799.836406
     326000 -800.726284
     327000 -800.070920
     328000 -799.850140
     329000 -799.840965
     330000 -799.836555
     331000 -799.972454
     332000 -800.950908
     333000 -799.926073
     334000 -802.459239
     335000 -799.886220
     336000 -799.913304
     337000 -799.833579
     338000 -799.836099
     339000 -800.206498
     340000 -799.877794
     341000 -801.400092
     342000 -799.843935
     343000 -799.834715
     344000 -800.230112
     345000 -799.862163
     346000 -799.848684
     347000 -800.113587
     348000 -799.858906
     349000 -799.857259
     350000 -799.896358
     351000 -800.597817
     352000 -799.960197
     353000 -800.512864
     354000 -804.784878
     355000 -800.049638
     356000 -799.873913
     357000 -800.143970
     358000 -800.196067
     359000 -800.159747
     360000 -800.155268
     361000 -800.730782
     362000 -799.834192
     363000 -799.844022
     364000 -801.025350
     365000 -800.969499
     366000 -800.182237
     367000 -799.916463
     368000 -803.432915
     369000 -800.088501
     370000 -803.509610
     371000 -799.848281
     372000 -800.307674
     373000 -805.208834
     374000 -799.863682
     375000 -801.193455
     376000 -802.254718
     377000 -799.960070
     378000 -799.897670
     379000 -800.275780
     380000 -800.359793
     381000 -801.016946
     382000 -799.851527
     383000 -799.897203
     384000 -799.861555
     385000 -799.850228
     386000 -799.997900
     387000 -799.836028
     388000 -800.050819
     389000 -807.412229
     390000 -800.027641
     391000 -804.703889
     392000 -800.637928
     393000 -802.287085
     394000 -800.322622
     395000 -799.834075
     396000 -801.228489
     397000 -800.513856
     398000 -800.771635
     399000 -799.833069
     400000 -799.833774
     401000 -799.841858
     402000 -800.456224
     403000 -799.930361
     404000 -803.300019
     405000 -799.959123
     406000 -799.839823
     407000 -799.848889
     408000 -799.999681
     409000 -800.390429
     410000 -799.835228
     411000 -800.286280
     412000 -801.786629
     413000 -803.187702
     414000 -799.841801
     415000 -800.285245
     416000 -799.879580
     417000 -800.441864
     418000 -800.196050
     419000 -800.508137
     420000 -805.150922
     421000 -799.859693
     422000 -799.953980
     423000 -800.562076
     424000 -803.653070
     425000 -800.224915
     426000 -800.117691
     427000 -799.842599
     428000 -804.615148
     429000 -799.889151
     430000 -800.084862
     431000 -799.856907
     432000 -800.340512
     433000 -799.840434
     434000 -799.837548
     435000 -799.893350
     436000 -799.943332
     437000 -800.044160
     438000 -800.639228
     439000 -799.898025
     440000 -800.129066
     441000 -800.025881
     442000 -799.950045
     443000 -802.547045
     444000 -799.833058
     445000 -799.834322
     446000 -799.873033
     447000 -800.017428
     448000 -803.526444
     449000 -800.312187
     450000 -799.854826
     451000 -800.514175
     452000 -799.961726
     453000 -803.832334
     454000 -800.308672
     455000 -808.217373
     456000 -800.125556
     457000 -804.990290
     458000 -804.157072
     459000 -799.858967
     460000 -800.269997
     461000 -800.171613
     462000 -799.938061
     463000 -801.165023
     464000 -803.230839
     465000 -804.537054
     466000 -799.846958
     467000 -799.844968
     468000 -799.893579
     469000 -800.073450
     470000 -799.833055
     471000 -799.910329
     472000 -800.513501
     473000 -799.992101
     474000 -799.984268
     475000 -800.024178
     476000 -799.910508
     477000 -800.033151
     478000 -799.918334
     479000 -800.618804
     480000 -800.729384
     481000 -803.809413
     482000 -800.419253
     483000 -800.078116
     484000 -800.871204
     485000 -803.599398
     486000 -803.157113
     487000 -802.611173
     488000 -800.416365
     489000 -803.652055
     490000 -806.692572
     491000 -799.833057
     492000 -800.105521
     493000 -800.009386
     494000 -799.974941
     495000 -800.098557
     496000 -801.150845
     497000 -799.947483
     498000 -800.513986
     499000 -804.531512
     500000 -799.833097
     501000 -800.512553
     502000 -800.316398
     503000 -800.846922
     504000 -800.064117
     505000 -799.837095
     506000 -799.936822
     507000 -799.841445
     508000 -800.961755
     509000 -799.975749
     510000 -799.877946
     511000 -799.933326
     512000 -799.833081
     513000 -799.974917
     514000 -799.866027
     515000 -799.846503
     516000 -803.407641
     517000 -800.683478
     518000 -800.293109
     519000 -800.610324
     520000 -800.363394
     521000 -799.853728
     522000 -803.243361
     523000 -800.448166
     524000 -800.189206
     525000 -805.431903
     526000 -800.043206
     527000 -799.856257
     528000 -799.878371
     529000 -800.522641
     530000 -800.774110
     531000 -800.055949
     532000 -800.485451
     533000 -803.559584
     534000 -799.899424
     535000 -802.776514
     536000 -799.850693
     537000 -799.869103
     538000 -799.838148
     539000 -800.449835
     540000 -800.777904
     541000 -800.329368
     542000 -799.868987
     543000 -800.706956
     544000 -800.108614
     545000 -800.071442
     546000 -799.909166
     547000 -800.243807
     548000 -799.945259
     549000 -799.924031
     550000 -802.920768
     551000 -799.833938
     552000 -802.936447
     553000 -800.028324
     554000 -803.607160
     555000 -799.835225
     556000 -799.835375
     557000 -804.558583
     558000 -800.115451
     559000 -801.001357
     560000 -800.210105
     561000 -800.472486
     562000 -799.842468
     563000 -800.544905
     564000 -799.876392
     565000 -800.102928
     566000 -800.922441
     567000 -802.130107
     568000 -805.086422
     569000 -804.201947
     570000 -803.636535
     571000 -800.363225
     572000 -799.836803
     573000 -799.869550
     574000 -801.034524
     575000 -799.835332
     576000 -799.840652
     577000 -800.018397
     578000 -801.359866
     579000 -801.976152
     580000 -800.070142
     581000 -799.874793
     582000 -800.662577
     583000 -799.871474
     584000 -800.146214
     585000 -799.846215
     586000 -800.495510
     587000 -799.967576
     588000 -801.326987
     589000 -800.105439
     590000 -800.761820
     591000 -800.364696
     592000 -803.331191
     593000 -800.067787
     594000 -801.917629
     595000 -804.571350
     596000 -799.873948
     597000 -800.558178
     598000 -799.872050
     599000 -801.772868
     600000 -799.833193
     601000 -800.009209
     602000 -800.458489
     603000 -800.142955
     604000 -799.864821
     605000 -800.089028
     606000 -799.984379
     607000 -800.002909
     608000 -800.257821
     609000 -804.547390
     610000 -800.074080
     611000 -801.077801
     612000 -801.385620
     613000 -803.320732
     614000 -803.312673
     615000 -800.085208
     616000 -800.251294
     617000 -800.220182
     618000 -802.439260
     619000 -800.560912
     620000 -803.172715
     621000 -801.201131
     622000 -800.323770
     623000 -800.976654
     624000 -799.876726
     625000 -799.969464
     626000 -800.163370
     627000 -800.512432
     628000 -800.980574
     629000 -800.235043
     630000 -800.265523
     631000 -800.069466
     632000 -800.211833
     633000 -799.918731
     634000 -800.332200
     635000 -799.955762
     636000 -800.546506
     637000 -807.077885
     638000 -800.120142
     639000 -800.189158
     640000 -803.554394
     641000 -803.428086
     642000 -799.834873
     643000 -799.892039
     644000 -799.991490
     645000 -800.293313
     646000 -800.265664
     647000 -800.453657
     648000 -800.253948
     649000 -800.357603
     650000 -799.842451
     651000 -800.625103
     652000 -799.855672
     653000 -799.924583
     654000 -801.058169
     655000 -799.833180
     656000 -802.858458
     657000 -800.980405
     658000 -800.016642
     659000 -800.693425
     660000 -799.926781
     661000 -802.069084
     662000 -800.551550
     663000 -803.472756
     664000 -799.906613
     665000 -800.404063
     666000 -800.055994
     667000 -800.360030
     668000 -799.968707
     669000 -800.257412
     670000 -799.850969
     671000 -800.430298
     672000 -800.171324
     673000 -799.873893
     674000 -800.379357
     675000 -800.644143
     676000 -804.727777
     677000 -800.288469
     678000 -801.218927
     679000 -799.900384
     680000 -800.878481
     681000 -799.841381
     682000 -803.561986
     683000 -800.602967
     684000 -799.870416
     685000 -799.969815
     686000 -800.182771
     687000 -802.188772
     688000 -800.060917
     689000 -801.360437
     690000 -799.862189
     691000 -803.162460
     692000 -799.833062
     693000 -799.845671
     694000 -800.557791
     695000 -799.838912
     696000 -799.879915
     697000 -804.537615
     698000 -800.486646
     699000 -799.903329
     700000 -800.051417
     701000 -799.880919
     702000 -801.890563
     703000 -800.450471
     704000 -800.929463
     705000 -799.890257
     706000 -800.153635
     707000 -803.577403
     708000 -799.949784
     709000 -800.481475
     710000 -799.868593
     711000 -799.955384
     712000 -801.523585
     713000 -800.722044
     714000 -800.009732
     715000 -803.706363
     716000 -800.347443
     717000 -799.865943
     718000 -805.490864
     719000 -799.833622
     720000 -800.527418
     721000 -804.626593
     722000 -799.835557
     723000 -800.542967
     724000 -800.238750
     725000 -803.795235
     726000 -799.835366
     727000 -801.368538
     728000 -799.914595
     729000 -803.303268
     730000 -800.145358
     731000 -801.509266
     732000 -800.748703
     733000 -800.012827
     734000 -800.550674
     735000 -800.140131
     736000 -799.846401
     737000 -800.394912
     738000 -799.974465
     739000 -800.543241
     740000 -800.127126
     741000 -799.835500
     742000 -799.838706
     743000 -800.013401
     744000 -799.927762
     745000 -799.967110
     746000 -799.992686
     747000 -799.838367
     748000 -799.963303
     749000 -800.385173
     750000 -799.915930
     751000 -799.929747
     752000 -800.229600
     753000 -800.905071
     754000 -804.648027
     755000 -800.039757
     756000 -799.960188
     757000 -800.824888
     758000 -803.202518
     759000 -799.873974
     760000 -801.333096
     761000 -800.415644
     762000 -800.860225
     763000 -804.192922
     764000 -802.237049
     765000 -800.071603
     766000 -800.649974
     767000 -800.404465
     768000 -799.833513
     769000 -800.083479
     770000 -800.460491
     771000 -800.123755
     772000 -801.035144
     773000 -800.044103
     774000 -801.380181
     775000 -799.957088
     776000 -799.835321
     777000 -800.473439
     778000 -799.877846
     779000 -804.819511
     780000 -800.772113
     781000 -799.902894
     782000 -799.904726
     783000 -800.161163
     784000 -799.951166
     785000 -799.854690
     786000 -800.335661
     787000 -806.667853
     788000 -799.878431
     789000 -801.103739
     790000 -801.495260
     791000 -805.112033
     792000 -800.083939
     793000 -801.107500
     794000 -799.905132
     795000 -799.904622
     796000 -801.231553
     797000 -799.838051
     798000 -801.925107
     799000 -801.330082
     800000 -803.573825
     801000 -803.163520
     802000 -799.841511
     803000 -799.838314
     804000 -800.049191
     805000 -800.054178
     806000 -799.842140
     807000 -801.080658
     808000 -800.167403
     809000 -799.964159
     810000 -799.977134
     811000 -804.573200
     812000 -800.698098
     813000 -799.872260
     814000 -800.733158
     815000 -799.964723
     816000 -804.803553
     817000 -799.833050
     818000 -799.913491
     819000 -800.327997
     820000 -800.914601
     821000 -799.845005
     822000 -799.833050
     823000 -801.401570
     824000 -799.838509
     825000 -799.976624
     826000 -799.874461
     827000 -799.834405
     828000 -799.850166
     829000 -800.294895
     830000 -799.834874
     831000 -799.842816
     832000 -799.833929
     833000 -799.836656
     834000 -799.893181
     835000 -803.222813
     836000 -799.854266
     837000 -799.870422
     838000 -803.184727
     839000 -799.847283
     840000 -800.322213
     841000 -800.197360
     842000 -799.846451
     843000 -799.928535
     844000 -807.922192
     845000 -804.622617
     846000 -799.835056
     847000 -800.092779
     848000 -799.852768
     849000 -799.865044
     850000 -799.940231
     851000 -799.835074
     852000 -800.269136
     853000 -800.188405
     854000 -799.836391
     855000 -800.073658
     856000 -800.538441
     857000 -800.162132
     858000 -800.205370
     859000 -799.867499
     860000 -800.065234
     861000 -804.812751
     862000 -803.651150
     863000 -804.677325
     864000 -800.849024
     865000 -801.060261
     866000 -799.956552
     867000 -799.884178
     868000 -800.503540
     869000 -805.288143
     870000 -803.674485
     871000 -800.256632
     872000 -799.990384
     873000 -803.702706
     874000 -801.799606
     875000 -799.837087
     876000 -799.841415
     877000 -800.025233
     878000 -801.002840
     879000 -799.869041
     880000 -799.861882
     881000 -799.906111
     882000 -800.937451
     883000 -799.891752
     884000 -799.897308
     885000 -799.875667
     886000 -800.197915
     887000 -800.005391
     888000 -800.057618
     889000 -804.262326
     890000 -799.910879
     891000 -799.930215
     892000 -799.854843
     893000 -800.690864
     894000 -803.308804
     895000 -800.350130
     896000 -802.680771
     897000 -800.693042
     898000 -800.004207
     899000 -801.479736
     900000 -800.001715
     901000 -800.436170
     902000 -800.010245
     903000 -799.940741
     904000 -805.310322
     905000 -803.157185
     906000 -799.974757
     907000 -799.886015
     908000 -799.842770
     909000 -799.833123
     910000 -801.287874
     911000 -802.214403
     912000 -810.974470
     913000 -800.206450
     914000 -801.585790
     915000 -802.332621
     916000 -800.698505
     917000 -803.900217
     918000 -800.219806
     919000 -803.653832
     920000 -800.470600
     921000 -799.844392
     922000 -799.839724
     923000 -799.905922
     924000 -799.966709
     925000 -802.011882
     926000 -799.919956
     927000 -804.537300
     928000 -799.833117
     929000 -801.491744
     930000 -799.967661
     931000 -799.844723
     932000 -799.836250
     933000 -799.844906
     934000 -799.986926
     935000 -800.732421
     936000 -801.442373
     937000 -801.562271
     938000 -800.012114
     939000 -799.913007
     940000 -799.980146
     941000 -800.090972
     942000 -799.833068
     943000 -800.119244
     944000 -799.887917
     945000 -799.982959
     946000 -799.919964
     947000 -799.833312
     948000 -800.071837
     949000 -799.888486
     950000 -803.448636
     951000 -800.640229
     952000 -799.948120
     953000 -800.022498
     954000 -800.167246
     955000 -800.017996
     956000 -800.884404
     957000 -799.850203
     958000 -800.369955
     959000 -800.536701
     960000 -801.192836
     961000 -804.533296
     962000 -799.973373
     963000 -799.843316
     964000 -803.721722
     965000 -799.847828
     966000 -803.573799
     967000 -799.998110
     968000 -799.852191
     969000 -799.877899
     970000 -799.864540
     971000 -800.822430
     972000 -800.621338
     973000 -803.628370
     974000 -802.105046
     975000 -803.629012
     976000 -803.702031
     977000 -800.785869
     978000 -801.104431
     979000 -799.921257
     980000 -800.971150
     981000 -799.833982
     982000 -801.619716
     983000 -800.710557
     984000 -800.001717
     985000 -800.167245
     986000 -799.862827
     987000 -800.678281
     988000 -800.041957
     989000 -802.691983
     990000 -800.230637
     991000 -800.865155
     992000 -799.971219
     993000 -800.126411
     994000 -803.569240
     995000 -799.833301
     996000 -799.937168
     997000 -803.565541
     998000 -799.876560
     999000 -804.774647
    1000000 -800.211100
