       1000 -236.539978
       2000 -237.051986
       3000 -236.467037
       4000 -236.492524
       5000 -242.533145
       6000 -238.456915
       7000 -240.427801
       8000 -236.485631
       9000 -237.994406
      10000 -239.264748
      11000 -236.635139
      12000 -240.276906
      13000 -236.529385
      14000 -237.556621
      15000 -236.424618
      16000 -237.125194
      17000 -236.975282
      18000 -237.817533
      19000 -236.903029
      20000 -236.835177
      21000 -239.544117
      22000 -241.905866
      23000 -238.692925
      24000 -239.071364
      25000 -237.659595
      26000 -238.372257
      27000 -237.457282
      28000 -236.528120
      29000 -236.765094
      30000 -236.641499
      31000 -236.529511
      32000 -237.677926
      33000 -236.623920
      34000 -238.476432
      35000 -239.292255
      36000 -239.448610
      37000 -237.854897
      38000 -236.944462
      39000 -236.460860
      40000 -236.920140
      41000 -236.819923
      42000 -238.784173
      43000 -238.350375
      44000 -238.439278
      45000 -236.533930
      46000 -238.704655
      47000 -239.042617
      48000 -239.155112
      49000 -236.433747
      50000 -237.342941
      51000 -236.629466
      52000 -237.725747
      53000 -237.121793
      54000 -237.265348
      55000 -236.641174
      56000 -238.947215
      57000 -239.532065
      58000 -236.793608
      59000 -237.781199
      60000 -236.549002
      61000 -237.740468
      62000 -238.430122
      63000 -236.620535
      64000 -239.362599
      65000 -236.705805
      66000 -238.566688
      67000 -238.859641
      68000 -241.836383
      69000 -238.382419
      70000 -239.141545
      71000 -236.500548
      72000 -240.275507
      73000 -238.673547
      74000 -237.286943
      75000 -238.160208
      76000 -236.913689
      77000 -238.816916
      78000 -236.541961
      79000 -236.774016
      80000 -236.839064
      81000 -238.290630
      82000 -237.965636
      83000 -236.918925
      84000 -236.562935
      85000 -236.736054
      86000 -238.466987
      87000 -236.889982
      88000 -237.492967
      89000 -238.649199
      90000 -236.897478
      91000 -236.973682
      92000 -238.774091
      93000 -237.928081
      94000 -237.147802
      95000 -238.577488
      96000 -240.590433
      97000 -237.670601
      98000 -240.520092
      99000 -237.227725
     100000 -236.860111
     101000 -236.987688
     102000 -237.253882
     103000 -238.412749
     104000 -237.651954
     105000 -237.514124
     106000 -238.113866
     107000 -238.557808
     108000 -236.647603
     109000 -237.036773
     110000 -236.472140
     111000 -237.713668
     112000 -239.483040
     113000 -239.141837
     114000 -236.902652
     115000 -237.018448
     116000 -237.345313
     117000 -237.730228
     118000 -236.711643
     119000 -236.496509
     120000 -237.644815
     121000 -238.867417
     122000 -237.495740
     123000 -241.546843
     124000 -237.105917
     125000 -244.111428
     126000 -236.605445
     127000 -236.608284
     128000 -236.531741
     129000 -236.728137
     130000 -236.540553
     131000 -236.819391
     132000 -236.543212
     133000 -239.500837
     134000 -236.489024
     135000 -237.902809
     136000 -236.830555
     137000 -237.035324
     138000 -238.748401
     139000 -237.721336
     140000 -236.433065
     141000 -238.274681
     142000 -237.202954
     143000 -238.035240
     144000 -236.894534
     145000 -236.826095
     146000 -236.813111
     147000 -237.010886
     148000 -236.630456
     149000 -237.211920
     150000 -236.878056
     151000 -239.381128
     152000 -236.939335
     153000 -237.671112
     154000 -237.328174
     155000 -236.446755
     156000 -238.196922
     157000 -238.377865
     158000 -236.531968
     159000 -237.341841
     160000 -236.454680
     161000 -239.639160
     162000 -239.212877
     163000 -237.387214
     164000 -239.116842
     165000 -240.339545
     166000 -240.767653
     167000 -236.828681
     168000 -237.046131
     169000 -240.445356
     170000 -236.840926
     171000 -237.978406
     172000 -236.533726
     173000 -237.216248
     174000 -238.781951
     175000 -236.931790
     176000 -237.656138
     177000 -237.527282
     178000 -236.670013
     179000 -236.854777
     180000 -237.110826
     181000 -237.951595
     182000 -238.948111
     183000 -238.595978
     184000 -236.432720
     185000 -237.590999
     186000 -238.385902
     187000 -237.086670
     188000 -238.996300
     189000 -237.132878
     190000 -238.503855
     191000 -239.552574
     192000 -236.489651
     193000 -238.663157
     194000 -236.510460
     195000 -236.889006
     196000 -236.764863
     197000 -236.477251
     198000 -236.533893
     199000 -239.036727
     200000 -240.905313
     201000 -236.430982
     202000 -237.628770
     203000 -236.484253
     204000 -238.804722
     205000 -238.784965
     206000 -238.369770
     207000 -237.405543
     208000 -244.451580
     209000 -237.483469
     210000 -236.533023
     211000 -237.075459
     212000 -237.023990
     213000 -239.493596
     214000 -237.687556
     215000 -242.398118
     216000 -239.562443
     217000 -236.439480
     218000 -236.537029
     219000 -236.885294
     220000 -236.893623
     221000 -237.567473
     222000 -237.535940
     223000 -237.339110
     224000 -240.810344
     225000 -236.515497
     226000 -237.219060
     227000 -236.707735
     228000 -238.012375
     229000 -237.701799
     230000 -237.146789
     231000 -238.834684
     232000 -238.683772
     233000 -236.986857
     234000 -236.971450
     235000 -236.436734
     236000 -237.187245
     237000 -237.358084
     238000 -236.643610
     239000 -239.535559
     240000 -236.630839
     241000 -237.039917
     242000 -244.317157
     243000 -236.444450
     244000 -237.557457
     245000 -241.101530
     246000 -236.544604
     247000 -236.458078
     248000 -237.471674
     249000 -236.703218
     250000 -237.085488
     251000 -238.479489
     252000 -236.787003
     253000 -240.676599
     254000 -243.444474
     255000 -240.375576
     256000 -237.236283
     257000 -238.471367
     258000 -237.377198
     259000 -236.625101
     260000 -236.598545
     261000 -237.598032
     262000 -236.455749
     263000 -237.655196
     264000 -237.658121
     265000 -238.084566
     266000 -237.444620
     267000 -236.511302
     268000 -236.494169
     269000 -237.741065
     270000 -238.109786
     271000 -236.649213
     272000 -236.598568
     273000 -237.192526
     274000 -237.280492
     275000 -236.582106
     276000 -237.370517
     277000 -238.526497
     278000 -238.240464
     279000 -236.719911
     280000 -236.904533
     281000 -237.746836
     282000 -238.651424
     283000 -236.754357
     284000 -237.541755
     285000 -238.674267
     286000 -236.681389
     287000 -236.584686
     288000 -239.763714
     289000 -241.710343
     290000 -236.815201
     291000 -236.505377
     292000 -238.770460
     293000 -236.462727
     294000 -236.472745
     295000 -238.944989
     296000 -236.712198
     297000 -236.964745
     298000 -236.612945
     299000 -236.491934
     300000 -238.672695
     301000 -239.921548
     302000 -236.537097
     303000 -236.534858
     304000 -238.843774
     305000 -236.679152
     306000 -236.723337
     307000 -236.520499
     308000 -238.479517
     309000 -237.447697
     310000 -236.705617
     311000 -237.401303
     312000 -237.294767
     313000 -236.554510
     314000 -236.688643
     315000 -237.104290
     316000 -236.636194
     317000 -237.299356
     318000 -236.665511
     319000 -238.123397
     320000 -239.131939
     321000 -237.870983
     322000 -237.033480
     323000 -239.140625
     324000 -237.636765
     325000 -236.747962
     326000 -238.755318
     327000 -238.672219
     328000 -236.679059
     329000 -236.978135
     330000 -239.981377
     331000 -238.851458
     332000 -237.532324
     333000 -236.744354
     334000 -238.581150
     335000 -238.795803
     336000 -238.603231
     337000 -236.531691
     338000 -237.435159
     339000 -236.936057
     340000 -238.845759
     341000 -239.776825
     342000 -239.337491
     343000 -240.233916
     344000 -237.824408
     345000 -237.409253
     346000 -236.436195
     347000 -237.561848
     348000 -237.076055
     349000 -236.466834
     350000 -236.478024
     351000 -236.569738
     352000 -236.436369
     353000 -238.443672
     354000 -239.752897
     355000 -236.640235
     356000 -240.199458
     357000 -237.610244
     358000 -238.726925
     359000 -237.078852
     360000 -237.114934
     361000 -236.611736
     362000 -236.627033
     363000 -239.689445
     364000 -236.510095
     365000 -236.487490
     366000 -238.618503
     367000 -237.898059
     368000 -237.075464
     369000 -244.640402
     370000 -239.508716
     371000 -238.099853
     372000 -236.889974
     373000 -237.028222
     374000 -237.345557
     375000 -238.665937
     376000 -240.421655
     377000 -237.606519
     378000 -236.819451
     379000 -237.234586
     380000 -236.607310
     381000 -236.445337
     382000 -237.907045
     383000 -237.446294
     384000 -236.617444
     385000 -238.582585
     386000 -237.924511
     387000 -239.157131
     388000 -236.556815
     389000 -237.172325
     390000 -236.444399
     391000 -236.533277
     392000 -236.597723
     393000 -238.778951
     394000 -236.435143
     395000 -236.700567
     396000 -236.684474
     397000 -237.141484
     398000 -236.806540
     399000 -237.646892
     400000 -238.520647
     401000 -237.377003
     402000 -236.873705
     403000 -237.700856
     404000 -238.991146
     405000 -236.899446
     406000 -236.824051
     407000 -236.772574
     408000 -237.066723
     409000 -236.629546
     410000 -237.493529
     411000 -236.685861
     412000 -237.227911
     413000 -236.593751
     414000 -236.901486
     415000 -238.548458
     416000 -236.581497
     417000 -239.191852
     418000 -236.543956
     419000 -238.279156
     420000 -246.928628
     421000 -237.457703
     422000 -239.981551
     423000 -246.113345
     424000 -238.600551
     425000 -236.864575
     426000 -238.137566
     427000 -236.478098
     428000 -236.950991
     429000 -240.424122
     430000 -242.129158
     431000 -237.407297
     432000 -236.815950
     433000 -239.799522
     434000 -236.802010
     435000 -239.926742
     436000 -237.578917
     437000 -236.579977
     438000 -237.099080
     439000 -236.527748
     440000 -237.643194
     441000 -236.479975
     442000 -242.767230
     443000 -239.816855
     444000 -239.453055
     445000 -237.969165
     446000 -237.182022
     447000 -237.508166
     448000 -241.326422
     449000 -236.948199
     450000 -237.403177
     451000 -237.815632
     452000 -238.234002
     453000 -236.864575
     454000 -236.863443
     455000 -239.909505
     456000 -237.676506
     457000 -236.542419
     458000 -237.025714
     459000 -240.012651
     460000 -236.445626
     461000 -237.982345
     462000 -237.922279
     463000 -237.206709
     464000 -238.506059
     465000 -240.615410
     466000 -237.393113
     467000 -238.188881
     468000 -236.917817
     469000 -236.469508
     470000 -236.714845
     471000 -242.090465
     472000 -237.002411
     473000 -237.250242
     474000 -236.516567
     475000 -237.410862
     476000 -236.733158
     477000 -240.024339
     478000 -237.125734
     479000 -236.814497
     480000 -238.401173
     481000 -236.480335
     482000 -237.681088
     483000 -236.755933
     484000 -237.815333
     485000 -237.113099
     486000 -237.314947
     487000 -238.425991
     488000 -236.913379
     489000 -237.024266
     490000 -237.322392
     491000 -236.824922
     492000 -237.783348
     493000 -237.540382
     494000 -238.494842
     495000 -237.005177
     496000 -236.948585
     497000 -236.518007
     498000 -238.314419
     499000 -237.502383
     500000 -236.583066
     501000 -239.255645
     502000 -236.757922
     503000 -236.607593
     504000 -238.407237
     505000 -236.695230
     506000 -237.740979
     507000 -236.679819
     508000 -236.913025
     509000 -236.574977
     510000 -236.990498
     511000 -236.422900
     512000 -240.380241
     513000 -236.521382
     514000 -236.627086
     515000 -236.750010
     516000 -237.464816
     517000 -236.722393
     518000 -238.842752
     519000 -238.396778
     520000 -236.996418
     521000 -238.545591
     522000 -238.715067
     523000 -236.659883
     524000 -237.710088
     525000 -236.469397
     526000 -238.363781
     527000 -236.994670
     528000 -236.702434
     529000 -239.109080
     530000 -238.630654
     531000 -237.267514
     532000 -239.531148
     533000 -240.788314
     534000 -236.487423
     535000 -241.119994
     536000 -238.622682
     537000 -236.648023
     538000 -237.562359
     539000 -236.517745
     540000 -239.235062
     541000 -236.815263
     542000 -236.687207
     543000 -237.835690
     544000 -238.221465
     545000 -236.457847
     546000 -236.774862
     547000 -236.464586
     548000 -236.924543
     549000 -236.458411
     550000 -236.791240
     551000 -238.961925
     552000 -239.747928
     553000 -236.870667
     554000 -237.436500
     555000 -238.681289
     556000 -238.201177
     557000 -237.146552
     558000 -240.401028
     559000 -239.074950
     560000 -236.887191
     561000 -236.547198
     562000 -236.596509
     563000 -236.621656
     564000 -237.379823
     565000 -239.190032
     566000 -237.520774
     567000 -238.456138
     568000 -238.911238
     569000 -239.604962
     570000 -236.538391
     571000 -239.214563
     572000 -238.992921
     573000 -236.561029
     574000 -237.305457
     575000 -238.759896
     576000 -236.515531
     577000 -236.536490
     578000 -239.182234
     579000 -239.696596
     580000 -236.921983
     581000 -238.461149
     582000 -236.645667
     583000 -236.935778
     584000 -244.657536
     585000 -239.222860
     586000 -242.874163
     587000 -236.620668
     588000 -236.557019
     589000 -236.595979
     590000 -236.983168
     591000 -239.134720
     592000 -241.281294
     593000 -239.565412
     594000 -236.554583
     595000 -237.697062
     596000 -236.498828
     597000 -239.206103
     598000 -238.377547
     599000 -236.784387
     600000 -237.413172
     601000 -238.492018
     602000 -238.426157
     603000 -236.642706
     604000 -238.055978
     605000 -236.804065
     606000 -238.167962
     607000 -237.696237
     608000 -237.863187
     609000 -237.591501
     610000 -238.658538
     611000 -240.312338
     612000 -237.283679
     613000 -237.570465
     614000 -236.566649
     615000 -238.926467
     616000 -236.688680
     617000 -236.941932
     618000 -236.719633
     619000 -236.571454
     620000 -237.175997
     621000 -236.698720
     622000 -236.863159
     623000 -237.731323
     624000 -237.009274
     625000 -239.089893
     626000 -236.602401
     627000 -237.280461
     628000 -237.549289
     629000 -237.733188
     630000 -238.453423
     631000 -237.792010
     632000 -238.913880
     633000 -236.565840
     634000 -237.499053
     635000 -236.944435
     636000 -237.556593
     637000 -240.881680
     638000 -236.988735
     639000 -236.609920
     640000 -237.850942
     641000 -238.612961
     642000 -237.572876
     643000 -237.635485
     644000 -236.734697
     645000 -237.802473
     646000 -237.890068
     647000 -238.069350
     648000 -237.412103
     649000 -238.166233
     650000 -237.311676
     651000 -237.090544
     652000 -237.964331
     653000 -236.962874
     654000 -236.555528
     655000 -237.154103
     656000 -237.166933
     657000 -239.459115
     658000 -236.994027
     659000 -238.540074
     660000 -238.280355
     661000 -237.425771
     662000 -241.952206
     663000 -236.876034
     664000 -236.524532
     665000 -238.376605
     666000 -238.392302
     667000 -239.935791
     668000 -236.790261
     669000 -239.680879
     670000 -237.536583
     671000 -237.513915
     672000 -237.345865
     673000 -237.800103
     674000 -238.493521
     675000 -236.421312
     676000 -236.565550
     677000 -239.168275
     678000 -236.617688
     679000 -240.453882
     680000 -237.223669
     681000 -236.473622
     682000 -236.444707
     683000 -236.712445
     684000 -237.124112
     685000 -240.848162
     686000 -237.054801
     687000 -238.296822
     688000 -237.273526
     689000 -238.054848
     690000 -237.725065
     691000 -236.432812
     692000 -236.540128
     693000 -237.168376
     694000 -237.901965
     695000 -238.486760
     696000 -236.716678
     697000 -239.915334
     698000 -236.565403
     699000 -237.365116
     700000 -236.966880
     701000 -236.514083
     702000 -239.226068
     703000 -236.654986
     704000 -236.821078
     705000 -238.484235
     706000 -237.014259
     707000 -236.770089
     708000 -236.441898
     709000 -236.579635
     710000 -243.474746
     711000 -238.786439
     712000 -238.497013
     713000 -237.551082
     714000 -237.429985
     715000 -238.027994
     716000 -238.181619
     717000 -239.336257
     718000 -238.633207
     719000 -237.128162
     720000 -236.877815
     721000 -236.621657
     722000 -237.708287
     723000 -236.676506
     724000 -238.380073
     725000 -236.948991
     726000 -238.289128
     727000 -237.848139
     728000 -236.444789
     729000 -236.704671
     730000 -239.026618
     731000 -238.545605
     732000 -236.856652
     733000 -237.405137
     734000 -238.507457
     735000 -236.715778
     736000 -236.593763
     737000 -240.828221
     738000 -236.437379
     739000 -236.662849
     740000 -237.163103
     741000 -238.965869
     742000 -236.522748
     743000 -238.932247
     744000 -237.642619
     745000 -240.877380
     746000 -239.943899
     747000 -243.182650
     748000 -237.830099
     749000 -237.566126
     750000 -236.577991
     751000 -236.832698
     752000 -236.591018
     753000 -239.199741
     754000 -236.972841
     755000 -237.106035
     756000 -238.400605
     757000 -236.738773
     758000 -238.187596
     759000 -238.489963
     760000 -237.007991
     761000 -238.482254
     762000 -237.389262
     763000 -236.719318
     764000 -239.927974
     765000 -236.872259
     766000 -239.101166
     767000 -237.091951
     768000 -237.475050
     769000 -236.758518
     770000 -238.619864
     771000 -237.563154
     772000 -236.418928
     773000 -237.534070
     774000 -239.784309
     775000 -237.423425
     776000 -237.317724
     777000 -236.658342
     778000 -236.424890
     779000 -238.986977
     780000 -237.380746
     781000 -239.139054
     782000 -236.919435
     783000 -239.632266
     784000 -238.472256
     785000 -237.776120
     786000 -236.604137
     787000 -237.247882
     788000 -237.615658
     789000 -236.796848
     790000 -239.089821
     791000 -236.744691
     792000 -237.088352
     793000 -239.148363
     794000 -239.500172
     795000 -237.675307
     796000 -236.790725
     797000 -236.799446
     798000 -237.107141
     799000 -237.553531
     800000 -236.445920
     801000 -236.852595
     802000 -236.572315
     803000 -237.551217
     804000 -238.340445
     805000 -237.380817
     806000 -242.221342
     807000 -240.179479
     808000 -239.164546
     809000 -236.819451
     810000 -239.251300
     811000 -236.519807
     812000 -237.723513
     813000 -238.455967
     814000 -237.342460
     815000 -239.628571
     816000 -237.046188
     817000 -238.695821
     818000 -237.758091
     819000 -237.893201
     820000 -237.717531
     821000 -237.240902
     822000 -236.413755
     823000 -237.754702
     824000 -236.958233
     825000 -237.955533
     826000 -237.694043
     827000 -237.955512
     828000 -237.591872
     829000 -237.044132
     830000 -237.248488
     831000 -236.852137
     832000 -236.506092
     833000 -236.900285
     834000 -237.308227
     835000 -236.613529
     836000 -238.826197
     837000 -236.894634
     838000 -238.294368
     839000 -239.047068
     840000 -237.287921
     841000 -237.460243
     842000 -239.276018
     843000 -236.435805
     844000 -238.627247
     845000 -237.282143
     846000 -238.140514
     847000 -236.478249
     848000 -236.720441
     849000 -236.605438
     850000 -236.596633
     851000 -236.636508
     852000 -236.952600
     853000 -237.734520
     854000 -238.059634
     855000 -236.419978
     856000 -236.735779
     857000 -239.677743
     858000 -236.749481
     859000 -236.685119
     860000 -241.269780
     861000 -237.663722
     862000 -237.254913
     863000 -236.428742
     864000 -239.732587
     865000 -236.554810
     866000 -237.341249
     867000 -237.414721
     868000 -237.325269
     869000 -236.538808
     870000 -237.130554
     871000 -240.416464
     872000 -238.809089
     873000 -244.565115
     874000 -236.469969
     875000 -236.932323
     876000 -236.790775
     877000 -239.853008
     878000 -237.296186
     879000 -237.022409
     880000 -236.457440
     881000 -236.416863
     882000 -236.522935
     883000 -236.815919
     884000 -236.720127
     885000 -236.669057
     886000 -237.164584
     887000 -237.119972
     888000 -240.232332
     889000 -240.734353
     890000 -236.412434
     891000 -236.929996
     892000 -236.469119
     893000 -236.442983
     894000 -237.035069
     895000 -238.000784
     896000 -237.713351
     897000 -238.377006
     898000 -237.945249
     899000 -237.480609
     900000 -238.649970
     901000 -236.686044
     902000 -236.446029
     903000 -239.000827
     904000 -237.270672
     905000 -238.434947
     906000 -237.106971
     907000 -237.209228
     908000 -238.521705
     909000 -236.731974
     910000 -237.051823
     911000 -236.903707
     912000 -238.445066
     913000 -237.835318
     914000 -236.701603
     915000 -237.896462
     916000 -240.414056
     917000 -236.847850
     918000 -236.722636
     919000 -238.194294
     920000 -237.404884
     921000 -236.533225
     922000 -236.704944
     923000 -237.351687
     924000 -236.950163
     925000 -240.830489
     926000 -236.773532
     927000 -236.528148
     928000 -236.565017
     929000 -236.832578
     930000 -237.761208
     931000 -236.675175
     932000 -237.308665
     933000 -236.423714
     934000 -236.766139
     935000 -239.721602
     936000 -239.233594
     937000 -237.199343
     938000 -236.629850
     939000 -236.920527
     940000 -236.752690
     941000 -237.700254
     942000 -238.109015
     943000 -236.793095
     944000 -237.315699
     945000 -236.877820
     946000 -236.564936
     947000 -238.313424
     948000 -236.798732
     949000 -236.751630
     950000 -238.420706
     951000 -236.913375
     952000 -236.458690
     953000 -237.755783
     954000 -237.473622
     955000 -239.516424
     956000 -236.709225
     957000 -238.247236
     958000 -239.202373
     959000 -236.693357
     960000 -238.883994
     961000 -236.780235
     962000 -240.734974
     963000 -237.129292
     964000 -239.617139
     965000 -240.745667
     966000 -237.239568
     967000 -237.253150
     968000 -238.430478
     969000 -238.591033
     970000 -238.671005
     971000 -236.800100
     972000 -238.103839
     973000 -236.553531
     974000 -244.675666
     975000 -236.909793
     976000 -239.063287
     977000 -236.811797
     978000 -237.268215
     979000 -239.839548
     980000 -240.437952
     981000 -237.514266
     982000 -237.207650
     983000 -238.520078
     984000 -241.206702
     985000 -237.184726
     986000 -237.325234
     987000 -236.879778
     988000 -236.966205
     989000 -236.599894
     990000 -237.145567
     991000 -236.959763
     992000 -238.798728
     993000 -236.816224
     994000 -236.696505
     995000 -238.896633
     996000 -238.758032
     997000 -236.672990
     998000 -236.883126
     999000 -236.855894
    1000000 -238.366106
