       1000 -26983.225481
       2000 -26987.830087
       3000 -26983.028217
       4000 -26982.975322
       5000 -26984.740002
       6000 -26982.991089
       7000 -26983.206889
       8000 -26985.396743
       9000 -26983.192304
      10000 -26984.155704
      11000 -26986.419213
      12000 -26983.095582
      13000 -26982.981543
      14000 -26983.049764
      15000 -26984.768417
      16000 -26984.678803
      17000 -26984.564149
      18000 -26985.338660
      19000 -26986.263478
      20000 -26983.316303
      21000 -26983.482229
      22000 -26986.396543
      23000 -26983.482384
      24000 -26985.029504
      25000 -26985.767284
      26000 -26985.573476
      27000 -26982.985319
      28000 -26985.043156
      29000 -26983.006739
      30000 -26983.687146
      31000 -26985.630043
      32000 -26983.039067
      33000 -26983.018856
      34000 -26983.027055
      35000 -26983.091592
      36000 -26983.963938
      37000 -26984.501673
      38000 -26983.848010
      39000 -26987.266745
      40000 -26985.951594
      41000 -26983.162543
      42000 -26983.218387
      43000 -26983.108097
      44000 -26986.518736
      45000 -26984.709396
      46000 -26983.051037
      47000 -26986.071141
      48000 -26984.383779
      49000 -26984.282090
      50000 -26985.012244
      51000 -26983.913600
      52000 -26983.215642
      53000 -26985.347656
      54000 -26985.462255
      55000 -26991.277298
      56000 -26982.997065
      57000 -26986.078703
      58000 -26984.520222
      59000 -26982.983880
      60000 -26983.185140
      61000 -26983.148954
      62000 -26987.595089
      63000 -26986.397471
      64000 -26983.051655
      65000 -26986.991493
      66000 -26988.103819
      67000 -26986.259192
      68000 -26982.981642
      69000 -26984.266978
      70000 -26986.362344
      71000 -26983.042778
      72000 -26984.683439
      73000 -26983.010592
      74000 -26984.266940
      75000 -26983.112035
      76000 -26983.007109
      77000 -26985.187892
      78000 -26983.538396
      79000 -26984.262308
      80000 -26983.243860
      81000 -26984.039882
      82000 -26986.382049
      83000 -26984.616475
      84000 -26982.984126
      85000 -26984.693279
      86000 -26983.047687
      87000 -26983.766069
      88000 -26983.026753
      89000 -26984.585188
      90000 -26988.102204
      91000 -26984.174884
      92000 -26984.789588
      93000 -26982.976407
      94000 -26983.055872
      95000 -26986.304630
      96000 -26983.417849
      97000 -26982.979241
      98000 -26985.255897
      99000 -26984.273843
     100000 -26984.760967
     101000 -26983.005350
     102000 -26985.223056
     103000 -26984.510548
     104000 -26983.006680
     105000 -26985.307792
     106000 -26984.255320
     107000 -26982.977304
     108000 -26983.061215
     109000 -26982.982674
     110000 -26986.789163
     111000 -26983.057491
     112000 -26983.034709
     113000 -26984.271162
     114000 -26983.681378
     115000 -26983.237171
     116000 -26983.179925
     117000 -26983.169505
     118000 -26983.192090
     119000 -26983.031250
     120000 -26984.816629
     121000 -26984.631117
     122000 -26982.980516
     123000 -26984.572535
     124000 -26986.342108
     125000 -26984.911182
     126000 -26986.721340
     127000 -26986.998974
     128000 -26983.116136
     129000 -26985.216446
     130000 -26983.293895
     131000 -26984.042164
     132000 -26982.978717
     133000 -26985.409097
     134000 -26984.469797
     135000 -26984.843978
     136000 -26984.490923
     137000 -26983.147536
     138000 -26983.063326
     139000 -26984.735159
     140000 -26986.669747
     141000 -26988.319298
     142000 -26983.075124
     143000 -26983.159266
     144000 -26983.207681
     145000 -26986.572787
     146000 -26983.117584
     147000 -26984.443000
     148000 -26983.036004
     149000 -26983.045545
     150000 -26983.623193
     151000 -26985.139301
     152000 -26988.039956
     153000 -26983.325345
     154000 -26985.160965
     155000 -26985.741232
     156000 -26986.168776
     157000 -26982.974771
     158000 -26983.046823
     159000 -26986.731391
     160000 -26986.323709
     161000 -26985.497161
     162000 -26985.842360
     163000 -26984.029526
     164000 -26984.013274
     165000 -26986.566249
     166000 -26986.302327
     167000 -26984.062453
     168000 -26983.070716
     169000 -26984.522014
     170000 -26984.340839
     171000 -26983.466856
     172000 -26990.343858
     173000 -26984.659419
     174000 -26984.109964
     175000 -26985.380478
     176000 -26982.976091
     177000 -26983.283299
     178000 -26983.699139
     179000 -26985.952552
     180000 -26983.148647
     181000 -26984.472299
     182000 -26985.518891
     183000 -26988.314685
     184000 -26985.954021
     185000 -26984.858693
     186000 -26982.975675
     187000 -26983.519136
     188000 -26983.719625
     189000 -26984.077775
     190000 -26984.233433
     191000 -26984.230847
     192000 -26985.372287
     193000 -26983.293252
     194000 -26983.502823
     195000 -26983.475144
     196000 -26985.942731
     197000 -26986.460440
     198000 -26983.098648
     199000 -26982.977500
     200000 -26987.291611
     201000 -26982.977903
     202000 -26983.346200
     203000 -26983.233847
     204000 -26986.289557
     205000 -26983.414901
     206000 -26984.867434
     207000 -26983.097418
     208000 -26983.305252
     209000 -26982.974750
     210000 -26982.990012
     211000 -26983.068996
     212000 -26984.845493
     213000 -26982.977012
     214000 -26984.722659
     215000 -26985.223389
     216000 -26983.415715
     217000 -26986.430029
     218000 -26986.877769
     219000 -26983.228169
     220000 -26983.233184
     221000 -26985.155788
     222000 -26990.016531
     223000 -26983.183919
     224000 -26983.343911
     225000 -26982.993825
     226000 -26983.072379
     227000 -26984.566067
     228000 -26983.136084
     229000 -26988.493882
     230000 -26984.709852
     231000 -26985.381400
     232000 -26984.542518
     233000 -26983.382322
     234000 -26986.140396
     235000 -26983.005375
     236000 -26984.274040
     237000 -26983.007908
     238000 -26984.971458
     239000 -26984.894774
     240000 -26985.586501
     241000 -26985.626730
     242000 -26983.081280
     243000 -26982.975089
     244000 -26986.020101
     245000 -26984.723035
     246000 -26987.095290
     247000 -26984.470476
     248000 -26983.088427
     249000 -26983.347809
     250000 -26982.985289
     251000 -26986.630165
     252000 -26985.400007
     253000 -26983.120933
     254000 -26983.365193
     255000 -26983.217604
     256000 -26986.369678
     257000 -26983.060783
     258000 -26985.076606
     259000 -26986.596056
     260000 -26985.438711
     261000 -26986.693667
     262000 -26983.101152
     263000 -26985.367661
     264000 -26983.539064
     265000 -26984.668462
     266000 -26982.975150
     267000 -26983.050635
     268000 -26983.046016
     269000 -26983.012966
     270000 -26986.365816
     271000 -26986.192779
     272000 -26983.006265
     273000 -26982.979588
     274000 -26988.153237
     275000 -26984.292084
     276000 -26983.333632
     277000 -26983.116593
     278000 -26987.759798
     279000 -26983.676514
     280000 -26983.456488
     281000 -26984.772746
     282000 -26983.038267
     283000 -26983.505679
     284000 -26983.380084
     285000 -26984.142277
     286000 -26985.394571
     287000 -26983.350740
     288000 -26982.995251
     289000 -26987.085677
     290000 -26988.394985
     291000 -26983.242051
     292000 -26986.595518
     293000 -26983.086943
     294000 -26984.313074
     295000 -26986.338634
     296000 -26983.233731
     297000 -26982.980158
     298000 -26983.008717
     299000 -26985.539131
     300000 -26983.084239
     301000 -26983.160437
     302000 -26983.247268
     303000 -26983.268564
     304000 -26986.872280
     305000 -26986.169003
     306000 -26985.127167
     307000 -26985.394642
     308000 -26989.663055
     309000 -26982.976372
     310000 -26985.556920
     311000 -26983.255790
     312000 -26984.049138
     313000 -26984.979317
     314000 -26986.059913
     315000 -26983.703142
     316000 -26985.931554
     317000 -26985.106300
     318000 -26983.045437
     319000 -26985.255912
     320000 -26984.569976
     321000 -26986.368193
     322000 -26984.497933
     323000 -26986.373663
     324000 -26983.363887
     325000 -26983.539651
     326000 -26983.632375
     327000 -26983.084101
     328000 -26986.573720
     329000 -26985.400335
     330000 -26983.151203
     331000 -26982.999830
     332000 -26983.355795
     333000 -26983.346659
     334000 -26983.111630
     335000 -26987.495745
     336000 -26983.221787
     337000 -26985.286247
     338000 -26983.134662
     339000 -26985.766077
     340000 -26988.043956
     341000 -26983.234050
     342000 -26985.066132
     343000 -26983.066242
     344000 -26984.688247
     345000 -26985.413466
     346000 -26984.680847
     347000 -26988.872727
     348000 -26987.200158
     349000 -26985.658586
     350000 -26983.077696
     351000 -26984.808699
     352000 -26983.058228
     353000 -26984.586915
     354000 -26984.735903
     355000 -26985.635588
     356000 -26983.147325
     357000 -26987.036866
     358000 -26984.646373
     359000 -26983.928241
     360000 -26986.444057
     361000 -26984.550174
     362000 -26985.363579
     363000 -26984.726209
     364000 -26984.768795
     365000 -26982.993393
     366000 -26986.841126
     367000 -26988.409213
     368000 -26985.443364
     369000 -26983.080596
     370000 -26984.896978
     371000 -26983.007172
     372000 -26983.534729
     373000 -26984.230873
     374000 -26986.227449
     375000 -26984.949775
     376000 -26985.134558
     377000 -26983.231646
     378000 -26983.992471
     379000 -26983.173795
     380000 -26983.140060
     381000 -26984.835971
     382000 -26984.791693
     383000 -26983.014772
     384000 -26983.783734
     385000 -26983.363259
     386000 -26983.943699
     387000 -26983.036011
     388000 -26985.690543
     389000 -26985.942239
     390000 -26983.015762
     391000 -26985.229804
     392000 -26983.804367
     393000 -26983.582853
     394000 -26983.007900
     395000 -26982.974761
     396000 -26984.749558
     397000 -26983.019563
     398000 -26984.785366
     399000 -26984.303285
     400000 -26988.008681
     401000 -26983.090674
     402000 -26983.075453
     403000 -26983.070038
     404000 -26983.048308
     405000 -26986.144544
     406000 -26983.627444
     407000 -26984.801908
     408000 -26983.031567
     409000 -26984.271053
     410000 -26983.128027
     411000 -26983.887812
     412000 -26986.225776
     413000 -26983.025090
     414000 -26983.629011
     415000 -26983.064097
     416000 -26983.576296
     417000 -26983.004125
     418000 -26984.667552
     419000 -26983.009654
     420000 -26983.003212
     421000 -26983.054271
     422000 -26983.008312
     423000 -26982.981194
     424000 -26983.535960
     425000 -26985.210087
     426000 -26983.991095
     427000 -26983.341955
     428000 -26983.466079
     429000 -26984.540233
     430000 -26985.958630
     431000 -26985.558136
     432000 -26983.123317
     433000 -26983.522413
     434000 -26985.909840
     435000 -26986.034041
     436000 -26983.716017
     437000 -26984.467951
     438000 -26983.556734
     439000 -26983.299320
     440000 -26985.171941
     441000 -26984.500150
     442000 -26983.001449
     443000 -26983.256701
     444000 -26983.047262
     445000 -26983.038385
     446000 -26983.034102
     447000 -26987.608322
     448000 -26983.722312
     449000 -26983.016026
     450000 -26983.044644
     451000 -26985.648263
     452000 -26983.416316
     453000 -26986.317666
     454000 -26983.181361
     455000 -26984.688982
     456000 -26984.385338
     457000 -26983.210187
     458000 -26984.295950
     459000 -26987.638401
     460000 -26983.171585
     461000 -26984.699543
     462000 -26988.156279
     463000 -26983.132302
     464000 -26983.078315
     465000 -26984.177147
     466000 -26984.847094
     467000 -26983.329329
     468000 -26982.983892
     469000 -26984.468066
     470000 -26983.246168
     471000 -26988.497133
     472000 -26983.302481
     473000 -26983.253499
     474000 -26984.653121
     475000 -26983.593475
     476000 -26984.794588
     477000 -26983.138990
     478000 -26985.797502
     479000 -26983.418291
     480000 -26983.211644
     481000 -26983.111758
     482000 -26986.004824
     483000 -26991.784759
     484000 -26986.224646
     485000 -26983.012831
     486000 -26985.087576
     487000 -26984.971706
     488000 -26986.668481
     489000 -26984.028468
     490000 -26983.190939
     491000 -26983.609987
     492000 -26983.420418
     493000 -26987.128429
     494000 -26984.266976
     495000 -26985.948135
     496000 -26984.308304
     497000 -26984.874387
     498000 -26985.178547
     499000 -26983.149093
     500000 -26985.931468
     501000 -26986.135369
     502000 -26982.978213
     503000 -26983.033489
     504000 -26982.980759
     505000 -26983.543221
     506000 -26986.439299
     507000 -26985.395717
     508000 -26982.977935
     509000 -26983.039821
     510000 -26983.034657
     511000 -26983.646928
     512000 -26984.524285
     513000 -26982.976712
     514000 -26983.268066
     515000 -26983.486892
     516000 -26983.769435
     517000 -26983.124506
     518000 -26986.482702
     519000 -26983.991015
     520000 -26983.145037
     521000 -26983.452430
     522000 -26988.327802
     523000 -26984.675613
     524000 -26983.090849
     525000 -26982.988095
     526000 -26985.810770
     527000 -26985.521401
     528000 -26986.717357
     529000 -26983.892965
     530000 -26983.004569
     531000 -26985.430467
     532000 -26984.706318
     533000 -26986.658490
     534000 -26983.098557
     535000 -26983.201274
     536000 -26986.757332
     537000 -26988.010849
     538000 -26984.670984
     539000 -26983.188146
     540000 -26982.997698
     541000 -26982.988349
     542000 -26988.192783
     543000 -26985.089347
     544000 -26989.679169
     545000 -26983.185482
     546000 -26982.996855
     547000 -26983.096312
     548000 -26985.106083
     549000 -26983.396439
     550000 -26984.982721
     551000 -26983.635752
     552000 -26985.212610
     553000 -26983.072054
     554000 -26985.306741
     555000 -26983.849694
     556000 -26985.310676
     557000 -26983.731076
     558000 -26983.252311
     559000 -26983.601297
     560000 -26986.102711
     561000 -26982.974761
     562000 -26983.628668
     563000 -26983.085856
     564000 -26986.917121
     565000 -26986.213811
     566000 -26983.533148
     567000 -26985.466678
     568000 -26984.013760
     569000 -26983.011981
     570000 -26983.039952
     571000 -26985.553408
     572000 -26983.010034
     573000 -26984.587713
     574000 -26985.249661
     575000 -26985.493575
     576000 -26984.540198
     577000 -26983.190373
     578000 -26986.141407
     579000 -26984.497594
     580000 -26983.002124
     581000 -26987.774837
     582000 -26986.575435
     583000 -26984.606842
     584000 -26984.803455
     585000 -26983.013402
     586000 -26986.256497
     587000 -26988.040086
     588000 -26983.056535
     589000 -26983.799296
     590000 -26984.034062
     591000 -26983.619472
     592000 -26983.181662
     593000 -26983.495051
     594000 -26983.058247
     595000 -26983.071145
     596000 -26985.603928
     597000 -26983.009607
     598000 -26984.715188
     599000 -26983.178837
     600000 -26983.237528
     601000 -26983.021378
     602000 -26982.991739
     603000 -26985.488800
     604000 -26983.642513
     605000 -26983.110096
     606000 -26986.145342
     607000 -26983.078014
     608000 -26983.427277
     609000 -26984.212843
     610000 -26985.485052
     611000 -26983.473823
     612000 -26985.387234
     613000 -26983.089082
     614000 -26985.331042
     615000 -26984.435010
     616000 -26986.365966
     617000 -26984.667864
     618000 -26986.374592
     619000 -26984.470982
     620000 -26985.121013
     621000 -26983.245279
     622000 -26982.975564
     623000 -26986.398133
     624000 -26986.667341
     625000 -26983.338400
     626000 -26986.615830
     627000 -26983.004726
     628000 -26983.935671
     629000 -26988.647524
     630000 -26985.274728
     631000 -26986.157015
     632000 -26984.084100
     633000 -26984.732117
     634000 -26983.817148
     635000 -26985.479894
     636000 -26983.191649
     637000 -26984.199588
     638000 -26983.036395
     639000 -26984.314894
     640000 -26983.390342
     641000 -26987.546543
     642000 -26987.183487
     643000 -26990.112908
     644000 -26983.109245
     645000 -26983.364938
     646000 -26985.485468
     647000 -26983.036032
     648000 -26983.011283
     649000 -26984.065659
     650000 -26983.007721
     651000 -26984.266219
     652000 -26986.543564
     653000 -26984.684385
     654000 -26983.048617
     655000 -26983.101975
     656000 -26986.210656
     657000 -26984.004843
     658000 -26985.906969
     659000 -26985.730668
     660000 -26985.215161
     661000 -26986.693022
     662000 -26984.684861
     663000 -26984.334332
     664000 -26983.116791
     665000 -26989.310848
     666000 -26983.962505
     667000 -26985.430386
     668000 -26983.651119
     669000 -26983.064172
     670000 -26983.361465
     671000 -26983.788094
     672000 -26985.561496
     673000 -26987.741718
     674000 -26984.528368
     675000 -26983.221757
     676000 -26983.267061
     677000 -26985.352450
     678000 -26983.235027
     679000 -26993.499875
     680000 -26985.179469
     681000 -26985.537780
     682000 -26983.007107
     683000 -26983.177287
     684000 -26986.041192
     685000 -26984.279441
     686000 -26983.890331
     687000 -26983.006830
     688000 -26982.996774
     689000 -26982.978934
     690000 -26983.109680
     691000 -26982.987344
     692000 -26984.265883
     693000 -26986.182761
     694000 -26983.140733
     695000 -26984.966741
     696000 -26983.090190
     697000 -26986.089077
     698000 -26983.118627
     699000 -26985.432779
     700000 -26983.005448
     701000 -26983.140684
     702000 -26985.109389
     703000 -26983.511381
     704000 -26983.589334
     705000 -26983.462062
     706000 -26984.906418
     707000 -26983.044113
     708000 -26983.314402
     709000 -26985.334127
     710000 -26982.993867
     711000 -26983.694540
     712000 -26983.144662
     713000 -26985.964103
     714000 -26986.424850
     715000 -26986.983048
     716000 -26984.687222
     717000 -26983.287138
     718000 -26987.799765
     719000 -26983.273941
     720000 -26988.342158
     721000 -26984.872541
     722000 -26983.272554
     723000 -26982.998775
     724000 -26983.122849
     725000 -26987.659139
     726000 -26983.037577
     727000 -26986.662017
     728000 -26990.492206
     729000 -26985.248466
     730000 -26982.974750
     731000 -26984.240455
     732000 -26982.984610
     733000 -26984.681517
     734000 -26986.903973
     735000 -26984.321370
     736000 -26983.018309
     737000 -26982.992626
     738000 -26983.181606
     739000 -26985.728127
     740000 -26985.210285
     741000 -26988.026056
     742000 -26983.087409
     743000 -26983.343339
     744000 -26982.988568
     745000 -26985.720330
     746000 -26983.007947
     747000 -26985.627804
     748000 -26983.290519
     749000 -26982.989880
     750000 -26982.982944
     751000 -26984.756110
     752000 -26982.994952
     753000 -26988.340306
     754000 -26987.128308
     755000 -26985.130490
     756000 -26983.517900
     757000 -26985.390242
     758000 -26983.129141
     759000 -26984.771550
     760000 -26987.985034
     761000 -26986.388740
     762000 -26986.226459
     763000 -26984.668083
     764000 -26983.093527
     765000 -26983.166973
     766000 -26984.470062
     767000 -26984.183654
     768000 -26983.107719
     769000 -26982.984179
     770000 -26983.047323
     771000 -26984.755371
     772000 -26984.694974
     773000 -26984.690567
     774000 -26983.745419
     775000 -26983.094522
     776000 -26982.999753
     777000 -26986.414290
     778000 -26983.285003
     779000 -26983.976220
     780000 -26985.134168
     781000 -26987.989319
     782000 -26986.468324
     783000 -26984.265880
     784000 -26984.047623
     785000 -26988.688656
     786000 -26983.594285
     787000 -26984.207377
     788000 -26983.028701
     789000 -26986.590119
     790000 -26986.057063
     791000 -26984.870856
     792000 -26982.994821
     793000 -26983.394307
     794000 -26983.074257
     795000 -26982.997838
     796000 -26984.038878
     797000 -26982.977479
     798000 -26984.410958
     799000 -26985.327397
     800000 -26985.165637
     801000 -26982.999412
     802000 -26986.152614
     803000 -26984.077597
     804000 -26983.707268
     805000 -26985.046366
     806000 -26985.345624
     807000 -26985.922055
     808000 -26983.148110
     809000 -26983.671359
     810000 -26986.104384
     811000 -26983.011169
     812000 -26985.639194
     813000 -26983.261955
     814000 -26983.052289
     815000 -26983.163965
     816000 -26984.620842
     817000 -26983.942802
     818000 -26985.889852
     819000 -26983.032879
     820000 -26984.774906
     821000 -26983.370604
     822000 -26986.590479
     823000 -26983.032496
     824000 -26983.098097
     825000 -26983.284268
     826000 -26984.236124
     827000 -26983.937870
     828000 -26983.076415
     829000 -26983.535441
     830000 -26982.975439
     831000 -26983.176785
     832000 -26983.108767
     833000 -26986.262427
     834000 -26984.189196
     835000 -26985.344037
     836000 -26983.177071
     837000 -26983.738281
     838000 -26983.382435
     839000 -26989.940744
     840000 -26983.284058
     841000 -26984.437896
     842000 -26985.138805
     843000 -26987.445208
     844000 -26987.898854
     845000 -26982.989927
     846000 -26983.075254
     847000 -26985.640413
     848000 -26983.277452
     849000 -26986.444463
     850000 -26984.530837
     851000 -26983.048135
     852000 -26982.978097
     853000 -26983.172834
     854000 -26984.740178
     855000 -26983.038123
     856000 -26983.256306
     857000 -26983.995909
     858000 -26988.422365
     859000 -26983.024397
     860000 -26983.128723
     861000 -26983.544657
     862000 -26985.307439
     863000 -26984.212951
     864000 -26986.168818
     865000 -26983.487437
     866000 -26983.026279
     867000 -26987.128052
     868000 -26984.809037
     869000 -26985.492480
     870000 -26986.003852
     871000 -26985.589181
     872000 -26987.817276
     873000 -26983.950155
     874000 -26984.484447
     875000 -26984.063328
     876000 -26985.157428
     877000 -26986.097639
     878000 -26985.440811
     879000 -26984.677214
     880000 -26982.976282
     881000 -26988.383625
     882000 -26983.040035
     883000 -26985.737730
     884000 -26983.370047
     885000 -26983.544288
     886000 -26986.373431
     887000 -26985.673211
     888000 -26983.466432
     889000 -26983.053022
     890000 -26984.472464
     891000 -26985.191454
     892000 -26983.017814
     893000 -26983.271870
     894000 -26985.910846
     895000 -26984.472139
     896000 -26984.922819
     897000 -26983.665232
     898000 -26988.334821
     899000 -26983.132919
     900000 -26985.461913
     901000 -26982.975084
     902000 -26983.023144
     903000 -26982.987292
     904000 -26983.557291
     905000 -26984.467924
     906000 -26983.681548
     907000 -26985.526790
     908000 -26983.521362
     909000 -26984.957664
     910000 -26985.110558
     911000 -26985.854166
     912000 -26983.017963
     913000 -26986.072989
     914000 -26983.514720
     915000 -26983.472294
     916000 -26986.669303
     917000 -26983.062885
     918000 -26984.596132
     919000 -26984.349732
     920000 -26983.038681
     921000 -26983.013035
     922000 -26985.556773
     923000 -26985.783314
     924000 -26982.976332
     925000 -26983.332378
     926000 -26984.764037
     927000 -26983.458057
     928000 -26984.707584
     929000 -26983.092060
     930000 -26986.134275
     931000 -26983.209368
     932000 -26985.869779
     933000 -26984.265786
     934000 -26983.011695
     935000 -26985.786636
     936000 -26982.992790
     937000 -26982.984598
     938000 -26983.175750
     939000 -26986.164956
     940000 -26983.261623
     941000 -26983.073897
     942000 -26985.583070
     943000 -26983.100308
     944000 -26986.832791
     945000 -26985.758120
     946000 -26982.979933
     947000 -26986.895866
     948000 -26983.002106
     949000 -26984.694259
     950000 -26984.519348
     951000 -26983.199678
     952000 -26985.110674
     953000 -26986.429142
     954000 -26984.640209
     955000 -26983.194393
     956000 -26983.028539
     957000 -26983.726449
     958000 -26985.026602
     959000 -26984.270648
     960000 -26983.435019
     961000 -26983.092506
     962000 -26983.085129
     963000 -26984.341859
     964000 -26983.027166
     965000 -26983.063544
     966000 -26982.985717
     967000 -26984.277181
     968000 -26986.472332
     969000 -26983.088196
     970000 -26984.732635
     971000 -26984.747020
     972000 -26982.983266
     973000 -26984.718940
     974000 -26984.270635
     975000 -26989.660926
     976000 -26984.940142
     977000 -26983.004105
     978000 -26983.012482
     979000 -26984.959357
     980000 -26985.341997
     981000 -26983.243381
     982000 -26983.882662
     983000 -26989.806552
     984000 -26986.106000
     985000 -26983.201405
     986000 -26983.998940
     987000 -26983.417373
     988000 -26985.357384
     989000 -26983.096708
     990000 -26984.278216
     991000 -26985.120789
     992000 -26984.983890
     993000 -26983.290743
     994000 -26983.087787
     995000 -26983.319282
     996000 -26984.471405
     997000 -26985.931598
     998000 -26984.272781
     999000 -26983.340654
    1000000 -26984.551729
    1001000 -26983.017430
    1002000 -26984.165964
    1003000 -26986.797692
    1004000 -26985.154870
    1005000 -26983.004995
    1006000 -26987.085919
    1007000 -26982.976648
    1008000 -26984.413867
    1009000 -26987.294484
    1010000 -26984.850571
    1011000 -26983.066479
    1012000 -26984.946765
    1013000 -26985.532451
    1014000 -26983.023543
    1015000 -26984.680985
    1016000 -26985.306343
    1017000 -26984.504921
    1018000 -26985.951473
    1019000 -26983.101354
    1020000 -26984.467938
    1021000 -26986.020727
    1022000 -26985.393265
    1023000 -26986.356777
    1024000 -26982.974752
    1025000 -26988.905422
    1026000 -26983.155999
    1027000 -26986.244512
    1028000 -26986.057498
    1029000 -26986.466099
    1030000 -26986.648521
    1031000 -26983.054534
    1032000 -26983.065420
    1033000 -26985.016079
    1034000 -26986.164682
    1035000 -26983.179662
    1036000 -26983.084206
    1037000 -26982.991800
    1038000 -26983.209779
    1039000 -26985.108070
    1040000 -26983.101039
    1041000 -26983.451639
    1042000 -26984.692269
    1043000 -26983.500265
    1044000 -26983.771445
    1045000 -26984.994780
    1046000 -26983.076777
    1047000 -26983.053512
    1048000 -26984.676866
    1049000 -26984.859964
    1050000 -26984.269625
    1051000 -26986.127942
    1052000 -26984.501762
    1053000 -26985.169751
    1054000 -26983.069402
    1055000 -26983.054735
    1056000 -26983.224191
    1057000 -26985.011214
    1058000 -26983.020710
    1059000 -26983.377544
    1060000 -26983.242296
    1061000 -26982.982694
    1062000 -26986.404909
    1063000 -26983.131858
    1064000 -26983.715259
    1065000 -26985.948821
    1066000 -26987.794565
    1067000 -26985.416226
    1068000 -26985.488316
    1069000 -26984.726992
    1070000 -26985.028860
    1071000 -26985.193265
    1072000 -26986.178139
    1073000 -26986.383475
    1074000 -26987.635218
    1075000 -26982.997066
    1076000 -26984.591632
    1077000 -26985.293364
    1078000 -26983.055148
    1079000 -26983.007020
    1080000 -26985.319669
    1081000 -26983.235637
    1082000 -26984.705589
    1083000 -26983.406953
    1084000 -26982.982933
    1085000 -26988.073024
    1086000 -26982.982485
    1087000 -26982.998845
    1088000 -26983.643805
    1089000 -26987.903705
    1090000 -26984.551689
    1091000 -26990.824945
    1092000 -26984.470828
    1093000 -26984.063810
    1094000 -26983.106882
    1095000 -26985.223713
    1096000 -26984.822101
    1097000 -26983.084672
    1098000 -26984.725764
    1099000 -26983.326137
    1100000 -26982.987280
    1101000 -26984.190169
    1102000 -26983.504435
    1103000 -26984.642968
    1104000 -26983.007425
    1105000 -26983.189464
    1106000 -26983.201363
    1107000 -26987.115314
    1108000 -26982.998137
    1109000 -26984.690671
    1110000 -26985.031760
    1111000 -26982.979320
    1112000 -26983.015047
    1113000 -26984.476641
    1114000 -26984.925102
    1115000 -26984.811182
    1116000 -26984.189143
    1117000 -26984.633711
    1118000 -26983.221669
    1119000 -26983.063939
    1120000 -26984.391291
    1121000 -26983.040072
    1122000 -26983.820510
    1123000 -26983.205143
    1124000 -26986.367356
    1125000 -26985.157559
    1126000 -26983.215680
    1127000 -26984.001810
    1128000 -26985.147061
    1129000 -26982.976089
    1130000 -26983.030198
    1131000 -26984.531199
    1132000 -26983.527518
    1133000 -26983.294359
    1134000 -26984.336541
    1135000 -26983.223368
    1136000 -26983.353376
    1137000 -26986.131373
    1138000 -26984.697997
    1139000 -26983.120663
    1140000 -26983.893593
    1141000 -26983.193828
    1142000 -26983.127622
    1143000 -26986.633152
    1144000 -26984.294524
    1145000 -26983.216835
    1146000 -26983.010298
    1147000 -26985.164053
    1148000 -26984.465683
    1149000 -26983.127026
    1150000 -26984.795160
    1151000 -26985.821372
    1152000 -26986.141006
    1153000 -26985.526137
    1154000 -26983.830546
    1155000 -26985.502923
    1156000 -26983.570615
    1157000 -26985.374244
    1158000 -26985.841162
    1159000 -26983.079606
    1160000 -26983.499393
    1161000 -26984.746805
    1162000 -26982.974752
    1163000 -26986.589622
    1164000 -26984.065732
    1165000 -26983.329718
    1166000 -26985.127977
    1167000 -26987.257480
    1168000 -26984.640236
    1169000 -26983.667982
    1170000 -26983.563581
    1171000 -26985.708604
    1172000 -26986.326711
    1173000 -26983.623799
    1174000 -26983.882189
    1175000 -26984.764852
    1176000 -26986.233496
    1177000 -26983.188932
    1178000 -26984.684397
    1179000 -26983.414519
    1180000 -26984.321045
    1181000 -26985.647811
    1182000 -26986.983115
    1183000 -26984.840726
    1184000 -26983.189209
    1185000 -26987.915304
    1186000 -26984.281614
    1187000 -26983.025975
    1188000 -26985.543079
    1189000 -26982.990541
    1190000 -26983.080370
    1191000 -26982.978457
    1192000 -26984.960766
    1193000 -26986.471091
    1194000 -26985.530861
    1195000 -26984.893155
    1196000 -26983.549315
    1197000 -26983.130879
    1198000 -26983.511302
    1199000 -26984.614780
    1200000 -26984.640981
    1201000 -26983.773551
    1202000 -26983.803728
    1203000 -26982.981156
    1204000 -26983.005114
    1205000 -26984.270610
    1206000 -26983.800002
    1207000 -26984.934759
    1208000 -26983.045179
    1209000 -26984.293657
    1210000 -26983.680824
    1211000 -26983.103583
    1212000 -26985.311914
    1213000 -26984.016059
    1214000 -26984.529263
    1215000 -26983.111207
    1216000 -26983.383297
    1217000 -26984.721102
    1218000 -26983.341650
    1219000 -26983.403628
    1220000 -26985.064993
    1221000 -26983.019393
    1222000 -26982.979118
    1223000 -26984.720104
    1224000 -26983.009629
    1225000 -26984.487594
    1226000 -26983.338440
    1227000 -26985.962037
    1228000 -26983.060102
    1229000 -26983.484585
    1230000 -26983.102703
    1231000 -26985.157978
    1232000 -26984.716529
    1233000 -26984.509793
    1234000 -26985.306667
    1235000 -26985.459662
    1236000 -26986.007603
    1237000 -26982.977736
    1238000 -26985.947354
    1239000 -26983.401540
    1240000 -26984.409417
    1241000 -26983.048242
    1242000 -26985.704807
    1243000 -26984.692767
    1244000 -26984.686184
    1245000 -26984.546082
    1246000 -26985.335237
    1247000 -26983.305524
    1248000 -26983.118672
    1249000 -26983.101974
    1250000 -26983.044682
    1251000 -26990.202943
    1252000 -26983.042675
    1253000 -26983.205305
    1254000 -26987.028882
    1255000 -26986.223256
    1256000 -26984.706285
    1257000 -26986.789585
    1258000 -26985.010393
    1259000 -26986.453874
    1260000 -26984.770146
    1261000 -26983.784847
    1262000 -26986.754784
    1263000 -26984.309033
    1264000 -26983.442716
    1265000 -26986.179081
    1266000 -26985.271296
    1267000 -26983.511408
    1268000 -26983.016661
    1269000 -26984.351686
    1270000 -26986.698320
    1271000 -26982.978319
    1272000 -26983.881867
    1273000 -26984.266870
    1274000 -26983.079162
    1275000 -26983.045509
    1276000 -26986.920770
    1277000 -26983.197335
    1278000 -26984.774986
    1279000 -26985.743104
    1280000 -26985.115355
    1281000 -26984.045541
    1282000 -26983.566138
    1283000 -26987.090024
    1284000 -26983.430682
    1285000 -26985.757708
    1286000 -26983.873112
    1287000 -26983.024534
    1288000 -26983.042857
    1289000 -26986.710603
    1290000 -26985.414266
    1291000 -26985.149953
    1292000 -26986.818760
    1293000 -26983.015285
    1294000 -26983.343547
    1295000 -26990.071078
    1296000 -26983.318992
    1297000 -26983.141877
    1298000 -26986.233880
    1299000 -26983.095830
    1300000 -26984.754139
    1301000 -26984.779116
    1302000 -26983.195870
    1303000 -26983.740121
    1304000 -26984.935935
    1305000 -26990.664977
    1306000 -26987.092510
    1307000 -26987.018388
    1308000 -26987.858418
    1309000 -26983.163049
    1310000 -26983.056653
    1311000 -26985.716553
    1312000 -26983.503006
    1313000 -26984.906769
    1314000 -26983.219875
    1315000 -26986.362645
    1316000 -26985.171329
    1317000 -26987.862843
    1318000 -26983.384507
    1319000 -26983.342336
    1320000 -26984.828294
    1321000 -26985.127339
    1322000 -26985.765354
    1323000 -26985.224907
    1324000 -26985.196998
    1325000 -26982.976885
    1326000 -26983.636495
    1327000 -26983.317795
    1328000 -26985.214881
    1329000 -26984.704028
    1330000 -26986.488905
    1331000 -26985.189804
    1332000 -26984.278435
    1333000 -26985.140296
    1334000 -26983.058430
    1335000 -26985.169483
    1336000 -26983.412844
    1337000 -26983.037800
    1338000 -26982.996680
    1339000 -26985.944925
    1340000 -26986.673949
    1341000 -26985.301811
    1342000 -26986.817154
    1343000 -26986.877194
    1344000 -26984.504813
    1345000 -26985.436218
    1346000 -26985.290243
    1347000 -26983.298349
    1348000 -26983.605534
    1349000 -26985.545795
    1350000 -26983.036050
    1351000 -26983.296306
    1352000 -26983.201307
    1353000 -26985.402911
    1354000 -26984.783166
    1355000 -26985.346903
    1356000 -26982.989608
    1357000 -26984.647800
    1358000 -26985.136756
    1359000 -26983.032273
    1360000 -26983.554455
    1361000 -26983.882038
    1362000 -26983.173952
    1363000 -26984.720771
    1364000 -26983.034920
    1365000 -26984.478473
    1366000 -26986.365928
    1367000 -26982.989840
    1368000 -26983.126789
    1369000 -26985.864303
    1370000 -26984.528722
    1371000 -26984.528752
    1372000 -26983.359070
    1373000 -26985.556241
    1374000 -26985.925391
    1375000 -26984.235460
    1376000 -26984.477920
    1377000 -26983.095114
    1378000 -26983.030415
    1379000 -26983.112889
    1380000 -26985.118382
    1381000 -26983.504235
    1382000 -26984.163129
    1383000 -26982.992273
    1384000 -26985.293658
    1385000 -26983.483010
    1386000 -26983.013099
    1387000 -26984.669770
    1388000 -26983.821412
    1389000 -26983.049412
    1390000 -26986.189151
    1391000 -26983.210439
    1392000 -26982.978406
    1393000 -26985.580855
    1394000 -26982.975149
    1395000 -26984.151903
    1396000 -26984.290520
    1397000 -26983.311767
    1398000 -26983.207476
    1399000 -26983.794252
    1400000 -26984.598255
    1401000 -26984.947344
    1402000 -26985.025991
    1403000 -26984.503835
    1404000 -26983.059321
    1405000 -26983.004061
    1406000 -26987.802267
    1407000 -26983.724590
    1408000 -26984.825830
    1409000 -26983.660973
    1410000 -26983.127730
    1411000 -26983.046781
    1412000 -26987.122441
    1413000 -26984.423589
    1414000 -26984.651640
    1415000 -26988.333878
    1416000 -26983.116298
    1417000 -26983.035513
    1418000 -26983.624431
    1419000 -26983.289898
    1420000 -26984.687315
    1421000 -26985.118188
    1422000 -26983.019864
    1423000 -26986.112265
    1424000 -26983.088924
    1425000 -26984.723783
    1426000 -26983.109737
    1427000 -26983.083921
    1428000 -26983.133525
    1429000 -26983.056900
    1430000 -26983.349058
    1431000 -26984.059221
    1432000 -26988.499665
    1433000 -26986.363630
    1434000 -26983.385830
    1435000 -26986.014285
    1436000 -26985.097629
    1437000 -26983.662310
    1438000 -26982.987840
    1439000 -26985.401352
    1440000 -26983.051681
    1441000 -26983.652009
    1442000 -26983.406826
    1443000 -26984.685679
    1444000 -26983.015728
    1445000 -26984.679449
    1446000 -26983.638906
    1447000 -26983.293391
    1448000 -26986.444261
    1449000 -26984.050266
    1450000 -26983.035860
    1451000 -26985.667804
    1452000 -26983.032409
    1453000 -26985.030511
    1454000 -26983.105701
    1455000 -26983.041432
    1456000 -26982.990674
    1457000 -26985.187995
    1458000 -26983.403927
    1459000 -26985.939961
    1460000 -26986.084098
    1461000 -26984.791017
    1462000 -26985.755952
    1463000 -26986.460702
    1464000 -26983.360383
    1465000 -26983.102088
    1466000 -26983.197843
    1467000 -26983.214257
    1468000 -26983.583981
    1469000 -26983.108518
    1470000 -26985.488025
    1471000 -26983.153288
    1472000 -26983.007465
    1473000 -26982.975360
    1474000 -26987.990549
    1475000 -26983.118366
    1476000 -26983.004289
    1477000 -26982.992190
    1478000 -26988.506308
    1479000 -26982.998892
    1480000 -26988.062187
    1481000 -26984.711969
    1482000 -26983.085178
    1483000 -26983.514249
    1484000 -26986.249660
    1485000 -26985.113691
    1486000 -26982.987717
    1487000 -26984.802492
    1488000 -26988.653789
    1489000 -26983.093533
    1490000 -26983.087886
    1491000 -26983.160691
    1492000 -26984.837327
    1493000 -26983.050811
    1494000 -26984.835183
    1495000 -26982.975220
    1496000 -26984.540889
    1497000 -26985.438350
    1498000 -26983.206086
    1499000 -26983.584994
    1500000 -26984.298206
    1501000 -26983.071931
    1502000 -26984.115157
    1503000 -26984.520015
    1504000 -26984.146991
    1505000 -26984.814675
    1506000 -26987.039251
    1507000 -26984.276908
    1508000 -26985.402586
    1509000 -26983.458088
    1510000 -26984.338266
    1511000 -26984.667175
    1512000 -26983.663416
    1513000 -26984.826736
    1514000 -26983.080065
    1515000 -26983.572024
    1516000 -26984.094667
    1517000 -26982.975341
    1518000 -26983.098632
    1519000 -26984.699817
    1520000 -26982.974932
    1521000 -26984.506989
    1522000 -26986.406546
    1523000 -26983.982019
    1524000 -26982.982458
    1525000 -26984.401958
    1526000 -26985.446356
    1527000 -26989.267908
    1528000 -26983.216078
    1529000 -26982.991006
    1530000 -26984.832353
    1531000 -26984.428730
    1532000 -26983.588443
    1533000 -26985.885751
    1534000 -26984.788655
    1535000 -26984.753774
    1536000 -26982.977310
    1537000 -26986.364087
    1538000 -26985.715063
    1539000 -26983.140755
    1540000 -26984.594829
    1541000 -26984.115563
    1542000 -26983.017628
    1543000 -26984.268363
    1544000 -26986.814613
    1545000 -26983.352087
    1546000 -26983.387261
    1547000 -26983.196416
    1548000 -26984.165134
    1549000 -26988.187941
    1550000 -26984.320385
    1551000 -26983.081344
    1552000 -26983.513089
    1553000 -26985.157319
    1554000 -26982.990653
    1555000 -26985.165519
    1556000 -26983.671074
    1557000 -26983.062931
    1558000 -26986.077292
    1559000 -26986.610697
    1560000 -26988.437664
    1561000 -26983.558710
    1562000 -26985.947369
    1563000 -26982.975428
    1564000 -26987.735119
    1565000 -26984.672479
    1566000 -26983.262416
    1567000 -26984.889621
    1568000 -26984.235570
    1569000 -26983.194404
    1570000 -26984.937038
    1571000 -26985.327559
    1572000 -26982.977192
    1573000 -26984.267199
    1574000 -26983.101160
    1575000 -26984.463328
    1576000 -26983.019096
    1577000 -26984.543710
    1578000 -26983.026938
    1579000 -26986.191978
    1580000 -26983.275282
    1581000 -26985.424467
    1582000 -26986.294165
    1583000 -26983.158686
    1584000 -26983.075061
    1585000 -26984.948199
    1586000 -26987.593851
    1587000 -26987.158061
    1588000 -26985.272933
    1589000 -26983.675454
    1590000 -26983.296223
    1591000 -26984.809369
    1592000 -26985.314286
    1593000 -26985.308923
    1594000 -26983.129050
    1595000 -26983.014703
    1596000 -26983.151621
    1597000 -26986.164083
    1598000 -26983.014309
    1599000 -26983.076591
    1600000 -26984.099786
    1601000 -26982.975625
    1602000 -26985.123392
    1603000 -26985.973152
    1604000 -26984.507943
    1605000 -26985.701725
    1606000 -26984.958761
    1607000 -26982.990156
    1608000 -26984.476687
    1609000 -26986.214309
    1610000 -26983.998924
    1611000 -26983.708932
    1612000 -26989.069718
    1613000 -26983.676927
    1614000 -26987.029325
    1615000 -26985.791710
    1616000 -26984.704368
    1617000 -26983.011288
    1618000 -26986.697496
    1619000 -26984.918506
    1620000 -26984.712899
    1621000 -26983.442728
    1622000 -26984.584381
    1623000 -26982.984370
    1624000 -26983.147456
    1625000 -26983.607834
    1626000 -26988.601659
    1627000 -26983.129332
    1628000 -26984.761102
    1629000 -26983.013408
    1630000 -26985.119028
    1631000 -26984.468874
    1632000 -26987.824449
    1633000 -26983.858228
    1634000 -26983.011652
    1635000 -26984.442579
    1636000 -26984.689766
    1637000 -26982.992220
    1638000 -26983.190941
    1639000 -26983.011719
    1640000 -26984.472273
    1641000 -26983.441523
    1642000 -26984.631997
    1643000 -26984.186105
    1644000 -26983.044969
    1645000 -26983.188629
    1646000 -26984.472467
    1647000 -26983.723313
    1648000 -26982.986334
    1649000 -26983.629542
    1650000 -26985.121384
    1651000 -26983.497375
    1652000 -26985.806734
    1653000 -26984.885853
    1654000 -26983.193284
    1655000 -26983.442167
    1656000 -26984.893731
    1657000 -26986.407399
    1658000 -26985.175483
    1659000 -26984.324933
    1660000 -26985.445719
    1661000 -26984.884661
    1662000 -26985.087903
    1663000 -26990.789246
    1664000 -26983.073703
    1665000 -26984.450442
    1666000 -26983.649105
    1667000 -26988.317081
    1668000 -26982.986530
    1669000 -26983.486999
    1670000 -26983.895842
    1671000 -26983.073920
    1672000 -26983.012565
    1673000 -26986.455079
    1674000 -26985.229577
    1675000 -26983.079632
    1676000 -26989.470033
    1677000 -26984.856039
    1678000 -26986.759136
    1679000 -26985.991093
    1680000 -26985.600497
    1681000 -26984.471667
    1682000 -26984.685764
    1683000 -26985.769793
    1684000 -26983.185803
    1685000 -26986.431918
    1686000 -26984.525177
    1687000 -26984.701755
    1688000 -26983.605113
    1689000 -26983.213268
    1690000 -26985.970145
    1691000 -26988.394283
    1692000 -26985.137018
    1693000 -26982.977258
    1694000 -26983.076700
    1695000 -26984.547153
    1696000 -26984.524794
    1697000 -26983.101299
    1698000 -26983.419795
    1699000 -26987.794936
    1700000 -26984.670816
    1701000 -26985.811568
    1702000 -26983.072631
    1703000 -26983.127984
    1704000 -26982.986376
    1705000 -26984.145122
    1706000 -26982.992196
    1707000 -26985.553897
    1708000 -26982.975129
    1709000 -26984.332299
    1710000 -26982.984593
    1711000 -26984.470577
    1712000 -26983.027279
    1713000 -26985.259205
    1714000 -26989.094518
    1715000 -26982.998218
    1716000 -26985.016149
    1717000 -26985.373117
    1718000 -26983.028614
    1719000 -26983.342762
    1720000 -26984.535246
    1721000 -26984.799356
    1722000 -26983.096492
    1723000 -26983.004376
    1724000 -26983.212983
    1725000 -26983.753414
    1726000 -26983.106698
    1727000 -26984.764973
    1728000 -26983.043678
    1729000 -26983.050350
    1730000 -26983.063642
    1731000 -26985.206813
    1732000 -26983.024427
    1733000 -26986.343664
    1734000 -26984.165974
    1735000 -26987.249474
    1736000 -26985.544873
    1737000 -26983.162487
    1738000 -26985.098294
    1739000 -26983.115462
    1740000 -26982.975512
    1741000 -26983.176574
    1742000 -26983.020107
    1743000 -26984.481502
    1744000 -26984.135943
    1745000 -26985.174051
    1746000 -26986.327616
    1747000 -26983.017172
    1748000 -26982.979803
    1749000 -26983.735029
    1750000 -26986.435914
    1751000 -26984.277195
    1752000 -26984.375305
    1753000 -26983.062780
    1754000 -26985.390909
    1755000 -26983.266668
    1756000 -26983.273399
    1757000 -26986.841734
    1758000 -26984.682915
    1759000 -26984.696440
    1760000 -26983.025715
    1761000 -26985.382264
    1762000 -26989.012342
    1763000 -26983.575494
    1764000 -26983.291453
    1765000 -26985.116472
    1766000 -26983.451081
    1767000 -26983.173681
    1768000 -26984.202116
    1769000 -26985.144891
    1770000 -26983.405609
    1771000 -26986.705073
    1772000 -26984.896094
    1773000 -26987.215166
    1774000 -26983.014557
    1775000 -26987.597277
    1776000 -26986.886826
    1777000 -26984.752777
    1778000 -26983.067450
    1779000 -26984.393263
    1780000 -26984.972674
    1781000 -26983.852408
    1782000 -26983.143466
    1783000 -26983.007646
    1784000 -26985.449534
    1785000 -26984.915157
    1786000 -26983.529515
    1787000 -26983.064087
    1788000 -26983.675634
    1789000 -26983.929266
    1790000 -26984.524522
    1791000 -26983.633450
    1792000 -26982.983377
    1793000 -26984.716768
    1794000 -26983.043088
    1795000 -26982.974900
    1796000 -26985.932129
    1797000 -26985.602820
    1798000 -26983.019294
    1799000 -26984.704820
    1800000 -26982.998088
    1801000 -26982.976565
    1802000 -26983.042379
    1803000 -26983.470325
    1804000 -26984.520640
    1805000 -26984.567452
    1806000 -26983.011550
    1807000 -26983.105015
    1808000 -26988.046093
    1809000 -26983.738088
    1810000 -26983.007909
    1811000 -26986.140698
    1812000 -26983.012450
    1813000 -26983.056898
    1814000 -26985.956770
    1815000 -26986.164431
    1816000 -26982.980570
    1817000 -26983.191337
    1818000 -26983.814820
    1819000 -26983.290351
    1820000 -26982.980204
    1821000 -26983.059400
    1822000 -26983.656412
    1823000 -26989.455130
    1824000 -26986.714836
    1825000 -26989.312048
    1826000 -26983.037678
    1827000 -26982.974805
    1828000 -26982.996676
    1829000 -26984.970245
    1830000 -26983.065197
    1831000 -26985.163577
    1832000 -26983.874449
    1833000 -26983.986328
    1834000 -26983.276893
    1835000 -26983.028735
    1836000 -26988.256148
    1837000 -26984.308426
    1838000 -26983.264877
    1839000 -26983.747937
    1840000 -26983.112019
    1841000 -26985.683193
    1842000 -26983.329353
    1843000 -26984.346039
    1844000 -26983.033694
    1845000 -26984.725987
    1846000 -26986.159514
    1847000 -26983.009555
    1848000 -26982.979144
    1849000 -26985.374437
    1850000 -26983.185836
    1851000 -26983.522900
    1852000 -26987.882349
    1853000 -26984.377757
    1854000 -26986.632196
    1855000 -26982.985385
    1856000 -26983.503045
    1857000 -26985.305620
    1858000 -26986.147988
    1859000 -26985.549397
    1860000 -26985.568963
    1861000 -26983.197918
    1862000 -26982.987444
    1863000 -26984.688564
    1864000 -26982.999920
    1865000 -26985.044237
    1866000 -26983.828620
    1867000 -26983.037142
    1868000 -26985.287323
    1869000 -26983.043110
    1870000 -26984.938234
    1871000 -26983.750013
    1872000 -26985.640565
    1873000 -26985.197851
    1874000 -26987.690809
    1875000 -26989.468258
    1876000 -26984.329364
    1877000 -26989.444348
    1878000 -26986.281478
    1879000 -26982.977391
    1880000 -26986.691490
    1881000 -26985.310801
    1882000 -26986.326320
    1883000 -26983.031883
    1884000 -26982.977075
    1885000 -26983.006137
    1886000 -26983.297960
    1887000 -26986.905943
    1888000 -26983.012131
    1889000 -26986.896237
    1890000 -26984.750796
    1891000 -26983.046029
    1892000 -26985.167152
    1893000 -26985.243895
    1894000 -26983.095300
    1895000 -26984.075911
    1896000 -26984.744674
    1897000 -26983.014142
    1898000 -26985.532692
    1899000 -26983.922099
    1900000 -26986.362341
    1901000 -26984.693980
    1902000 -26984.774498
    1903000 -26985.568722
    1904000 -26982.975494
    1905000 -26985.009002
    1906000 -26983.735318
    1907000 -26985.314636
    1908000 -26983.426967
    1909000 -26985.119960
    1910000 -26983.227591
    1911000 -26983.032781
    1912000 -26983.021667
    1913000 -26987.186374
    1914000 -26983.134053
    1915000 -26983.291485
    1916000 -26986.684866
    1917000 -26984.735024
    1918000 -26983.081328
    1919000 -26988.237634
    1920000 -26984.527246
    1921000 -26987.841839
    1922000 -26983.123583
    1923000 -26985.199257
    1924000 -26984.409975
    1925000 -26982.975312
    1926000 -26985.211050
    1927000 -26983.098349
    1928000 -26985.106125
    1929000 -26983.091152
    1930000 -26985.097221
    1931000 -26982.980503
    1932000 -26984.206480
    1933000 -26987.109911
    1934000 -26986.917802
    1935000 -26985.732821
    1936000 -26983.329898
    1937000 -26986.146943
    1938000 -26983.381585
    1939000 -26988.346107
    1940000 -26982.974970
    1941000 -26983.652958
    1942000 -26984.714859
    1943000 -26983.079431
    1944000 -26987.816365
    1945000 -26986.891397
    1946000 -26983.011574
    1947000 -26983.054980
    1948000 -26982.979395
    1949000 -26983.379743
    1950000 -26985.460375
    1951000 -26985.118474
    1952000 -26983.026887
    1953000 -26983.052587
    1954000 -26983.010479
    1955000 -26984.558587
    1956000 -26984.689197
    1957000 -26983.131499
    1958000 -26983.103037
    1959000 -26984.287497
    1960000 -26983.002876
    1961000 -26982.975361
    1962000 -26983.961649
    1963000 -26984.515548
    1964000 -26982.995117
    1965000 -26985.531284
    1966000 -26983.762099
    1967000 -26983.210897
    1968000 -26985.359375
    1969000 -26984.076445
    1970000 -26984.347500
    1971000 -26983.473925
    1972000 -26985.168384
    1973000 -26986.298716
    1974000 -26983.175413
    1975000 -26984.467942
    1976000 -26983.460228
    1977000 -26984.792866
    1978000 -26985.374991
    1979000 -26984.913931
    1980000 -26983.951502
    1981000 -26984.062726
    1982000 -26983.066635
    1983000 -26985.385885
    1984000 -26985.558017
    1985000 -26984.667706
    1986000 -26987.820176
    1987000 -26983.089965
    1988000 -26985.227935
    1989000 -26984.267695
    1990000 -26984.287578
    1991000 -26984.925981
    1992000 -26988.466865
    1993000 -26983.365254
    1994000 -26983.127049
    1995000 -26984.469638
    1996000 -26983.104722
    1997000 -26982.989636
    1998000 -26985.346300
    1999000 -26985.074679
    2000000 -26988.264036
