       1000 -240.046018
       2000 -240.455066
       3000 -241.369397
       4000 -239.646037
       5000 -238.978751
       6000 -240.406211
       7000 -237.390112
       8000 -241.085560
       9000 -238.013913
      10000 -238.122362
      11000 -238.575875
      12000 -239.659730
      13000 -240.892349
      14000 -240.671670
      15000 -239.361244
      16000 -239.294830
      17000 -237.719392
      18000 -239.779717
      19000 -239.472044
      20000 -238.242285
      21000 -238.144431
      22000 -238.662027
      23000 -240.685960
      24000 -237.624382
      25000 -237.744048
      26000 -238.055058
      27000 -239.637530
      28000 -237.576404
      29000 -239.693651
      30000 -238.093406
      31000 -238.005030
      32000 -237.847699
      33000 -238.890156
      34000 -237.714364
      35000 -237.816522
      36000 -237.463461
      37000 -242.912869
      38000 -237.836887
      39000 -238.760836
      40000 -239.486284
      41000 -239.579212
      42000 -238.009363
      43000 -239.817531
      44000 -240.055670
      45000 -239.372338
      46000 -237.705833
      47000 -238.728022
      48000 -240.218031
      49000 -239.508637
      50000 -239.196138
      51000 -241.497219
      52000 -238.117568
      53000 -242.057706
      54000 -240.939026
      55000 -239.948866
      56000 -241.359708
      57000 -238.476413
      58000 -244.057368
      59000 -239.287091
      60000 -239.574140
      61000 -237.427661
      62000 -239.453585
      63000 -238.405951
      64000 -237.511719
      65000 -237.512816
      66000 -238.926539
      67000 -240.954003
      68000 -239.824900
      69000 -237.431881
      70000 -239.764311
      71000 -238.071087
      72000 -240.532990
      73000 -239.415953
      74000 -237.725628
      75000 -239.603294
      76000 -238.481006
      77000 -239.376342
      78000 -237.714007
      79000 -237.759656
      80000 -239.087392
      81000 -237.376113
      82000 -238.387968
      83000 -237.744138
      84000 -241.016431
      85000 -239.403358
      86000 -238.454908
      87000 -237.768708
      88000 -240.923371
      89000 -238.021538
      90000 -240.298399
      91000 -237.657650
      92000 -238.957483
      93000 -238.084898
      94000 -239.666079
      95000 -241.496275
      96000 -237.995633
      97000 -238.549753
      98000 -241.571937
      99000 -238.827929
     100000 -239.506691
     101000 -240.267769
     102000 -238.112175
     103000 -237.773168
     104000 -244.574683
     105000 -237.495820
     106000 -237.611236
     107000 -237.401206
     108000 -239.263128
     109000 -240.367636
     110000 -237.747980
     111000 -239.712006
     112000 -239.795837
     113000 -241.726229
     114000 -237.426487
     115000 -244.367813
     116000 -241.313893
     117000 -240.243486
     118000 -238.479597
     119000 -240.297734
     120000 -240.524416
     121000 -239.277150
     122000 -241.292845
     123000 -240.811052
     124000 -239.696674
     125000 -239.279281
     126000 -238.353412
     127000 -238.160720
     128000 -237.946983
     129000 -239.613158
     130000 -237.810002
     131000 -238.736762
     132000 -239.181447
     133000 -241.389710
     134000 -240.630471
     135000 -239.545846
     136000 -240.254715
     137000 -238.176238
     138000 -241.224216
     139000 -239.470947
     140000 -240.458989
     141000 -237.950408
     142000 -238.450054
     143000 -239.526837
     144000 -242.172520
     145000 -237.736714
     146000 -239.669474
     147000 -239.302073
     148000 -246.229292
     149000 -237.588084
     150000 -239.352414
     151000 -245.779307
     152000 -239.172914
     153000 -237.466772
     154000 -243.699584
     155000 -240.008436
     156000 -237.882537
     157000 -238.709388
     158000 -239.511300
     159000 -239.653186
     160000 -237.783449
     161000 -239.661614
     162000 -240.206010
     163000 -239.580878
     164000 -238.227794
     165000 -242.523239
     166000 -239.605705
     167000 -238.237690
     168000 -238.287553
     169000 -239.271459
     170000 -238.932585
     171000 -237.612210
     172000 -237.585915
     173000 -239.446533
     174000 -241.285156
     175000 -239.076018
     176000 -237.599926
     177000 -238.546867
     178000 -237.868586
     179000 -244.033063
     180000 -237.772866
     181000 -238.071590
     182000 -242.181133
     183000 -240.618173
     184000 -238.475014
     185000 -239.089706
     186000 -239.249202
     187000 -244.158243
     188000 -238.157522
     189000 -237.906888
     190000 -238.428740
     191000 -237.657329
     192000 -238.642869
     193000 -239.619835
     194000 -238.862884
     195000 -238.209539
     196000 -241.306847
     197000 -237.383817
     198000 -238.073247
     199000 -237.420605
     200000 -242.112062
     201000 -243.613708
     202000 -237.856628
     203000 -239.280057
     204000 -238.623392
     205000 -238.954851
     206000 -239.123665
     207000 -237.949980
     208000 -239.642751
     209000 -237.872232
     210000 -238.817570
     211000 -238.953842
     212000 -237.996969
     213000 -238.369382
     214000 -238.114170
     215000 -238.099301
     216000 -240.637321
     217000 -239.604679
     218000 -237.889811
     219000 -240.554799
     220000 -237.551873
     221000 -239.278956
     222000 -238.285130
     223000 -239.666669
     224000 -237.415258
     225000 -239.807503
     226000 -240.187466
     227000 -237.708489
     228000 -237.385579
     229000 -238.017956
     230000 -240.306397
     231000 -241.441914
     232000 -237.448418
     233000 -240.115640
     234000 -238.537813
     235000 -239.675959
     236000 -238.108918
     237000 -237.816147
     238000 -239.828783
     239000 -241.011263
     240000 -242.181842
     241000 -240.122742
     242000 -240.236004
     243000 -239.685980
     244000 -237.369884
     245000 -244.068903
     246000 -238.195333
     247000 -239.814874
     248000 -240.578883
     249000 -237.962508
     250000 -240.076136
     251000 -240.042896
     252000 -239.651917
     253000 -239.554241
     254000 -237.673287
     255000 -239.850659
     256000 -237.683718
     257000 -237.453375
     258000 -239.934623
     259000 -239.794568
     260000 -237.470552
     261000 -237.603220
     262000 -239.456718
     263000 -239.736452
     264000 -237.516783
     265000 -239.448117
     266000 -241.382822
     267000 -237.450788
     268000 -239.833386
     269000 -240.392141
     270000 -239.390195
     271000 -239.699437
     272000 -237.599868
     273000 -240.666526
     274000 -239.675925
     275000 -238.240357
     276000 -243.202323
     277000 -241.611026
     278000 -237.583251
     279000 -239.065779
     280000 -239.855674
     281000 -240.078200
     282000 -239.209070
     283000 -237.554671
     284000 -240.212389
     285000 -240.354369
     286000 -241.046966
     287000 -239.289163
     288000 -237.726974
     289000 -238.285901
     290000 -237.588169
     291000 -240.373291
     292000 -242.513860
     293000 -237.535238
     294000 -240.209214
     295000 -239.286724
     296000 -240.506092
     297000 -237.550773
     298000 -238.775004
     299000 -239.313771
     300000 -237.868700
     301000 -237.942678
     302000 -240.893038
     303000 -239.370739
     304000 -240.203908
     305000 -241.230964
     306000 -237.974971
     307000 -240.237758
     308000 -240.483373
     309000 -239.294067
     310000 -237.637430
     311000 -238.011332
     312000 -238.611525
     313000 -240.956287
     314000 -237.773748
     315000 -240.204484
     316000 -240.212258
     317000 -237.434785
     318000 -239.762852
     319000 -240.843393
     320000 -237.744478
     321000 -239.288117
     322000 -239.347909
     323000 -245.122508
     324000 -237.844886
     325000 -239.421281
     326000 -237.934778
     327000 -238.425714
     328000 -238.096183
     329000 -238.125582
     330000 -241.017505
     331000 -237.655765
     332000 -238.986243
     333000 -240.046237
     334000 -239.834927
     335000 -239.315917
     336000 -239.323589
     337000 -239.691476
     338000 -237.599616
     339000 -237.596501
     340000 -240.653150
     341000 -237.659083
     342000 -238.186540
     343000 -237.576553
     344000 -238.144464
     345000 -239.668300
     346000 -239.702004
     347000 -240.337295
     348000 -240.572920
     349000 -239.374431
     350000 -239.467291
     351000 -238.715231
     352000 -239.544007
     353000 -237.407697
     354000 -239.714723
     355000 -239.993823
     356000 -239.316070
     357000 -237.625126
     358000 -240.591857
     359000 -238.879253
     360000 -239.145632
     361000 -237.967950
     362000 -237.981541
     363000 -239.555541
     364000 -240.999981
     365000 -240.962568
     366000 -237.656869
     367000 -238.079606
     368000 -240.082191
     369000 -237.631761
     370000 -239.173364
     371000 -240.166091
     372000 -239.743148
     373000 -238.370184
     374000 -238.236363
     375000 -237.563379
     376000 -237.518896
     377000 -237.411946
     378000 -238.514787
     379000 -238.729070
     380000 -240.655159
     381000 -239.767213
     382000 -239.562775
     383000 -241.396202
     384000 -240.256208
     385000 -237.867619
     386000 -239.511336
     387000 -237.977332
     388000 -239.218363
     389000 -241.780413
     390000 -239.334584
     391000 -239.424255
     392000 -240.717972
     393000 -241.842135
     394000 -237.764406
     395000 -237.505320
     396000 -239.002017
     397000 -241.334398
     398000 -237.463987
     399000 -247.096979
     400000 -239.694230
     401000 -239.403993
     402000 -237.422316
     403000 -237.753111
     404000 -242.550904
     405000 -239.365505
     406000 -237.697379
     407000 -240.517116
     408000 -239.608240
     409000 -240.152754
     410000 -240.413764
     411000 -239.566465
     412000 -241.138421
     413000 -237.935976
     414000 -238.799723
     415000 -237.417010
     416000 -240.296309
     417000 -239.721047
     418000 -240.047583
     419000 -237.626087
     420000 -237.940663
     421000 -238.139734
     422000 -239.355579
     423000 -237.409342
     424000 -239.383652
     425000 -240.843564
     426000 -237.584259
     427000 -239.779165
     428000 -241.938034
     429000 -238.445828
     430000 -239.801714
     431000 -237.563340
     432000 -238.411298
     433000 -238.280705
     434000 -239.378055
     435000 -238.527357
     436000 -239.790440
     437000 -240.691753
     438000 -237.956194
     439000 -238.557793
     440000 -239.332955
     441000 -238.419862
     442000 -240.177829
     443000 -237.784115
     444000 -237.534264
     445000 -239.593810
     446000 -237.456875
     447000 -241.309217
     448000 -237.561089
     449000 -238.059820
     450000 -243.126492
     451000 -237.993922
     452000 -239.096558
     453000 -237.497977
     454000 -239.474316
     455000 -240.524441
     456000 -237.645496
     457000 -238.193631
     458000 -239.280252
     459000 -239.903073
     460000 -240.764951
     461000 -238.785979
     462000 -241.771651
     463000 -238.682923
     464000 -239.705567
     465000 -237.649251
     466000 -239.810335
     467000 -239.281356
     468000 -239.281141
     469000 -238.521468
     470000 -240.166846
     471000 -237.480611
     472000 -239.605999
     473000 -239.594169
     474000 -241.428798
     475000 -239.787761
     476000 -238.626477
     477000 -237.790481
     478000 -238.107967
     479000 -239.296103
     480000 -237.971919
     481000 -238.169735
     482000 -238.041480
     483000 -237.525971
     484000 -241.614484
     485000 -239.026012
     486000 -238.738941
     487000 -239.177537
     488000 -239.057690
     489000 -240.439467
     490000 -243.277495
     491000 -239.453509
     492000 -237.962211
     493000 -237.485457
     494000 -238.581276
     495000 -238.722823
     496000 -241.407427
     497000 -242.731725
     498000 -237.452386
     499000 -238.055388
     500000 -237.739393
     501000 -240.140900
     502000 -238.745953
     503000 -240.821940
     504000 -238.520136
     505000 -239.583917
     506000 -239.318044
     507000 -240.218014
     508000 -237.579092
     509000 -240.003014
     510000 -242.153950
     511000 -237.569130
     512000 -240.765223
     513000 -241.918700
     514000 -240.230665
     515000 -239.408582
     516000 -243.946887
     517000 -240.102463
     518000 -237.412120
     519000 -238.055897
     520000 -238.540590
     521000 -238.156116
     522000 -237.687167
     523000 -239.415205
     524000 -240.167717
     525000 -240.090294
     526000 -239.731819
     527000 -237.769426
     528000 -237.437668
     529000 -237.472342
     530000 -240.492524
     531000 -240.033545
     532000 -238.040619
     533000 -237.446997
     534000 -237.919423
     535000 -238.156754
     536000 -238.913548
     537000 -240.512883
     538000 -239.712140
     539000 -239.867633
     540000 -237.407435
     541000 -241.288329
     542000 -238.659511
     543000 -238.199259
     544000 -237.573948
     545000 -239.390821
     546000 -239.701408
     547000 -238.591050
     548000 -240.002657
     549000 -240.096704
     550000 -241.152629
     551000 -239.799686
     552000 -238.961403
     553000 -240.661424
     554000 -238.497050
     555000 -237.918889
     556000 -238.439472
     557000 -240.662613
     558000 -237.434730
     559000 -237.481815
     560000 -239.068737
     561000 -239.267980
     562000 -239.420208
     563000 -239.835681
     564000 -238.588282
     565000 -238.232722
     566000 -241.969212
     567000 -239.355467
     568000 -238.237223
     569000 -239.449222
     570000 -240.436301
     571000 -237.405413
     572000 -239.689810
     573000 -238.160226
     574000 -239.834412
     575000 -238.241540
     576000 -238.111907
     577000 -237.819268
     578000 -237.542733
     579000 -240.383751
     580000 -238.454412
     581000 -239.756373
     582000 -240.418655
     583000 -239.843335
     584000 -238.026211
     585000 -242.646151
     586000 -237.686691
     587000 -237.587097
     588000 -239.311304
     589000 -237.436683
     590000 -237.657838
     591000 -237.431423
     592000 -242.113057
     593000 -239.973560
     594000 -237.864751
     595000 -237.455499
     596000 -238.484852
     597000 -237.373566
     598000 -237.644464
     599000 -239.317916
     600000 -239.313706
     601000 -239.055495
     602000 -239.732489
     603000 -238.491363
     604000 -242.560268
     605000 -240.219508
     606000 -238.832413
     607000 -238.330309
     608000 -237.681309
     609000 -242.009220
     610000 -239.379940
     611000 -238.026219
     612000 -237.482364
     613000 -238.797588
     614000 -239.391422
     615000 -240.826143
     616000 -238.626429
     617000 -237.383409
     618000 -239.363496
     619000 -242.655955
     620000 -239.492962
     621000 -237.569207
     622000 -238.436039
     623000 -239.639529
     624000 -240.800954
     625000 -239.325017
     626000 -237.800281
     627000 -239.884674
     628000 -237.804934
     629000 -238.455072
     630000 -238.284486
     631000 -239.416281
     632000 -238.709342
     633000 -237.463337
     634000 -239.464130
     635000 -237.516090
     636000 -237.818171
     637000 -241.410973
     638000 -240.105815
     639000 -239.438069
     640000 -237.435956
     641000 -240.134560
     642000 -239.410066
     643000 -240.234957
     644000 -237.677268
     645000 -239.699686
     646000 -237.450213
     647000 -243.080528
     648000 -238.049711
     649000 -237.883667
     650000 -242.213765
     651000 -239.338215
     652000 -240.160141
     653000 -241.118312
     654000 -237.615595
     655000 -237.693665
     656000 -239.544717
     657000 -241.625689
     658000 -243.170373
     659000 -238.469306
     660000 -239.655019
     661000 -240.530304
     662000 -240.518046
     663000 -238.630273
     664000 -237.704806
     665000 -239.562378
     666000 -240.723893
     667000 -240.796469
     668000 -239.310068
     669000 -237.894365
     670000 -237.455982
     671000 -243.053453
     672000 -240.005669
     673000 -237.567571
     674000 -244.041342
     675000 -239.960395
     676000 -238.260461
     677000 -237.631275
     678000 -238.649070
     679000 -237.980798
     680000 -238.543646
     681000 -240.294138
     682000 -238.206720
     683000 -239.997519
     684000 -237.868806
     685000 -241.123234
     686000 -237.872245
     687000 -239.963189
     688000 -239.280837
     689000 -238.857275
     690000 -239.493125
     691000 -240.087125
     692000 -237.761543
     693000 -240.687241
     694000 -237.444976
     695000 -239.812513
     696000 -239.487622
     697000 -237.902454
     698000 -239.912560
     699000 -237.783430
     700000 -241.325963
     701000 -238.083422
     702000 -239.436755
     703000 -240.052487
     704000 -239.398674
     705000 -239.316889
     706000 -238.380717
     707000 -239.285896
     708000 -239.287803
     709000 -237.682605
     710000 -239.508979
     711000 -240.108833
     712000 -238.981283
     713000 -240.604642
     714000 -238.620423
     715000 -241.584609
     716000 -240.326636
     717000 -241.197916
     718000 -241.883259
     719000 -239.251140
     720000 -237.540967
     721000 -239.322761
     722000 -240.611096
     723000 -237.527002
     724000 -239.759338
     725000 -240.315083
     726000 -238.043544
     727000 -240.283720
     728000 -237.737024
     729000 -238.120008
     730000 -239.818795
     731000 -239.201011
     732000 -240.803156
     733000 -239.184388
     734000 -240.870411
     735000 -240.983710
     736000 -238.083987
     737000 -238.866304
     738000 -238.434072
     739000 -238.117075
     740000 -238.868555
     741000 -240.684514
     742000 -237.384473
     743000 -238.928510
     744000 -239.552296
     745000 -240.733723
     746000 -239.564095
     747000 -239.141928
     748000 -240.838024
     749000 -238.003872
     750000 -239.597425
     751000 -240.618984
     752000 -237.805147
     753000 -238.337741
     754000 -237.786179
     755000 -237.437242
     756000 -237.449535
     757000 -238.383256
     758000 -237.379416
     759000 -237.628986
     760000 -237.696931
     761000 -238.150975
     762000 -239.511118
     763000 -238.018843
     764000 -237.718151
     765000 -237.407331
     766000 -237.630084
     767000 -239.315977
     768000 -240.346287
     769000 -238.223479
     770000 -240.675938
     771000 -238.161025
     772000 -243.495185
     773000 -238.149085
     774000 -240.688845
     775000 -239.425695
     776000 -240.571494
     777000 -238.724701
     778000 -237.382659
     779000 -238.059035
     780000 -240.172436
     781000 -239.723955
     782000 -237.496262
     783000 -238.082302
     784000 -238.051777
     785000 -241.591737
     786000 -239.721630
     787000 -239.736086
     788000 -237.422703
     789000 -241.873697
     790000 -240.426821
     791000 -240.817347
     792000 -239.563654
     793000 -237.669540
     794000 -240.266553
     795000 -237.779986
     796000 -240.947967
     797000 -238.633975
     798000 -237.767015
     799000 -237.409422
     800000 -242.500884
     801000 -239.946234
     802000 -240.930861
     803000 -239.596018
     804000 -241.934663
     805000 -238.188412
     806000 -239.075575
     807000 -237.866352
     808000 -238.788368
     809000 -238.182338
     810000 -237.513771
     811000 -238.339359
     812000 -239.408754
     813000 -237.909866
     814000 -237.867643
     815000 -240.305873
     816000 -237.449069
     817000 -238.743926
     818000 -237.459582
     819000 -239.306214
     820000 -239.809696
     821000 -237.800874
     822000 -239.512483
     823000 -237.618119
     824000 -242.018556
     825000 -239.300962
     826000 -238.681561
     827000 -241.383002
     828000 -238.000802
     829000 -239.915510
     830000 -237.726440
     831000 -238.027276
     832000 -238.907730
     833000 -237.666709
     834000 -237.862209
     835000 -239.488255
     836000 -241.220243
     837000 -238.980038
     838000 -239.683855
     839000 -239.359744
     840000 -238.149265
     841000 -238.500819
     842000 -238.408008
     843000 -239.128879
     844000 -240.568360
     845000 -237.525923
     846000 -239.714830
     847000 -237.743217
     848000 -239.441721
     849000 -237.374470
     850000 -239.637314
     851000 -240.055049
     852000 -238.291113
     853000 -240.309594
     854000 -237.498524
     855000 -239.550783
     856000 -237.433823
     857000 -239.218997
     858000 -239.392129
     859000 -239.861303
     860000 -239.231736
     861000 -237.456851
     862000 -239.507919
     863000 -237.920934
     864000 -237.789795
     865000 -237.839155
     866000 -238.464722
     867000 -237.399548
     868000 -237.378263
     869000 -238.039399
     870000 -239.326102
     871000 -240.140260
     872000 -239.390573
     873000 -239.352925
     874000 -240.951568
     875000 -241.197017
     876000 -240.572614
     877000 -240.776198
     878000 -240.527274
     879000 -239.877994
     880000 -239.411197
     881000 -237.627852
     882000 -240.524448
     883000 -237.970711
     884000 -239.983744
     885000 -238.872058
     886000 -239.439492
     887000 -240.310455
     888000 -240.067071
     889000 -238.689486
     890000 -239.746467
     891000 -237.737835
     892000 -240.781565
     893000 -240.142441
     894000 -240.973724
     895000 -238.699766
     896000 -239.783014
     897000 -241.528430
     898000 -237.369771
     899000 -238.106511
     900000 -238.126385
     901000 -237.851927
     902000 -241.962382
     903000 -238.265368
     904000 -237.978847
     905000 -242.603838
     906000 -239.304059
     907000 -239.090061
     908000 -238.687011
     909000 -237.765076
     910000 -240.270039
     911000 -237.652769
     912000 -239.331896
     913000 -238.086858
     914000 -237.666307
     915000 -239.328519
     916000 -238.668361
     917000 -238.157215
     918000 -241.408409
     919000 -240.471269
     920000 -239.490958
     921000 -239.737040
     922000 -237.513519
     923000 -238.212954
     924000 -243.311238
     925000 -239.423392
     926000 -237.469356
     927000 -239.412106
     928000 -239.627971
     929000 -243.697686
     930000 -242.121611
     931000 -240.061185
     932000 -244.059174
     933000 -237.575313
     934000 -237.518146
     935000 -237.937922
     936000 -239.284025
     937000 -239.795882
     938000 -240.046312
     939000 -238.464209
     940000 -237.570584
     941000 -238.927983
     942000 -241.673871
     943000 -237.704824
     944000 -240.380519
     945000 -239.130578
     946000 -239.467310
     947000 -239.682595
     948000 -239.304059
     949000 -238.188469
     950000 -238.096962
     951000 -237.771216
     952000 -237.422689
     953000 -239.924669
     954000 -238.042981
     955000 -243.134942
     956000 -237.550559
     957000 -238.124419
     958000 -239.637297
     959000 -238.342044
     960000 -239.662784
     961000 -240.369208
     962000 -240.677531
     963000 -239.615019
     964000 -238.008342
     965000 -237.633850
     966000 -241.479274
     967000 -240.290565
     968000 -239.615693
     969000 -240.296241
     970000 -239.480331
     971000 -240.286491
     972000 -239.855776
     973000 -237.492348
     974000 -237.721803
     975000 -237.587982
     976000 -241.412104
     977000 -239.749696
     978000 -239.315394
     979000 -237.404149
     980000 -238.254555
     981000 -237.743622
     982000 -239.639507
     983000 -242.106885
     984000 -237.751443
     985000 -237.660400
     986000 -238.456557
     987000 -238.262187
     988000 -238.182744
     989000 -240.262374
     990000 -239.623679
     991000 -239.456317
     992000 -240.551831
     993000 -237.810967
     994000 -237.382343
     995000 -240.052113
     996000 -237.394198
     997000 -239.472013
     998000 -239.490643
     999000 -239.505773
    1000000 -241.003072
    1001000 -239.618311
    1002000 -240.796726
    1003000 -237.646108
    1004000 -242.399724
    1005000 -237.930290
    1006000 -238.641237
    1007000 -238.114892
    1008000 -239.610360
    1009000 -237.455821
    1010000 -238.419077
    1011000 -237.525732
    1012000 -237.946672
    1013000 -239.861376
    1014000 -240.114705
    1015000 -238.279767
    1016000 -237.813339
    1017000 -239.623505
    1018000 -238.304547
    1019000 -237.750601
    1020000 -237.505850
    1021000 -239.527327
    1022000 -240.892984
    1023000 -242.687485
    1024000 -241.274963
    1025000 -238.072436
    1026000 -244.904239
    1027000 -240.919451
    1028000 -240.390846
    1029000 -239.782063
    1030000 -242.012743
    1031000 -238.316571
    1032000 -240.087519
    1033000 -238.726454
    1034000 -240.674797
    1035000 -238.436381
    1036000 -242.458536
    1037000 -238.721115
    1038000 -238.000256
    1039000 -237.571514
    1040000 -237.750072
    1041000 -237.581969
    1042000 -241.025979
    1043000 -237.791474
    1044000 -239.431946
    1045000 -237.594022
    1046000 -239.555420
    1047000 -240.639801
    1048000 -239.860821
    1049000 -237.785937
    1050000 -239.348938
    1051000 -237.876372
    1052000 -237.706604
    1053000 -239.328852
    1054000 -238.564252
    1055000 -240.735665
    1056000 -239.728592
    1057000 -248.341900
    1058000 -239.151703
    1059000 -239.121627
    1060000 -240.514645
    1061000 -238.593527
    1062000 -239.286495
    1063000 -238.021613
    1064000 -238.227430
    1065000 -237.612899
    1066000 -239.686763
    1067000 -238.691365
    1068000 -237.653106
    1069000 -240.255520
    1070000 -239.283932
    1071000 -238.394795
    1072000 -239.929641
    1073000 -237.601374
    1074000 -239.265064
    1075000 -237.990719
    1076000 -240.746960
    1077000 -239.456589
    1078000 -239.460468
    1079000 -239.313042
    1080000 -244.428398
    1081000 -240.266193
    1082000 -240.130058
    1083000 -237.755334
    1084000 -240.420985
    1085000 -240.314255
    1086000 -240.858247
    1087000 -238.251306
    1088000 -239.763475
    1089000 -238.148751
    1090000 -240.675388
    1091000 -240.200485
    1092000 -240.661827
    1093000 -249.252721
    1094000 -240.010062
    1095000 -242.039598
    1096000 -239.599121
    1097000 -237.369877
    1098000 -240.378949
    1099000 -239.667115
    1100000 -244.456352
    1101000 -237.654734
    1102000 -241.299556
    1103000 -239.997643
    1104000 -238.151089
    1105000 -237.413529
    1106000 -237.809918
    1107000 -239.758911
    1108000 -238.048287
    1109000 -237.696959
    1110000 -240.187915
    1111000 -240.337174
    1112000 -238.071818
    1113000 -238.857644
    1114000 -240.269814
    1115000 -241.418239
    1116000 -237.576280
    1117000 -238.301050
    1118000 -237.406124
    1119000 -237.564548
    1120000 -237.642573
    1121000 -239.047355
    1122000 -240.439200
    1123000 -240.931874
    1124000 -238.255500
    1125000 -239.667132
    1126000 -241.298478
    1127000 -239.243736
    1128000 -239.502856
    1129000 -238.045446
    1130000 -243.975049
    1131000 -240.071434
    1132000 -237.576000
    1133000 -244.266242
    1134000 -241.709143
    1135000 -240.020870
    1136000 -239.587388
    1137000 -239.442999
    1138000 -243.193531
    1139000 -237.394242
    1140000 -239.780084
    1141000 -238.579832
    1142000 -240.292148
    1143000 -237.577367
    1144000 -237.589943
    1145000 -237.379322
    1146000 -241.354203
    1147000 -240.339635
    1148000 -239.344009
    1149000 -238.014856
    1150000 -237.852195
    1151000 -241.130551
    1152000 -237.487672
    1153000 -237.561656
    1154000 -237.885623
    1155000 -237.605604
    1156000 -244.358483
    1157000 -238.069931
    1158000 -238.729080
    1159000 -239.486487
    1160000 -237.388535
    1161000 -237.466686
    1162000 -237.822085
    1163000 -237.800270
    1164000 -239.263419
    1165000 -241.914366
    1166000 -237.607947
    1167000 -238.058133
    1168000 -238.541485
    1169000 -239.026516
    1170000 -240.004790
    1171000 -239.284710
    1172000 -237.743309
    1173000 -241.299492
    1174000 -241.102493
    1175000 -239.653675
    1176000 -239.451221
    1177000 -238.278156
    1178000 -237.996487
    1179000 -237.710339
    1180000 -237.413148
    1181000 -239.505888
    1182000 -240.372225
    1183000 -243.149934
    1184000 -242.266996
    1185000 -237.516188
    1186000 -237.570255
    1187000 -238.144310
    1188000 -237.855626
    1189000 -237.921902
    1190000 -239.249186
    1191000 -238.170109
    1192000 -238.051112
    1193000 -238.007671
    1194000 -239.682084
    1195000 -239.344922
    1196000 -240.336480
    1197000 -238.152629
    1198000 -241.956833
    1199000 -239.275326
    1200000 -238.467821
    1201000 -243.949271
    1202000 -239.298441
    1203000 -242.617770
    1204000 -240.216379
    1205000 -239.709638
    1206000 -237.449110
    1207000 -240.232439
    1208000 -240.284406
    1209000 -240.332218
    1210000 -237.557414
    1211000 -239.384661
    1212000 -239.490339
    1213000 -238.789708
    1214000 -237.788497
    1215000 -242.077404
    1216000 -237.994103
    1217000 -239.914938
    1218000 -237.799716
    1219000 -237.582701
    1220000 -239.222122
    1221000 -240.706699
    1222000 -240.424693
    1223000 -239.286409
    1224000 -241.233044
    1225000 -237.668499
    1226000 -238.404663
    1227000 -237.428324
    1228000 -239.426339
    1229000 -237.816218
    1230000 -240.512674
    1231000 -240.741705
    1232000 -238.103929
    1233000 -238.177507
    1234000 -238.805839
    1235000 -242.902035
    1236000 -237.513965
    1237000 -237.912207
    1238000 -238.006330
    1239000 -238.475942
    1240000 -241.881220
    1241000 -237.846392
    1242000 -240.702027
    1243000 -238.228866
    1244000 -237.374440
    1245000 -238.566870
    1246000 -238.400397
    1247000 -237.374717
    1248000 -239.454147
    1249000 -237.504763
    1250000 -243.072852
    1251000 -237.375977
    1252000 -238.846675
    1253000 -240.350238
    1254000 -239.586561
    1255000 -238.164941
    1256000 -238.007835
    1257000 -237.536634
    1258000 -239.462530
    1259000 -239.830024
    1260000 -237.569548
    1261000 -239.376682
    1262000 -238.419945
    1263000 -237.541641
    1264000 -239.481888
    1265000 -237.491259
    1266000 -237.499939
    1267000 -239.389152
    1268000 -238.043934
    1269000 -238.085810
    1270000 -239.685794
    1271000 -237.449313
    1272000 -240.028761
    1273000 -240.458431
    1274000 -239.808190
    1275000 -239.451098
    1276000 -239.944928
    1277000 -250.032965
    1278000 -237.536757
    1279000 -242.236734
    1280000 -240.891292
    1281000 -241.549693
    1282000 -237.434029
    1283000 -238.815901
    1284000 -238.088786
    1285000 -239.898174
    1286000 -237.383827
    1287000 -239.122112
    1288000 -240.725943
    1289000 -239.388561
    1290000 -239.820695
    1291000 -241.834409
    1292000 -241.045922
    1293000 -238.166557
    1294000 -239.426728
    1295000 -238.648521
    1296000 -243.358973
    1297000 -237.851503
    1298000 -239.837731
    1299000 -239.789168
    1300000 -239.505690
    1301000 -240.795594
    1302000 -237.527982
    1303000 -238.286845
    1304000 -239.389802
    1305000 -239.394382
    1306000 -237.940765
    1307000 -237.457623
    1308000 -243.389455
    1309000 -237.827120
    1310000 -239.797927
    1311000 -238.530074
    1312000 -237.597046
    1313000 -237.575641
    1314000 -237.527577
    1315000 -237.530123
    1316000 -237.420637
    1317000 -240.347623
    1318000 -240.292196
    1319000 -240.040343
    1320000 -240.734327
    1321000 -237.456680
    1322000 -241.254800
    1323000 -238.147282
    1324000 -239.901207
    1325000 -237.888729
    1326000 -240.546784
    1327000 -239.039278
    1328000 -237.742089
    1329000 -237.800596
    1330000 -237.757572
    1331000 -237.825116
    1332000 -237.474821
    1333000 -238.444671
    1334000 -237.823841
    1335000 -238.327687
    1336000 -237.412264
    1337000 -239.803206
    1338000 -241.978390
    1339000 -241.597635
    1340000 -237.712108
    1341000 -240.028695
    1342000 -241.434827
    1343000 -240.974963
    1344000 -237.779692
    1345000 -239.733706
    1346000 -239.995351
    1347000 -238.339769
    1348000 -240.946987
    1349000 -237.895951
    1350000 -238.618920
    1351000 -237.829535
    1352000 -240.487053
    1353000 -239.892371
    1354000 -238.059366
    1355000 -242.696713
    1356000 -239.264547
    1357000 -237.791256
    1358000 -240.631905
    1359000 -241.074769
    1360000 -237.438608
    1361000 -241.878505
    1362000 -239.655948
    1363000 -240.239001
    1364000 -238.356911
    1365000 -238.620270
    1366000 -237.503232
    1367000 -237.641073
    1368000 -240.447796
    1369000 -238.329016
    1370000 -238.350471
    1371000 -237.688492
    1372000 -241.222990
    1373000 -241.128436
    1374000 -239.827782
    1375000 -238.844770
    1376000 -240.391418
    1377000 -237.449615
    1378000 -238.024845
    1379000 -237.791190
    1380000 -243.121041
    1381000 -237.562863
    1382000 -237.896923
    1383000 -237.611775
    1384000 -239.390812
    1385000 -240.378661
    1386000 -245.695232
    1387000 -239.826302
    1388000 -242.966252
    1389000 -237.429579
    1390000 -237.599586
    1391000 -238.119515
    1392000 -237.673523
    1393000 -237.757519
    1394000 -237.658696
    1395000 -241.977731
    1396000 -239.798965
    1397000 -239.830648
    1398000 -237.396261
    1399000 -238.196410
    1400000 -239.593901
    1401000 -237.573210
    1402000 -239.597278
    1403000 -242.406539
    1404000 -237.868166
    1405000 -240.744447
    1406000 -239.198889
    1407000 -237.893839
    1408000 -239.370867
    1409000 -242.324254
    1410000 -239.132153
    1411000 -240.066908
    1412000 -239.519968
    1413000 -237.649872
    1414000 -242.877752
    1415000 -238.197941
    1416000 -243.403593
    1417000 -237.381114
    1418000 -238.033870
    1419000 -239.506330
    1420000 -239.721123
    1421000 -237.550805
    1422000 -239.520470
    1423000 -239.338804
    1424000 -239.652568
    1425000 -237.526779
    1426000 -239.515753
    1427000 -237.565488
    1428000 -238.675699
    1429000 -237.473927
    1430000 -240.597304
    1431000 -239.062566
    1432000 -243.721072
    1433000 -237.622391
    1434000 -237.640920
    1435000 -238.362342
    1436000 -239.636663
    1437000 -238.335152
    1438000 -238.713875
    1439000 -237.565336
    1440000 -240.972643
    1441000 -241.383061
    1442000 -238.053703
    1443000 -237.394746
    1444000 -238.183830
    1445000 -238.264941
    1446000 -241.611648
    1447000 -237.599168
    1448000 -237.710340
    1449000 -240.482211
    1450000 -240.730171
    1451000 -239.062586
    1452000 -240.475999
    1453000 -238.139083
    1454000 -240.568601
    1455000 -238.230506
    1456000 -238.089572
    1457000 -240.036556
    1458000 -237.761137
    1459000 -237.464434
    1460000 -243.371265
    1461000 -237.499978
    1462000 -237.996124
    1463000 -239.021147
    1464000 -239.540414
    1465000 -238.974093
    1466000 -239.409183
    1467000 -237.406868
    1468000 -237.428604
    1469000 -240.096682
    1470000 -238.348280
    1471000 -237.459136
    1472000 -243.338170
    1473000 -239.471056
    1474000 -237.887719
    1475000 -237.463764
    1476000 -238.347531
    1477000 -237.457298
    1478000 -238.608934
    1479000 -242.128920
    1480000 -237.967525
    1481000 -246.439203
    1482000 -237.765724
    1483000 -239.475886
    1484000 -239.681739
    1485000 -237.846694
    1486000 -237.729513
    1487000 -238.936253
    1488000 -238.092531
    1489000 -239.770280
    1490000 -238.263827
    1491000 -239.765567
    1492000 -239.304452
    1493000 -239.471318
    1494000 -238.215150
    1495000 -240.231042
    1496000 -240.426648
    1497000 -238.052766
    1498000 -239.658396
    1499000 -239.584189
    1500000 -237.983984
    1501000 -237.707081
    1502000 -239.530588
    1503000 -237.734324
    1504000 -238.844241
    1505000 -237.609639
    1506000 -240.814196
    1507000 -237.434274
    1508000 -237.921700
    1509000 -238.218790
    1510000 -240.189347
    1511000 -241.204225
    1512000 -238.060026
    1513000 -239.410436
    1514000 -241.376131
    1515000 -237.921081
    1516000 -237.370353
    1517000 -239.333265
    1518000 -242.264733
    1519000 -237.967719
    1520000 -239.369760
    1521000 -240.392121
    1522000 -239.346879
    1523000 -242.034885
    1524000 -239.577670
    1525000 -239.699164
    1526000 -238.709000
    1527000 -238.654810
    1528000 -237.544556
    1529000 -238.142481
    1530000 -239.471798
    1531000 -238.527814
    1532000 -239.705146
    1533000 -241.318420
    1534000 -237.608583
    1535000 -238.031445
    1536000 -240.453331
    1537000 -237.838303
    1538000 -239.294319
    1539000 -239.793627
    1540000 -239.948147
    1541000 -241.216669
    1542000 -237.538621
    1543000 -237.732359
    1544000 -240.088294
    1545000 -237.701964
    1546000 -240.441797
    1547000 -238.338648
    1548000 -237.518240
    1549000 -237.524004
    1550000 -240.323642
    1551000 -241.621731
    1552000 -239.299471
    1553000 -237.610467
    1554000 -239.701279
    1555000 -238.123377
    1556000 -237.464661
    1557000 -237.560651
    1558000 -239.629570
    1559000 -237.842357
    1560000 -238.036573
    1561000 -242.179761
    1562000 -240.080005
    1563000 -237.635328
    1564000 -239.390136
    1565000 -241.537305
    1566000 -237.411461
    1567000 -239.507426
    1568000 -240.973259
    1569000 -240.362917
    1570000 -242.025500
    1571000 -238.024251
    1572000 -238.684409
    1573000 -238.659156
    1574000 -238.121084
    1575000 -240.477152
    1576000 -239.440692
    1577000 -237.546790
    1578000 -237.802883
    1579000 -240.041580
    1580000 -237.601706
    1581000 -239.315048
    1582000 -238.131849
    1583000 -237.466340
    1584000 -238.987788
    1585000 -240.070164
    1586000 -237.444378
    1587000 -244.175453
    1588000 -239.645940
    1589000 -239.435593
    1590000 -239.883899
    1591000 -242.250027
    1592000 -239.621387
    1593000 -238.235346
    1594000 -238.267335
    1595000 -240.181869
    1596000 -239.817288
    1597000 -237.497257
    1598000 -237.384692
    1599000 -238.677088
    1600000 -237.846612
    1601000 -237.466531
    1602000 -237.583817
    1603000 -238.726468
    1604000 -240.439279
    1605000 -242.181581
    1606000 -240.703007
    1607000 -237.952437
    1608000 -239.967847
    1609000 -237.845101
    1610000 -239.116337
    1611000 -241.308849
    1612000 -238.820642
    1613000 -240.028938
    1614000 -237.371723
    1615000 -237.696509
    1616000 -238.227488
    1617000 -238.156327
    1618000 -238.417531
    1619000 -241.390760
    1620000 -240.757848
    1621000 -237.889815
    1622000 -244.586829
    1623000 -239.299806
    1624000 -241.926315
    1625000 -241.029188
    1626000 -239.398028
    1627000 -240.288494
    1628000 -238.544180
    1629000 -238.925699
    1630000 -238.489349
    1631000 -238.985476
    1632000 -242.709545
    1633000 -239.885773
    1634000 -238.915084
    1635000 -238.004565
    1636000 -238.151511
    1637000 -237.590271
    1638000 -238.391900
    1639000 -241.223008
    1640000 -239.298400
    1641000 -239.794942
    1642000 -238.956559
    1643000 -237.787745
    1644000 -241.636244
    1645000 -237.787943
    1646000 -237.932612
    1647000 -237.399605
    1648000 -239.409497
    1649000 -238.473276
    1650000 -240.917163
    1651000 -238.619311
    1652000 -238.161965
    1653000 -239.917386
    1654000 -238.365634
    1655000 -241.010091
    1656000 -238.318832
    1657000 -239.469422
    1658000 -238.962091
    1659000 -237.444408
    1660000 -237.485167
    1661000 -237.562544
    1662000 -240.076509
    1663000 -239.567841
    1664000 -238.177633
    1665000 -237.667697
    1666000 -240.879878
    1667000 -237.515526
    1668000 -237.967431
    1669000 -240.384534
    1670000 -239.215454
    1671000 -238.117955
    1672000 -242.633177
    1673000 -238.436331
    1674000 -237.641380
    1675000 -240.025340
    1676000 -239.712559
    1677000 -239.654819
    1678000 -240.518172
    1679000 -240.447883
    1680000 -237.874427
    1681000 -240.623288
    1682000 -238.013832
    1683000 -238.991815
    1684000 -239.548248
    1685000 -239.818856
    1686000 -238.236234
    1687000 -239.576841
    1688000 -237.403672
    1689000 -239.378679
    1690000 -239.177344
    1691000 -239.447433
    1692000 -237.610228
    1693000 -237.954085
    1694000 -239.657739
    1695000 -237.472830
    1696000 -238.464421
    1697000 -238.414334
    1698000 -239.659461
    1699000 -240.540665
    1700000 -242.508728
    1701000 -239.787274
    1702000 -238.865983
    1703000 -237.871198
    1704000 -241.097405
    1705000 -237.520712
    1706000 -238.407348
    1707000 -242.865620
    1708000 -241.596007
    1709000 -239.459111
    1710000 -238.516150
    1711000 -240.472977
    1712000 -237.444594
    1713000 -240.171281
    1714000 -237.650968
    1715000 -240.534609
    1716000 -238.275121
    1717000 -238.266475
    1718000 -242.084669
    1719000 -237.412985
    1720000 -238.893476
    1721000 -237.536589
    1722000 -241.279439
    1723000 -237.385192
    1724000 -237.432292
    1725000 -238.026585
    1726000 -239.513974
    1727000 -239.651484
    1728000 -237.479624
    1729000 -241.957949
    1730000 -237.930416
    1731000 -239.590193
    1732000 -240.029091
    1733000 -238.387067
    1734000 -244.269467
    1735000 -238.657890
    1736000 -238.264106
    1737000 -240.308883
    1738000 -239.479810
    1739000 -237.809515
    1740000 -237.737432
    1741000 -241.605913
    1742000 -237.882267
    1743000 -239.985238
    1744000 -241.112630
    1745000 -237.895502
    1746000 -237.723919
    1747000 -239.305893
    1748000 -240.773404
    1749000 -238.244478
    1750000 -237.410811
    1751000 -250.551700
    1752000 -241.507861
    1753000 -237.515435
    1754000 -238.030201
    1755000 -238.334472
    1756000 -237.625456
    1757000 -240.514854
    1758000 -238.285218
    1759000 -241.431717
    1760000 -243.038664
    1761000 -239.414550
    1762000 -243.650972
    1763000 -239.493275
    1764000 -238.587869
    1765000 -237.652400
    1766000 -237.716718
    1767000 -238.350766
    1768000 -237.812640
    1769000 -239.856258
    1770000 -237.608900
    1771000 -238.678821
    1772000 -237.670738
    1773000 -243.018256
    1774000 -238.724037
    1775000 -240.311061
    1776000 -238.230658
    1777000 -239.138862
    1778000 -237.818051
    1779000 -239.463772
    1780000 -237.823862
    1781000 -237.569979
    1782000 -239.274768
    1783000 -237.459460
    1784000 -240.978348
    1785000 -239.563136
    1786000 -239.333598
    1787000 -237.781393
    1788000 -239.571995
    1789000 -240.781437
    1790000 -237.412412
    1791000 -241.713441
    1792000 -241.422751
    1793000 -239.052347
    1794000 -238.012903
    1795000 -237.990554
    1796000 -237.517083
    1797000 -240.241719
    1798000 -240.285427
    1799000 -238.014915
    1800000 -238.513414
    1801000 -239.327358
    1802000 -237.944583
    1803000 -240.461224
    1804000 -238.643990
    1805000 -238.734696
    1806000 -237.519150
    1807000 -239.243065
    1808000 -243.009431
    1809000 -238.189814
    1810000 -237.915449
    1811000 -240.055973
    1812000 -237.374635
    1813000 -240.092974
    1814000 -239.869549
    1815000 -238.541662
    1816000 -238.302494
    1817000 -240.173333
    1818000 -237.709922
    1819000 -239.409102
    1820000 -239.495395
    1821000 -237.998394
    1822000 -239.016845
    1823000 -238.676708
    1824000 -241.129866
    1825000 -238.088742
    1826000 -240.039877
    1827000 -237.656715
    1828000 -238.288085
    1829000 -239.836543
    1830000 -238.130573
    1831000 -241.024726
    1832000 -237.555070
    1833000 -239.270080
    1834000 -239.469933
    1835000 -237.463967
    1836000 -238.482372
    1837000 -240.021707
    1838000 -240.223441
    1839000 -239.150745
    1840000 -238.668970
    1841000 -238.151302
    1842000 -238.271510
    1843000 -241.876827
    1844000 -240.465109
    1845000 -239.512915
    1846000 -240.998108
    1847000 -237.395106
    1848000 -238.514890
    1849000 -238.781853
    1850000 -239.672835
    1851000 -237.605805
    1852000 -240.626326
    1853000 -241.549802
    1854000 -240.744037
    1855000 -238.652389
    1856000 -237.445771
    1857000 -240.820023
    1858000 -240.081092
    1859000 -237.684763
    1860000 -237.966854
    1861000 -237.385504
    1862000 -237.430929
    1863000 -238.442221
    1864000 -237.472945
    1865000 -239.190768
    1866000 -237.618999
    1867000 -237.891864
    1868000 -239.593346
    1869000 -237.549926
    1870000 -237.932831
    1871000 -239.150547
    1872000 -241.100468
    1873000 -238.207724
    1874000 -241.559037
    1875000 -241.433290
    1876000 -238.249692
    1877000 -240.793536
    1878000 -237.611821
    1879000 -240.141445
    1880000 -237.454857
    1881000 -239.521723
    1882000 -238.528580
    1883000 -237.844851
    1884000 -237.817031
    1885000 -239.267998
    1886000 -237.626590
    1887000 -237.438138
    1888000 -238.189905
    1889000 -238.504910
    1890000 -238.380142
    1891000 -238.605765
    1892000 -238.087575
    1893000 -240.814509
    1894000 -239.792568
    1895000 -240.788216
    1896000 -240.662457
    1897000 -239.859037
    1898000 -241.662137
    1899000 -240.018515
    1900000 -240.975664
    1901000 -237.523207
    1902000 -238.070591
    1903000 -240.836174
    1904000 -237.602819
    1905000 -237.626612
    1906000 -238.882084
    1907000 -241.977227
    1908000 -239.561269
    1909000 -238.162787
    1910000 -239.542026
    1911000 -241.433983
    1912000 -237.520358
    1913000 -238.613212
    1914000 -239.394244
    1915000 -241.535886
    1916000 -238.063841
    1917000 -240.452242
    1918000 -238.246968
    1919000 -240.488677
    1920000 -237.606002
    1921000 -240.163661
    1922000 -239.993901
    1923000 -239.518746
    1924000 -239.765471
    1925000 -239.317088
    1926000 -237.419188
    1927000 -237.686561
    1928000 -240.778580
    1929000 -239.585120
    1930000 -239.033368
    1931000 -238.135434
    1932000 -240.915885
    1933000 -244.432112
    1934000 -239.305194
    1935000 -239.928263
    1936000 -238.737635
    1937000 -241.361797
    1938000 -237.704177
    1939000 -240.946555
    1940000 -237.431343
    1941000 -239.783587
    1942000 -237.668623
    1943000 -237.819960
    1944000 -241.147970
    1945000 -239.777852
    1946000 -239.014894
    1947000 -240.443777
    1948000 -240.037123
    1949000 -247.562876
    1950000 -240.410421
    1951000 -237.540474
    1952000 -238.952086
    1953000 -238.219631
    1954000 -244.019004
    1955000 -239.293785
    1956000 -237.441729
    1957000 -238.512023
    1958000 -239.097952
    1959000 -238.715133
    1960000 -238.235306
    1961000 -238.013533
    1962000 -237.730809
    1963000 -237.811011
    1964000 -237.533343
    1965000 -240.094861
    1966000 -240.238096
    1967000 -239.730995
    1968000 -238.484265
    1969000 -238.541314
    1970000 -240.088739
    1971000 -239.517808
    1972000 -240.495745
    1973000 -237.448602
    1974000 -237.441321
    1975000 -237.975421
    1976000 -237.581328
    1977000 -242.280165
    1978000 -239.670529
    1979000 -240.032336
    1980000 -239.681400
    1981000 -239.268775
    1982000 -240.944630
    1983000 -237.598232
    1984000 -238.721634
    1985000 -240.874982
    1986000 -238.896294
    1987000 -240.487534
    1988000 -239.388144
    1989000 -239.499819
    1990000 -240.057307
    1991000 -239.432355
    1992000 -242.443178
    1993000 -239.653795
    1994000 -237.430613
    1995000 -240.035962
    1996000 -239.216957
    1997000 -239.660514
    1998000 -240.412172
    1999000 -240.167039
    2000000 -239.450103
