       1000 -240.126970
       2000 -241.218125
       3000 -241.778489
       4000 -239.623919
       5000 -240.180480
       6000 -240.241930
       7000 -239.858121
       8000 -241.419254
       9000 -239.444625
      10000 -240.520614
      11000 -241.806429
      12000 -239.451377
      13000 -240.089841
      14000 -239.300120
      15000 -245.002157
      16000 -239.342591
      17000 -239.746056
      18000 -240.625727
      19000 -241.618792
      20000 -239.730831
      21000 -239.707044
      22000 -240.973170
      23000 -240.068201
      24000 -242.500161
      25000 -239.717393
      26000 -241.081782
      27000 -241.842462
      28000 -240.870142
      29000 -240.294104
      30000 -239.671427
      31000 -240.478928
      32000 -240.078147
      33000 -241.526363
      34000 -241.636173
      35000 -242.335676
      36000 -241.626686
      37000 -239.737226
      38000 -240.396127
      39000 -240.417787
      40000 -243.133661
      41000 -241.507295
      42000 -239.288338
      43000 -242.018716
      44000 -239.836466
      45000 -239.477110
      46000 -241.993242
      47000 -241.846385
      48000 -239.414997
      49000 -241.408657
      50000 -241.246958
      51000 -239.627299
      52000 -239.460646
      53000 -241.414697
      54000 -240.122307
      55000 -239.916360
      56000 -242.482577
      57000 -239.800251
      58000 -240.802594
      59000 -239.265882
      60000 -240.372918
      61000 -240.175763
      62000 -243.030227
      63000 -239.708384
      64000 -239.557217
      65000 -239.535289
      66000 -240.218076
      67000 -239.668810
      68000 -239.357693
      69000 -240.435906
      70000 -240.500620
      71000 -239.801655
      72000 -242.023154
      73000 -239.518573
      74000 -239.508880
      75000 -242.658151
      76000 -241.787929
      77000 -241.222931
      78000 -241.652598
      79000 -239.563063
      80000 -239.477690
      81000 -239.797764
      82000 -240.239808
      83000 -239.799202
      84000 -239.767865
      85000 -239.489695
      86000 -240.983394
      87000 -239.869827
      88000 -241.588242
      89000 -240.925904
      90000 -239.265824
      91000 -239.404890
      92000 -240.572583
      93000 -239.545622
      94000 -239.587122
      95000 -239.347434
      96000 -239.276636
      97000 -245.366676
      98000 -239.767972
      99000 -239.330627
     100000 -239.351872
     101000 -239.292168
     102000 -240.052661
     103000 -239.705445
     104000 -244.301328
     105000 -240.158384
     106000 -239.422335
     107000 -239.547590
     108000 -239.804419
     109000 -242.170080
     110000 -239.360368
     111000 -240.540143
     112000 -241.773609
     113000 -239.626153
     114000 -239.991584
     115000 -239.379057
     116000 -240.023768
     117000 -239.907818
     118000 -240.171086
     119000 -240.036012
     120000 -241.555570
     121000 -240.935070
     122000 -241.897203
     123000 -241.384616
     124000 -241.914144
     125000 -239.494527
     126000 -246.063175
     127000 -247.615548
     128000 -240.653891
     129000 -241.847641
     130000 -239.685039
     131000 -240.087153
     132000 -239.743169
     133000 -239.509452
     134000 -240.088344
     135000 -243.971928
     136000 -240.130980
     137000 -239.790608
     138000 -241.057152
     139000 -239.335292
     140000 -245.632705
     141000 -239.709340
     142000 -243.347470
     143000 -240.557972
     144000 -240.770812
     145000 -240.325381
     146000 -243.310734
     147000 -239.812648
     148000 -241.556678
     149000 -240.986080
     150000 -239.717265
     151000 -239.866760
     152000 -239.725748
     153000 -239.915629
     154000 -239.884261
     155000 -239.863530
     156000 -240.757185
     157000 -241.576315
     158000 -240.796078
     159000 -239.606554
     160000 -241.273391
     161000 -240.607540
     162000 -239.448292
     163000 -240.533227
     164000 -240.076440
     165000 -239.548694
     166000 -239.520954
     167000 -242.362995
     168000 -239.963212
     169000 -240.552434
     170000 -244.963759
     171000 -239.859520
     172000 -240.002665
     173000 -240.233968
     174000 -242.549865
     175000 -242.846478
     176000 -242.965167
     177000 -239.482838
     178000 -240.028288
     179000 -239.465832
     180000 -240.050453
     181000 -239.845970
     182000 -240.230902
     183000 -239.265179
     184000 -240.475993
     185000 -239.842776
     186000 -240.029267
     187000 -240.582532
     188000 -239.513099
     189000 -240.076006
     190000 -242.331857
     191000 -241.207286
     192000 -242.860319
     193000 -239.988381
     194000 -242.663533
     195000 -239.774584
     196000 -240.093901
     197000 -239.605588
     198000 -240.089900
     199000 -241.054753
     200000 -239.667098
     201000 -240.653830
     202000 -240.358111
     203000 -241.949875
     204000 -240.566066
     205000 -239.674093
     206000 -239.545077
     207000 -242.082065
     208000 -242.130308
     209000 -240.254509
     210000 -240.254556
     211000 -240.776408
     212000 -242.405907
     213000 -241.260000
     214000 -242.358132
     215000 -239.407894
     216000 -239.609423
     217000 -241.620923
     218000 -246.989605
     219000 -239.841322
     220000 -240.174433
     221000 -241.090468
     222000 -240.989921
     223000 -244.631559
     224000 -239.301310
     225000 -239.485857
     226000 -242.293543
     227000 -241.623381
     228000 -240.393597
     229000 -239.657555
     230000 -239.789608
     231000 -240.960403
     232000 -239.490641
     233000 -242.661396
     234000 -239.307640
     235000 -239.684684
     236000 -239.294336
     237000 -249.650128
     238000 -239.306594
     239000 -241.156177
     240000 -242.955384
     241000 -240.058217
     242000 -241.836082
     243000 -241.310834
     244000 -241.528187
     245000 -239.700849
     246000 -239.914041
     247000 -241.856018
     248000 -239.285474
     249000 -239.565168
     250000 -239.629760
     251000 -240.536655
     252000 -245.170889
     253000 -241.095701
     254000 -240.235033
     255000 -239.264340
     256000 -240.857939
     257000 -243.178601
     258000 -240.079325
     259000 -239.919301
     260000 -240.370772
     261000 -240.183013
     262000 -240.042156
     263000 -242.764855
     264000 -241.171319
     265000 -239.499555
     266000 -241.059472
     267000 -240.612886
     268000 -239.389463
     269000 -239.375249
     270000 -240.321400
     271000 -240.150769
     272000 -243.654097
     273000 -241.419550
     274000 -239.267024
     275000 -242.804786
     276000 -242.157845
     277000 -242.235710
     278000 -239.755080
     279000 -239.883024
     280000 -244.764723
     281000 -240.752610
     282000 -241.931051
     283000 -239.699775
     284000 -239.475011
     285000 -239.815293
     286000 -240.347522
     287000 -239.421654
     288000 -243.118973
     289000 -240.815443
     290000 -241.496975
     291000 -244.672088
     292000 -240.919382
     293000 -242.097150
     294000 -242.406377
     295000 -239.588004
     296000 -239.303098
     297000 -239.409493
     298000 -241.689848
     299000 -242.761586
     300000 -241.163597
     301000 -239.793739
     302000 -240.153884
     303000 -240.277413
     304000 -246.577942
     305000 -240.652564
     306000 -241.317250
     307000 -240.477196
     308000 -240.215507
     309000 -241.652954
     310000 -239.528059
     311000 -241.123469
     312000 -239.416115
     313000 -239.974980
     314000 -239.811532
     315000 -239.440136
     316000 -239.516710
     317000 -239.474188
     318000 -242.843226
     319000 -241.053393
     320000 -240.043512
     321000 -239.678483
     322000 -240.170350
     323000 -240.015342
     324000 -239.333960
     325000 -239.514207
     326000 -242.322640
     327000 -239.360865
     328000 -244.942749
     329000 -239.518692
     330000 -241.345398
     331000 -239.693964
     332000 -239.271684
     333000 -240.408267
     334000 -240.040064
     335000 -239.572310
     336000 -241.624611
     337000 -240.400696
     338000 -240.172594
     339000 -240.314658
     340000 -240.314802
     341000 -239.296602
     342000 -240.026673
     343000 -239.929505
     344000 -239.509952
     345000 -240.009427
     346000 -239.705184
     347000 -240.378248
     348000 -241.131160
     349000 -239.494791
     350000 -240.047838
     351000 -242.229700
     352000 -241.530279
     353000 -241.847184
     354000 -239.945646
     355000 -239.913338
     356000 -241.998828
     357000 -241.161007
     358000 -239.316807
     359000 -240.282160
     360000 -242.062095
     361000 -239.311231
     362000 -239.894200
     363000 -239.921730
     364000 -239.741485
     365000 -240.491812
     366000 -239.909685
     367000 -240.663308
     368000 -239.786386
     369000 -240.583454
     370000 -242.060103
     371000 -241.537320
     372000 -240.267073
     373000 -241.950483
     374000 -242.756035
     375000 -239.340224
     376000 -240.826649
     377000 -240.921919
     378000 -239.565511
     379000 -239.624250
     380000 -241.060962
     381000 -239.829876
     382000 -239.303038
     383000 -239.887881
     384000 -239.475338
     385000 -241.468196
     386000 -240.436580
     387000 -243.551860
     388000 -239.536357
     389000 -242.700590
     390000 -240.357737
     391000 -239.803099
     392000 -240.468614
     393000 -240.701693
     394000 -239.750808
     395000 -244.048021
     396000 -240.032303
     397000 -239.957151
     398000 -240.851920
     399000 -241.897396
     400000 -240.356434
     401000 -239.356948
     402000 -239.704398
     403000 -239.840440
     404000 -240.220727
     405000 -241.278859
     406000 -239.430052
     407000 -239.395613
     408000 -240.445242
     409000 -239.987253
     410000 -239.782941
     411000 -239.565820
     412000 -239.322312
     413000 -241.589207
     414000 -239.372332
     415000 -239.966344
     416000 -240.467910
     417000 -239.634768
     418000 -240.130949
     419000 -239.733048
     420000 -240.452954
     421000 -239.568347
     422000 -242.180904
     423000 -240.556524
     424000 -240.494876
     425000 -240.543435
     426000 -240.796559
     427000 -241.449837
     428000 -240.723026
     429000 -241.023397
     430000 -242.665320
     431000 -239.835866
     432000 -242.750915
     433000 -239.585238
     434000 -239.892059
     435000 -239.462024
     436000 -239.969934
     437000 -239.306104
     438000 -246.879047
     439000 -239.665275
     440000 -242.514168
     441000 -239.623239
     442000 -240.177271
     443000 -239.564138
     444000 -243.248465
     445000 -239.648898
     446000 -239.333645
     447000 -241.165188
     448000 -240.312297
     449000 -240.998197
     450000 -246.447229
     451000 -239.783288
     452000 -243.897949
     453000 -243.622323
     454000 -239.363756
     455000 -239.721645
     456000 -239.550019
     457000 -239.557952
     458000 -241.167768
     459000 -242.279879
     460000 -239.273275
     461000 -239.850119
     462000 -241.464897
     463000 -239.397363
     464000 -240.191889
     465000 -243.714952
     466000 -241.369047
     467000 -239.822590
     468000 -240.870226
     469000 -243.794259
     470000 -239.368834
     471000 -240.728540
     472000 -241.339503
     473000 -239.475430
     474000 -242.346604
     475000 -241.539220
     476000 -240.867231
     477000 -239.668101
     478000 -244.653329
     479000 -240.502675
     480000 -242.684345
     481000 -242.705315
     482000 -241.361676
     483000 -239.520790
     484000 -240.406003
     485000 -239.765351
     486000 -241.380936
     487000 -240.372459
     488000 -239.766714
     489000 -239.601779
     490000 -239.428510
     491000 -241.828542
     492000 -241.370184
     493000 -240.133400
     494000 -240.347367
     495000 -241.368229
     496000 -240.423153
     497000 -239.813245
     498000 -239.411910
     499000 -239.822269
     500000 -242.785639
     501000 -239.474572
     502000 -239.594701
     503000 -239.323674
     504000 -241.435523
     505000 -240.022253
     506000 -241.231661
     507000 -239.650196
     508000 -240.854514
     509000 -239.644802
     510000 -240.574705
     511000 -240.941813
     512000 -242.717585
     513000 -239.432132
     514000 -239.377154
     515000 -239.343972
     516000 -239.820926
     517000 -242.722090
     518000 -242.511622
     519000 -239.265068
     520000 -243.046532
     521000 -239.804498
     522000 -239.850571
     523000 -239.489006
     524000 -239.610845
     525000 -239.843273
     526000 -244.810636
     527000 -240.185525
     528000 -248.010643
     529000 -240.256852
     530000 -242.579194
     531000 -239.788508
     532000 -240.093971
     533000 -241.710575
     534000 -241.597555
     535000 -240.104804
     536000 -241.547488
     537000 -240.174548
     538000 -239.291754
     539000 -239.764052
     540000 -239.362922
     541000 -241.803409
     542000 -239.399077
     543000 -240.498369
     544000 -239.520761
     545000 -240.103199
     546000 -242.839327
     547000 -239.271999
     548000 -240.717475
     549000 -239.426666
     550000 -240.389886
     551000 -241.159482
     552000 -239.914427
     553000 -239.309785
     554000 -241.806507
     555000 -239.350670
     556000 -239.404374
     557000 -241.245169
     558000 -240.258335
     559000 -240.227164
     560000 -241.444899
     561000 -245.086440
     562000 -240.667315
     563000 -239.878096
     564000 -240.655644
     565000 -239.686593
     566000 -239.385109
     567000 -239.352877
     568000 -239.961992
     569000 -239.941649
     570000 -242.492165
     571000 -239.893855
     572000 -240.367702
     573000 -240.051337
     574000 -240.083353
     575000 -239.647703
     576000 -240.168980
     577000 -240.439383
     578000 -239.630504
     579000 -239.976144
     580000 -240.302006
     581000 -240.121071
     582000 -239.569729
     583000 -239.449233
     584000 -240.756101
     585000 -240.493554
     586000 -239.830936
     587000 -241.101084
     588000 -240.685317
     589000 -240.023277
     590000 -239.968277
     591000 -239.266411
     592000 -243.298865
     593000 -239.442883
     594000 -240.416593
     595000 -247.953019
     596000 -242.600372
     597000 -240.416072
     598000 -239.858867
     599000 -239.949929
     600000 -241.240863
     601000 -239.891519
     602000 -239.790793
     603000 -239.741877
     604000 -241.332857
     605000 -239.583821
     606000 -239.556277
     607000 -241.304775
     608000 -240.496260
     609000 -240.720661
     610000 -239.761187
     611000 -239.589745
     612000 -239.727082
     613000 -239.827372
     614000 -239.327753
     615000 -240.426994
     616000 -239.596228
     617000 -240.049642
     618000 -240.739484
     619000 -239.640995
     620000 -239.964571
     621000 -239.636762
     622000 -241.526927
     623000 -241.068338
     624000 -241.624197
     625000 -239.883313
     626000 -239.566493
     627000 -239.364370
     628000 -240.048149
     629000 -239.765436
     630000 -239.498242
     631000 -240.914429
     632000 -240.558676
     633000 -245.843107
     634000 -241.227314
     635000 -240.625880
     636000 -239.607239
     637000 -239.655838
     638000 -239.638713
     639000 -239.671573
     640000 -239.824722
     641000 -241.272080
     642000 -239.333388
     643000 -240.836294
     644000 -242.372018
     645000 -240.190630
     646000 -239.671030
     647000 -239.412860
     648000 -239.724634
     649000 -243.699027
     650000 -240.802312
     651000 -241.244914
     652000 -239.683537
     653000 -239.962571
     654000 -239.413372
     655000 -244.172885
     656000 -240.502302
     657000 -242.339486
     658000 -240.716935
     659000 -239.714447
     660000 -239.901191
     661000 -239.319075
     662000 -239.630147
     663000 -239.550155
     664000 -239.391933
     665000 -245.406115
     666000 -239.922553
     667000 -240.319939
     668000 -239.983914
     669000 -240.262690
     670000 -239.765538
     671000 -241.238537
     672000 -242.751291
     673000 -239.659242
     674000 -243.228837
     675000 -239.383570
     676000 -241.626577
     677000 -242.719105
     678000 -241.967873
     679000 -241.361759
     680000 -240.750089
     681000 -239.274256
     682000 -240.199068
     683000 -241.307808
     684000 -239.442367
     685000 -239.881548
     686000 -240.732045
     687000 -241.602759
     688000 -240.188413
     689000 -240.014576
     690000 -241.402690
     691000 -239.764193
     692000 -240.898801
     693000 -239.310236
     694000 -240.060489
     695000 -239.890213
     696000 -239.417303
     697000 -241.595368
     698000 -242.439568
     699000 -239.402305
     700000 -240.084184
     701000 -239.430886
     702000 -241.107998
     703000 -242.014470
     704000 -241.733602
     705000 -240.365386
     706000 -241.742903
     707000 -240.739042
     708000 -240.336378
     709000 -240.062276
     710000 -239.603477
     711000 -239.798931
     712000 -239.940110
     713000 -242.017501
     714000 -241.219966
     715000 -241.545216
     716000 -240.770040
     717000 -239.936500
     718000 -239.720147
     719000 -239.823052
     720000 -241.092423
     721000 -239.277290
     722000 -239.849586
     723000 -240.871688
     724000 -239.511504
     725000 -242.486201
     726000 -240.751662
     727000 -239.978135
     728000 -241.297648
     729000 -239.634961
     730000 -241.535435
     731000 -239.526316
     732000 -239.619182
     733000 -241.111464
     734000 -241.138804
     735000 -240.138086
     736000 -242.538087
     737000 -247.284908
     738000 -239.523231
     739000 -242.382977
     740000 -239.656617
     741000 -239.358404
     742000 -239.297055
     743000 -239.842063
     744000 -239.719665
     745000 -240.192993
     746000 -239.393326
     747000 -239.508573
     748000 -239.838972
     749000 -242.538616
     750000 -239.777330
     751000 -239.852847
     752000 -239.549725
     753000 -240.244829
     754000 -239.403820
     755000 -240.683122
     756000 -240.929860
     757000 -239.960731
     758000 -239.625871
     759000 -240.103028
     760000 -240.032091
     761000 -240.101881
     762000 -239.310795
     763000 -239.382764
     764000 -243.176524
     765000 -239.563217
     766000 -239.963320
     767000 -242.653587
     768000 -240.904339
     769000 -243.079758
     770000 -240.817361
     771000 -239.581196
     772000 -241.340326
     773000 -241.101817
     774000 -241.177286
     775000 -240.911452
     776000 -239.461038
     777000 -241.689771
     778000 -240.268349
     779000 -239.421166
     780000 -239.346304
     781000 -242.381295
     782000 -241.153434
     783000 -240.233685
     784000 -239.570668
     785000 -239.668793
     786000 -240.085802
     787000 -239.810245
     788000 -240.550778
     789000 -239.581650
     790000 -240.686852
     791000 -240.245720
     792000 -241.169791
     793000 -240.376820
     794000 -240.803457
     795000 -239.334058
     796000 -242.163168
     797000 -239.661114
     798000 -240.368623
     799000 -239.549605
     800000 -239.503237
     801000 -239.572362
     802000 -240.680732
     803000 -239.489458
     804000 -239.388470
     805000 -241.932776
     806000 -240.092451
     807000 -239.572658
     808000 -240.061490
     809000 -240.398067
     810000 -242.827850
     811000 -241.317129
     812000 -244.068309
     813000 -239.901967
     814000 -239.578912
     815000 -240.484365
     816000 -240.045109
     817000 -239.282788
     818000 -242.380781
     819000 -239.587972
     820000 -239.826229
     821000 -239.467970
     822000 -242.307411
     823000 -239.974041
     824000 -241.531624
     825000 -239.547855
     826000 -239.947146
     827000 -239.618227
     828000 -242.909142
     829000 -244.569902
     830000 -239.514282
     831000 -242.242264
     832000 -239.635889
     833000 -240.578803
     834000 -239.532505
     835000 -239.660341
     836000 -240.098373
     837000 -241.430884
     838000 -239.734679
     839000 -242.646962
     840000 -239.881694
     841000 -240.051350
     842000 -239.363722
     843000 -239.458459
     844000 -240.283458
     845000 -239.480528
     846000 -240.501931
     847000 -240.041794
     848000 -241.150616
     849000 -239.445007
     850000 -239.466558
     851000 -244.158915
     852000 -239.918837
     853000 -239.876242
     854000 -239.621341
     855000 -242.185577
     856000 -240.790304
     857000 -239.614465
     858000 -243.778042
     859000 -241.815841
     860000 -239.674640
     861000 -241.208037
     862000 -243.221624
     863000 -239.326551
     864000 -239.731804
     865000 -243.006773
     866000 -240.065722
     867000 -245.767130
     868000 -240.203064
     869000 -240.076398
     870000 -239.324199
     871000 -239.757417
     872000 -239.507420
     873000 -244.680563
     874000 -241.778479
     875000 -240.354158
     876000 -240.724074
     877000 -241.005512
     878000 -240.039254
     879000 -243.828544
     880000 -239.414931
     881000 -239.560138
     882000 -241.563654
     883000 -240.256741
     884000 -241.459860
     885000 -241.183361
     886000 -244.258478
     887000 -240.500561
     888000 -240.507165
     889000 -239.495997
     890000 -240.369599
     891000 -239.297168
     892000 -242.462136
     893000 -239.703132
     894000 -241.259844
     895000 -239.391606
     896000 -241.691105
     897000 -240.476749
     898000 -241.668190
     899000 -241.758403
     900000 -240.657526
     901000 -239.272168
     902000 -239.326335
     903000 -242.279800
     904000 -241.316867
     905000 -239.398251
     906000 -239.931891
     907000 -240.086302
     908000 -239.601801
     909000 -239.617159
     910000 -241.900417
     911000 -241.321791
     912000 -241.683286
     913000 -240.342301
     914000 -239.562670
     915000 -245.022625
     916000 -239.298320
     917000 -239.313596
     918000 -241.299376
     919000 -239.516470
     920000 -239.774264
     921000 -241.993627
     922000 -240.226607
     923000 -243.639531
     924000 -239.580395
     925000 -240.006466
     926000 -240.213228
     927000 -239.900320
     928000 -239.697484
     929000 -240.361442
     930000 -240.112402
     931000 -241.467390
     932000 -239.380487
     933000 -239.734688
     934000 -239.289855
     935000 -241.877780
     936000 -240.228619
     937000 -239.505829
     938000 -240.710231
     939000 -240.111281
     940000 -239.842168
     941000 -240.406472
     942000 -240.598158
     943000 -239.427594
     944000 -240.604787
     945000 -239.650788
     946000 -239.807789
     947000 -239.823011
     948000 -239.833630
     949000 -240.165468
     950000 -239.831459
     951000 -242.133511
     952000 -241.831275
     953000 -241.720061
     954000 -244.797141
     955000 -240.635062
     956000 -239.619006
     957000 -240.294197
     958000 -242.556923
     959000 -239.930435
     960000 -239.599175
     961000 -242.661846
     962000 -239.627249
     963000 -239.558080
     964000 -240.249547
     965000 -241.430891
     966000 -239.607944
     967000 -243.377071
     968000 -239.440750
     969000 -240.252907
     970000 -239.713634
     971000 -239.415796
     972000 -242.211487
     973000 -239.983209
     974000 -241.744936
     975000 -240.183279
     976000 -239.424153
     977000 -242.123836
     978000 -240.039734
     979000 -240.388550
     980000 -239.448713
     981000 -245.764263
     982000 -239.509817
     983000 -239.384933
     984000 -239.949216
     985000 -240.443727
     986000 -239.802570
     987000 -241.632382
     988000 -239.989145
     989000 -239.505170
     990000 -241.927383
     991000 -241.221556
     992000 -239.791610
     993000 -239.580787
     994000 -242.122583
     995000 -242.007375
     996000 -239.731100
     997000 -240.290640
     998000 -243.859255
     999000 -239.296111
    1000000 -241.443479
    1001000 -243.755088
    1002000 -239.381261
    1003000 -239.271348
    1004000 -243.419945
    1005000 -240.006367
    1006000 -240.514115
    1007000 -239.419322
    1008000 -240.601814
    1009000 -241.025707
    1010000 -241.873198
    1011000 -240.028171
    1012000 -239.583748
    1013000 -242.699089
    1014000 -240.120757
    1015000 -242.440507
    1016000 -240.242729
    1017000 -241.436879
    1018000 -241.080924
    1019000 -240.391764
    1020000 -239.480990
    1021000 -243.338963
    1022000 -239.480124
    1023000 -241.073954
    1024000 -241.204072
    1025000 -239.832027
    1026000 -239.968286
    1027000 -240.040052
    1028000 -239.397357
    1029000 -240.230805
    1030000 -239.756989
    1031000 -240.681881
    1032000 -239.483650
    1033000 -240.518741
    1034000 -239.340249
    1035000 -239.540344
    1036000 -242.005273
    1037000 -241.869840
    1038000 -241.962140
    1039000 -240.862270
    1040000 -240.474789
    1041000 -239.418565
    1042000 -242.014998
    1043000 -239.474251
    1044000 -241.732807
    1045000 -240.130232
    1046000 -239.632186
    1047000 -239.511180
    1048000 -241.297934
    1049000 -240.001614
    1050000 -241.610218
    1051000 -239.474353
    1052000 -240.243948
    1053000 -239.756209
    1054000 -239.856252
    1055000 -239.411044
    1056000 -240.092703
    1057000 -240.245244
    1058000 -243.022584
    1059000 -239.466769
    1060000 -240.351310
    1061000 -239.654189
    1062000 -240.977373
    1063000 -239.295968
    1064000 -242.591295
    1065000 -239.901150
    1066000 -239.575351
    1067000 -243.486993
    1068000 -241.095049
    1069000 -239.523483
    1070000 -242.535820
    1071000 -242.409364
    1072000 -239.321986
    1073000 -239.368119
    1074000 -241.795842
    1075000 -239.399701
    1076000 -241.226224
    1077000 -239.758311
    1078000 -242.044147
    1079000 -239.424827
    1080000 -240.378849
    1081000 -239.969931
    1082000 -240.996187
    1083000 -239.397265
    1084000 -239.549484
    1085000 -241.590303
    1086000 -239.483472
    1087000 -240.809772
    1088000 -241.091096
    1089000 -239.791373
    1090000 -241.817867
    1091000 -239.503837
    1092000 -239.553135
    1093000 -243.466741
    1094000 -240.442042
    1095000 -239.453115
    1096000 -240.902885
    1097000 -239.458172
    1098000 -239.831112
    1099000 -239.769021
    1100000 -239.367282
    1101000 -239.399206
    1102000 -239.377592
    1103000 -239.664615
    1104000 -239.447049
    1105000 -239.687730
    1106000 -240.817084
    1107000 -240.516688
    1108000 -239.898815
    1109000 -240.178502
    1110000 -242.509233
    1111000 -239.647039
    1112000 -241.344450
    1113000 -239.815770
    1114000 -241.240724
    1115000 -239.804051
    1116000 -241.303197
    1117000 -239.436924
    1118000 -240.466154
    1119000 -239.386216
    1120000 -239.284458
    1121000 -239.270254
    1122000 -239.772136
    1123000 -241.683277
    1124000 -240.226811
    1125000 -241.543380
    1126000 -242.735632
    1127000 -240.292755
    1128000 -241.456086
    1129000 -240.763384
    1130000 -241.122646
    1131000 -239.399619
    1132000 -240.673564
    1133000 -239.549184
    1134000 -239.431106
    1135000 -239.918175
    1136000 -242.419104
    1137000 -239.834306
    1138000 -239.469547
    1139000 -241.746636
    1140000 -240.625614
    1141000 -239.400946
    1142000 -239.604163
    1143000 -242.076260
    1144000 -243.310575
    1145000 -239.553692
    1146000 -241.766273
    1147000 -240.113084
    1148000 -239.304512
    1149000 -241.223059
    1150000 -239.686228
    1151000 -240.563241
    1152000 -239.761225
    1153000 -240.002613
    1154000 -240.865329
    1155000 -239.968507
    1156000 -239.365098
    1157000 -239.450505
    1158000 -240.643254
    1159000 -239.791913
    1160000 -241.163932
    1161000 -239.944239
    1162000 -239.385974
    1163000 -239.619797
    1164000 -242.360476
    1165000 -239.724776
    1166000 -240.061595
    1167000 -239.967872
    1168000 -242.566306
    1169000 -241.322780
    1170000 -241.258440
    1171000 -239.397345
    1172000 -240.131512
    1173000 -240.848379
    1174000 -239.391460
    1175000 -239.301259
    1176000 -239.685060
    1177000 -239.518610
    1178000 -242.729545
    1179000 -241.419066
    1180000 -241.333452
    1181000 -240.323194
    1182000 -240.373493
    1183000 -241.104547
    1184000 -240.687735
    1185000 -240.661840
    1186000 -240.690453
    1187000 -244.251641
    1188000 -239.704621
    1189000 -239.537504
    1190000 -241.002252
    1191000 -239.497961
    1192000 -241.242467
    1193000 -239.651389
    1194000 -239.484100
    1195000 -239.484617
    1196000 -239.283096
    1197000 -241.275711
    1198000 -239.355891
    1199000 -241.032310
    1200000 -239.670643
    1201000 -239.689295
    1202000 -240.311639
    1203000 -239.959276
    1204000 -239.850902
    1205000 -240.055764
    1206000 -239.907856
    1207000 -240.465710
    1208000 -240.139937
    1209000 -242.439604
    1210000 -239.680603
    1211000 -239.275746
    1212000 -241.477246
    1213000 -239.921136
    1214000 -243.098816
    1215000 -242.910323
    1216000 -243.330748
    1217000 -239.836561
    1218000 -240.181736
    1219000 -239.299202
    1220000 -240.077461
    1221000 -242.752833
    1222000 -239.545373
    1223000 -240.992823
    1224000 -241.743997
    1225000 -242.114812
    1226000 -239.288385
    1227000 -241.258195
    1228000 -242.389800
    1229000 -241.321289
    1230000 -239.490530
    1231000 -239.575537
    1232000 -239.273919
    1233000 -239.559103
    1234000 -239.453527
    1235000 -240.556187
    1236000 -243.457312
    1237000 -241.830147
    1238000 -242.803433
    1239000 -239.630901
    1240000 -242.348827
    1241000 -239.362864
    1242000 -243.176172
    1243000 -242.460174
    1244000 -241.851968
    1245000 -240.029396
    1246000 -239.588255
    1247000 -239.341113
    1248000 -241.538135
    1249000 -239.446121
    1250000 -241.314148
    1251000 -239.535423
    1252000 -240.026658
    1253000 -241.224082
    1254000 -239.484193
    1255000 -241.434342
    1256000 -241.070220
    1257000 -239.880728
    1258000 -243.758211
    1259000 -241.174118
    1260000 -239.323103
    1261000 -240.345662
    1262000 -239.752375
    1263000 -240.774858
    1264000 -239.344765
    1265000 -239.430776
    1266000 -241.894359
    1267000 -240.072489
    1268000 -242.289819
    1269000 -241.272559
    1270000 -242.345125
    1271000 -240.267736
    1272000 -240.055633
    1273000 -239.994465
    1274000 -241.977744
    1275000 -239.829957
    1276000 -239.964494
    1277000 -240.158893
    1278000 -240.622751
    1279000 -239.701549
    1280000 -239.783462
    1281000 -240.650199
    1282000 -239.350243
    1283000 -242.682551
    1284000 -240.895862
    1285000 -239.463185
    1286000 -239.807231
    1287000 -240.557127
    1288000 -240.606669
    1289000 -239.765148
    1290000 -239.812840
    1291000 -241.157565
    1292000 -239.658283
    1293000 -240.369070
    1294000 -239.550005
    1295000 -239.593174
    1296000 -239.853044
    1297000 -242.137666
    1298000 -242.493553
    1299000 -240.394440
    1300000 -241.392416
    1301000 -240.064834
    1302000 -240.485243
    1303000 -239.325269
    1304000 -239.272250
    1305000 -240.262978
    1306000 -243.371387
    1307000 -240.162298
    1308000 -241.297857
    1309000 -239.285903
    1310000 -240.508155
    1311000 -239.935941
    1312000 -239.966482
    1313000 -245.471277
    1314000 -239.626885
    1315000 -239.440697
    1316000 -241.633598
    1317000 -239.878408
    1318000 -239.825117
    1319000 -239.627379
    1320000 -241.036363
    1321000 -240.386521
    1322000 -239.508187
    1323000 -239.622587
    1324000 -239.333124
    1325000 -239.490196
    1326000 -242.149592
    1327000 -240.491242
    1328000 -239.317159
    1329000 -245.520281
    1330000 -239.809016
    1331000 -242.307211
    1332000 -241.874801
    1333000 -239.304081
    1334000 -240.212492
    1335000 -240.229259
    1336000 -239.564049
    1337000 -240.220681
    1338000 -242.953387
    1339000 -240.364686
    1340000 -239.335752
    1341000 -239.271117
    1342000 -240.679942
    1343000 -239.301827
    1344000 -239.374224
    1345000 -241.439841
    1346000 -240.326379
    1347000 -239.739904
    1348000 -239.650008
    1349000 -239.813959
    1350000 -239.905078
    1351000 -239.340867
    1352000 -242.717958
    1353000 -239.581263
    1354000 -239.976022
    1355000 -239.558946
    1356000 -239.570277
    1357000 -241.267972
    1358000 -239.453880
    1359000 -239.356626
    1360000 -239.989465
    1361000 -239.531966
    1362000 -240.560495
    1363000 -240.090087
    1364000 -240.004765
    1365000 -240.364728
    1366000 -239.369954
    1367000 -239.768340
    1368000 -239.396453
    1369000 -239.460855
    1370000 -239.421759
    1371000 -239.562595
    1372000 -239.485566
    1373000 -241.553620
    1374000 -240.368415
    1375000 -245.153939
    1376000 -239.492025
    1377000 -239.653536
    1378000 -239.744904
    1379000 -239.823050
    1380000 -240.061502
    1381000 -241.241272
    1382000 -240.434333
    1383000 -241.634197
    1384000 -240.100686
    1385000 -240.068446
    1386000 -240.270354
    1387000 -241.498065
    1388000 -239.789819
    1389000 -241.951845
    1390000 -241.323362
    1391000 -240.547373
    1392000 -239.722000
    1393000 -239.603068
    1394000 -240.267276
    1395000 -241.954387
    1396000 -240.460765
    1397000 -239.458963
    1398000 -239.832675
    1399000 -240.086521
    1400000 -239.738923
    1401000 -242.334583
    1402000 -239.740244
    1403000 -239.739320
    1404000 -239.767889
    1405000 -242.110392
    1406000 -241.333952
    1407000 -239.592347
    1408000 -239.373452
    1409000 -239.873698
    1410000 -239.761835
    1411000 -239.467037
    1412000 -239.635939
    1413000 -239.419143
    1414000 -239.400200
    1415000 -241.365436
    1416000 -240.227754
    1417000 -243.317429
    1418000 -240.428458
    1419000 -239.999287
    1420000 -240.262007
    1421000 -241.349668
    1422000 -245.566656
    1423000 -240.939660
    1424000 -240.354279
    1425000 -239.313725
    1426000 -239.441087
    1427000 -240.041023
    1428000 -239.666456
    1429000 -246.810001
    1430000 -239.891812
    1431000 -241.123456
    1432000 -239.921219
    1433000 -242.395424
    1434000 -240.433003
    1435000 -239.576277
    1436000 -239.264957
    1437000 -239.638704
    1438000 -241.530013
    1439000 -242.106108
    1440000 -239.937693
    1441000 -241.405257
    1442000 -239.294914
    1443000 -243.055306
    1444000 -240.083272
    1445000 -241.260531
    1446000 -239.357179
    1447000 -239.710798
    1448000 -239.799882
    1449000 -239.777732
    1450000 -248.372195
    1451000 -241.752124
    1452000 -241.463041
    1453000 -241.950127
    1454000 -241.193082
    1455000 -239.432986
    1456000 -239.591950
    1457000 -240.949319
    1458000 -241.439330
    1459000 -240.202098
    1460000 -240.295532
    1461000 -239.374437
    1462000 -243.367742
    1463000 -239.438720
    1464000 -243.842142
    1465000 -241.202240
    1466000 -240.276169
    1467000 -239.650720
    1468000 -241.444893
    1469000 -242.103041
    1470000 -239.400082
    1471000 -241.296449
    1472000 -240.270041
    1473000 -240.255984
    1474000 -239.582431
    1475000 -239.313732
    1476000 -239.882830
    1477000 -241.642241
    1478000 -241.345857
    1479000 -239.324997
    1480000 -239.294102
    1481000 -249.001354
    1482000 -239.875572
    1483000 -241.740997
    1484000 -240.298650
    1485000 -242.227806
    1486000 -241.000180
    1487000 -241.636522
    1488000 -243.135169
    1489000 -240.958355
    1490000 -239.296715
    1491000 -239.430693
    1492000 -239.517641
    1493000 -240.214032
    1494000 -239.605017
    1495000 -239.564948
    1496000 -239.700240
    1497000 -241.399744
    1498000 -239.679202
    1499000 -241.169423
    1500000 -242.077807
    1501000 -242.956487
    1502000 -241.308376
    1503000 -240.258900
    1504000 -243.746735
    1505000 -239.562999
    1506000 -239.338327
    1507000 -239.851240
    1508000 -240.142558
    1509000 -239.540709
    1510000 -240.605996
    1511000 -240.418219
    1512000 -239.266846
    1513000 -239.518223
    1514000 -239.283389
    1515000 -242.330001
    1516000 -239.444284
    1517000 -240.088419
    1518000 -241.300079
    1519000 -239.805381
    1520000 -241.126300
    1521000 -241.553430
    1522000 -239.740612
    1523000 -240.433494
    1524000 -240.189085
    1525000 -241.565312
    1526000 -241.638877
    1527000 -239.373798
    1528000 -240.916236
    1529000 -240.195987
    1530000 -240.879544
    1531000 -241.236290
    1532000 -239.274726
    1533000 -240.960280
    1534000 -239.351021
    1535000 -240.106817
    1536000 -240.872860
    1537000 -240.033481
    1538000 -241.495786
    1539000 -239.965924
    1540000 -241.668717
    1541000 -239.439185
    1542000 -240.018697
    1543000 -241.764744
    1544000 -240.658895
    1545000 -239.827392
    1546000 -240.880160
    1547000 -244.355233
    1548000 -240.620377
    1549000 -244.384916
    1550000 -242.481026
    1551000 -242.028258
    1552000 -241.246866
    1553000 -239.678757
    1554000 -240.695254
    1555000 -240.985239
    1556000 -240.042766
    1557000 -240.035355
    1558000 -239.596492
    1559000 -244.569576
    1560000 -241.885408
    1561000 -240.411653
    1562000 -239.460219
    1563000 -239.389107
    1564000 -241.332531
    1565000 -240.539296
    1566000 -240.586644
    1567000 -240.680651
    1568000 -240.306434
    1569000 -240.534692
    1570000 -241.714924
    1571000 -239.276855
    1572000 -241.074426
    1573000 -240.060058
    1574000 -239.336641
    1575000 -242.941481
    1576000 -239.516124
    1577000 -240.552712
    1578000 -247.022005
    1579000 -240.984188
    1580000 -248.357150
    1581000 -241.470882
    1582000 -243.203847
    1583000 -239.382565
    1584000 -244.465755
    1585000 -240.308423
    1586000 -240.668999
    1587000 -239.927611
    1588000 -240.796078
    1589000 -244.442831
    1590000 -239.599773
    1591000 -240.137629
    1592000 -240.173054
    1593000 -239.788584
    1594000 -240.204221
    1595000 -242.462978
    1596000 -246.953416
    1597000 -240.184724
    1598000 -239.447683
    1599000 -239.457712
    1600000 -241.533032
    1601000 -239.548420
    1602000 -240.927595
    1603000 -240.829767
    1604000 -240.285322
    1605000 -240.050588
    1606000 -239.812005
    1607000 -240.744599
    1608000 -241.726191
    1609000 -239.479054
    1610000 -242.914660
    1611000 -242.934542
    1612000 -240.000464
    1613000 -239.262588
    1614000 -239.512448
    1615000 -239.851568
    1616000 -240.584563
    1617000 -243.144444
    1618000 -240.302560
    1619000 -239.549428
    1620000 -241.865314
    1621000 -239.664389
    1622000 -240.236584
    1623000 -241.187625
    1624000 -241.337932
    1625000 -239.451601
    1626000 -239.311909
    1627000 -243.221234
    1628000 -242.119928
    1629000 -240.395401
    1630000 -241.187486
    1631000 -241.653558
    1632000 -243.527453
    1633000 -242.872473
    1634000 -240.002088
    1635000 -240.680313
    1636000 -239.277773
    1637000 -240.458493
    1638000 -239.426213
    1639000 -242.554061
    1640000 -239.549412
    1641000 -239.890744
    1642000 -239.442882
    1643000 -239.561029
    1644000 -239.322700
    1645000 -242.376144
    1646000 -239.423291
    1647000 -241.232354
    1648000 -241.697288
    1649000 -239.607738
    1650000 -239.372099
    1651000 -240.596162
    1652000 -241.196891
    1653000 -240.267709
    1654000 -240.115054
    1655000 -243.542282
    1656000 -240.808241
    1657000 -239.442874
    1658000 -240.347706
    1659000 -239.929211
    1660000 -239.993836
    1661000 -239.266202
    1662000 -239.302573
    1663000 -239.796893
    1664000 -239.546212
    1665000 -243.176584
    1666000 -239.678427
    1667000 -239.402019
    1668000 -242.181703
    1669000 -239.470567
    1670000 -240.041813
    1671000 -246.858541
    1672000 -239.776259
    1673000 -239.528042
    1674000 -240.356233
    1675000 -239.383083
    1676000 -242.147479
    1677000 -239.357623
    1678000 -241.710238
    1679000 -239.929453
    1680000 -240.351167
    1681000 -239.374806
    1682000 -241.251024
    1683000 -239.607492
    1684000 -239.620775
    1685000 -241.321695
    1686000 -240.603103
    1687000 -239.423512
    1688000 -241.637327
    1689000 -240.436246
    1690000 -241.319633
    1691000 -239.628675
    1692000 -239.891767
    1693000 -240.031658
    1694000 -239.863210
    1695000 -239.734040
    1696000 -239.484760
    1697000 -239.611249
    1698000 -239.637144
    1699000 -240.896176
    1700000 -243.803758
    1701000 -240.512520
    1702000 -243.476266
    1703000 -239.582681
    1704000 -239.703010
    1705000 -239.559092
    1706000 -241.667117
    1707000 -241.435843
    1708000 -240.412952
    1709000 -241.945206
    1710000 -239.609719
    1711000 -239.368535
    1712000 -239.534906
    1713000 -240.079597
    1714000 -240.161277
    1715000 -240.262167
    1716000 -245.033427
    1717000 -239.382098
    1718000 -239.284733
    1719000 -243.502992
    1720000 -239.307608
    1721000 -240.766907
    1722000 -243.959802
    1723000 -240.438331
    1724000 -240.540450
    1725000 -239.928375
    1726000 -240.662870
    1727000 -239.473002
    1728000 -244.441006
    1729000 -242.600427
    1730000 -239.384598
    1731000 -242.897439
    1732000 -239.553753
    1733000 -240.129248
    1734000 -239.605137
    1735000 -239.462841
    1736000 -240.135845
    1737000 -239.440318
    1738000 -239.357017
    1739000 -239.493151
    1740000 -240.662541
    1741000 -241.861677
    1742000 -240.945888
    1743000 -241.812686
    1744000 -241.945744
    1745000 -239.632644
    1746000 -239.481001
    1747000 -239.879112
    1748000 -239.345204
    1749000 -239.546468
    1750000 -239.599175
    1751000 -239.855044
    1752000 -241.036310
    1753000 -240.057952
    1754000 -245.410592
    1755000 -240.867077
    1756000 -244.022383
    1757000 -239.831515
    1758000 -240.966560
    1759000 -240.378409
    1760000 -240.252028
    1761000 -240.319610
    1762000 -242.098340
    1763000 -242.544818
    1764000 -242.928696
    1765000 -240.465422
    1766000 -240.795641
    1767000 -239.484093
    1768000 -242.870282
    1769000 -241.238537
    1770000 -241.070604
    1771000 -241.313123
    1772000 -243.058483
    1773000 -239.392755
    1774000 -240.107936
    1775000 -240.164241
    1776000 -241.337337
    1777000 -240.439781
    1778000 -239.296301
    1779000 -242.629107
    1780000 -241.694667
    1781000 -239.355581
    1782000 -239.976294
    1783000 -239.741817
    1784000 -242.170206
    1785000 -241.155591
    1786000 -242.157732
    1787000 -241.779759
    1788000 -240.137517
    1789000 -243.173708
    1790000 -240.630430
    1791000 -242.298906
    1792000 -243.770424
    1793000 -239.344059
    1794000 -240.175963
    1795000 -241.516656
    1796000 -239.364585
    1797000 -241.811994
    1798000 -239.706025
    1799000 -240.551156
    1800000 -239.344639
    1801000 -240.037911
    1802000 -239.370426
    1803000 -241.025365
    1804000 -240.253532
    1805000 -239.939822
    1806000 -239.586735
    1807000 -239.639109
    1808000 -240.155702
    1809000 -240.532279
    1810000 -240.967107
    1811000 -240.678413
    1812000 -246.506668
    1813000 -240.316868
    1814000 -239.267075
    1815000 -239.512600
    1816000 -240.965065
    1817000 -240.367656
    1818000 -240.584469
    1819000 -241.636777
    1820000 -240.957386
    1821000 -239.996877
    1822000 -239.366888
    1823000 -240.190265
    1824000 -241.816138
    1825000 -239.442860
    1826000 -243.080293
    1827000 -241.162384
    1828000 -241.628860
    1829000 -239.374993
    1830000 -240.481761
    1831000 -239.419711
    1832000 -239.994983
    1833000 -243.129797
    1834000 -240.400769
    1835000 -239.685315
    1836000 -239.397347
    1837000 -241.129125
    1838000 -239.390594
    1839000 -239.863755
    1840000 -242.309338
    1841000 -240.466890
    1842000 -242.015932
    1843000 -241.870420
    1844000 -241.700701
    1845000 -241.953600
    1846000 -239.665463
    1847000 -242.975266
    1848000 -240.716306
    1849000 -239.546396
    1850000 -240.417075
    1851000 -242.089353
    1852000 -240.494427
    1853000 -240.105165
    1854000 -239.536438
    1855000 -245.839619
    1856000 -240.349560
    1857000 -241.936226
    1858000 -240.683004
    1859000 -240.070460
    1860000 -239.917816
    1861000 -239.304400
    1862000 -239.878689
    1863000 -240.159705
    1864000 -240.654732
    1865000 -243.814022
    1866000 -239.490326
    1867000 -239.502206
    1868000 -241.033655
    1869000 -240.862153
    1870000 -239.956783
    1871000 -239.323832
    1872000 -239.415695
    1873000 -239.852064
    1874000 -241.296976
    1875000 -241.106054
    1876000 -239.711354
    1877000 -242.373082
    1878000 -240.401987
    1879000 -243.674350
    1880000 -241.687571
    1881000 -239.972353
    1882000 -239.746148
    1883000 -239.734049
    1884000 -240.325831
    1885000 -241.263414
    1886000 -239.945239
    1887000 -241.766261
    1888000 -239.580289
    1889000 -241.444281
    1890000 -240.218388
    1891000 -241.543732
    1892000 -240.103723
    1893000 -239.439811
    1894000 -240.455371
    1895000 -239.466515
    1896000 -239.529645
    1897000 -240.991774
    1898000 -241.243999
    1899000 -242.157442
    1900000 -241.175896
    1901000 -239.377249
    1902000 -240.763692
    1903000 -242.467078
    1904000 -242.257003
    1905000 -240.463609
    1906000 -239.967430
    1907000 -239.300701
    1908000 -247.549544
    1909000 -239.808860
    1910000 -241.030979
    1911000 -241.360308
    1912000 -240.636400
    1913000 -240.594226
    1914000 -240.623537
    1915000 -240.083697
    1916000 -240.431961
    1917000 -239.334881
    1918000 -240.017068
    1919000 -240.104605
    1920000 -239.721365
    1921000 -244.229101
    1922000 -240.330168
    1923000 -239.706768
    1924000 -243.122560
    1925000 -239.788589
    1926000 -239.433907
    1927000 -241.298502
    1928000 -240.883873
    1929000 -239.920727
    1930000 -240.369079
    1931000 -239.342360
    1932000 -239.265296
    1933000 -241.399001
    1934000 -239.795856
    1935000 -239.547750
    1936000 -239.541825
    1937000 -239.822301
    1938000 -239.486757
    1939000 -241.389347
    1940000 -241.206503
    1941000 -240.500590
    1942000 -239.708615
    1943000 -239.350340
    1944000 -240.460881
    1945000 -240.381411
    1946000 -239.538596
    1947000 -239.480157
    1948000 -239.651420
    1949000 -239.292328
    1950000 -240.237746
    1951000 -242.393401
    1952000 -239.986274
    1953000 -239.424889
    1954000 -242.809195
    1955000 -244.593035
    1956000 -240.548655
    1957000 -239.267241
    1958000 -239.649479
    1959000 -240.232302
    1960000 -239.806284
    1961000 -243.444345
    1962000 -239.922008
    1963000 -239.842586
    1964000 -239.303480
    1965000 -239.828428
    1966000 -243.555065
    1967000 -241.295798
    1968000 -240.459668
    1969000 -242.356509
    1970000 -240.381685
    1971000 -240.468564
    1972000 -240.211646
    1973000 -244.175203
    1974000 -241.049388
    1975000 -239.716556
    1976000 -242.419156
    1977000 -239.718669
    1978000 -242.381385
    1979000 -242.885304
    1980000 -239.802659
    1981000 -243.467277
    1982000 -239.412841
    1983000 -239.749061
    1984000 -243.221920
    1985000 -239.971138
    1986000 -240.690076
    1987000 -239.865132
    1988000 -239.558325
    1989000 -239.501468
    1990000 -239.556912
    1991000 -241.315870
    1992000 -239.974639
    1993000 -240.457857
    1994000 -240.446101
    1995000 -241.964557
    1996000 -239.855023
    1997000 -239.373257
    1998000 -240.195254
    1999000 -240.651297
    2000000 -239.490053
