    genPlus1     beta
        1000  0.939132
        2000  0.891667
        3000  0.932831
        4000  0.942602
        5000  0.947581
        6000  0.918164
        7000  0.927433
        8000  0.939478
        9000  0.947353
       10000  0.936390
       11000  0.926352
       12000  0.968569
       13000  0.948523
       14000  0.949414
       15000  0.959747
       16000  0.960309
       17000  0.949410
       18000  0.942457
       19000  0.947696
       20000  0.945319
       21000  0.919746
       22000  0.904617
       23000  0.955937
       24000  0.945954
       25000  0.931128
       26000  0.946316
       27000  0.932361
       28000  0.940604
       29000  0.920383
       30000  0.897570
       31000  0.947439
       32000  0.948779
       33000  0.951796
       34000  0.942728
       35000  0.949987
       36000  0.922750
       37000  0.938990
       38000  0.939346
       39000  0.940666
       40000  0.946238
       41000  0.921690
       42000  0.931912
       43000  0.919924
       44000  0.936311
       45000  0.891240
       46000  0.957071
       47000  0.929996
       48000  0.935840
       49000  0.942401
       50000  0.939493
       51000  0.925967
       52000  0.926388
       53000  0.946031
       54000  0.929524
       55000  0.943121
       56000  0.936887
       57000  0.953976
       58000  0.927034
       59000  0.908678
       60000  1.004445
       61000  0.929366
       62000  0.953738
       63000  0.937574
       64000  0.913071
       65000  0.915219
       66000  0.968664
       67000  0.940833
       68000  0.906018
       69000  0.922490
       70000  0.905369
       71000  0.795526
       72000  0.953548
       73000  0.948357
       74000  0.941594
       75000  0.816324
       76000  0.946145
       77000  0.904260
       78000  0.936023
       79000  0.949804
       80000  0.914692
       81000  0.941322
       82000  0.869235
       83000  0.947184
       84000  0.943706
       85000  0.944309
       86000  0.943164
       87000  0.888025
       88000  0.942650
       89000  0.937308
       90000  0.837165
       91000  0.947758
       92000  0.953378
       93000  0.946316
       94000  0.935454
       95000  0.947537
       96000  0.910293
       97000  0.923392
       98000  0.948557
       99000  0.946148
      100000  0.925746
      101000  0.923495
      102000  0.958172
      103000  0.940504
      104000  0.928491
      105000  0.927833
      106000  0.946831
      107000  0.898501
      108000  0.864647
      109000  0.943200
      110000  0.915763
      111000  0.920438
      112000  0.900584
      113000  0.951118
      114000  0.937443
      115000  0.945486
      116000  0.935976
      117000  0.912923
      118000  0.921006
      119000  0.925840
      120000  0.951503
      121000  0.907864
      122000  0.936017
      123000  0.947336
      124000  0.913621
      125000  0.932641
      126000  0.956547
      127000  0.916679
      128000  0.949239
      129000  0.917962
      130000  0.950432
      131000  0.915480
      132000  0.948704
      133000  0.929717
      134000  0.940880
      135000  0.921296
      136000  0.935136
      137000  0.946074
      138000  0.892347
      139000  0.907496
      140000  0.939819
      141000  0.946972
      142000  0.938345
      143000  0.918638
      144000  0.864659
      145000  0.941148
      146000  0.921057
      147000  0.945926
      148000  0.942020
      149000  0.929888
      150000  0.947311
      151000  0.942950
      152000  0.955961
      153000  0.929980
      154000  0.884698
      155000  0.932875
      156000  0.952585
      157000  0.943197
      158000  0.935339
      159000  0.938151
      160000  0.918662
      161000  0.925349
      162000  0.914177
      163000  0.958729
      164000  0.938489
      165000  0.926309
      166000  0.945226
      167000  0.918864
      168000  0.946326
      169000  0.927667
      170000  0.930450
      171000  0.949816
      172000  0.939946
      173000  0.945523
      174000  0.959383
      175000  0.944405
      176000  0.954786
      177000  0.929688
      178000  0.891875
      179000  0.881732
      180000  0.885640
      181000  0.947318
      182000  0.935610
      183000  0.934910
      184000  0.936391
      185000  0.938149
      186000  0.919259
      187000  0.941579
      188000  0.927051
      189000  0.873712
      190000  0.939797
      191000  0.945304
      192000  0.933342
      193000  0.946893
      194000  0.940025
      195000  0.926669
      196000  0.945603
      197000  0.945558
      198000  0.938938
      199000  0.956056
      200000  0.922020
      201000  0.922172
      202000  0.949971
      203000  0.941128
      204000  0.948130
      205000  0.949534
      206000  0.930565
      207000  0.932196
      208000  0.887162
      209000  0.917980
      210000  0.937089
      211000  0.930328
      212000  0.906182
      213000  0.946042
      214000  0.914158
      215000  0.929506
      216000  0.921487
      217000  0.942492
      218000  0.935459
      219000  0.915535
      220000  0.918937
      221000  0.918398
      222000  0.896799
      223000  0.953471
      224000  0.931850
      225000  0.930506
      226000  0.945526
      227000  0.847627
      228000  0.943283
      229000  0.951852
      230000  0.947825
      231000  0.949767
      232000  0.920491
      233000  0.897434
      234000  0.882373
      235000  0.949180
      236000  0.893145
      237000  0.968656
      238000  0.960402
      239000  0.940067
      240000  0.944057
      241000  0.953283
      242000  0.917401
      243000  0.894041
      244000  0.901389
      245000  0.941543
      246000  0.941520
      247000  0.925555
      248000  0.940134
      249000  0.942348
      250000  0.888152
      251000  0.920514
      252000  0.884344
      253000  0.938630
      254000  0.949999
      255000  0.907323
      256000  0.927437
      257000  0.925790
      258000  0.937051
      259000  0.900883
      260000  0.921409
      261000  0.938697
      262000  0.920457
      263000  0.934805
      264000  0.900988
      265000  0.964210
      266000  0.910581
      267000  0.900997
      268000  0.945553
      269000  0.883569
      270000  0.937112
      271000  0.954011
      272000  0.973304
      273000  0.935507
      274000  0.919915
      275000  0.949157
      276000  0.950842
      277000  0.920617
      278000  0.921922
      279000  0.930805
      280000  0.940818
      281000  0.950116
      282000  0.945330
      283000  0.911297
      284000  0.938497
      285000  0.954817
      286000  0.876727
      287000  0.918968
      288000  0.881145
      289000  0.910375
      290000  0.943569
      291000  0.933151
      292000  0.922290
      293000  0.904234
      294000  0.926876
      295000  0.871291
      296000  0.947940
      297000  0.941392
      298000  0.946773
      299000  0.938968
      300000  0.915258
      301000  0.883660
      302000  0.922827
      303000  0.902640
      304000  0.867772
      305000  0.948289
      306000  0.939704
      307000  0.936268
      308000  0.913553
      309000  0.921610
      310000  0.949867
      311000  0.920112
      312000  0.936143
      313000  0.919214
      314000  0.951108
      315000  0.901542
      316000  0.945642
      317000  0.974964
      318000  0.891380
      319000  0.892382
      320000  0.939891
      321000  0.950878
      322000  0.923480
      323000  0.922480
      324000  0.952987
      325000  0.947722
      326000  0.923973
      327000  0.900829
      328000  0.940103
      329000  0.921628
      330000  0.942456
      331000  0.922091
      332000  0.966783
      333000  0.933363
      334000  0.930364
      335000  0.944675
      336000  0.946203
      337000  0.930262
      338000  0.940865
      339000  0.939273
      340000  0.939996
      341000  0.880463
      342000  0.932474
      343000  0.940514
      344000  0.949034
      345000  0.931098
      346000  0.944731
      347000  0.957812
      348000  0.952041
      349000  0.941472
      350000  0.933186
      351000  0.941797
      352000  0.949712
      353000  0.945189
      354000  0.945138
      355000  0.951664
      356000  0.938547
      357000  0.917218
      358000  0.936322
      359000  0.937385
      360000  0.927118
      361000  0.933459
      362000  0.943924
      363000  0.922846
      364000  0.895677
      365000  0.922171
      366000  0.931811
      367000  0.952237
      368000  0.946549
      369000  0.909865
      370000  0.898926
      371000  0.939961
      372000  0.931582
      373000  0.939865
      374000  0.930278
      375000  0.936540
      376000  0.925378
      377000  0.937182
      378000  0.949030
      379000  0.940334
      380000  0.949066
      381000  0.937636
      382000  0.950461
      383000  0.920617
      384000  0.947918
      385000  0.828512
      386000  0.910377
      387000  0.872112
      388000  0.877329
      389000  0.940913
      390000  0.917100
      391000  0.945507
      392000  0.958150
      393000  0.912187
      394000  0.944716
      395000  0.937171
      396000  0.925243
      397000  0.829230
      398000  0.941140
      399000  0.883828
      400000  0.940069
      401000  0.936717
      402000  0.949147
      403000  0.930800
      404000  0.934135
      405000  0.926170
      406000  0.946206
      407000  0.926297
      408000  0.925794
      409000  0.941788
      410000  0.887395
      411000  0.906364
      412000  0.959494
      413000  0.907519
      414000  0.946675
      415000  0.906073
      416000  0.942624
      417000  0.929832
      418000  0.908353
      419000  0.907067
      420000  0.913611
      421000  0.946009
      422000  0.955862
      423000  0.931349
      424000  0.919397
      425000  0.952662
      426000  0.942371
      427000  0.934118
      428000  0.933595
      429000  0.901129
      430000  0.940454
      431000  0.910976
      432000  0.940501
      433000  0.947414
      434000  0.946520
      435000  0.951223
      436000  0.917738
      437000  0.927267
      438000  0.937508
      439000  0.907228
      440000  0.937368
      441000  0.939799
      442000  0.915755
      443000  0.949194
      444000  0.889079
      445000  0.934402
      446000  0.909210
      447000  0.938730
      448000  0.913117
      449000  0.939304
      450000  0.948458
      451000  0.949712
      452000  0.948565
      453000  0.859710
      454000  0.919110
      455000  0.879423
      456000  0.931446
      457000  0.917322
      458000  0.949119
      459000  0.946730
      460000  0.918991
      461000  0.936040
      462000  0.913835
      463000  0.942115
      464000  0.911131
      465000  0.935656
      466000  0.910795
      467000  0.932015
      468000  0.962534
      469000  0.951969
      470000  0.950023
      471000  0.927946
      472000  0.822727
      473000  0.943512
      474000  0.850697
      475000  0.927056
      476000  0.940835
      477000  0.936292
      478000  0.870926
      479000  0.942901
      480000  0.897725
      481000  0.931169
      482000  0.924343
      483000  0.949747
      484000  0.949344
      485000  0.936367
      486000  0.940952
      487000  0.948505
      488000  0.937172
      489000  0.887758
      490000  0.913104
      491000  0.947149
      492000  0.915159
      493000  0.945358
      494000  0.947647
      495000  0.915237
      496000  0.882309
      497000  0.919149
      498000  0.862809
      499000  0.909555
      500000  0.938606
      501000  0.938674
      502000  0.890555
      503000  0.931678
      504000  0.915753
      505000  0.933874
      506000  0.939416
      507000  0.933005
      508000  0.963077
      509000  0.944882
      510000  0.941924
      511000  0.934711
      512000  0.941138
      513000  0.915663
      514000  0.930988
      515000  0.935538
      516000  0.934962
      517000  0.938319
      518000  0.939895
      519000  0.915046
      520000  0.950512
      521000  0.957083
      522000  0.923842
      523000  0.955295
      524000  0.946250
      525000  0.946670
      526000  0.937603
      527000  0.945918
      528000  0.937302
      529000  0.923383
      530000  0.906026
      531000  0.944094
      532000  0.939795
      533000  0.929094
      534000  0.905144
      535000  0.936884
      536000  0.896427
      537000  0.936499
      538000  0.930273
      539000  0.931113
      540000  0.920212
      541000  0.960717
      542000  0.933158
      543000  0.945445
      544000  0.930724
      545000  0.938642
      546000  0.939190
      547000  0.946142
      548000  0.936696
      549000  0.942017
      550000  0.937742
      551000  0.941323
      552000  0.907254
      553000  0.888085
      554000  0.944419
      555000  0.932146
      556000  0.936966
      557000  0.944945
      558000  0.944222
      559000  0.928892
      560000  0.922946
      561000  0.949261
      562000  0.919223
      563000  0.955211
      564000  0.940405
      565000  0.893372
      566000  0.949289
      567000  0.946875
      568000  0.941095
      569000  0.879818
      570000  0.914499
      571000  0.868806
      572000  0.938125
      573000  0.926691
      574000  0.929374
      575000  0.922012
      576000  0.924265
      577000  0.933571
      578000  0.890799
      579000  0.891406
      580000  0.940274
      581000  0.933803
      582000  0.894787
      583000  0.935497
      584000  0.921906
      585000  0.895262
      586000  0.900110
      587000  0.939872
      588000  0.917063
      589000  0.944573
      590000  0.904291
      591000  0.945461
      592000  0.942559
      593000  0.931133
      594000  0.880511
      595000  0.941492
      596000  0.946263
      597000  0.920460
      598000  0.952461
      599000  0.941759
      600000  0.900829
      601000  0.937577
      602000  0.937835
      603000  0.935750
      604000  0.831321
      605000  0.943120
      606000  0.936203
      607000  0.900078
      608000  0.914139
      609000  0.910787
      610000  0.961958
      611000  0.931556
      612000  0.915021
      613000  0.941781
      614000  0.940482
      615000  0.899929
      616000  0.902287
      617000  0.922685
      618000  0.937391
      619000  0.947574
      620000  0.944979
      621000  0.816649
      622000  0.945744
      623000  0.945035
      624000  0.943265
      625000  0.945309
      626000  0.947892
      627000  0.947158
      628000  0.905151
      629000  0.911820
      630000  0.899943
      631000  0.810301
      632000  0.951534
      633000  0.949095
      634000  0.946417
      635000  0.946025
      636000  0.945102
      637000  0.929616
      638000  0.948405
      639000  0.943121
      640000  0.922748
      641000  0.954100
      642000  0.949802
      643000  0.897326
      644000  0.935154
      645000  0.944293
      646000  0.937958
      647000  0.952657
      648000  0.901713
      649000  0.941110
      650000  0.884881
      651000  0.935848
      652000  0.904290
      653000  0.924355
      654000  0.914338
      655000  0.938682
      656000  0.942167
      657000  0.948812
      658000  0.945700
      659000  0.943569
      660000  0.940594
      661000  0.940458
      662000  0.941797
      663000  0.897668
      664000  0.942902
      665000  0.939630
      666000  0.942773
      667000  0.929303
      668000  0.946357
      669000  0.914674
      670000  0.888203
      671000  0.948320
      672000  0.916310
      673000  0.946013
      674000  0.927807
      675000  0.897138
      676000  0.920566
      677000  0.933830
      678000  0.940428
      679000  0.901554
      680000  0.936631
      681000  0.893723
      682000  0.893150
      683000  0.901930
      684000  0.951475
      685000  0.907302
      686000  0.907518
      687000  0.911174
      688000  0.916969
      689000  0.929835
      690000  0.945354
      691000  0.942576
      692000  0.951081
      693000  0.954789
      694000  0.948568
      695000  0.939197
      696000  0.884374
      697000  0.924181
      698000  0.878368
      699000  0.945126
      700000  0.946991
      701000  0.917695
      702000  0.920905
      703000  0.932798
      704000  0.939647
      705000  0.911308
      706000  0.916526
      707000  0.894510
      708000  0.913935
      709000  0.865550
      710000  0.904214
      711000  0.857399
      712000  0.937607
      713000  0.921055
      714000  0.923264
      715000  0.935977
      716000  0.932427
      717000  0.953624
      718000  0.958067
      719000  0.947929
      720000  0.899106
      721000  0.957361
      722000  0.946665
      723000  0.897995
      724000  0.929620
      725000  0.938307
      726000  0.923774
      727000  0.899954
      728000  0.960122
      729000  0.915980
      730000  0.945481
      731000  0.952071
      732000  0.926073
      733000  0.945650
      734000  0.942455
      735000  0.926190
      736000  0.939036
      737000  0.933294
      738000  0.938353
      739000  0.936960
      740000  0.851026
      741000  0.944536
      742000  0.909580
      743000  0.934947
      744000  0.927084
      745000  0.831449
      746000  0.895645
      747000  0.939456
      748000  0.891018
      749000  0.938168
      750000  0.952183
      751000  0.946851
      752000  0.935647
      753000  0.947798
      754000  0.936620
      755000  0.947356
      756000  0.957619
      757000  0.958714
      758000  0.950511
      759000  0.910548
      760000  0.910961
      761000  0.942904
      762000  0.927110
      763000  0.935983
      764000  0.913803
      765000  0.942865
      766000  0.947557
      767000  0.921198
      768000  0.887256
      769000  0.913811
      770000  0.812782
      771000  0.787903
      772000  0.959197
      773000  0.941627
      774000  0.943078
      775000  0.941665
      776000  0.947159
      777000  0.942506
      778000  0.942844
      779000  0.953439
      780000  0.893713
      781000  0.928745
      782000  0.950144
      783000  0.935362
      784000  0.927858
      785000  0.948878
      786000  0.947881
      787000  0.949535
      788000  0.949722
      789000  0.944967
      790000  0.924321
      791000  0.949245
      792000  0.949716
      793000  0.946518
      794000  0.940565
      795000  0.940518
      796000  0.933126
      797000  0.931597
      798000  0.930975
      799000  0.945188
      800000  0.966320
      801000  0.861120
      802000  0.953459
      803000  0.904464
      804000  0.942712
      805000  0.939521
      806000  0.945611
      807000  0.950903
      808000  0.946865
      809000  0.920146
      810000  0.944233
      811000  0.920788
      812000  0.914862
      813000  0.945514
      814000  0.953767
      815000  0.931765
      816000  0.916956
      817000  0.957897
      818000  0.894023
      819000  0.944893
      820000  0.958039
      821000  0.902436
      822000  0.919907
      823000  0.945796
      824000  0.936953
      825000  0.873504
      826000  0.928851
      827000  0.898683
      828000  0.949880
      829000  0.950352
      830000  0.964701
      831000  0.942584
      832000  0.932846
      833000  0.927327
      834000  0.938397
      835000  0.888325
      836000  0.937253
      837000  0.932695
      838000  0.935907
      839000  0.936492
      840000  0.944508
      841000  0.943307
      842000  0.946773
      843000  0.941204
      844000  0.946197
      845000  0.953791
      846000  0.905435
      847000  0.918839
      848000  0.939638
      849000  0.890723
      850000  0.927957
      851000  0.859560
      852000  0.938396
      853000  0.944586
      854000  0.937585
      855000  0.939665
      856000  0.914990
      857000  0.931304
      858000  0.892798
      859000  0.935038
      860000  0.939122
      861000  0.891953
      862000  0.886890
      863000  0.950427
      864000  0.919547
      865000  0.951395
      866000  0.933013
      867000  0.940285
      868000  0.920011
      869000  0.948485
      870000  0.936704
      871000  0.936518
      872000  0.936456
      873000  0.947438
      874000  0.933716
      875000  0.944149
      876000  0.935159
      877000  0.943668
      878000  0.894710
      879000  0.943392
      880000  0.883521
      881000  0.945110
      882000  0.935464
      883000  0.941089
      884000  0.968899
      885000  0.925386
      886000  0.940235
      887000  0.928929
      888000  0.900663
      889000  0.953386
      890000  0.909299
      891000  0.945784
      892000  0.944634
      893000  0.900528
      894000  0.918994
      895000  0.935298
      896000  0.943902
      897000  0.914993
      898000  0.919370
      899000  0.947579
      900000  0.936130
      901000  0.873024
      902000  0.944517
      903000  0.949244
      904000  0.956051
      905000  0.936527
      906000  0.921812
      907000  0.904732
      908000  0.909529
      909000  0.935598
      910000  0.945666
      911000  0.885221
      912000  0.950386
      913000  0.893518
      914000  0.944286
      915000  0.946671
      916000  0.934703
      917000  0.894445
      918000  0.944331
      919000  0.947701
      920000  0.958023
      921000  0.906652
      922000  0.938309
      923000  0.938112
      924000  0.917185
      925000  0.948534
      926000  0.917341
      927000  0.946134
      928000  0.898703
      929000  0.928928
      930000  0.922016
      931000  0.891902
      932000  0.909126
      933000  0.944339
      934000  0.943702
      935000  0.919046
      936000  0.939170
      937000  0.934776
      938000  0.937493
      939000  0.947503
      940000  0.917100
      941000  0.920016
      942000  0.932557
      943000  0.944988
      944000  0.936609
      945000  0.944576
      946000  0.914083
      947000  0.911506
      948000  0.919780
      949000  0.944671
      950000  0.951137
      951000  0.944249
      952000  0.942451
      953000  0.947823
      954000  0.931091
      955000  0.949443
      956000  0.920755
      957000  0.927417
      958000  0.939366
      959000  0.930498
      960000  0.941629
      961000  0.907658
      962000  0.932938
      963000  0.945870
      964000  0.952056
      965000  0.930094
      966000  0.918080
      967000  0.887312
      968000  0.955792
      969000  0.945073
      970000  0.934517
      971000  0.939164
      972000  0.920581
      973000  0.910668
      974000  0.944884
      975000  0.917208
      976000  0.948527
      977000  0.952390
      978000  0.939959
      979000  0.921397
      980000  0.929422
      981000  0.910035
      982000  0.930185
      983000  0.909126
      984000  0.953828
      985000  0.958348
      986000  0.903075
      987000  0.951575
      988000  0.931546
      989000  0.873541
      990000  0.929904
      991000  0.948382
      992000  0.899384
      993000  0.936613
      994000  0.952996
      995000  0.942570
      996000  0.937489
      997000  0.873982
      998000  0.943186
      999000  0.933157
     1000000  0.922025
     1001000  0.927726
     1002000  0.921968
     1003000  0.944798
     1004000  0.935617
     1005000  0.942336
     1006000  0.945509
     1007000  0.916498
     1008000  0.906119
     1009000  0.924202
     1010000  0.941481
     1011000  0.921850
     1012000  0.928519
     1013000  0.946275
     1014000  0.898086
     1015000  0.935728
     1016000  0.915843
     1017000  0.927816
     1018000  0.923456
     1019000  0.917470
     1020000  0.928059
     1021000  0.970134
     1022000  0.919120
     1023000  0.882064
     1024000  0.947294
     1025000  0.846230
     1026000  0.934240
     1027000  0.908318
     1028000  0.928246
     1029000  0.941700
     1030000  0.951058
     1031000  0.954489
     1032000  0.926327
     1033000  0.932405
     1034000  0.926583
     1035000  0.929173
     1036000  0.936994
     1037000  0.946101
     1038000  0.925526
     1039000  0.924766
     1040000  0.920310
     1041000  0.896384
     1042000  0.914970
     1043000  0.944996
     1044000  0.930974
     1045000  0.934665
     1046000  0.927226
     1047000  0.940582
     1048000  0.940039
     1049000  0.948178
     1050000  0.926196
     1051000  0.905857
     1052000  0.949469
     1053000  0.940207
     1054000  0.907113
     1055000  0.942708
     1056000  0.928191
     1057000  0.941601
     1058000  0.944934
     1059000  0.909110
     1060000  0.944299
     1061000  0.941760
     1062000  0.907333
     1063000  0.931305
     1064000  0.894837
     1065000  0.933406
     1066000  0.883210
     1067000  0.953303
     1068000  0.938870
     1069000  0.944440
     1070000  0.909094
     1071000  0.954297
     1072000  0.787904
     1073000  0.881058
     1074000  0.952666
     1075000  0.946527
     1076000  0.930863
     1077000  0.935021
     1078000  0.947479
     1079000  0.941830
     1080000  0.941003
     1081000  0.946759
     1082000  0.932486
     1083000  0.941470
     1084000  0.946596
     1085000  0.945170
     1086000  0.937765
     1087000  0.951566
     1088000  0.944506
     1089000  0.937236
     1090000  0.907582
     1091000  0.889184
     1092000  0.866326
     1093000  0.906732
     1094000  0.927167
     1095000  0.941057
     1096000  0.935410
     1097000  0.929568
     1098000  0.904702
     1099000  0.919941
     1100000  0.937729
     1101000  0.952325
     1102000  0.931000
     1103000  0.947042
     1104000  0.923487
     1105000  0.942173
     1106000  0.904435
     1107000  0.948591
     1108000  0.949492
     1109000  0.950542
     1110000  0.860334
     1111000  0.938673
     1112000  0.948736
     1113000  0.947876
     1114000  0.928005
     1115000  0.945974
     1116000  0.917480
     1117000  0.936931
     1118000  0.933463
     1119000  0.935283
     1120000  0.911869
     1121000  0.932091
     1122000  0.939403
     1123000  0.939330
     1124000  0.948651
     1125000  0.831172
     1126000  0.962311
     1127000  0.945131
     1128000  0.925004
     1129000  0.949583
     1130000  0.896120
     1131000  0.888472
     1132000  0.942136
     1133000  0.947338
     1134000  0.939718
     1135000  0.913509
     1136000  0.946594
     1137000  0.927580
     1138000  0.924434
     1139000  0.899409
     1140000  0.877551
     1141000  0.941956
     1142000  0.923810
     1143000  0.910125
     1144000  0.928940
     1145000  0.940004
     1146000  0.946803
     1147000  0.939735
     1148000  0.939342
     1149000  0.872703
     1150000  0.924389
     1151000  0.949276
     1152000  0.923635
     1153000  0.946066
     1154000  0.938455
     1155000  0.943658
     1156000  0.939355
     1157000  0.929232
     1158000  0.945701
     1159000  0.905325
     1160000  0.937331
     1161000  0.949334
     1162000  0.927413
     1163000  0.931122
     1164000  0.952565
     1165000  0.954225
     1166000  0.949725
     1167000  0.948136
     1168000  0.946164
     1169000  0.928929
     1170000  0.955938
     1171000  0.966555
     1172000  0.937493
     1173000  0.898805
     1174000  0.949391
     1175000  0.946888
     1176000  0.919117
     1177000  0.929943
     1178000  0.856434
     1179000  0.904215
     1180000  0.932570
     1181000  0.926668
     1182000  0.942406
     1183000  0.923794
     1184000  0.936307
     1185000  0.933459
     1186000  0.949919
     1187000  0.946686
     1188000  0.942273
     1189000  0.924248
     1190000  0.934734
     1191000  0.928387
     1192000  0.936534
     1193000  0.922070
     1194000  0.905100
     1195000  0.910141
     1196000  0.934371
     1197000  0.906281
     1198000  0.911904
     1199000  0.865757
     1200000  0.923419
     1201000  0.964212
     1202000  0.951282
     1203000  0.927092
     1204000  0.956397
     1205000  0.908398
     1206000  0.922264
     1207000  0.941838
     1208000  0.943951
     1209000  0.946022
     1210000  0.947038
     1211000  0.884852
     1212000  0.955474
     1213000  0.946506
     1214000  0.944453
     1215000  0.932964
     1216000  0.940343
     1217000  0.836748
     1218000  0.908161
     1219000  0.916307
     1220000  0.904028
     1221000  0.943454
     1222000  0.952892
     1223000  0.939051
     1224000  0.956623
     1225000  0.977586
     1226000  0.919050
     1227000  0.915193
     1228000  0.936429
     1229000  0.934674
     1230000  0.925639
     1231000  0.926275
     1232000  0.945951
     1233000  0.928825
     1234000  0.926545
     1235000  0.892882
     1236000  0.932327
     1237000  0.908977
     1238000  0.938639
     1239000  0.948057
     1240000  0.932309
     1241000  0.942803
     1242000  0.898396
     1243000  0.934390
     1244000  0.912410
     1245000  0.907247
     1246000  0.944554
     1247000  0.926221
     1248000  0.921567
     1249000  0.931025
     1250000  0.920486
     1251000  0.936824
     1252000  0.948138
     1253000  0.939743
     1254000  0.954216
     1255000  0.926376
     1256000  0.945338
     1257000  0.880941
     1258000  0.937704
     1259000  0.932828
     1260000  0.912565
     1261000  0.933791
     1262000  0.908184
     1263000  0.880515
     1264000  0.891974
     1265000  0.938276
     1266000  0.957154
     1267000  0.907563
     1268000  0.937766
     1269000  0.944439
     1270000  0.938024
     1271000  0.942743
     1272000  0.945514
     1273000  0.953738
     1274000  0.956238
     1275000  0.947894
     1276000  0.941526
     1277000  0.943699
     1278000  0.947525
     1279000  0.905618
     1280000  0.941814
     1281000  0.918736
     1282000  0.925214
     1283000  0.945916
     1284000  0.926923
     1285000  0.906010
     1286000  0.901216
     1287000  0.934847
     1288000  0.938257
     1289000  0.938719
     1290000  0.919294
     1291000  0.889661
     1292000  0.923798
     1293000  0.942094
     1294000  0.932134
     1295000  0.872076
     1296000  0.916364
     1297000  0.939154
     1298000  0.922031
     1299000  0.932359
     1300000  0.946842
     1301000  0.891072
     1302000  0.948242
     1303000  0.950171
     1304000  0.934292
     1305000  0.948778
     1306000  0.947546
     1307000  0.952718
     1308000  0.928877
     1309000  0.916246
     1310000  0.927889
     1311000  0.948027
     1312000  0.951670
     1313000  0.946333
     1314000  0.919574
     1315000  0.906942
     1316000  0.936946
     1317000  0.930742
     1318000  0.948995
     1319000  0.944253
     1320000  0.921516
     1321000  0.942574
     1322000  0.924043
     1323000  0.947877
     1324000  0.961402
     1325000  0.908397
     1326000  0.921323
     1327000  0.940685
     1328000  0.952829
     1329000  0.949802
     1330000  0.935963
     1331000  0.900814
     1332000  0.941611
     1333000  0.937035
     1334000  0.900844
     1335000  0.930826
     1336000  0.927563
     1337000  0.927076
     1338000  0.952807
     1339000  0.943735
     1340000  0.932857
     1341000  0.944415
     1342000  0.936785
     1343000  0.956995
     1344000  0.946789
     1345000  0.901704
     1346000  0.930323
     1347000  0.921272
     1348000  0.943531
     1349000  0.946353
     1350000  0.923586
     1351000  0.943872
     1352000  0.908004
     1353000  0.844429
     1354000  0.940493
     1355000  0.933895
     1356000  0.947551
     1357000  0.927664
     1358000  0.948272
     1359000  0.918669
     1360000  0.949326
     1361000  0.944659
     1362000  0.900238
     1363000  0.934297
     1364000  0.937480
     1365000  0.910451
     1366000  0.935350
     1367000  0.949725
     1368000  0.916533
     1369000  0.944581
     1370000  0.949287
     1371000  0.950137
     1372000  0.916912
     1373000  0.945509
     1374000  0.930860
     1375000  0.939376
     1376000  0.934096
     1377000  0.955123
     1378000  0.932855
     1379000  0.947555
     1380000  0.919436
     1381000  0.937675
     1382000  0.941746
     1383000  0.937077
     1384000  0.914613
     1385000  0.887257
     1386000  0.921618
     1387000  0.926563
     1388000  0.949680
     1389000  0.931225
     1390000  0.945041
     1391000  0.953949
     1392000  0.956523
     1393000  0.929619
     1394000  0.946053
     1395000  0.946217
     1396000  0.941384
     1397000  0.905169
     1398000  0.936269
     1399000  0.923024
     1400000  0.932652
     1401000  0.908793
     1402000  0.937285
     1403000  0.906143
     1404000  0.939824
     1405000  0.920710
     1406000  0.946305
     1407000  0.927931
     1408000  0.928949
     1409000  0.943363
     1410000  0.914343
     1411000  0.920488
     1412000  0.950190
     1413000  0.941058
     1414000  0.978733
     1415000  0.943720
     1416000  0.943418
     1417000  0.937443
     1418000  0.951305
     1419000  0.897485
     1420000  0.916285
     1421000  0.934241
     1422000  0.948732
     1423000  0.946351
     1424000  0.913455
     1425000  0.911529
     1426000  0.930630
     1427000  0.926345
     1428000  0.961323
     1429000  0.941350
     1430000  0.910439
     1431000  0.942613
     1432000  0.915093
     1433000  0.911986
     1434000  0.948905
     1435000  0.910297
     1436000  0.896060
     1437000  0.927781
     1438000  0.896095
     1439000  0.925176
     1440000  0.941175
     1441000  0.927000
     1442000  0.950387
     1443000  0.939309
     1444000  0.925148
     1445000  0.944421
     1446000  0.922419
     1447000  0.929732
     1448000  0.949531
     1449000  0.946547
     1450000  0.954850
     1451000  0.946778
     1452000  0.933440
     1453000  0.935979
     1454000  0.955511
     1455000  0.940636
     1456000  0.903059
     1457000  0.943072
     1458000  0.942079
     1459000  0.951225
     1460000  0.952381
     1461000  0.956420
     1462000  0.934989
     1463000  0.874723
     1464000  0.890978
     1465000  0.880954
     1466000  0.945961
     1467000  0.906630
     1468000  0.933256
     1469000  0.925147
     1470000  0.960144
     1471000  0.938824
     1472000  0.947394
     1473000  0.952574
     1474000  0.937880
     1475000  0.912462
     1476000  0.947775
     1477000  0.922664
     1478000  0.924790
     1479000  0.857824
     1480000  0.907226
     1481000  0.942200
     1482000  0.943999
     1483000  0.949362
     1484000  0.946372
     1485000  0.938468
     1486000  0.884704
     1487000  0.935067
     1488000  0.943496
     1489000  0.904205
     1490000  0.913891
     1491000  0.938301
     1492000  0.943786
     1493000  0.935223
     1494000  0.835957
     1495000  0.933705
     1496000  0.914256
     1497000  0.910325
     1498000  0.939342
     1499000  0.943787
     1500000  0.939849
     1501000  0.960686
     1502000  0.922829
     1503000  0.943498
     1504000  0.870175
     1505000  0.917347
     1506000  0.935203
     1507000  0.949945
     1508000  0.956717
     1509000  0.905271
     1510000  0.951087
     1511000  0.913389
     1512000  0.945290
     1513000  0.939643
     1514000  0.932429
     1515000  0.859549
     1516000  0.947045
     1517000  0.932675
     1518000  0.908190
     1519000  0.943428
     1520000  0.947793
     1521000  0.945537
     1522000  0.904732
     1523000  0.958453
     1524000  0.891511
     1525000  0.941315
     1526000  0.885826
     1527000  0.917624
     1528000  0.925910
     1529000  0.945290
     1530000  0.924737
     1531000  0.916964
     1532000  0.934419
     1533000  0.943067
     1534000  0.947282
     1535000  0.949007
     1536000  0.917254
     1537000  0.948834
     1538000  0.932687
     1539000  0.941675
     1540000  0.931588
     1541000  0.956155
     1542000  0.946350
     1543000  0.911619
     1544000  0.947211
     1545000  0.935278
     1546000  0.899466
     1547000  0.946191
     1548000  0.926710
     1549000  0.941299
     1550000  0.928190
     1551000  0.943999
     1552000  0.946649
     1553000  0.897699
     1554000  0.931332
     1555000  0.914965
     1556000  0.926819
     1557000  0.930169
     1558000  0.941901
     1559000  0.907392
     1560000  0.869974
     1561000  0.929586
     1562000  0.916162
     1563000  0.835334
     1564000  0.941410
     1565000  0.944285
     1566000  0.934985
     1567000  0.925994
     1568000  0.944583
     1569000  0.944879
     1570000  0.907731
     1571000  0.950471
     1572000  0.916607
     1573000  0.948216
     1574000  0.954514
     1575000  0.936150
     1576000  0.940775
     1577000  0.895854
     1578000  0.909248
     1579000  0.952853
     1580000  0.939344
     1581000  0.935794
     1582000  0.928577
     1583000  0.943958
     1584000  0.942800
     1585000  0.945369
     1586000  0.923082
     1587000  0.942513
     1588000  0.917524
     1589000  0.957129
     1590000  0.941795
     1591000  0.934997
     1592000  0.948898
     1593000  0.918087
     1594000  0.915075
     1595000  0.899007
     1596000  0.948442
     1597000  0.941853
     1598000  0.941921
     1599000  0.908262
     1600000  0.916214
     1601000  0.947731
     1602000  0.940908
     1603000  0.938821
     1604000  0.959814
     1605000  0.896026
     1606000  0.917643
     1607000  0.954098
     1608000  0.939699
     1609000  0.883157
     1610000  0.947135
     1611000  0.945851
     1612000  0.903367
     1613000  0.916188
     1614000  0.967080
     1615000  0.935267
     1616000  0.940863
     1617000  0.952033
     1618000  0.957561
     1619000  0.905937
     1620000  0.944605
     1621000  0.941148
     1622000  0.924440
     1623000  0.905742
     1624000  0.944040
     1625000  0.937976
     1626000  0.900278
     1627000  0.900129
     1628000  0.936505
     1629000  0.947026
     1630000  0.905542
     1631000  0.923281
     1632000  0.924941
     1633000  0.948084
     1634000  0.935085
     1635000  0.894557
     1636000  0.907002
     1637000  0.953179
     1638000  0.932171
     1639000  0.915802
     1640000  0.940004
     1641000  0.873739
     1642000  0.945270
     1643000  0.929599
     1644000  0.932140
     1645000  0.937498
     1646000  0.939558
     1647000  0.927235
     1648000  0.933304
     1649000  0.926020
     1650000  0.922786
     1651000  0.957588
     1652000  0.931238
     1653000  0.925061
     1654000  0.951077
     1655000  0.918391
     1656000  0.947207
     1657000  0.822532
     1658000  0.939099
     1659000  0.943548
     1660000  0.922446
     1661000  0.940642
     1662000  0.928857
     1663000  0.937238
     1664000  0.872703
     1665000  0.939955
     1666000  0.932863
     1667000  0.949125
     1668000  0.863742
     1669000  0.894385
     1670000  0.938205
     1671000  0.898111
     1672000  0.900284
     1673000  0.946622
     1674000  0.954962
     1675000  0.931590
     1676000  0.942785
     1677000  0.943734
     1678000  0.959675
     1679000  0.936659
     1680000  0.904331
     1681000  0.929398
     1682000  0.914112
     1683000  0.913251
     1684000  0.944114
     1685000  0.924158
     1686000  0.946801
     1687000  0.918799
     1688000  0.925794
     1689000  0.940826
     1690000  0.904059
     1691000  0.931703
     1692000  0.923629
     1693000  0.936646
     1694000  0.937984
     1695000  0.927784
     1696000  0.939070
     1697000  0.943610
     1698000  0.924990
     1699000  0.941707
     1700000  0.903722
     1701000  0.958539
     1702000  0.928750
     1703000  0.933723
     1704000  0.917553
     1705000  0.922872
     1706000  0.934798
     1707000  0.936938
     1708000  0.915474
     1709000  0.923040
     1710000  0.933303
     1711000  0.955697
     1712000  0.944744
     1713000  0.937401
     1714000  0.947231
     1715000  0.891036
     1716000  0.909233
     1717000  0.914493
     1718000  0.915073
     1719000  0.957043
     1720000  0.912038
     1721000  0.905452
     1722000  0.929953
     1723000  0.782169
     1724000  0.940908
     1725000  0.942030
     1726000  0.869840
     1727000  0.877830
     1728000  0.947103
     1729000  0.932668
     1730000  0.950949
     1731000  0.887419
     1732000  0.886999
     1733000  0.941583
     1734000  0.933460
     1735000  0.947057
     1736000  0.877648
     1737000  0.946840
     1738000  0.896990
     1739000  0.930190
     1740000  0.943359
     1741000  0.943548
     1742000  0.931664
     1743000  0.893237
     1744000  0.930242
     1745000  0.968046
     1746000  0.954585
     1747000  0.942749
     1748000  0.910573
     1749000  0.945590
     1750000  0.962967
     1751000  0.955813
     1752000  0.900411
     1753000  0.929428
     1754000  0.984014
     1755000  0.954947
     1756000  0.946306
     1757000  0.947256
     1758000  0.882005
     1759000  0.940794
     1760000  0.931437
     1761000  0.945142
     1762000  0.924572
     1763000  0.914263
     1764000  0.952373
     1765000  0.917824
     1766000  0.938993
     1767000  0.904372
     1768000  0.904942
     1769000  0.938012
     1770000  0.932229
     1771000  0.935871
     1772000  0.930809
     1773000  0.939957
     1774000  0.960311
     1775000  0.923939
     1776000  0.940681
     1777000  0.895971
     1778000  0.935725
     1779000  0.937768
     1780000  0.891487
     1781000  0.894084
     1782000  0.932311
     1783000  0.930891
     1784000  0.945541
     1785000  0.928706
     1786000  0.948707
     1787000  0.924146
     1788000  0.932155
     1789000  0.914779
     1790000  0.942746
     1791000  0.913666
     1792000  0.901791
     1793000  0.936660
     1794000  0.943041
     1795000  0.946798
     1796000  0.914918
     1797000  0.936829
     1798000  0.946255
     1799000  0.939560
     1800000  0.910670
     1801000  0.897612
     1802000  0.922599
     1803000  0.906311
     1804000  0.938993
     1805000  0.936338
     1806000  0.945620
     1807000  0.934672
     1808000  0.936408
     1809000  0.944860
     1810000  0.949956
     1811000  0.929342
     1812000  0.911839
     1813000  0.927131
     1814000  0.953947
     1815000  0.926583
     1816000  0.929645
     1817000  0.866347
     1818000  0.940875
     1819000  0.931494
     1820000  0.922157
     1821000  0.915377
     1822000  0.936810
     1823000  0.941697
     1824000  0.914077
     1825000  0.940367
     1826000  0.922916
     1827000  0.957787
     1828000  0.966593
     1829000  0.882372
     1830000  0.936589
     1831000  0.914859
     1832000  0.936766
     1833000  0.934566
     1834000  0.879803
     1835000  0.946169
     1836000  0.925142
     1837000  0.894590
     1838000  0.938690
     1839000  0.900069
     1840000  0.917632
     1841000  0.927076
     1842000  0.906886
     1843000  0.900784
     1844000  0.941914
     1845000  0.884090
     1846000  0.939868
     1847000  0.930593
     1848000  0.934579
     1849000  0.938931
     1850000  0.944811
     1851000  0.942495
     1852000  0.917421
     1853000  0.938652
     1854000  0.938751
     1855000  0.948000
     1856000  0.933438
     1857000  0.941367
     1858000  0.914628
     1859000  0.910718
     1860000  0.957349
     1861000  0.932152
     1862000  0.923087
     1863000  0.939098
     1864000  0.912186
     1865000  0.901856
     1866000  0.935304
     1867000  0.902293
     1868000  0.945759
     1869000  0.924474
     1870000  0.949116
     1871000  0.946038
     1872000  0.945790
     1873000  0.945670
     1874000  0.944343
     1875000  0.946050
     1876000  0.890038
     1877000  0.907466
     1878000  0.929137
     1879000  0.953088
     1880000  0.946120
     1881000  0.944241
     1882000  0.937920
     1883000  0.906515
     1884000  0.898148
     1885000  0.948924
     1886000  0.936395
     1887000  0.910166
     1888000  0.917724
     1889000  0.932588
     1890000  0.953623
     1891000  0.861605
     1892000  0.893258
     1893000  0.972513
     1894000  0.920965
     1895000  0.949937
     1896000  0.933659
     1897000  0.963859
     1898000  0.946119
     1899000  0.967725
     1900000  0.882335
     1901000  0.924266
     1902000  0.946302
     1903000  0.957447
     1904000  0.918588
     1905000  0.939148
     1906000  0.915323
     1907000  0.893609
     1908000  0.954946
     1909000  0.930700
     1910000  0.920546
     1911000  0.966188
     1912000  0.945341
     1913000  0.942039
     1914000  0.941968
     1915000  0.927269
     1916000  0.951300
     1917000  0.928915
     1918000  0.960200
     1919000  0.920934
     1920000  0.945447
     1921000  0.944792
     1922000  0.943839
     1923000  0.936208
     1924000  0.914655
     1925000  0.918448
     1926000  0.882275
     1927000  0.945345
     1928000  0.918301
     1929000  0.882702
     1930000  0.904869
     1931000  0.896732
     1932000  0.920691
     1933000  0.944795
     1934000  0.946229
     1935000  0.929563
     1936000  0.942561
     1937000  0.871443
     1938000  0.929603
     1939000  0.945290
     1940000  0.934676
     1941000  0.875151
     1942000  0.924983
     1943000  0.897660
     1944000  0.867932
     1945000  0.927882
     1946000  0.921694
     1947000  0.941610
     1948000  0.927236
     1949000  0.889158
     1950000  0.954373
     1951000  0.954921
     1952000  0.908310
     1953000  0.932998
     1954000  0.938335
     1955000  0.943526
     1956000  0.867971
     1957000  0.877381
     1958000  0.933859
     1959000  0.940355
     1960000  0.939017
     1961000  0.945416
     1962000  0.936044
     1963000  0.912831
     1964000  0.940422
     1965000  0.909504
     1966000  0.924032
     1967000  0.903098
     1968000  0.840635
     1969000  0.959787
     1970000  0.940326
     1971000  0.923949
     1972000  0.941129
     1973000  0.931900
     1974000  0.944318
     1975000  0.931693
     1976000  0.943469
     1977000  0.940472
     1978000  0.936546
     1979000  0.899763
     1980000  0.943515
     1981000  0.932280
     1982000  0.944818
     1983000  0.921988
     1984000  0.937896
     1985000  0.930847
     1986000  0.945663
     1987000  0.910215
     1988000  0.855633
     1989000  0.944513
     1990000  0.947715
     1991000  0.919292
     1992000  0.942398
     1993000  0.817364
     1994000  0.908478
     1995000  0.885281
     1996000  0.950456
     1997000  0.917455
     1998000  0.957545
     1999000  0.934296
     2000000  0.939783
