       1000 -26597.085861
       2000 -26597.029618
       3000 -26597.220240
       4000 -26597.601044
       5000 -26597.157254
       6000 -26597.044536
       7000 -26598.763545
       8000 -26597.453233
       9000 -26597.198800
      10000 -26597.517737
      11000 -26597.461123
      12000 -26599.158342
      13000 -26597.143332
      14000 -26597.332369
      15000 -26598.385449
      16000 -26597.722371
      17000 -26599.943420
      18000 -26597.204652
      19000 -26602.912486
      20000 -26597.162472
      21000 -26597.172444
      22000 -26597.359006
      23000 -26597.022477
      24000 -26597.894895
      25000 -26597.091617
      26000 -26599.656934
      27000 -26597.170548
      28000 -26597.097675
      29000 -26597.082194
      30000 -26597.122941
      31000 -26597.782652
      32000 -26599.751948
      33000 -26598.252570
      34000 -26597.851867
      35000 -26597.014283
      36000 -26600.151737
      37000 -26597.018514
      38000 -26597.205736
      39000 -26599.942051
      40000 -26598.888707
      41000 -26597.870790
      42000 -26597.049393
      43000 -26597.170465
      44000 -26597.022197
      45000 -26597.737701
      46000 -26596.990874
      47000 -26597.673685
      48000 -26601.789320
      49000 -26597.127580
      50000 -26596.996946
      51000 -26597.535016
      52000 -26596.991831
      53000 -26597.369012
      54000 -26597.170280
      55000 -26603.479462
      56000 -26596.992293
      57000 -26597.144793
      58000 -26597.328021
      59000 -26600.156142
      60000 -26597.082539
      61000 -26596.999140
      62000 -26599.620283
      63000 -26597.141877
      64000 -26597.619462
      65000 -26599.993897
      66000 -26599.437870
      67000 -26597.848618
      68000 -26597.187563
      69000 -26597.163469
      70000 -26597.185736
      71000 -26597.303423
      72000 -26597.292744
      73000 -26597.378210
      74000 -26597.662353
      75000 -26599.191356
      76000 -26600.468093
      77000 -26597.237572
      78000 -26597.245360
      79000 -26597.326861
      80000 -26597.238933
      81000 -26597.653928
      82000 -26597.159571
      83000 -26600.540490
      84000 -26597.032018
      85000 -26598.458454
      86000 -26597.094404
      87000 -26597.267807
      88000 -26599.090842
      89000 -26597.005205
      90000 -26599.461316
      91000 -26600.706212
      92000 -26597.284503
      93000 -26597.017265
      94000 -26601.433679
      95000 -26596.996935
      96000 -26597.066894
      97000 -26597.963406
      98000 -26603.006435
      99000 -26599.393645
     100000 -26600.008032
     101000 -26597.033134
     102000 -26599.825755
     103000 -26597.064444
     104000 -26597.249694
     105000 -26597.005682
     106000 -26597.006974
     107000 -26597.775067
     108000 -26597.008709
     109000 -26597.019973
     110000 -26598.655157
     111000 -26597.622299
     112000 -26599.625512
     113000 -26598.659947
     114000 -26596.990859
     115000 -26599.614378
     116000 -26597.583879
     117000 -26597.337247
     118000 -26600.040652
     119000 -26597.414814
     120000 -26597.139182
     121000 -26597.066332
     122000 -26597.114408
     123000 -26599.091900
     124000 -26599.744026
     125000 -26597.765303
     126000 -26597.081989
     127000 -26598.147007
     128000 -26597.555826
     129000 -26597.864394
     130000 -26596.990911
     131000 -26598.955933
     132000 -26597.779444
     133000 -26600.060717
     134000 -26597.710992
     135000 -26597.634600
     136000 -26597.160554
     137000 -26597.026215
     138000 -26599.828138
     139000 -26597.001477
     140000 -26596.990995
     141000 -26598.320204
     142000 -26601.822591
     143000 -26597.052112
     144000 -26598.689866
     145000 -26597.063404
     146000 -26597.019600
     147000 -26598.259549
     148000 -26598.724982
     149000 -26598.907772
     150000 -26596.991840
     151000 -26596.992310
     152000 -26597.246358
     153000 -26599.811292
     154000 -26597.027148
     155000 -26597.953923
     156000 -26596.997623
     157000 -26597.077436
     158000 -26597.108754
     159000 -26596.990926
     160000 -26597.141291
     161000 -26596.998411
     162000 -26597.008126
     163000 -26597.028400
     164000 -26597.891663
     165000 -26597.141995
     166000 -26597.225883
     167000 -26598.650262
     168000 -26597.561547
     169000 -26599.927481
     170000 -26599.638693
     171000 -26597.008345
     172000 -26597.029436
     173000 -26597.383594
     174000 -26597.109383
     175000 -26597.004027
     176000 -26597.185561
     177000 -26597.790204
     178000 -26597.025386
     179000 -26597.012517
     180000 -26597.163502
     181000 -26597.055016
     182000 -26597.160506
     183000 -26596.991275
     184000 -26596.993341
     185000 -26597.176211
     186000 -26597.808446
     187000 -26599.882397
     188000 -26597.785395
     189000 -26597.071401
     190000 -26597.315683
     191000 -26597.000824
     192000 -26597.027164
     193000 -26596.993952
     194000 -26597.032721
     195000 -26597.015049
     196000 -26597.101490
     197000 -26599.631500
     198000 -26597.093906
     199000 -26597.633349
     200000 -26597.013036
     201000 -26597.002189
     202000 -26597.099679
     203000 -26597.042974
     204000 -26597.387352
     205000 -26598.115544
     206000 -26597.029680
     207000 -26599.712807
     208000 -26597.340393
     209000 -26597.010301
     210000 -26599.753198
     211000 -26597.339301
     212000 -26597.023638
     213000 -26599.809314
     214000 -26597.065523
     215000 -26596.992840
     216000 -26597.260941
     217000 -26597.914365
     218000 -26597.058133
     219000 -26597.043546
     220000 -26597.002045
     221000 -26596.991987
     222000 -26597.074311
     223000 -26596.991127
     224000 -26596.997618
     225000 -26599.198095
     226000 -26598.145625
     227000 -26599.789580
     228000 -26597.382661
     229000 -26597.870795
     230000 -26597.672446
     231000 -26599.682738
     232000 -26597.528279
     233000 -26598.377015
     234000 -26597.725906
     235000 -26597.025988
     236000 -26597.221425
     237000 -26597.531287
     238000 -26597.255588
     239000 -26599.901970
     240000 -26597.446615
     241000 -26600.131667
     242000 -26601.238239
     243000 -26597.440866
     244000 -26597.299642
     245000 -26597.112294
     246000 -26598.765018
     247000 -26597.009558
     248000 -26596.998139
     249000 -26596.993006
     250000 -26597.105380
     251000 -26597.717235
     252000 -26597.008870
     253000 -26599.640686
     254000 -26597.853148
     255000 -26602.954424
     256000 -26597.192740
     257000 -26596.992154
     258000 -26596.991769
     259000 -26598.085158
     260000 -26597.096460
     261000 -26597.927690
     262000 -26598.665712
     263000 -26597.361640
     264000 -26597.079511
     265000 -26597.459344
     266000 -26597.039229
     267000 -26597.035748
     268000 -26597.447889
     269000 -26600.264485
     270000 -26596.997496
     271000 -26597.552838
     272000 -26599.246037
     273000 -26599.647049
     274000 -26596.997527
     275000 -26597.442444
     276000 -26599.974787
     277000 -26602.677398
     278000 -26597.002522
     279000 -26597.027159
     280000 -26596.990877
     281000 -26596.992827
     282000 -26597.351654
     283000 -26599.969776
     284000 -26597.235978
     285000 -26599.863348
     286000 -26597.011689
     287000 -26599.610706
     288000 -26596.995881
     289000 -26597.000516
     290000 -26597.044841
     291000 -26597.056988
     292000 -26600.274172
     293000 -26597.891837
     294000 -26597.640108
     295000 -26598.355448
     296000 -26597.014275
     297000 -26597.011927
     298000 -26597.307297
     299000 -26597.842174
     300000 -26597.457687
     301000 -26599.610645
     302000 -26599.715574
     303000 -26599.626447
     304000 -26598.791103
     305000 -26597.351628
     306000 -26597.012447
     307000 -26596.990805
     308000 -26597.865954
     309000 -26597.189331
     310000 -26597.293900
     311000 -26597.902978
     312000 -26599.638751
     313000 -26597.117466
     314000 -26597.403194
     315000 -26597.505097
     316000 -26599.594945
     317000 -26598.336472
     318000 -26597.167728
     319000 -26597.953616
     320000 -26601.808633
     321000 -26598.455275
     322000 -26597.126305
     323000 -26597.635551
     324000 -26597.267798
     325000 -26597.003662
     326000 -26597.020130
     327000 -26596.990975
     328000 -26598.161334
     329000 -26597.545672
     330000 -26597.613622
     331000 -26597.083513
     332000 -26597.247852
     333000 -26599.189066
     334000 -26597.555019
     335000 -26597.051991
     336000 -26597.177646
     337000 -26599.882895
     338000 -26598.718736
     339000 -26600.900700
     340000 -26601.885582
     341000 -26598.388222
     342000 -26597.638863
     343000 -26597.052248
     344000 -26597.082624
     345000 -26598.663973
     346000 -26597.532863
     347000 -26601.015090
     348000 -26596.991202
     349000 -26598.205148
     350000 -26600.053718
     351000 -26597.013450
     352000 -26597.020033
     353000 -26597.418724
     354000 -26597.322863
     355000 -26598.274824
     356000 -26598.075876
     357000 -26600.200978
     358000 -26597.203156
     359000 -26598.266292
     360000 -26598.373011
     361000 -26600.819095
     362000 -26597.050195
     363000 -26596.991259
     364000 -26601.186931
     365000 -26597.089158
     366000 -26597.364394
     367000 -26597.079820
     368000 -26599.676868
     369000 -26596.995578
     370000 -26597.982259
     371000 -26597.139632
     372000 -26597.811073
     373000 -26597.023670
     374000 -26597.700218
     375000 -26597.026807
     376000 -26597.099001
     377000 -26597.058411
     378000 -26597.893439
     379000 -26597.077132
     380000 -26599.613773
     381000 -26598.951439
     382000 -26596.996259
     383000 -26597.419298
     384000 -26599.701151
     385000 -26597.203041
     386000 -26597.280133
     387000 -26597.063958
     388000 -26602.539147
     389000 -26597.072481
     390000 -26601.960301
     391000 -26597.178766
     392000 -26597.072199
     393000 -26597.244541
     394000 -26596.993369
     395000 -26597.713407
     396000 -26597.014696
     397000 -26597.108771
     398000 -26597.663167
     399000 -26597.037867
     400000 -26597.788983
     401000 -26598.024816
     402000 -26597.016593
     403000 -26599.642873
     404000 -26596.996586
     405000 -26596.997557
     406000 -26597.056768
     407000 -26597.556912
     408000 -26597.286894
     409000 -26597.123084
     410000 -26597.666148
     411000 -26598.744364
     412000 -26598.333877
     413000 -26596.990804
     414000 -26597.359354
     415000 -26597.235233
     416000 -26597.278173
     417000 -26597.600762
     418000 -26597.036209
     419000 -26599.643973
     420000 -26599.448844
     421000 -26599.687624
     422000 -26597.024207
     423000 -26597.402847
     424000 -26596.993398
     425000 -26597.031144
     426000 -26597.156576
     427000 -26600.253725
     428000 -26599.624764
     429000 -26597.929316
     430000 -26597.110650
     431000 -26597.287178
     432000 -26597.434993
     433000 -26596.999716
     434000 -26597.019524
     435000 -26597.092662
     436000 -26597.213423
     437000 -26597.032160
     438000 -26596.996389
     439000 -26597.107830
     440000 -26597.098201
     441000 -26597.376482
     442000 -26599.985453
     443000 -26597.388748
     444000 -26598.674230
     445000 -26597.051865
     446000 -26597.011416
     447000 -26597.001214
     448000 -26597.320135
     449000 -26598.018325
     450000 -26599.705353
     451000 -26597.002242
     452000 -26597.065540
     453000 -26597.201481
     454000 -26597.233166
     455000 -26597.435293
     456000 -26598.635857
     457000 -26597.001366
     458000 -26597.104682
     459000 -26597.976373
     460000 -26598.681918
     461000 -26597.125223
     462000 -26596.991305
     463000 -26597.223661
     464000 -26599.365743
     465000 -26597.047619
     466000 -26596.990834
     467000 -26601.508044
     468000 -26597.621073
     469000 -26599.672537
     470000 -26597.172233
     471000 -26597.567544
     472000 -26597.567573
     473000 -26597.236126
     474000 -26597.157756
     475000 -26599.496189
     476000 -26598.239818
     477000 -26597.073818
     478000 -26600.157611
     479000 -26597.142043
     480000 -26597.199559
     481000 -26600.045098
     482000 -26596.997003
     483000 -26597.289477
     484000 -26597.210824
     485000 -26598.963859
     486000 -26597.611755
     487000 -26597.143494
     488000 -26597.125244
     489000 -26597.467521
     490000 -26600.184419
     491000 -26598.323135
     492000 -26597.017477
     493000 -26597.161213
     494000 -26598.734637
     495000 -26599.658892
     496000 -26597.310943
     497000 -26597.480662
     498000 -26597.024431
     499000 -26596.999983
     500000 -26597.048780
     501000 -26597.021487
     502000 -26597.073823
     503000 -26599.686494
     504000 -26597.036570
     505000 -26596.990949
     506000 -26596.996593
     507000 -26597.518277
     508000 -26599.969797
     509000 -26597.010563
     510000 -26600.365280
     511000 -26596.999848
     512000 -26597.267557
     513000 -26599.793794
     514000 -26596.993385
     515000 -26596.996803
     516000 -26597.002959
     517000 -26602.503692
     518000 -26600.368205
     519000 -26597.195786
     520000 -26596.991042
     521000 -26597.277517
     522000 -26597.017599
     523000 -26596.992389
     524000 -26600.799287
     525000 -26597.367780
     526000 -26600.692631
     527000 -26596.991534
     528000 -26597.030624
     529000 -26597.010351
     530000 -26597.218019
     531000 -26601.789004
     532000 -26596.998474
     533000 -26596.991180
     534000 -26597.199912
     535000 -26599.726116
     536000 -26597.318778
     537000 -26597.209625
     538000 -26599.779586
     539000 -26600.853409
     540000 -26597.091724
     541000 -26600.736767
     542000 -26602.381942
     543000 -26597.187081
     544000 -26597.419331
     545000 -26597.193366
     546000 -26597.062497
     547000 -26597.000175
     548000 -26597.080894
     549000 -26596.992754
     550000 -26596.991635
     551000 -26598.765328
     552000 -26597.029018
     553000 -26597.064542
     554000 -26599.617252
     555000 -26597.084646
     556000 -26597.746764
     557000 -26597.301509
     558000 -26602.383653
     559000 -26596.992352
     560000 -26597.678069
     561000 -26597.126429
     562000 -26599.643677
     563000 -26597.100573
     564000 -26597.582371
     565000 -26597.711011
     566000 -26597.220251
     567000 -26597.891976
     568000 -26600.024384
     569000 -26596.998470
     570000 -26596.990981
     571000 -26597.071288
     572000 -26597.566008
     573000 -26597.055421
     574000 -26597.166504
     575000 -26597.010517
     576000 -26597.602165
     577000 -26597.008846
     578000 -26596.994485
     579000 -26597.189827
     580000 -26597.025745
     581000 -26599.735951
     582000 -26597.006037
     583000 -26597.009359
     584000 -26603.780973
     585000 -26597.114749
     586000 -26597.136772
     587000 -26597.267089
     588000 -26597.196705
     589000 -26597.111924
     590000 -26597.279284
     591000 -26597.293077
     592000 -26597.270973
     593000 -26597.424552
     594000 -26596.996171
     595000 -26598.169882
     596000 -26598.288109
     597000 -26597.616793
     598000 -26601.651880
     599000 -26598.090683
     600000 -26598.480092
     601000 -26597.238117
     602000 -26598.147411
     603000 -26599.091869
     604000 -26598.609477
     605000 -26601.327174
     606000 -26597.370652
     607000 -26597.504300
     608000 -26597.419654
     609000 -26597.799406
     610000 -26597.219492
     611000 -26598.216526
     612000 -26597.418816
     613000 -26597.524024
     614000 -26596.990818
     615000 -26597.819793
     616000 -26597.186386
     617000 -26597.346819
     618000 -26601.394507
     619000 -26597.369204
     620000 -26597.334241
     621000 -26599.657708
     622000 -26599.717792
     623000 -26597.716599
     624000 -26597.074755
     625000 -26597.814450
     626000 -26597.003184
     627000 -26598.055377
     628000 -26598.718204
     629000 -26597.770437
     630000 -26598.273021
     631000 -26597.338813
     632000 -26597.155053
     633000 -26603.019685
     634000 -26597.001554
     635000 -26597.582251
     636000 -26597.273565
     637000 -26596.995748
     638000 -26597.420192
     639000 -26597.093502
     640000 -26597.018872
     641000 -26600.262268
     642000 -26597.955883
     643000 -26596.997183
     644000 -26601.854893
     645000 -26597.523960
     646000 -26597.553511
     647000 -26597.027986
     648000 -26600.863414
     649000 -26597.222928
     650000 -26598.222608
     651000 -26597.848636
     652000 -26597.516938
     653000 -26598.090644
     654000 -26598.270553
     655000 -26597.101542
     656000 -26597.216909
     657000 -26597.264221
     658000 -26597.143774
     659000 -26597.170213
     660000 -26596.992223
     661000 -26597.320597
     662000 -26597.177827
     663000 -26597.565910
     664000 -26597.896333
     665000 -26597.606319
     666000 -26599.610350
     667000 -26597.002741
     668000 -26596.993613
     669000 -26599.613589
     670000 -26597.107756
     671000 -26597.528089
     672000 -26596.990805
     673000 -26599.292078
     674000 -26604.161728
     675000 -26597.111211
     676000 -26597.130495
     677000 -26597.952719
     678000 -26597.297472
     679000 -26598.215843
     680000 -26597.036493
     681000 -26597.031802
     682000 -26597.084023
     683000 -26597.205310
     684000 -26596.991807
     685000 -26597.140793
     686000 -26597.404489
     687000 -26599.006114
     688000 -26597.087012
     689000 -26597.004459
     690000 -26597.219601
     691000 -26597.696297
     692000 -26601.353784
     693000 -26599.166683
     694000 -26597.621446
     695000 -26598.151282
     696000 -26597.016148
     697000 -26597.060328
     698000 -26600.085236
     699000 -26597.067804
     700000 -26597.017791
     701000 -26597.057144
     702000 -26596.999667
     703000 -26597.014776
     704000 -26597.377069
     705000 -26597.389155
     706000 -26598.358758
     707000 -26599.248060
     708000 -26596.991899
     709000 -26597.196321
     710000 -26597.105705
     711000 -26597.270401
     712000 -26599.718403
     713000 -26597.036445
     714000 -26597.005342
     715000 -26597.077155
     716000 -26597.000619
     717000 -26597.514250
     718000 -26597.114318
     719000 -26597.365906
     720000 -26597.467651
     721000 -26598.097222
     722000 -26597.457767
     723000 -26596.991740
     724000 -26599.369556
     725000 -26597.840020
     726000 -26597.272210
     727000 -26596.996871
     728000 -26597.160515
     729000 -26601.891241
     730000 -26597.140940
     731000 -26596.995299
     732000 -26598.932821
     733000 -26599.908549
     734000 -26597.195294
     735000 -26597.192867
     736000 -26598.165055
     737000 -26602.904945
     738000 -26596.996494
     739000 -26600.140371
     740000 -26597.036189
     741000 -26597.606435
     742000 -26597.225376
     743000 -26599.610369
     744000 -26597.765262
     745000 -26597.326915
     746000 -26601.025903
     747000 -26596.990857
     748000 -26597.003615
     749000 -26597.273514
     750000 -26597.649566
     751000 -26597.395940
     752000 -26598.578439
     753000 -26596.990834
     754000 -26597.001785
     755000 -26597.816216
     756000 -26597.538767
     757000 -26597.287386
     758000 -26597.824159
     759000 -26597.720662
     760000 -26600.554437
     761000 -26597.345767
     762000 -26597.352757
     763000 -26596.993459
     764000 -26597.340213
     765000 -26597.009246
     766000 -26599.965064
     767000 -26597.658062
     768000 -26597.951035
     769000 -26596.995389
     770000 -26597.663841
     771000 -26597.212494
     772000 -26597.184632
     773000 -26600.074554
     774000 -26598.330242
     775000 -26599.623887
     776000 -26597.654527
     777000 -26597.685673
     778000 -26597.101241
     779000 -26597.217634
     780000 -26597.193621
     781000 -26597.033016
     782000 -26597.152476
     783000 -26597.097802
     784000 -26600.287566
     785000 -26598.253656
     786000 -26597.049996
     787000 -26597.003592
     788000 -26597.962029
     789000 -26596.993182
     790000 -26597.040515
     791000 -26597.099236
     792000 -26597.246894
     793000 -26596.998067
     794000 -26597.030947
     795000 -26597.357415
     796000 -26597.733970
     797000 -26597.273121
     798000 -26597.136541
     799000 -26597.286400
     800000 -26597.257462
     801000 -26601.046447
     802000 -26596.991364
     803000 -26597.747646
     804000 -26596.999245
     805000 -26598.092656
     806000 -26600.456584
     807000 -26597.023413
     808000 -26596.990969
     809000 -26597.333090
     810000 -26597.180652
     811000 -26600.615747
     812000 -26597.743769
     813000 -26597.169589
     814000 -26597.280609
     815000 -26597.441969
     816000 -26596.990809
     817000 -26597.036753
     818000 -26597.513435
     819000 -26598.390794
     820000 -26599.735142
     821000 -26597.476064
     822000 -26597.013536
     823000 -26596.998694
     824000 -26597.009672
     825000 -26599.614303
     826000 -26599.616462
     827000 -26597.038533
     828000 -26597.374928
     829000 -26597.237823
     830000 -26597.010829
     831000 -26597.205717
     832000 -26596.993682
     833000 -26597.230019
     834000 -26597.301380
     835000 -26598.732418
     836000 -26597.168599
     837000 -26603.520025
     838000 -26597.442785
     839000 -26597.117122
     840000 -26597.025761
     841000 -26597.214964
     842000 -26599.611764
     843000 -26597.715314
     844000 -26597.024612
     845000 -26597.631012
     846000 -26600.686597
     847000 -26596.994706
     848000 -26597.635794
     849000 -26597.006828
     850000 -26597.134585
     851000 -26599.656462
     852000 -26597.086254
     853000 -26597.047547
     854000 -26596.990945
     855000 -26597.404794
     856000 -26597.187778
     857000 -26601.012781
     858000 -26600.354289
     859000 -26598.813042
     860000 -26597.465706
     861000 -26598.889047
     862000 -26597.206075
     863000 -26596.999206
     864000 -26598.647014
     865000 -26597.931774
     866000 -26597.267795
     867000 -26598.625875
     868000 -26597.043132
     869000 -26596.991692
     870000 -26597.857665
     871000 -26597.495742
     872000 -26596.997068
     873000 -26597.071520
     874000 -26597.923903
     875000 -26602.046434
     876000 -26596.993648
     877000 -26597.540661
     878000 -26597.903506
     879000 -26597.010675
     880000 -26601.566548
     881000 -26597.352631
     882000 -26599.748094
     883000 -26597.719528
     884000 -26597.396352
     885000 -26599.666687
     886000 -26597.284972
     887000 -26599.779568
     888000 -26596.998241
     889000 -26600.607158
     890000 -26599.629339
     891000 -26597.956567
     892000 -26597.990309
     893000 -26599.633572
     894000 -26596.993760
     895000 -26597.426210
     896000 -26597.727433
     897000 -26597.000035
     898000 -26597.011657
     899000 -26599.783073
     900000 -26597.039484
     901000 -26598.032709
     902000 -26597.712618
     903000 -26599.802610
     904000 -26597.519514
     905000 -26597.023656
     906000 -26597.983721
     907000 -26597.025361
     908000 -26598.500779
     909000 -26596.991244
     910000 -26597.030508
     911000 -26597.014887
     912000 -26597.607435
     913000 -26597.020772
     914000 -26598.003871
     915000 -26597.227146
     916000 -26597.155422
     917000 -26599.732457
     918000 -26597.017423
     919000 -26599.660328
     920000 -26597.018630
     921000 -26601.837290
     922000 -26597.146967
     923000 -26597.376909
     924000 -26596.996549
     925000 -26597.084078
     926000 -26597.927973
     927000 -26597.300257
     928000 -26597.056923
     929000 -26597.971499
     930000 -26597.845187
     931000 -26597.115077
     932000 -26597.839456
     933000 -26597.002101
     934000 -26599.684645
     935000 -26597.276376
     936000 -26597.900335
     937000 -26598.959216
     938000 -26597.009426
     939000 -26597.019255
     940000 -26598.083018
     941000 -26596.991290
     942000 -26597.332681
     943000 -26599.867812
     944000 -26597.678346
     945000 -26597.489624
     946000 -26597.645193
     947000 -26597.062960
     948000 -26597.242528
     949000 -26597.024228
     950000 -26596.997212
     951000 -26597.032108
     952000 -26596.993133
     953000 -26598.595747
     954000 -26597.305382
     955000 -26600.193551
     956000 -26596.994555
     957000 -26597.074442
     958000 -26602.822222
     959000 -26597.216507
     960000 -26597.415104
     961000 -26597.152836
     962000 -26599.758996
     963000 -26597.015155
     964000 -26597.073489
     965000 -26597.038963
     966000 -26597.472261
     967000 -26600.646753
     968000 -26597.003170
     969000 -26597.271727
     970000 -26598.941982
     971000 -26599.629623
     972000 -26597.119273
     973000 -26597.028295
     974000 -26597.364367
     975000 -26597.649001
     976000 -26598.277914
     977000 -26600.677200
     978000 -26597.012495
     979000 -26598.058844
     980000 -26599.968153
     981000 -26597.440428
     982000 -26597.998267
     983000 -26596.992561
     984000 -26599.842775
     985000 -26599.837445
     986000 -26597.165966
     987000 -26596.992375
     988000 -26597.036218
     989000 -26597.267112
     990000 -26597.121666
     991000 -26597.381723
     992000 -26597.931841
     993000 -26596.995755
     994000 -26597.731887
     995000 -26597.878832
     996000 -26597.317549
     997000 -26597.013050
     998000 -26597.481293
     999000 -26597.363972
    1000000 -26597.201101
