       1000 -224.984571
       2000 -224.920304
       3000 -227.013531
       4000 -225.177504
       5000 -226.622243
       6000 -227.246503
       7000 -224.950609
       8000 -225.490634
       9000 -226.125566
      10000 -224.901497
      11000 -225.807308
      12000 -225.758156
      13000 -224.775406
      14000 -225.016382
      15000 -225.095394
      16000 -225.670453
      17000 -226.082777
      18000 -226.738451
      19000 -224.818312
      20000 -224.898454
      21000 -224.885040
      22000 -227.670610
      23000 -226.280422
      24000 -225.361752
      25000 -225.014779
      26000 -225.252369
      27000 -225.222049
      28000 -227.914906
      29000 -230.271568
      30000 -224.743343
      31000 -225.241204
      32000 -225.254875
      33000 -224.892365
      34000 -225.745770
      35000 -225.148451
      36000 -229.535273
      37000 -225.420510
      38000 -225.066661
      39000 -225.139713
      40000 -225.128357
      41000 -227.791401
      42000 -225.403388
      43000 -224.731971
      44000 -225.547665
      45000 -224.925636
      46000 -225.231322
      47000 -226.631807
      48000 -224.738053
      49000 -225.568129
      50000 -225.352712
      51000 -226.699171
      52000 -225.062451
      53000 -227.183441
      54000 -225.056204
      55000 -226.726307
      56000 -228.384432
      57000 -227.466374
      58000 -225.155592
      59000 -224.981590
      60000 -229.339169
      61000 -225.056262
      62000 -225.262143
      63000 -227.369868
      64000 -226.397621
      65000 -227.534391
      66000 -229.974184
      67000 -228.018040
      68000 -226.373614
      69000 -226.133983
      70000 -224.793607
      71000 -225.985450
      72000 -225.615726
      73000 -225.381051
      74000 -226.524633
      75000 -227.817715
      76000 -226.145097
      77000 -225.161944
      78000 -227.679798
      79000 -226.577441
      80000 -224.744435
      81000 -225.822473
      82000 -226.000380
      83000 -226.715817
      84000 -225.840634
      85000 -224.992986
      86000 -225.883324
      87000 -228.201952
      88000 -224.975614
      89000 -225.506252
      90000 -224.993312
      91000 -226.323256
      92000 -227.165611
      93000 -224.801413
      94000 -225.456130
      95000 -227.671461
      96000 -227.731348
      97000 -226.904245
      98000 -227.231335
      99000 -225.417558
     100000 -225.804031
     101000 -224.980665
     102000 -225.328780
     103000 -226.662525
     104000 -226.545749
     105000 -224.849264
     106000 -225.082907
     107000 -225.247596
     108000 -227.030987
     109000 -225.907390
     110000 -225.765712
     111000 -224.763104
     112000 -235.714915
     113000 -226.952369
     114000 -224.852376
     115000 -225.038651
     116000 -225.466301
     117000 -228.991701
     118000 -226.156584
     119000 -225.289001
     120000 -225.068800
     121000 -225.270963
     122000 -227.644124
     123000 -228.564569
     124000 -229.842797
     125000 -225.068274
     126000 -224.990419
     127000 -226.751731
     128000 -224.878112
     129000 -224.796986
     130000 -227.654912
     131000 -226.230063
     132000 -227.147430
     133000 -225.632592
     134000 -228.073305
     135000 -225.746196
     136000 -225.013914
     137000 -225.292168
     138000 -224.844053
     139000 -224.771854
     140000 -225.076153
     141000 -224.771392
     142000 -224.871635
     143000 -225.071726
     144000 -225.489724
     145000 -229.254751
     146000 -225.251610
     147000 -228.594247
     148000 -225.407576
     149000 -225.267182
     150000 -226.645964
     151000 -226.908432
     152000 -225.127314
     153000 -228.353594
     154000 -224.778156
     155000 -224.731634
     156000 -226.033330
     157000 -228.172803
     158000 -226.972532
     159000 -226.815078
     160000 -225.318693
     161000 -224.746722
     162000 -224.932011
     163000 -226.101780
     164000 -225.325888
     165000 -225.848550
     166000 -227.865001
     167000 -225.973320
     168000 -225.743636
     169000 -225.006394
     170000 -227.499908
     171000 -225.052665
     172000 -224.950981
     173000 -225.778432
     174000 -225.604537
     175000 -225.985186
     176000 -224.734700
     177000 -227.419611
     178000 -225.774134
     179000 -224.992190
     180000 -224.725641
     181000 -227.284938
     182000 -224.818047
     183000 -227.392832
     184000 -224.844198
     185000 -224.868557
     186000 -225.029343
     187000 -226.264947
     188000 -226.142620
     189000 -226.431424
     190000 -226.184042
     191000 -226.584885
     192000 -225.405291
     193000 -225.375120
     194000 -224.781567
     195000 -224.948013
     196000 -224.996973
     197000 -225.029896
     198000 -225.213546
     199000 -226.524411
     200000 -225.304330
     201000 -225.435396
     202000 -225.020445
     203000 -225.834602
     204000 -227.646844
     205000 -224.751489
     206000 -227.381789
     207000 -225.618010
     208000 -225.171415
     209000 -225.362539
     210000 -228.264383
     211000 -224.811446
     212000 -228.389253
     213000 -229.785312
     214000 -225.024888
     215000 -225.970378
     216000 -224.987188
     217000 -234.345152
     218000 -225.162949
     219000 -224.772554
     220000 -226.107885
     221000 -224.891259
     222000 -225.034666
     223000 -226.892067
     224000 -226.851478
     225000 -227.090071
     226000 -226.791388
     227000 -225.370607
     228000 -225.299499
     229000 -225.620291
     230000 -225.012164
     231000 -225.220940
     232000 -226.296273
     233000 -230.909385
     234000 -227.704497
     235000 -225.277309
     236000 -225.793791
     237000 -224.774611
     238000 -224.944024
     239000 -225.288357
     240000 -225.744638
     241000 -226.582969
     242000 -228.497705
     243000 -225.010393
     244000 -226.745413
     245000 -225.605982
     246000 -227.846854
     247000 -225.229225
     248000 -225.157141
     249000 -227.341916
     250000 -225.814585
     251000 -228.465385
     252000 -224.921688
     253000 -229.336111
     254000 -225.722565
     255000 -227.258083
     256000 -227.360202
     257000 -227.111607
     258000 -225.370070
     259000 -225.176622
     260000 -225.167386
     261000 -228.566417
     262000 -224.965056
     263000 -226.135573
     264000 -225.300149
     265000 -226.181201
     266000 -226.755627
     267000 -224.750398
     268000 -225.434020
     269000 -227.424179
     270000 -226.863986
     271000 -227.326008
     272000 -225.719621
     273000 -225.941388
     274000 -225.315358
     275000 -226.522803
     276000 -226.387560
     277000 -226.704608
     278000 -225.403283
     279000 -225.016251
     280000 -226.981497
     281000 -226.977347
     282000 -225.372785
     283000 -226.431020
     284000 -226.821253
     285000 -225.442870
     286000 -225.144764
     287000 -225.391237
     288000 -225.046881
     289000 -226.872964
     290000 -224.790729
     291000 -225.169971
     292000 -225.106510
     293000 -225.113252
     294000 -225.225362
     295000 -225.901262
     296000 -225.642225
     297000 -225.718409
     298000 -225.075224
     299000 -224.736134
     300000 -225.734446
     301000 -227.356248
     302000 -225.588117
     303000 -225.499557
     304000 -228.928912
     305000 -225.871046
     306000 -225.265688
     307000 -225.000606
     308000 -225.582968
     309000 -224.923077
     310000 -226.714751
     311000 -225.543039
     312000 -225.339947
     313000 -225.837228
     314000 -225.808768
     315000 -225.933940
     316000 -226.540296
     317000 -226.685389
     318000 -226.586317
     319000 -227.002117
     320000 -225.240467
     321000 -225.389038
     322000 -227.156130
     323000 -227.820341
     324000 -228.344014
     325000 -226.436132
     326000 -225.741105
     327000 -224.762652
     328000 -226.198600
     329000 -224.828060
     330000 -226.367959
     331000 -225.312754
     332000 -226.941410
     333000 -225.891902
     334000 -225.294482
     335000 -234.174317
     336000 -227.147656
     337000 -227.316655
     338000 -227.581730
     339000 -224.839659
     340000 -228.887096
     341000 -225.504802
     342000 -226.164246
     343000 -224.867603
     344000 -227.056139
     345000 -225.574539
     346000 -224.909861
     347000 -225.078865
     348000 -225.528412
     349000 -225.324906
     350000 -225.570788
     351000 -224.956625
     352000 -225.176908
     353000 -225.373732
     354000 -224.951463
     355000 -225.376564
     356000 -224.732957
     357000 -224.812386
     358000 -225.493977
     359000 -225.900053
     360000 -224.911083
     361000 -225.426225
     362000 -225.276327
     363000 -225.195704
     364000 -226.109224
     365000 -225.978885
     366000 -225.151098
     367000 -225.937348
     368000 -225.244479
     369000 -228.628712
     370000 -224.782804
     371000 -225.264150
     372000 -225.093708
     373000 -225.322806
     374000 -224.999088
     375000 -225.118861
     376000 -225.918140
     377000 -225.419516
     378000 -226.547639
     379000 -225.497280
     380000 -224.992331
     381000 -226.498792
     382000 -225.712860
     383000 -225.079866
     384000 -226.530968
     385000 -224.841767
     386000 -226.888786
     387000 -225.738920
     388000 -225.596037
     389000 -225.354822
     390000 -225.663271
     391000 -229.563198
     392000 -224.760806
     393000 -225.477494
     394000 -224.821012
     395000 -224.888513
     396000 -227.329141
     397000 -224.801284
     398000 -225.103617
     399000 -225.220874
     400000 -224.764331
     401000 -224.738996
     402000 -227.092866
     403000 -225.377303
     404000 -225.001850
     405000 -224.890893
     406000 -226.800158
     407000 -225.482458
     408000 -225.472428
     409000 -225.363241
     410000 -226.994170
     411000 -228.675265
     412000 -225.877030
     413000 -224.733332
     414000 -225.730156
     415000 -228.797370
     416000 -225.539275
     417000 -225.057104
     418000 -225.043540
     419000 -229.895039
     420000 -232.908162
     421000 -224.918360
     422000 -230.472525
     423000 -226.800441
     424000 -225.584320
     425000 -225.374438
     426000 -227.307961
     427000 -224.753266
     428000 -224.837666
     429000 -226.751425
     430000 -226.548158
     431000 -226.770271
     432000 -225.011452
     433000 -227.348517
     434000 -225.042485
     435000 -224.952214
     436000 -225.394759
     437000 -224.962302
     438000 -228.215188
     439000 -225.807521
     440000 -225.276067
     441000 -225.030619
     442000 -224.883658
     443000 -225.290012
     444000 -225.424059
     445000 -225.088397
     446000 -225.198724
     447000 -225.592857
     448000 -226.693384
     449000 -225.216621
     450000 -227.307317
     451000 -224.919217
     452000 -225.208255
     453000 -225.013306
     454000 -225.292479
     455000 -226.958056
     456000 -227.040212
     457000 -226.814408
     458000 -225.593634
     459000 -225.388387
     460000 -225.571323
     461000 -225.527247
     462000 -226.974818
     463000 -225.307977
     464000 -225.171386
     465000 -225.360683
     466000 -224.921098
     467000 -224.873043
     468000 -225.807162
     469000 -225.185565
     470000 -224.914037
     471000 -224.883640
     472000 -225.215736
     473000 -226.071464
     474000 -226.945863
     475000 -226.798623
     476000 -224.911386
     477000 -225.650100
     478000 -225.460214
     479000 -227.267102
     480000 -225.279978
     481000 -225.209365
     482000 -227.392908
     483000 -227.329980
     484000 -225.766635
     485000 -227.590325
     486000 -225.297670
     487000 -226.929892
     488000 -227.863228
     489000 -224.876060
     490000 -224.931878
     491000 -226.526030
     492000 -227.481787
     493000 -226.910520
     494000 -226.004301
     495000 -228.599722
     496000 -226.060637
     497000 -225.735044
     498000 -225.560942
     499000 -225.574057
     500000 -225.223034
     501000 -225.647096
     502000 -225.394970
     503000 -227.368371
     504000 -228.833991
     505000 -224.980865
     506000 -224.986206
     507000 -225.726953
     508000 -227.476130
     509000 -224.936674
     510000 -231.754308
     511000 -225.244810
     512000 -225.754381
     513000 -224.756874
     514000 -227.163817
     515000 -229.431471
     516000 -225.786685
     517000 -226.924227
     518000 -225.393438
     519000 -225.348597
     520000 -226.198472
     521000 -225.071109
     522000 -228.475415
     523000 -225.220940
     524000 -225.914609
     525000 -225.341831
     526000 -228.254160
     527000 -225.466322
     528000 -227.542138
     529000 -224.881243
     530000 -225.727646
     531000 -224.800874
     532000 -225.738769
     533000 -228.912139
     534000 -225.704271
     535000 -225.315570
     536000 -225.660728
     537000 -227.210315
     538000 -224.995705
     539000 -227.380082
     540000 -224.754084
     541000 -225.013273
     542000 -224.857900
     543000 -226.495479
     544000 -226.449275
     545000 -235.915953
     546000 -225.427813
     547000 -226.789511
     548000 -225.358429
     549000 -227.036241
     550000 -226.055724
     551000 -224.956975
     552000 -225.403664
     553000 -227.448853
     554000 -225.352949
     555000 -225.433757
     556000 -226.721191
     557000 -225.861865
     558000 -224.726709
     559000 -228.498962
     560000 -225.670061
     561000 -228.383286
     562000 -225.523538
     563000 -224.907690
     564000 -225.076768
     565000 -225.960800
     566000 -224.731362
     567000 -230.962719
     568000 -226.746794
     569000 -224.865151
     570000 -225.539934
     571000 -229.303433
     572000 -228.486910
     573000 -230.836291
     574000 -224.807007
     575000 -225.552231
     576000 -232.770446
     577000 -224.757961
     578000 -225.424141
     579000 -225.195260
     580000 -225.469758
     581000 -228.121751
     582000 -224.954976
     583000 -226.085918
     584000 -224.820122
     585000 -226.069358
     586000 -227.951702
     587000 -228.270783
     588000 -225.008538
     589000 -225.087294
     590000 -225.093148
     591000 -230.704692
     592000 -225.910241
     593000 -227.127838
     594000 -226.177332
     595000 -224.906466
     596000 -227.158726
     597000 -228.316851
     598000 -225.120526
     599000 -225.763299
     600000 -225.737321
     601000 -226.947828
     602000 -224.927226
     603000 -224.790760
     604000 -227.389705
     605000 -225.493822
     606000 -224.936292
     607000 -226.277576
     608000 -225.354597
     609000 -225.522360
     610000 -226.333119
     611000 -227.754166
     612000 -228.065738
     613000 -225.876476
     614000 -225.815859
     615000 -227.084207
     616000 -225.887101
     617000 -225.513392
     618000 -224.822294
     619000 -225.752363
     620000 -225.434601
     621000 -226.047807
     622000 -224.813058
     623000 -225.547327
     624000 -224.878466
     625000 -226.699654
     626000 -225.135540
     627000 -226.900431
     628000 -225.547877
     629000 -229.042885
     630000 -227.110257
     631000 -224.746164
     632000 -225.385494
     633000 -225.894093
     634000 -225.766155
     635000 -224.815112
     636000 -226.460625
     637000 -225.710025
     638000 -226.969326
     639000 -228.244916
     640000 -224.780672
     641000 -227.073634
     642000 -226.055706
     643000 -225.114643
     644000 -225.317397
     645000 -228.067806
     646000 -226.521258
     647000 -225.740977
     648000 -225.341375
     649000 -225.085452
     650000 -225.713432
     651000 -228.949183
     652000 -229.439808
     653000 -226.752674
     654000 -227.006130
     655000 -225.864308
     656000 -225.076415
     657000 -224.894731
     658000 -225.262206
     659000 -227.809195
     660000 -225.155491
     661000 -225.361642
     662000 -225.025065
     663000 -225.668607
     664000 -225.244270
     665000 -224.754761
     666000 -225.901556
     667000 -225.227122
     668000 -224.883973
     669000 -229.579790
     670000 -228.983334
     671000 -225.207794
     672000 -224.809797
     673000 -225.204068
     674000 -225.000689
     675000 -224.729696
     676000 -225.356524
     677000 -224.900892
     678000 -230.721408
     679000 -226.669812
     680000 -224.844498
     681000 -225.477286
     682000 -225.205317
     683000 -226.991651
     684000 -229.974805
     685000 -224.831903
     686000 -225.719236
     687000 -224.785561
     688000 -226.120473
     689000 -227.820021
     690000 -225.022440
     691000 -225.368041
     692000 -226.030172
     693000 -225.559673
     694000 -224.889163
     695000 -226.680548
     696000 -225.592511
     697000 -225.189372
     698000 -228.643048
     699000 -233.040816
     700000 -224.971530
     701000 -226.067232
     702000 -225.779290
     703000 -227.096270
     704000 -225.042698
     705000 -226.174771
     706000 -226.853375
     707000 -227.021033
     708000 -227.653131
     709000 -226.532362
     710000 -225.499411
     711000 -226.461223
     712000 -226.788265
     713000 -226.093983
     714000 -224.949908
     715000 -224.994670
     716000 -224.790462
     717000 -226.942574
     718000 -227.641778
     719000 -224.757130
     720000 -225.379156
     721000 -225.385643
     722000 -224.913981
     723000 -225.823611
     724000 -228.643082
     725000 -225.020278
     726000 -225.504682
     727000 -227.096002
     728000 -227.615783
     729000 -226.027163
     730000 -225.585870
     731000 -225.016495
     732000 -225.007000
     733000 -225.930543
     734000 -224.832376
     735000 -224.813582
     736000 -226.864798
     737000 -226.428460
     738000 -225.367861
     739000 -225.119791
     740000 -227.845125
     741000 -226.147992
     742000 -224.736225
     743000 -226.485595
     744000 -225.391513
     745000 -227.387941
     746000 -229.622341
     747000 -224.843282
     748000 -228.805852
     749000 -224.741131
     750000 -229.491781
     751000 -224.773960
     752000 -227.904430
     753000 -225.659659
     754000 -226.451416
     755000 -225.431366
     756000 -226.460904
     757000 -224.911141
     758000 -225.229427
     759000 -224.868187
     760000 -225.427099
     761000 -224.959607
     762000 -226.259388
     763000 -232.334191
     764000 -225.063957
     765000 -224.862358
     766000 -227.798721
     767000 -226.733754
     768000 -224.728665
     769000 -227.039912
     770000 -226.948394
     771000 -227.243757
     772000 -225.826334
     773000 -231.903539
     774000 -224.838127
     775000 -227.356540
     776000 -227.800397
     777000 -227.413178
     778000 -229.595471
     779000 -224.890339
     780000 -224.857753
     781000 -225.367346
     782000 -228.588500
     783000 -224.924168
     784000 -224.811696
     785000 -231.212295
     786000 -224.845998
     787000 -225.885390
     788000 -225.596330
     789000 -224.942636
     790000 -224.826345
     791000 -225.071539
     792000 -226.008634
     793000 -231.551128
     794000 -225.151851
     795000 -225.403918
     796000 -225.965094
     797000 -224.842190
     798000 -224.834644
     799000 -225.470047
     800000 -225.063065
     801000 -225.211098
     802000 -225.878948
     803000 -226.135438
     804000 -227.635719
     805000 -226.456564
     806000 -225.224039
     807000 -226.858912
     808000 -224.863123
     809000 -224.843722
     810000 -225.082141
     811000 -226.106217
     812000 -224.861500
     813000 -224.756157
     814000 -226.863255
     815000 -225.948241
     816000 -225.552041
     817000 -225.078587
     818000 -225.681753
     819000 -224.875919
     820000 -226.462597
     821000 -225.659698
     822000 -227.227997
     823000 -227.289556
     824000 -224.926402
     825000 -225.063283
     826000 -224.901461
     827000 -226.362016
     828000 -226.096569
     829000 -224.911536
     830000 -224.737553
     831000 -225.010321
     832000 -224.837574
     833000 -225.665417
     834000 -225.181524
     835000 -225.177233
     836000 -224.828471
     837000 -225.265813
     838000 -224.792623
     839000 -226.699765
     840000 -225.479528
     841000 -225.064288
     842000 -225.451312
     843000 -224.738970
     844000 -228.085604
     845000 -224.937503
     846000 -225.019881
     847000 -228.328723
     848000 -225.377023
     849000 -226.378448
     850000 -228.372859
     851000 -225.043658
     852000 -228.758861
     853000 -224.757815
     854000 -227.144729
     855000 -225.099482
     856000 -225.105079
     857000 -228.391230
     858000 -225.648851
     859000 -227.657070
     860000 -225.269391
     861000 -228.691552
     862000 -226.258675
     863000 -224.984384
     864000 -225.013322
     865000 -226.539070
     866000 -226.147112
     867000 -227.052304
     868000 -227.364006
     869000 -225.134977
     870000 -225.276581
     871000 -227.366361
     872000 -225.240644
     873000 -225.205712
     874000 -224.827439
     875000 -226.063867
     876000 -225.393120
     877000 -225.216525
     878000 -224.870242
     879000 -227.073382
     880000 -225.187627
     881000 -225.023371
     882000 -224.847421
     883000 -225.410395
     884000 -224.966708
     885000 -224.811437
     886000 -225.606767
     887000 -225.451272
     888000 -224.886930
     889000 -226.306002
     890000 -225.369112
     891000 -225.230972
     892000 -227.119467
     893000 -228.634421
     894000 -229.131299
     895000 -227.179794
     896000 -225.770996
     897000 -226.205012
     898000 -225.395444
     899000 -228.860867
     900000 -225.670821
     901000 -229.643911
     902000 -225.660233
     903000 -225.147469
     904000 -224.942646
     905000 -225.570844
     906000 -225.455069
     907000 -225.519683
     908000 -225.122462
     909000 -226.713838
     910000 -225.176696
     911000 -225.725232
     912000 -232.459640
     913000 -226.166379
     914000 -226.927092
     915000 -226.986441
     916000 -229.406108
     917000 -224.912781
     918000 -230.675953
     919000 -226.899457
     920000 -227.097754
     921000 -228.063656
     922000 -224.992929
     923000 -227.973010
     924000 -226.185194
     925000 -224.728895
     926000 -229.067448
     927000 -225.863396
     928000 -225.009549
     929000 -226.785800
     930000 -227.530320
     931000 -227.089339
     932000 -226.533128
     933000 -225.135531
     934000 -224.809323
     935000 -226.716958
     936000 -228.413333
     937000 -225.061524
     938000 -225.248496
     939000 -225.682274
     940000 -225.139565
     941000 -228.587487
     942000 -224.989174
     943000 -225.164143
     944000 -227.404056
     945000 -224.831937
     946000 -225.016092
     947000 -225.751494
     948000 -225.778096
     949000 -226.866702
     950000 -224.747014
     951000 -225.253881
     952000 -224.726559
     953000 -225.394563
     954000 -226.905591
     955000 -225.180971
     956000 -225.807614
     957000 -227.238187
     958000 -225.557599
     959000 -225.375325
     960000 -232.136453
     961000 -227.090878
     962000 -225.015236
     963000 -229.480849
     964000 -226.768119
     965000 -231.202654
     966000 -225.850067
     967000 -225.177103
     968000 -230.975000
     969000 -225.314778
     970000 -228.805131
     971000 -224.859570
     972000 -226.767691
     973000 -225.485633
     974000 -225.367032
     975000 -228.239620
     976000 -226.912608
     977000 -225.921118
     978000 -224.882072
     979000 -225.294469
     980000 -227.459255
     981000 -228.349959
     982000 -225.235313
     983000 -225.196987
     984000 -224.799564
     985000 -225.158062
     986000 -227.200307
     987000 -225.177749
     988000 -224.973718
     989000 -224.906014
     990000 -225.116992
     991000 -226.163064
     992000 -224.748377
     993000 -226.072221
     994000 -224.831152
     995000 -227.306831
     996000 -226.872252
     997000 -225.057381
     998000 -224.833032
     999000 -225.438959
    1000000 -225.650467
