       1000 -246.388661
       2000 -246.749311
       3000 -246.323133
       4000 -249.507458
       5000 -248.295626
       6000 -247.299948
       7000 -247.038253
       8000 -246.695471
       9000 -246.259417
      10000 -248.695516
      11000 -248.263755
      12000 -246.346839
      13000 -247.196199
      14000 -246.197149
      15000 -246.410798
      16000 -248.182309
      17000 -248.133938
      18000 -248.696168
      19000 -247.550172
      20000 -247.000465
      21000 -248.548970
      22000 -248.454756
      23000 -247.075767
      24000 -246.852093
      25000 -247.876461
      26000 -246.160523
      27000 -246.831467
      28000 -247.927832
      29000 -247.591263
      30000 -247.078321
      31000 -247.526978
      32000 -246.374132
      33000 -246.967457
      34000 -246.364569
      35000 -247.035026
      36000 -249.413126
      37000 -252.135258
      38000 -246.897977
      39000 -249.525763
      40000 -250.865370
      41000 -246.581879
      42000 -246.373900
      43000 -247.253417
      44000 -256.845268
      45000 -246.530601
      46000 -246.242805
      47000 -246.390608
      48000 -247.251254
      49000 -250.351203
      50000 -246.870427
      51000 -247.182299
      52000 -251.582236
      53000 -246.430562
      54000 -246.218444
      55000 -247.613536
      56000 -246.522733
      57000 -247.337689
      58000 -246.155671
      59000 -248.445476
      60000 -248.151912
      61000 -246.539127
      62000 -246.265400
      63000 -250.069803
      64000 -250.411153
      65000 -246.882954
      66000 -249.423759
      67000 -246.678066
      68000 -250.656631
      69000 -246.842970
      70000 -248.581108
      71000 -247.245380
      72000 -246.724909
      73000 -249.528035
      74000 -252.294445
      75000 -246.243053
      76000 -246.677472
      77000 -248.478167
      78000 -247.505581
      79000 -248.192226
      80000 -249.429612
      81000 -248.271412
      82000 -246.782169
      83000 -246.719446
      84000 -251.956396
      85000 -246.851995
      86000 -246.237196
      87000 -247.802965
      88000 -246.649457
      89000 -253.025100
      90000 -246.647814
      91000 -248.710179
      92000 -246.900018
      93000 -247.211884
      94000 -248.580145
      95000 -246.498831
      96000 -247.148423
      97000 -247.770848
      98000 -246.352192
      99000 -246.207419
     100000 -248.136195
     101000 -246.326581
     102000 -247.477859
     103000 -247.788397
     104000 -246.292273
     105000 -253.168263
     106000 -246.211274
     107000 -246.970574
     108000 -246.346062
     109000 -249.691037
     110000 -246.927536
     111000 -246.279067
     112000 -247.673001
     113000 -247.742566
     114000 -246.297774
     115000 -249.888203
     116000 -250.866383
     117000 -246.649198
     118000 -247.407663
     119000 -246.206541
     120000 -246.261567
     121000 -248.305446
     122000 -247.560387
     123000 -246.276749
     124000 -250.491725
     125000 -250.201776
     126000 -247.029711
     127000 -246.827402
     128000 -246.682371
     129000 -246.333064
     130000 -246.771068
     131000 -247.240607
     132000 -247.502358
     133000 -247.406763
     134000 -246.806143
     135000 -250.690240
     136000 -246.404857
     137000 -246.167019
     138000 -248.207411
     139000 -246.887757
     140000 -246.201272
     141000 -247.090303
     142000 -248.412900
     143000 -246.641159
     144000 -246.856615
     145000 -248.982488
     146000 -247.479441
     147000 -247.144561
     148000 -248.959931
     149000 -248.352423
     150000 -249.181335
     151000 -248.692389
     152000 -248.483959
     153000 -249.090530
     154000 -246.212100
     155000 -246.701993
     156000 -246.255379
     157000 -246.194225
     158000 -246.781386
     159000 -248.296981
     160000 -246.653897
     161000 -248.222403
     162000 -246.583579
     163000 -249.058773
     164000 -247.442918
     165000 -246.304558
     166000 -250.220023
     167000 -253.981773
     168000 -247.292501
     169000 -247.792080
     170000 -246.341776
     171000 -246.302824
     172000 -250.700927
     173000 -250.278713
     174000 -246.362802
     175000 -247.060988
     176000 -249.428822
     177000 -246.254126
     178000 -246.203185
     179000 -248.619083
     180000 -249.092847
     181000 -247.281746
     182000 -246.441818
     183000 -246.701731
     184000 -249.269780
     185000 -252.124639
     186000 -250.843279
     187000 -248.721015
     188000 -246.302925
     189000 -248.599419
     190000 -249.094404
     191000 -246.648108
     192000 -248.561088
     193000 -246.669791
     194000 -246.235168
     195000 -246.357402
     196000 -246.165246
     197000 -247.208788
     198000 -246.670462
     199000 -246.228188
     200000 -246.194233
     201000 -246.445054
     202000 -248.242645
     203000 -247.629645
     204000 -246.356021
     205000 -251.071639
     206000 -247.798099
     207000 -246.637345
     208000 -249.236268
     209000 -246.237045
     210000 -247.785500
     211000 -247.567855
     212000 -249.294627
     213000 -249.228013
     214000 -247.739342
     215000 -247.484597
     216000 -246.514395
     217000 -248.867909
     218000 -248.477090
     219000 -246.318002
     220000 -246.258802
     221000 -246.374988
     222000 -246.319820
     223000 -246.570042
     224000 -246.778566
     225000 -247.082274
     226000 -246.229125
     227000 -247.657062
     228000 -248.037788
     229000 -249.608593
     230000 -246.674785
     231000 -250.788817
     232000 -248.127488
     233000 -248.480617
     234000 -247.035375
     235000 -249.253793
     236000 -247.994623
     237000 -251.929083
     238000 -253.355553
     239000 -246.614560
     240000 -246.951037
     241000 -248.837355
     242000 -246.709168
     243000 -246.724881
     244000 -246.208664
     245000 -246.506961
     246000 -246.333726
     247000 -246.529036
     248000 -246.598707
     249000 -248.304561
     250000 -248.714078
     251000 -249.526130
     252000 -246.405488
     253000 -249.108092
     254000 -248.316441
     255000 -250.297531
     256000 -246.414697
     257000 -248.601454
     258000 -246.746993
     259000 -246.294061
     260000 -246.331620
     261000 -246.799859
     262000 -246.235364
     263000 -247.477575
     264000 -246.571474
     265000 -246.569058
     266000 -246.685703
     267000 -246.632152
     268000 -247.232130
     269000 -247.390093
     270000 -247.174094
     271000 -248.969414
     272000 -246.557563
     273000 -246.456861
     274000 -246.423277
     275000 -246.521659
     276000 -247.241218
     277000 -246.315754
     278000 -247.018117
     279000 -246.933075
     280000 -247.670085
     281000 -247.245691
     282000 -246.164392
     283000 -247.173045
     284000 -246.244981
     285000 -248.524605
     286000 -246.627251
     287000 -249.062418
     288000 -246.160867
     289000 -246.402984
     290000 -246.744480
     291000 -247.620200
     292000 -246.273061
     293000 -246.288055
     294000 -246.439114
     295000 -248.058261
     296000 -246.169231
     297000 -256.632336
     298000 -246.371541
     299000 -246.405800
     300000 -247.059629
     301000 -246.970033
     302000 -246.255914
     303000 -249.617772
     304000 -246.431243
     305000 -246.269990
     306000 -246.294570
     307000 -246.870987
     308000 -247.347288
     309000 -249.792589
     310000 -248.099416
     311000 -246.574393
     312000 -246.499033
     313000 -247.632000
     314000 -248.403031
     315000 -246.743948
     316000 -246.162898
     317000 -246.729021
     318000 -246.294873
     319000 -246.637479
     320000 -247.691492
     321000 -247.052469
     322000 -246.984479
     323000 -250.117191
     324000 -252.082645
     325000 -246.600354
     326000 -246.446498
     327000 -249.267239
     328000 -247.122442
     329000 -248.258734
     330000 -246.875894
     331000 -247.628168
     332000 -247.101946
     333000 -247.378581
     334000 -246.715843
     335000 -246.472737
     336000 -246.658546
     337000 -247.275199
     338000 -248.026938
     339000 -253.337224
     340000 -246.402772
     341000 -246.407025
     342000 -246.538239
     343000 -246.494360
     344000 -249.160917
     345000 -246.485839
     346000 -247.413773
     347000 -247.171413
     348000 -247.483776
     349000 -248.306305
     350000 -246.715512
     351000 -246.768468
     352000 -246.424457
     353000 -249.127221
     354000 -248.812446
     355000 -246.956562
     356000 -247.432130
     357000 -248.560157
     358000 -246.596175
     359000 -246.509267
     360000 -252.897245
     361000 -246.444075
     362000 -246.957767
     363000 -246.254086
     364000 -249.574991
     365000 -246.376234
     366000 -246.778734
     367000 -246.608566
     368000 -247.780872
     369000 -247.471921
     370000 -246.729250
     371000 -248.553606
     372000 -247.488044
     373000 -248.137451
     374000 -247.142070
     375000 -248.691883
     376000 -247.314453
     377000 -247.904260
     378000 -248.856373
     379000 -249.689235
     380000 -246.858426
     381000 -246.235002
     382000 -248.105101
     383000 -246.264076
     384000 -246.472022
     385000 -247.931177
     386000 -247.135366
     387000 -246.208656
     388000 -246.317922
     389000 -248.473677
     390000 -246.600575
     391000 -246.873244
     392000 -246.932534
     393000 -246.970548
     394000 -246.557508
     395000 -247.120939
     396000 -248.738842
     397000 -246.909687
     398000 -251.054619
     399000 -246.456132
     400000 -246.487485
     401000 -246.154840
     402000 -248.507652
     403000 -246.321392
     404000 -246.181146
     405000 -248.688583
     406000 -246.371819
     407000 -250.339549
     408000 -251.192959
     409000 -247.121211
     410000 -246.461538
     411000 -246.300033
     412000 -250.833351
     413000 -246.966902
     414000 -246.746098
     415000 -246.261718
     416000 -246.517664
     417000 -246.176844
     418000 -246.465994
     419000 -247.394284
     420000 -252.582283
     421000 -246.440966
     422000 -246.771244
     423000 -251.063528
     424000 -246.532011
     425000 -247.605302
     426000 -247.516986
     427000 -249.148482
     428000 -246.275111
     429000 -246.950095
     430000 -247.296703
     431000 -246.465359
     432000 -246.976265
     433000 -248.637845
     434000 -246.825874
     435000 -246.579137
     436000 -249.617787
     437000 -248.783154
     438000 -248.491744
     439000 -246.571655
     440000 -249.328794
     441000 -248.043267
     442000 -246.329169
     443000 -248.143653
     444000 -250.522871
     445000 -248.651583
     446000 -247.670674
     447000 -248.726347
     448000 -247.571426
     449000 -246.176665
     450000 -250.223069
     451000 -246.296320
     452000 -248.928350
     453000 -249.064443
     454000 -246.536649
     455000 -247.291158
     456000 -246.388822
     457000 -247.149063
     458000 -248.575034
     459000 -248.600609
     460000 -246.771510
     461000 -246.879392
     462000 -246.304518
     463000 -246.308614
     464000 -249.365490
     465000 -248.329993
     466000 -248.173615
     467000 -248.564754
     468000 -246.480401
     469000 -246.731287
     470000 -246.770416
     471000 -246.440853
     472000 -246.987722
     473000 -252.180217
     474000 -246.986550
     475000 -246.379955
     476000 -246.523034
     477000 -246.772979
     478000 -246.852232
     479000 -248.756517
     480000 -246.970285
     481000 -248.628841
     482000 -246.189044
     483000 -246.513144
     484000 -252.935429
     485000 -248.511316
     486000 -246.385264
     487000 -246.538343
     488000 -246.596152
     489000 -255.865519
     490000 -246.341720
     491000 -246.413766
     492000 -247.209852
     493000 -246.440965
     494000 -246.472995
     495000 -246.801200
     496000 -248.271420
     497000 -246.234073
     498000 -246.462433
     499000 -246.979580
     500000 -246.591232
     501000 -246.712884
     502000 -246.364478
     503000 -246.376072
     504000 -247.235709
     505000 -248.319482
     506000 -247.063767
     507000 -246.298276
     508000 -246.895948
     509000 -247.278731
     510000 -250.754700
     511000 -248.586962
     512000 -247.226907
     513000 -246.302615
     514000 -246.786198
     515000 -246.243485
     516000 -246.177238
     517000 -246.893121
     518000 -252.750261
     519000 -246.626591
     520000 -246.797598
     521000 -246.452193
     522000 -246.191399
     523000 -246.692272
     524000 -247.087313
     525000 -246.193472
     526000 -248.674313
     527000 -248.351561
     528000 -247.052403
     529000 -248.380769
     530000 -248.509593
     531000 -249.673334
     532000 -247.621021
     533000 -246.364444
     534000 -252.136254
     535000 -250.159141
     536000 -246.311006
     537000 -248.366041
     538000 -247.424840
     539000 -246.628373
     540000 -248.310559
     541000 -246.705761
     542000 -246.326718
     543000 -247.634244
     544000 -248.878087
     545000 -246.334064
     546000 -246.847287
     547000 -247.038707
     548000 -248.932740
     549000 -249.023707
     550000 -251.394732
     551000 -247.556833
     552000 -248.337934
     553000 -246.533785
     554000 -248.236772
     555000 -246.278256
     556000 -246.694251
     557000 -248.278222
     558000 -246.505685
     559000 -252.202922
     560000 -253.491081
     561000 -247.060016
     562000 -250.454648
     563000 -247.052318
     564000 -246.411796
     565000 -247.855113
     566000 -247.681427
     567000 -246.582799
     568000 -247.081096
     569000 -247.102714
     570000 -246.562815
     571000 -247.507213
     572000 -246.222243
     573000 -246.643318
     574000 -248.145472
     575000 -246.696328
     576000 -246.547325
     577000 -247.067529
     578000 -258.250357
     579000 -246.220328
     580000 -246.456100
     581000 -246.562649
     582000 -248.184378
     583000 -247.171643
     584000 -247.059213
     585000 -246.421612
     586000 -246.190917
     587000 -246.334364
     588000 -246.182618
     589000 -247.275168
     590000 -246.367895
     591000 -246.427429
     592000 -246.400172
     593000 -248.279292
     594000 -246.500155
     595000 -247.700477
     596000 -248.077547
     597000 -246.209466
     598000 -246.880021
     599000 -248.238320
     600000 -250.741181
     601000 -249.758206
     602000 -249.143405
     603000 -246.306468
     604000 -246.824290
     605000 -247.856722
     606000 -246.309933
     607000 -248.790769
     608000 -246.343514
     609000 -246.553171
     610000 -247.884023
     611000 -250.379579
     612000 -247.980374
     613000 -246.197237
     614000 -248.966971
     615000 -249.388725
     616000 -247.841635
     617000 -246.465932
     618000 -246.556847
     619000 -246.236922
     620000 -247.203197
     621000 -246.731032
     622000 -247.933591
     623000 -251.601581
     624000 -247.434672
     625000 -246.481683
     626000 -246.658089
     627000 -249.785820
     628000 -247.322409
     629000 -246.534630
     630000 -246.468183
     631000 -247.837766
     632000 -246.974881
     633000 -247.914969
     634000 -249.315845
     635000 -246.833719
     636000 -247.310082
     637000 -247.137426
     638000 -246.896082
     639000 -246.838360
     640000 -254.324219
     641000 -246.654167
     642000 -247.504658
     643000 -248.408156
     644000 -246.445428
     645000 -250.354129
     646000 -246.545851
     647000 -248.171451
     648000 -246.279892
     649000 -246.348912
     650000 -246.954666
     651000 -246.271310
     652000 -246.644957
     653000 -249.000545
     654000 -246.627142
     655000 -246.223259
     656000 -246.455507
     657000 -247.016400
     658000 -248.508207
     659000 -247.815362
     660000 -246.378610
     661000 -247.023580
     662000 -246.184928
     663000 -247.007911
     664000 -246.679552
     665000 -246.687208
     666000 -249.056318
     667000 -247.409534
     668000 -248.819536
     669000 -247.173488
     670000 -246.312734
     671000 -246.968631
     672000 -246.379998
     673000 -249.035593
     674000 -247.517698
     675000 -246.307560
     676000 -246.336997
     677000 -246.353493
     678000 -246.255248
     679000 -249.215835
     680000 -247.421205
     681000 -246.345684
     682000 -246.245037
     683000 -246.224548
     684000 -247.513422
     685000 -246.288258
     686000 -250.822541
     687000 -246.432551
     688000 -246.820819
     689000 -250.759593
     690000 -246.682517
     691000 -246.425896
     692000 -247.524019
     693000 -246.854254
     694000 -246.304659
     695000 -248.593011
     696000 -246.783044
     697000 -247.709745
     698000 -246.340940
     699000 -247.863658
     700000 -249.985973
     701000 -246.439580
     702000 -256.439536
     703000 -247.716933
     704000 -250.089812
     705000 -247.276621
     706000 -247.537083
     707000 -246.269294
     708000 -246.318244
     709000 -246.549950
     710000 -248.345220
     711000 -246.336504
     712000 -246.797072
     713000 -251.517851
     714000 -246.191318
     715000 -247.859812
     716000 -246.236107
     717000 -251.375849
     718000 -246.304395
     719000 -247.151997
     720000 -247.214026
     721000 -247.059358
     722000 -247.136508
     723000 -246.580997
     724000 -247.265234
     725000 -247.972680
     726000 -247.015743
     727000 -246.558339
     728000 -246.711725
     729000 -246.412285
     730000 -247.480965
     731000 -246.296294
     732000 -246.703502
     733000 -249.479351
     734000 -249.290019
     735000 -246.357023
     736000 -246.502804
     737000 -246.171785
     738000 -246.890400
     739000 -247.654463
     740000 -246.225099
     741000 -246.646782
     742000 -250.227282
     743000 -249.881981
     744000 -248.225527
     745000 -246.950866
     746000 -246.311301
     747000 -249.334377
     748000 -248.147984
     749000 -248.561262
     750000 -247.695789
     751000 -246.705160
     752000 -247.733274
     753000 -247.183959
     754000 -247.305909
     755000 -248.918318
     756000 -246.446202
     757000 -246.288197
     758000 -246.381456
     759000 -248.080525
     760000 -249.517947
     761000 -248.096721
     762000 -252.521166
     763000 -250.818438
     764000 -248.913313
     765000 -247.530909
     766000 -246.937288
     767000 -246.373446
     768000 -246.389846
     769000 -250.131684
     770000 -247.112387
     771000 -246.679566
     772000 -246.223524
     773000 -246.992876
     774000 -246.409539
     775000 -253.365180
     776000 -246.797021
     777000 -249.194945
     778000 -246.948661
     779000 -246.310389
     780000 -248.947004
     781000 -246.589453
     782000 -246.162945
     783000 -250.164777
     784000 -246.476386
     785000 -248.970240
     786000 -251.314925
     787000 -257.726852
     788000 -246.225852
     789000 -246.170913
     790000 -248.751613
     791000 -248.249238
     792000 -246.997042
     793000 -246.448365
     794000 -246.750221
     795000 -246.187801
     796000 -247.653384
     797000 -246.671550
     798000 -246.223113
     799000 -249.035642
     800000 -247.035568
     801000 -248.621824
     802000 -246.216905
     803000 -246.371638
     804000 -251.066558
     805000 -250.519543
     806000 -247.594372
     807000 -248.692036
     808000 -246.386960
     809000 -247.782424
     810000 -246.757859
     811000 -246.625568
     812000 -247.183511
     813000 -246.858215
     814000 -246.205553
     815000 -246.380080
     816000 -246.536923
     817000 -246.816652
     818000 -247.022852
     819000 -250.690064
     820000 -247.279542
     821000 -246.212350
     822000 -246.351199
     823000 -247.819911
     824000 -246.780126
     825000 -246.964883
     826000 -248.415614
     827000 -249.085892
     828000 -246.776943
     829000 -246.418184
     830000 -247.584680
     831000 -247.935008
     832000 -246.284460
     833000 -246.793156
     834000 -247.344163
     835000 -246.829254
     836000 -246.812938
     837000 -247.031370
     838000 -247.192342
     839000 -246.154991
     840000 -247.332197
     841000 -249.524657
     842000 -248.822210
     843000 -248.223017
     844000 -248.905520
     845000 -246.633673
     846000 -246.339660
     847000 -248.183842
     848000 -247.691937
     849000 -246.333403
     850000 -249.675246
     851000 -247.122794
     852000 -246.367680
     853000 -247.316099
     854000 -248.587936
     855000 -247.494381
     856000 -246.155283
     857000 -246.159601
     858000 -246.510017
     859000 -248.163834
     860000 -249.265104
     861000 -247.452761
     862000 -248.702760
     863000 -247.093047
     864000 -246.568229
     865000 -248.432503
     866000 -247.135797
     867000 -249.658944
     868000 -248.734288
     869000 -246.862640
     870000 -248.528222
     871000 -248.243858
     872000 -246.941852
     873000 -248.627161
     874000 -246.561926
     875000 -252.848594
     876000 -246.510476
     877000 -248.155049
     878000 -246.562932
     879000 -246.231213
     880000 -246.512847
     881000 -246.366848
     882000 -247.549886
     883000 -247.378926
     884000 -246.641824
     885000 -247.916184
     886000 -248.167636
     887000 -246.178892
     888000 -248.012169
     889000 -246.596303
     890000 -248.376440
     891000 -246.332284
     892000 -248.928087
     893000 -246.315195
     894000 -248.649997
     895000 -247.211083
     896000 -246.256359
     897000 -247.306439
     898000 -248.403033
     899000 -246.353201
     900000 -249.117013
     901000 -249.749635
     902000 -249.407790
     903000 -248.997820
     904000 -249.687980
     905000 -246.972037
     906000 -249.056845
     907000 -246.206560
     908000 -247.106830
     909000 -249.360007
     910000 -246.624825
     911000 -246.762293
     912000 -246.699585
     913000 -246.333357
     914000 -248.888409
     915000 -246.403392
     916000 -246.365335
     917000 -251.601549
     918000 -246.213553
     919000 -246.393902
     920000 -246.237711
     921000 -248.549365
     922000 -246.555764
     923000 -246.164171
     924000 -246.788336
     925000 -246.409378
     926000 -248.502383
     927000 -246.538234
     928000 -250.180568
     929000 -246.682914
     930000 -246.564326
     931000 -249.896944
     932000 -250.034406
     933000 -248.193325
     934000 -246.334452
     935000 -248.264087
     936000 -249.120669
     937000 -249.331104
     938000 -246.851250
     939000 -246.390313
     940000 -247.060124
     941000 -246.248372
     942000 -246.409061
     943000 -250.554130
     944000 -247.268981
     945000 -246.331399
     946000 -246.161276
     947000 -246.681506
     948000 -246.245449
     949000 -250.645923
     950000 -246.300454
     951000 -248.903936
     952000 -246.647965
     953000 -249.138273
     954000 -248.887571
     955000 -246.713885
     956000 -246.976155
     957000 -246.689352
     958000 -246.227857
     959000 -246.631376
     960000 -246.757433
     961000 -247.721944
     962000 -246.961584
     963000 -246.257948
     964000 -246.174744
     965000 -247.625657
     966000 -247.826059
     967000 -247.448501
     968000 -246.651175
     969000 -246.991098
     970000 -247.889104
     971000 -246.496012
     972000 -246.310463
     973000 -246.878950
     974000 -246.360009
     975000 -247.919937
     976000 -246.606793
     977000 -248.134994
     978000 -248.780628
     979000 -247.059795
     980000 -246.395964
     981000 -246.465171
     982000 -248.123196
     983000 -248.234358
     984000 -246.397405
     985000 -254.172002
     986000 -247.310686
     987000 -249.179817
     988000 -246.961335
     989000 -246.454358
     990000 -247.243013
     991000 -248.263672
     992000 -246.321944
     993000 -246.539070
     994000 -247.207372
     995000 -247.912123
     996000 -248.269370
     997000 -247.558868
     998000 -248.752939
     999000 -248.383398
    1000000 -246.812724
    1001000 -246.369159
    1002000 -246.708220
    1003000 -247.259947
    1004000 -246.506761
    1005000 -248.454304
    1006000 -246.478586
    1007000 -246.234899
    1008000 -247.544801
    1009000 -246.912305
    1010000 -246.977192
    1011000 -246.552507
    1012000 -246.232514
    1013000 -248.607234
    1014000 -246.955116
    1015000 -246.932653
    1016000 -248.145933
    1017000 -246.686780
    1018000 -248.369703
    1019000 -246.597176
    1020000 -246.274441
    1021000 -246.471279
    1022000 -246.823470
    1023000 -246.342643
    1024000 -250.922503
    1025000 -251.278959
    1026000 -246.783844
    1027000 -248.194226
    1028000 -248.969941
    1029000 -246.951008
    1030000 -249.304718
    1031000 -247.473162
    1032000 -246.342538
    1033000 -249.609581
    1034000 -248.226722
    1035000 -246.885237
    1036000 -247.116749
    1037000 -250.931213
    1038000 -246.710530
    1039000 -248.080518
    1040000 -246.802393
    1041000 -248.508524
    1042000 -246.827917
    1043000 -249.459058
    1044000 -247.270939
    1045000 -247.125771
    1046000 -246.314892
    1047000 -248.400582
    1048000 -246.227448
    1049000 -246.306055
    1050000 -246.160814
    1051000 -247.340817
    1052000 -250.934281
    1053000 -246.470742
    1054000 -246.960234
    1055000 -248.267899
    1056000 -248.215946
    1057000 -249.712051
    1058000 -250.383585
    1059000 -251.371682
    1060000 -246.402579
    1061000 -246.725406
    1062000 -249.448149
    1063000 -246.933399
    1064000 -248.370066
    1065000 -254.324381
    1066000 -248.183233
    1067000 -248.125265
    1068000 -246.762372
    1069000 -248.504792
    1070000 -247.253596
    1071000 -249.109068
    1072000 -248.909357
    1073000 -253.840990
    1074000 -246.404843
    1075000 -247.019265
    1076000 -248.246452
    1077000 -248.140768
    1078000 -247.730377
    1079000 -246.967922
    1080000 -246.228366
    1081000 -247.317716
    1082000 -248.020868
    1083000 -248.858299
    1084000 -248.023745
    1085000 -246.351688
    1086000 -246.177601
    1087000 -246.737167
    1088000 -246.355948
    1089000 -246.412732
    1090000 -246.952673
    1091000 -248.598076
    1092000 -246.401335
    1093000 -246.715327
    1094000 -247.308803
    1095000 -247.232846
    1096000 -246.976894
    1097000 -246.233433
    1098000 -246.169067
    1099000 -250.170651
    1100000 -246.602953
    1101000 -246.697513
    1102000 -248.975868
    1103000 -246.203712
    1104000 -247.986664
    1105000 -247.198880
    1106000 -248.297423
    1107000 -246.429816
    1108000 -248.302528
    1109000 -246.233404
    1110000 -246.477649
    1111000 -247.864536
    1112000 -246.905159
    1113000 -246.204906
    1114000 -247.966456
    1115000 -247.104725
    1116000 -249.780022
    1117000 -246.207155
    1118000 -250.125373
    1119000 -246.665759
    1120000 -246.399336
    1121000 -246.803331
    1122000 -247.601024
    1123000 -246.273789
    1124000 -246.839214
    1125000 -249.279822
    1126000 -246.421134
    1127000 -252.942365
    1128000 -247.681390
    1129000 -246.237816
    1130000 -246.400094
    1131000 -246.509598
    1132000 -248.377325
    1133000 -248.392462
    1134000 -248.851209
    1135000 -247.044111
    1136000 -246.263772
    1137000 -248.581290
    1138000 -246.260361
    1139000 -252.406171
    1140000 -246.411588
    1141000 -246.732725
    1142000 -246.967917
    1143000 -246.508271
    1144000 -246.647157
    1145000 -247.063535
    1146000 -248.606294
    1147000 -246.361574
    1148000 -248.524049
    1149000 -248.730869
    1150000 -246.363186
    1151000 -246.718855
    1152000 -246.983898
    1153000 -246.339629
    1154000 -246.764916
    1155000 -247.517073
    1156000 -246.170366
    1157000 -246.740257
    1158000 -246.287615
    1159000 -248.981514
    1160000 -247.035809
    1161000 -248.083581
    1162000 -246.373250
    1163000 -246.259860
    1164000 -246.158587
    1165000 -247.785405
    1166000 -247.296233
    1167000 -246.645624
    1168000 -249.615116
    1169000 -247.169626
    1170000 -247.036407
    1171000 -246.154168
    1172000 -247.532530
    1173000 -248.042962
    1174000 -248.086483
    1175000 -252.965290
    1176000 -249.121995
    1177000 -246.684477
    1178000 -246.306910
    1179000 -246.213597
    1180000 -253.876421
    1181000 -247.140112
    1182000 -246.378793
    1183000 -246.789657
    1184000 -246.217321
    1185000 -247.259438
    1186000 -248.252247
    1187000 -246.723794
    1188000 -248.335611
    1189000 -247.177378
    1190000 -248.991946
    1191000 -246.597579
    1192000 -246.604652
    1193000 -246.795031
    1194000 -246.598840
    1195000 -246.623504
    1196000 -249.944193
    1197000 -246.298812
    1198000 -246.587925
    1199000 -246.464819
    1200000 -247.217997
    1201000 -246.733900
    1202000 -246.674601
    1203000 -246.905713
    1204000 -247.042275
    1205000 -246.394785
    1206000 -247.231537
    1207000 -246.995151
    1208000 -246.876053
    1209000 -246.245456
    1210000 -247.083494
    1211000 -246.560715
    1212000 -247.668760
    1213000 -246.594201
    1214000 -247.041259
    1215000 -246.194457
    1216000 -246.775412
    1217000 -246.221021
    1218000 -246.436701
    1219000 -247.797564
    1220000 -248.729546
    1221000 -246.409861
    1222000 -246.166803
    1223000 -246.507703
    1224000 -246.609027
    1225000 -247.723871
    1226000 -248.635089
    1227000 -248.458467
    1228000 -246.309431
    1229000 -247.142916
    1230000 -248.252809
    1231000 -246.376114
    1232000 -246.612709
    1233000 -246.702177
    1234000 -247.019478
    1235000 -248.469682
    1236000 -246.399487
    1237000 -246.685661
    1238000 -248.918513
    1239000 -247.614325
    1240000 -248.286149
    1241000 -246.524593
    1242000 -246.517392
    1243000 -247.191781
    1244000 -246.271462
    1245000 -246.419233
    1246000 -246.435165
    1247000 -247.279632
    1248000 -246.300905
    1249000 -246.439082
    1250000 -248.083335
    1251000 -246.990817
    1252000 -247.241740
    1253000 -248.890603
    1254000 -246.558149
    1255000 -247.947531
    1256000 -246.827927
    1257000 -248.128609
    1258000 -246.440733
    1259000 -247.314800
    1260000 -246.435700
    1261000 -246.652755
    1262000 -246.355846
    1263000 -246.320983
    1264000 -248.408827
    1265000 -246.207007
    1266000 -247.262491
    1267000 -246.695738
    1268000 -246.856472
    1269000 -249.769402
    1270000 -246.295232
    1271000 -246.594475
    1272000 -246.986718
    1273000 -247.088476
    1274000 -246.684659
    1275000 -246.750708
    1276000 -246.244877
    1277000 -248.439396
    1278000 -246.357978
    1279000 -247.044626
    1280000 -246.240201
    1281000 -246.467302
    1282000 -250.115274
    1283000 -247.894784
    1284000 -246.650294
    1285000 -246.238197
    1286000 -246.699280
    1287000 -248.755803
    1288000 -246.448272
    1289000 -246.168014
    1290000 -246.617862
    1291000 -247.706244
    1292000 -247.088555
    1293000 -246.816155
    1294000 -248.777266
    1295000 -251.125161
    1296000 -246.439946
    1297000 -247.049069
    1298000 -246.337794
    1299000 -246.420463
    1300000 -249.829409
    1301000 -246.265911
    1302000 -246.438527
    1303000 -248.901954
    1304000 -246.297417
    1305000 -247.789746
    1306000 -246.584164
    1307000 -246.845408
    1308000 -246.963038
    1309000 -250.106567
    1310000 -246.178236
    1311000 -252.475573
    1312000 -248.882848
    1313000 -246.970025
    1314000 -246.582800
    1315000 -246.636235
    1316000 -246.765939
    1317000 -246.937559
    1318000 -248.285960
    1319000 -247.003508
    1320000 -246.936577
    1321000 -246.434796
    1322000 -246.166204
    1323000 -248.399477
    1324000 -248.756060
    1325000 -248.730420
    1326000 -246.273856
    1327000 -246.429882
    1328000 -248.871000
    1329000 -248.978034
    1330000 -246.688079
    1331000 -246.335676
    1332000 -246.633892
    1333000 -246.223652
    1334000 -248.128405
    1335000 -247.446571
    1336000 -251.429538
    1337000 -248.791199
    1338000 -247.663887
    1339000 -247.844590
    1340000 -246.530564
    1341000 -247.187769
    1342000 -247.025898
    1343000 -247.119682
    1344000 -247.190721
    1345000 -247.587549
    1346000 -246.809886
    1347000 -246.630488
    1348000 -247.025097
    1349000 -248.918800
    1350000 -246.639930
    1351000 -255.250383
    1352000 -246.191274
    1353000 -246.193780
    1354000 -246.756567
    1355000 -246.342610
    1356000 -247.589806
    1357000 -246.374154
    1358000 -246.517215
    1359000 -255.077401
    1360000 -247.720514
    1361000 -246.818374
    1362000 -247.990824
    1363000 -246.439669
    1364000 -248.525195
    1365000 -246.247263
    1366000 -246.321267
    1367000 -246.155901
    1368000 -247.089807
    1369000 -246.880348
    1370000 -246.598623
    1371000 -246.590200
    1372000 -246.614689
    1373000 -247.869779
    1374000 -246.613225
    1375000 -249.323153
    1376000 -248.816135
    1377000 -246.357569
    1378000 -250.927945
    1379000 -247.200831
    1380000 -251.545570
    1381000 -248.512584
    1382000 -248.155381
    1383000 -248.239228
    1384000 -246.916924
    1385000 -246.992106
    1386000 -246.833823
    1387000 -247.471253
    1388000 -246.158498
    1389000 -250.476601
    1390000 -246.452333
    1391000 -248.894567
    1392000 -246.349419
    1393000 -247.173440
    1394000 -246.420503
    1395000 -246.221446
    1396000 -248.324953
    1397000 -247.727217
    1398000 -246.526706
    1399000 -247.164945
    1400000 -249.129659
    1401000 -248.764117
    1402000 -250.048810
    1403000 -246.907265
    1404000 -247.034603
    1405000 -247.415758
    1406000 -257.499296
    1407000 -247.759254
    1408000 -248.808509
    1409000 -249.631157
    1410000 -249.806047
    1411000 -246.749690
    1412000 -246.577840
    1413000 -250.280526
    1414000 -247.574860
    1415000 -248.283873
    1416000 -247.965678
    1417000 -246.344595
    1418000 -248.809942
    1419000 -247.412558
    1420000 -248.560489
    1421000 -246.845403
    1422000 -247.791275
    1423000 -247.588220
    1424000 -248.475666
    1425000 -247.410251
    1426000 -246.869776
    1427000 -246.190065
    1428000 -246.727924
    1429000 -248.871551
    1430000 -246.992416
    1431000 -247.105104
    1432000 -247.238947
    1433000 -247.914189
    1434000 -249.062966
    1435000 -247.887498
    1436000 -246.277952
    1437000 -248.024153
    1438000 -247.432984
    1439000 -249.757839
    1440000 -252.133476
    1441000 -247.391098
    1442000 -251.052867
    1443000 -246.542596
    1444000 -246.383510
    1445000 -246.820981
    1446000 -248.696445
    1447000 -246.253168
    1448000 -246.916035
    1449000 -249.083389
    1450000 -246.813922
    1451000 -247.860699
    1452000 -247.340999
    1453000 -247.761647
    1454000 -246.627389
    1455000 -246.332987
    1456000 -246.384998
    1457000 -250.917835
    1458000 -247.043220
    1459000 -246.437266
    1460000 -247.573757
    1461000 -248.657076
    1462000 -247.105080
    1463000 -249.523968
    1464000 -247.252752
    1465000 -247.038873
    1466000 -250.300922
    1467000 -248.062635
    1468000 -251.071402
    1469000 -252.175166
    1470000 -247.009228
    1471000 -247.916543
    1472000 -246.793370
    1473000 -246.310047
    1474000 -246.375735
    1475000 -246.367795
    1476000 -246.475968
    1477000 -246.315191
    1478000 -251.065953
    1479000 -247.420557
    1480000 -247.113319
    1481000 -246.274909
    1482000 -247.118221
    1483000 -248.419471
    1484000 -246.705073
    1485000 -246.209038
    1486000 -246.224013
    1487000 -250.807388
    1488000 -248.486898
    1489000 -246.314361
    1490000 -247.505590
    1491000 -246.484962
    1492000 -246.790138
    1493000 -247.402046
    1494000 -246.245219
    1495000 -247.071895
    1496000 -249.440675
    1497000 -248.779845
    1498000 -246.614859
    1499000 -246.563121
    1500000 -250.924102
    1501000 -248.738064
    1502000 -248.867674
    1503000 -246.446760
    1504000 -247.944107
    1505000 -246.740401
    1506000 -246.974476
    1507000 -246.937112
    1508000 -246.183061
    1509000 -247.887948
    1510000 -251.947043
    1511000 -248.052044
    1512000 -246.919444
    1513000 -246.398075
    1514000 -249.040808
    1515000 -248.242452
    1516000 -246.875504
    1517000 -246.231625
    1518000 -246.938998
    1519000 -247.071701
    1520000 -247.795255
    1521000 -247.339874
    1522000 -246.726402
    1523000 -249.071085
    1524000 -247.048277
    1525000 -246.503333
    1526000 -257.387244
    1527000 -246.173588
    1528000 -246.699400
    1529000 -248.405706
    1530000 -253.596536
    1531000 -249.852554
    1532000 -246.247879
    1533000 -246.211319
    1534000 -246.406406
    1535000 -247.149615
    1536000 -247.846996
    1537000 -248.951254
    1538000 -247.087754
    1539000 -248.252802
    1540000 -246.532314
    1541000 -247.005687
    1542000 -246.324609
    1543000 -247.556379
    1544000 -246.471242
    1545000 -246.520481
    1546000 -248.223458
    1547000 -248.852854
    1548000 -248.776310
    1549000 -246.226708
    1550000 -246.398404
    1551000 -246.601779
    1552000 -248.171437
    1553000 -247.532158
    1554000 -248.270805
    1555000 -247.219927
    1556000 -251.052678
    1557000 -246.331439
    1558000 -246.664381
    1559000 -247.437050
    1560000 -246.516909
    1561000 -246.391289
    1562000 -248.172528
    1563000 -246.682039
    1564000 -248.179641
    1565000 -248.221175
    1566000 -248.430985
    1567000 -246.764905
    1568000 -246.892710
    1569000 -251.047686
    1570000 -246.390737
    1571000 -246.161926
    1572000 -246.936522
    1573000 -248.255780
    1574000 -246.745610
    1575000 -246.665895
    1576000 -248.169976
    1577000 -247.854660
    1578000 -246.366575
    1579000 -249.070169
    1580000 -247.568398
    1581000 -246.550710
    1582000 -246.974966
    1583000 -246.356279
    1584000 -246.348968
    1585000 -248.367897
    1586000 -246.714867
    1587000 -246.856946
    1588000 -249.879687
    1589000 -246.317483
    1590000 -248.776832
    1591000 -246.409194
    1592000 -251.208044
    1593000 -246.847683
    1594000 -247.208696
    1595000 -249.441212
    1596000 -246.745888
    1597000 -246.222898
    1598000 -247.142550
    1599000 -247.433702
    1600000 -248.328712
    1601000 -246.179812
    1602000 -247.037493
    1603000 -248.109698
    1604000 -248.341312
    1605000 -248.525216
    1606000 -246.925333
    1607000 -246.434255
    1608000 -246.325342
    1609000 -247.164608
    1610000 -246.452208
    1611000 -248.771801
    1612000 -248.588004
    1613000 -246.784891
    1614000 -246.602005
    1615000 -249.819755
    1616000 -250.228721
    1617000 -248.487992
    1618000 -246.721322
    1619000 -246.283885
    1620000 -246.172189
    1621000 -254.115050
    1622000 -246.350133
    1623000 -246.379767
    1624000 -246.371112
    1625000 -248.114262
    1626000 -246.337155
    1627000 -247.115710
    1628000 -246.183253
    1629000 -250.242536
    1630000 -250.422138
    1631000 -248.180537
    1632000 -246.246469
    1633000 -246.759061
    1634000 -246.281668
    1635000 -248.469014
    1636000 -246.998235
    1637000 -249.319753
    1638000 -248.194751
    1639000 -248.137123
    1640000 -246.188548
    1641000 -246.366259
    1642000 -246.374988
    1643000 -247.395501
    1644000 -247.168283
    1645000 -246.849795
    1646000 -246.211837
    1647000 -246.183911
    1648000 -246.897051
    1649000 -252.856873
    1650000 -246.290374
    1651000 -246.325127
    1652000 -247.686034
    1653000 -250.241667
    1654000 -246.524208
    1655000 -246.610379
    1656000 -247.269315
    1657000 -246.854616
    1658000 -246.393092
    1659000 -247.833397
    1660000 -247.156499
    1661000 -246.591251
    1662000 -248.551501
    1663000 -247.346496
    1664000 -246.715630
    1665000 -246.159288
    1666000 -248.374737
    1667000 -246.178369
    1668000 -248.237691
    1669000 -248.346864
    1670000 -248.876471
    1671000 -251.060491
    1672000 -248.986515
    1673000 -246.490852
    1674000 -248.304797
    1675000 -246.421027
    1676000 -247.830575
    1677000 -246.403220
    1678000 -248.252124
    1679000 -247.424899
    1680000 -246.909044
    1681000 -248.574805
    1682000 -246.204403
    1683000 -246.494119
    1684000 -246.466800
    1685000 -248.936287
    1686000 -247.610039
    1687000 -248.115913
    1688000 -246.605560
    1689000 -248.953267
    1690000 -250.346901
    1691000 -248.155176
    1692000 -248.515786
    1693000 -246.379784
    1694000 -246.936362
    1695000 -246.320545
    1696000 -249.590575
    1697000 -248.018975
    1698000 -251.102799
    1699000 -246.152777
    1700000 -246.551077
    1701000 -247.138627
    1702000 -250.954031
    1703000 -248.279755
    1704000 -247.236534
    1705000 -249.025714
    1706000 -246.622353
    1707000 -246.278657
    1708000 -246.680120
    1709000 -246.409713
    1710000 -249.743827
    1711000 -248.611017
    1712000 -246.354124
    1713000 -247.162890
    1714000 -246.680923
    1715000 -247.219749
    1716000 -247.743133
    1717000 -246.455471
    1718000 -246.718668
    1719000 -251.104155
    1720000 -246.247914
    1721000 -246.706965
    1722000 -246.669830
    1723000 -246.249640
    1724000 -246.210334
    1725000 -246.224387
    1726000 -248.363507
    1727000 -247.600770
    1728000 -246.573550
    1729000 -246.329468
    1730000 -246.435028
    1731000 -246.937665
    1732000 -247.318526
    1733000 -246.666141
    1734000 -249.375979
    1735000 -247.028131
    1736000 -246.550701
    1737000 -246.410032
    1738000 -246.635794
    1739000 -246.242552
    1740000 -248.552778
    1741000 -247.625351
    1742000 -246.471532
    1743000 -246.483596
    1744000 -246.452829
    1745000 -246.664951
    1746000 -246.808506
    1747000 -249.069707
    1748000 -246.956957
    1749000 -249.133204
    1750000 -250.568295
    1751000 -247.161134
    1752000 -246.714098
    1753000 -247.043369
    1754000 -248.311337
    1755000 -246.343461
    1756000 -246.171171
    1757000 -246.422171
    1758000 -246.831384
    1759000 -246.934680
    1760000 -246.416852
    1761000 -247.490359
    1762000 -248.313355
    1763000 -246.896390
    1764000 -246.811856
    1765000 -246.823060
    1766000 -246.153609
    1767000 -246.508861
    1768000 -248.283981
    1769000 -249.205117
    1770000 -250.734568
    1771000 -247.011166
    1772000 -248.821193
    1773000 -252.243383
    1774000 -251.092753
    1775000 -247.757895
    1776000 -246.203498
    1777000 -247.359700
    1778000 -248.284296
    1779000 -246.178977
    1780000 -247.863043
    1781000 -247.636451
    1782000 -246.195302
    1783000 -247.357081
    1784000 -247.217466
    1785000 -246.469879
    1786000 -246.282814
    1787000 -246.246020
    1788000 -246.788520
    1789000 -247.043956
    1790000 -248.430823
    1791000 -247.065694
    1792000 -246.620360
    1793000 -249.929174
    1794000 -246.636113
    1795000 -251.724882
    1796000 -247.135091
    1797000 -246.825687
    1798000 -246.239768
    1799000 -246.230510
    1800000 -246.292943
    1801000 -246.523300
    1802000 -246.972986
    1803000 -246.562864
    1804000 -250.660551
    1805000 -248.316527
    1806000 -246.310776
    1807000 -246.910089
    1808000 -246.257101
    1809000 -246.391160
    1810000 -246.242568
    1811000 -249.446870
    1812000 -246.181285
    1813000 -246.439956
    1814000 -246.316852
    1815000 -246.155338
    1816000 -246.696627
    1817000 -248.207491
    1818000 -246.380384
    1819000 -249.810814
    1820000 -246.598229
    1821000 -246.399433
    1822000 -247.440137
    1823000 -249.601927
    1824000 -246.152432
    1825000 -246.320742
    1826000 -247.444469
    1827000 -247.327426
    1828000 -246.540640
    1829000 -247.703586
    1830000 -247.655348
    1831000 -249.753574
    1832000 -246.756182
    1833000 -246.786943
    1834000 -246.841409
    1835000 -247.753943
    1836000 -246.233093
    1837000 -246.493687
    1838000 -246.160457
    1839000 -247.927710
    1840000 -246.560557
    1841000 -247.415778
    1842000 -246.318470
    1843000 -248.510216
    1844000 -246.426657
    1845000 -246.640491
    1846000 -246.376340
    1847000 -246.916972
    1848000 -246.527881
    1849000 -247.000665
    1850000 -246.238969
    1851000 -246.211297
    1852000 -250.990175
    1853000 -247.128805
    1854000 -246.765216
    1855000 -246.152890
    1856000 -246.513209
    1857000 -247.192279
    1858000 -247.054409
    1859000 -249.058020
    1860000 -246.982544
    1861000 -246.977030
    1862000 -246.436460
    1863000 -246.487944
    1864000 -246.194573
    1865000 -246.253430
    1866000 -248.375064
    1867000 -246.303830
    1868000 -246.165679
    1869000 -248.735448
    1870000 -246.867994
    1871000 -248.247558
    1872000 -247.295586
    1873000 -246.596240
    1874000 -247.548205
    1875000 -249.894170
    1876000 -246.375873
    1877000 -246.798846
    1878000 -247.462746
    1879000 -246.757126
    1880000 -246.386775
    1881000 -249.245006
    1882000 -249.455211
    1883000 -246.309685
    1884000 -248.450698
    1885000 -248.732480
    1886000 -246.204816
    1887000 -246.282962
    1888000 -246.417288
    1889000 -249.442630
    1890000 -246.735002
    1891000 -249.298417
    1892000 -246.207787
    1893000 -247.427376
    1894000 -247.560325
    1895000 -246.348870
    1896000 -249.942514
    1897000 -247.249645
    1898000 -246.364734
    1899000 -246.201046
    1900000 -246.589317
    1901000 -248.211736
    1902000 -248.102694
    1903000 -247.038153
    1904000 -247.047841
    1905000 -246.262042
    1906000 -249.045009
    1907000 -246.977789
    1908000 -246.341458
    1909000 -246.153793
    1910000 -246.320631
    1911000 -248.606069
    1912000 -246.221631
    1913000 -248.118914
    1914000 -246.265333
    1915000 -248.284758
    1916000 -246.888032
    1917000 -250.207340
    1918000 -246.739508
    1919000 -246.961265
    1920000 -252.382849
    1921000 -250.321950
    1922000 -246.755894
    1923000 -246.831894
    1924000 -246.413114
    1925000 -247.200176
    1926000 -247.417810
    1927000 -249.094968
    1928000 -247.070821
    1929000 -248.878777
    1930000 -247.133520
    1931000 -247.754288
    1932000 -251.533640
    1933000 -247.266648
    1934000 -246.583398
    1935000 -246.971920
    1936000 -246.335381
    1937000 -248.475390
    1938000 -246.687328
    1939000 -246.286565
    1940000 -246.666968
    1941000 -246.949649
    1942000 -250.413327
    1943000 -246.193622
    1944000 -248.864162
    1945000 -246.320657
    1946000 -246.448510
    1947000 -247.686234
    1948000 -247.506420
    1949000 -246.184297
    1950000 -247.935929
    1951000 -246.458461
    1952000 -248.394985
    1953000 -246.248731
    1954000 -246.625485
    1955000 -246.605037
    1956000 -249.046046
    1957000 -246.477202
    1958000 -246.548637
    1959000 -246.678099
    1960000 -247.216785
    1961000 -248.352640
    1962000 -251.629512
    1963000 -246.766916
    1964000 -246.378927
    1965000 -247.457255
    1966000 -246.779276
    1967000 -247.682007
    1968000 -247.785809
    1969000 -246.175600
    1970000 -246.765970
    1971000 -246.236150
    1972000 -250.512847
    1973000 -246.179236
    1974000 -247.306693
    1975000 -246.485855
    1976000 -246.805462
    1977000 -246.304808
    1978000 -248.404917
    1979000 -248.074377
    1980000 -247.628525
    1981000 -246.736503
    1982000 -247.178685
    1983000 -246.320404
    1984000 -247.699230
    1985000 -246.522588
    1986000 -247.388185
    1987000 -246.585895
    1988000 -246.721983
    1989000 -246.204386
    1990000 -246.781525
    1991000 -246.166185
    1992000 -248.066158
    1993000 -246.699614
    1994000 -246.902331
    1995000 -249.094714
    1996000 -246.560788
    1997000 -246.323400
    1998000 -247.796248
    1999000 -246.474528
    2000000 -246.702968
