       1000 -229.047439
       2000 -227.909875
       3000 -227.449311
       4000 -226.994941
       5000 -229.625745
       6000 -227.492203
       7000 -233.625175
       8000 -228.921714
       9000 -229.691971
      10000 -226.793600
      11000 -228.986379
      12000 -228.808761
      13000 -230.401907
      14000 -227.769730
      15000 -226.922890
      16000 -227.803940
      17000 -228.191970
      18000 -226.930281
      19000 -229.127818
      20000 -227.942237
      21000 -227.001265
      22000 -228.002601
      23000 -229.783501
      24000 -228.577732
      25000 -229.672922
      26000 -226.812140
      27000 -227.280156
      28000 -227.805336
      29000 -227.702094
      30000 -226.849548
      31000 -227.219942
      32000 -228.014228
      33000 -226.811965
      34000 -227.524266
      35000 -228.868552
      36000 -227.361366
      37000 -228.255203
      38000 -226.758628
      39000 -230.066933
      40000 -227.103671
      41000 -226.762757
      42000 -227.005192
      43000 -227.457404
      44000 -228.449931
      45000 -227.297524
      46000 -229.531886
      47000 -229.623017
      48000 -226.785355
      49000 -228.372125
      50000 -229.347440
      51000 -226.854808
      52000 -227.966093
      53000 -227.472573
      54000 -229.318990
      55000 -228.183197
      56000 -227.394171
      57000 -230.837765
      58000 -229.369466
      59000 -227.511074
      60000 -228.265949
      61000 -226.718045
      62000 -229.055641
      63000 -226.807071
      64000 -226.935262
      65000 -232.961501
      66000 -226.982872
      67000 -227.812990
      68000 -227.146574
      69000 -227.961741
      70000 -227.260727
      71000 -228.408546
      72000 -228.631018
      73000 -228.033980
      74000 -226.711024
      75000 -226.806027
      76000 -226.995791
      77000 -228.127355
      78000 -227.621696
      79000 -228.419502
      80000 -227.181038
      81000 -228.328211
      82000 -228.648282
      83000 -226.733840
      84000 -227.438087
      85000 -230.766182
      86000 -226.957068
      87000 -226.990049
      88000 -229.035501
      89000 -227.345927
      90000 -228.389407
      91000 -228.471492
      92000 -227.251018
      93000 -228.140646
      94000 -227.399746
      95000 -226.736381
      96000 -228.246578
      97000 -227.949550
      98000 -227.499730
      99000 -227.744590
     100000 -228.058474
     101000 -227.872088
     102000 -227.079693
     103000 -227.932346
     104000 -227.811860
     105000 -227.034389
     106000 -231.375495
     107000 -229.787550
     108000 -227.110260
     109000 -227.946204
     110000 -226.763100
     111000 -227.117202
     112000 -227.132056
     113000 -228.978412
     114000 -228.423374
     115000 -230.126996
     116000 -228.154796
     117000 -226.913716
     118000 -228.129920
     119000 -227.468850
     120000 -229.320639
     121000 -227.160990
     122000 -229.754026
     123000 -226.689821
     124000 -227.206899
     125000 -226.714594
     126000 -228.011054
     127000 -230.040855
     128000 -226.772616
     129000 -227.427606
     130000 -229.110536
     131000 -227.642765
     132000 -231.999689
     133000 -226.705591
     134000 -229.459768
     135000 -226.709567
     136000 -227.162752
     137000 -226.774090
     138000 -228.750224
     139000 -228.078430
     140000 -227.086734
     141000 -228.401606
     142000 -227.982162
     143000 -226.862747
     144000 -227.692677
     145000 -227.023728
     146000 -228.851053
     147000 -228.644426
     148000 -227.594998
     149000 -228.130137
     150000 -227.402413
     151000 -228.576311
     152000 -227.418022
     153000 -229.320416
     154000 -227.157243
     155000 -226.920942
     156000 -227.108772
     157000 -228.065916
     158000 -226.878385
     159000 -226.913961
     160000 -228.104962
     161000 -229.411394
     162000 -227.380019
     163000 -226.836454
     164000 -228.608838
     165000 -227.998651
     166000 -226.719632
     167000 -227.946569
     168000 -226.967776
     169000 -228.636758
     170000 -227.945354
     171000 -228.411111
     172000 -228.245570
     173000 -228.039674
     174000 -228.732010
     175000 -227.109481
     176000 -231.690608
     177000 -227.356660
     178000 -229.318601
     179000 -227.820937
     180000 -227.941245
     181000 -227.693793
     182000 -226.846899
     183000 -228.295773
     184000 -226.773320
     185000 -226.708568
     186000 -228.052834
     187000 -227.149960
     188000 -228.223317
     189000 -228.207724
     190000 -226.849350
     191000 -228.026429
     192000 -226.848023
     193000 -227.015133
     194000 -228.173623
     195000 -229.018677
     196000 -227.136387
     197000 -232.228406
     198000 -227.890305
     199000 -227.083206
     200000 -227.703969
     201000 -228.479621
     202000 -227.594632
     203000 -228.753173
     204000 -227.063764
     205000 -226.911416
     206000 -226.846238
     207000 -226.768838
     208000 -227.614724
     209000 -231.510497
     210000 -228.005701
     211000 -231.085623
     212000 -227.526307
     213000 -227.764923
     214000 -228.707831
     215000 -227.136346
     216000 -227.433630
     217000 -226.998845
     218000 -231.005444
     219000 -228.587901
     220000 -227.438190
     221000 -226.691198
     222000 -228.302647
     223000 -228.875420
     224000 -228.033208
     225000 -227.640646
     226000 -227.708388
     227000 -227.144138
     228000 -228.543154
     229000 -227.134470
     230000 -228.564299
     231000 -227.412575
     232000 -229.191305
     233000 -226.803240
     234000 -228.583133
     235000 -227.198257
     236000 -227.910263
     237000 -227.906345
     238000 -226.681287
     239000 -227.108329
     240000 -226.869315
     241000 -233.022748
     242000 -230.863200
     243000 -234.073416
     244000 -226.785950
     245000 -227.980499
     246000 -229.061865
     247000 -227.035404
     248000 -228.002432
     249000 -228.002724
     250000 -227.586331
     251000 -227.123510
     252000 -227.098874
     253000 -227.445697
     254000 -226.850605
     255000 -227.358703
     256000 -228.013112
     257000 -226.859149
     258000 -228.014896
     259000 -228.746142
     260000 -227.430144
     261000 -228.525954
     262000 -230.328575
     263000 -227.290592
     264000 -228.999023
     265000 -228.230955
     266000 -227.591454
     267000 -229.928065
     268000 -227.907865
     269000 -227.061466
     270000 -226.828784
     271000 -227.582063
     272000 -226.907071
     273000 -227.003069
     274000 -227.158373
     275000 -228.426571
     276000 -227.912094
     277000 -227.513255
     278000 -227.460538
     279000 -227.240259
     280000 -227.202431
     281000 -228.386242
     282000 -227.294523
     283000 -233.196971
     284000 -228.522243
     285000 -228.133507
     286000 -228.339990
     287000 -228.058809
     288000 -227.263734
     289000 -227.075879
     290000 -229.419078
     291000 -227.985770
     292000 -228.002498
     293000 -229.249551
     294000 -227.957468
     295000 -226.765757
     296000 -226.827060
     297000 -227.254801
     298000 -226.795677
     299000 -226.792512
     300000 -226.751558
     301000 -229.168142
     302000 -228.268041
     303000 -226.980089
     304000 -227.276071
     305000 -228.712000
     306000 -227.818262
     307000 -227.895006
     308000 -226.732280
     309000 -227.871978
     310000 -229.293452
     311000 -226.869721
     312000 -227.590879
     313000 -226.675765
     314000 -227.945994
     315000 -228.269415
     316000 -226.708814
     317000 -228.269421
     318000 -227.775046
     319000 -227.066296
     320000 -228.536064
     321000 -228.301795
     322000 -230.362310
     323000 -227.118408
     324000 -227.955358
     325000 -226.803563
     326000 -226.677036
     327000 -228.818638
     328000 -227.420744
     329000 -227.275518
     330000 -227.091569
     331000 -227.357613
     332000 -228.324946
     333000 -231.358886
     334000 -227.802230
     335000 -228.741248
     336000 -227.322274
     337000 -227.067349
     338000 -226.678969
     339000 -227.100108
     340000 -226.686588
     341000 -227.239287
     342000 -227.287102
     343000 -228.041997
     344000 -226.897939
     345000 -230.069892
     346000 -228.614677
     347000 -228.751440
     348000 -228.173189
     349000 -226.925506
     350000 -228.165341
     351000 -228.851670
     352000 -228.032042
     353000 -228.692675
     354000 -227.045513
     355000 -228.755512
     356000 -228.426081
     357000 -228.825798
     358000 -228.646480
     359000 -227.029957
     360000 -228.057711
     361000 -227.023371
     362000 -227.275676
     363000 -226.840457
     364000 -227.087437
     365000 -227.464243
     366000 -227.513751
     367000 -229.612711
     368000 -228.060132
     369000 -229.319775
     370000 -231.332507
     371000 -227.077618
     372000 -226.774696
     373000 -227.728443
     374000 -226.796992
     375000 -226.765241
     376000 -227.484406
     377000 -227.760494
     378000 -228.691282
     379000 -226.814663
     380000 -227.972878
     381000 -226.821092
     382000 -228.461723
     383000 -228.217837
     384000 -229.735111
     385000 -228.137818
     386000 -227.107696
     387000 -226.811947
     388000 -226.684788
     389000 -227.130093
     390000 -227.797011
     391000 -227.631488
     392000 -227.530559
     393000 -227.008694
     394000 -228.255921
     395000 -226.713542
     396000 -227.246561
     397000 -226.904835
     398000 -227.478549
     399000 -227.132059
     400000 -226.987474
     401000 -228.061013
     402000 -229.802094
     403000 -226.748505
     404000 -227.212648
     405000 -227.351150
     406000 -227.058017
     407000 -228.372523
     408000 -229.065172
     409000 -226.990730
     410000 -227.148894
     411000 -226.958343
     412000 -231.633664
     413000 -226.720402
     414000 -231.601520
     415000 -229.182646
     416000 -226.873130
     417000 -227.642391
     418000 -227.421800
     419000 -229.946672
     420000 -227.004181
     421000 -228.908305
     422000 -227.539820
     423000 -228.110649
     424000 -228.226641
     425000 -233.957462
     426000 -227.173752
     427000 -226.761195
     428000 -228.319126
     429000 -227.996692
     430000 -228.111860
     431000 -227.950806
     432000 -228.348065
     433000 -226.721582
     434000 -227.050118
     435000 -227.575347
     436000 -226.812955
     437000 -229.967585
     438000 -229.351299
     439000 -228.436956
     440000 -228.008371
     441000 -227.453375
     442000 -229.368879
     443000 -227.613199
     444000 -228.334709
     445000 -230.269017
     446000 -226.779507
     447000 -226.760104
     448000 -227.092091
     449000 -228.602596
     450000 -227.441866
     451000 -226.934435
     452000 -227.428520
     453000 -227.054107
     454000 -228.890474
     455000 -230.747850
     456000 -227.132682
     457000 -233.286227
     458000 -227.159223
     459000 -227.137815
     460000 -226.679816
     461000 -226.807058
     462000 -226.708541
     463000 -227.086098
     464000 -228.132162
     465000 -227.837829
     466000 -226.745929
     467000 -229.460234
     468000 -228.751991
     469000 -228.507150
     470000 -226.871863
     471000 -227.532354
     472000 -229.012060
     473000 -227.341351
     474000 -228.248018
     475000 -226.682680
     476000 -227.461141
     477000 -229.221123
     478000 -226.736998
     479000 -228.222308
     480000 -227.594629
     481000 -226.817876
     482000 -226.703359
     483000 -226.881570
     484000 -228.109183
     485000 -227.722673
     486000 -227.174588
     487000 -228.339747
     488000 -227.683536
     489000 -227.497151
     490000 -228.497358
     491000 -228.352641
     492000 -226.784481
     493000 -227.320445
     494000 -228.152270
     495000 -226.697983
     496000 -226.686811
     497000 -227.572046
     498000 -226.707758
     499000 -227.554307
     500000 -227.022683
     501000 -228.683030
     502000 -227.079687
     503000 -228.350853
     504000 -226.896273
     505000 -229.404428
     506000 -228.061480
     507000 -226.748699
     508000 -227.991210
     509000 -227.864506
     510000 -227.531839
     511000 -227.700511
     512000 -229.312479
     513000 -227.062466
     514000 -229.432235
     515000 -227.829701
     516000 -230.421288
     517000 -227.729054
     518000 -227.291690
     519000 -226.722764
     520000 -227.393926
     521000 -227.312069
     522000 -228.182919
     523000 -229.492371
     524000 -227.921756
     525000 -229.933838
     526000 -227.411413
     527000 -226.765970
     528000 -227.136089
     529000 -226.912591
     530000 -227.490009
     531000 -228.739049
     532000 -233.092626
     533000 -227.208268
     534000 -227.850711
     535000 -229.305909
     536000 -229.635528
     537000 -228.388184
     538000 -230.455731
     539000 -227.922547
     540000 -227.051728
     541000 -229.176639
     542000 -227.639137
     543000 -226.780472
     544000 -227.219803
     545000 -227.119775
     546000 -228.370925
     547000 -227.474759
     548000 -227.058889
     549000 -228.283364
     550000 -228.064011
     551000 -229.763113
     552000 -228.099832
     553000 -227.114604
     554000 -227.670847
     555000 -228.098559
     556000 -226.995323
     557000 -230.353031
     558000 -227.985222
     559000 -228.281110
     560000 -227.176719
     561000 -228.625002
     562000 -227.151579
     563000 -226.766313
     564000 -229.805595
     565000 -227.147475
     566000 -226.944584
     567000 -229.283662
     568000 -227.697144
     569000 -228.604254
     570000 -227.978688
     571000 -227.135223
     572000 -226.828129
     573000 -232.763614
     574000 -227.058761
     575000 -226.766351
     576000 -228.543091
     577000 -227.062395
     578000 -229.735922
     579000 -227.051202
     580000 -229.044197
     581000 -227.862810
     582000 -228.089797
     583000 -228.249168
     584000 -226.686505
     585000 -227.097642
     586000 -228.598891
     587000 -227.579027
     588000 -229.012877
     589000 -230.947804
     590000 -228.540134
     591000 -227.098068
     592000 -226.750958
     593000 -227.087523
     594000 -227.913498
     595000 -228.119901
     596000 -227.503146
     597000 -228.080816
     598000 -228.412211
     599000 -227.843705
     600000 -227.215662
     601000 -228.850457
     602000 -227.871384
     603000 -231.663699
     604000 -229.625457
     605000 -226.962804
     606000 -227.285887
     607000 -227.781827
     608000 -227.423324
     609000 -227.392597
     610000 -228.970111
     611000 -226.948853
     612000 -227.774300
     613000 -226.815264
     614000 -226.730082
     615000 -227.659743
     616000 -229.055747
     617000 -229.566904
     618000 -228.617033
     619000 -228.224781
     620000 -227.715933
     621000 -226.947571
     622000 -226.867471
     623000 -227.614283
     624000 -230.737602
     625000 -226.824002
     626000 -228.133129
     627000 -227.047520
     628000 -227.876175
     629000 -227.493399
     630000 -226.741349
     631000 -231.404236
     632000 -230.226101
     633000 -227.374347
     634000 -229.138179
     635000 -227.326811
     636000 -227.807994
     637000 -229.296418
     638000 -227.648271
     639000 -227.556249
     640000 -227.300882
     641000 -226.711800
     642000 -227.340492
     643000 -227.043136
     644000 -227.029890
     645000 -227.002456
     646000 -226.798854
     647000 -229.481834
     648000 -226.679637
     649000 -228.373743
     650000 -227.969212
     651000 -227.270197
     652000 -229.239062
     653000 -227.837626
     654000 -227.046725
     655000 -228.005704
     656000 -227.992197
     657000 -226.795782
     658000 -226.674320
     659000 -227.404154
     660000 -226.784185
     661000 -227.000239
     662000 -233.845492
     663000 -226.914709
     664000 -226.899767
     665000 -226.681928
     666000 -226.751242
     667000 -227.554668
     668000 -228.637199
     669000 -227.460283
     670000 -227.477434
     671000 -227.066017
     672000 -228.481906
     673000 -228.748503
     674000 -227.503423
     675000 -227.222540
     676000 -226.815723
     677000 -227.177448
     678000 -226.703543
     679000 -227.016580
     680000 -229.135211
     681000 -228.718103
     682000 -227.056358
     683000 -228.818032
     684000 -232.422543
     685000 -227.525172
     686000 -228.548995
     687000 -226.865491
     688000 -227.207729
     689000 -227.233425
     690000 -226.793248
     691000 -227.521720
     692000 -227.223114
     693000 -226.842226
     694000 -231.622762
     695000 -226.696859
     696000 -226.965307
     697000 -229.072911
     698000 -227.878613
     699000 -227.620595
     700000 -228.826761
     701000 -227.327991
     702000 -228.613740
     703000 -227.637649
     704000 -228.175225
     705000 -229.131849
     706000 -226.811560
     707000 -228.948870
     708000 -227.336102
     709000 -227.590843
     710000 -228.359432
     711000 -227.991814
     712000 -227.917255
     713000 -227.740975
     714000 -226.814568
     715000 -227.063000
     716000 -227.986851
     717000 -226.973124
     718000 -226.878566
     719000 -227.419120
     720000 -226.909097
     721000 -228.079229
     722000 -229.341876
     723000 -228.220654
     724000 -227.281076
     725000 -226.994667
     726000 -228.115112
     727000 -228.532069
     728000 -227.371993
     729000 -228.547773
     730000 -233.843202
     731000 -227.750011
     732000 -228.090662
     733000 -227.285523
     734000 -229.090518
     735000 -232.343106
     736000 -227.408743
     737000 -228.246144
     738000 -229.989726
     739000 -227.486795
     740000 -226.958171
     741000 -229.420772
     742000 -226.719043
     743000 -226.735560
     744000 -226.883943
     745000 -227.763171
     746000 -228.593331
     747000 -228.595836
     748000 -227.981226
     749000 -227.317988
     750000 -228.093970
     751000 -230.374383
     752000 -231.417225
     753000 -227.537851
     754000 -229.039635
     755000 -229.095336
     756000 -226.853032
     757000 -231.236895
     758000 -233.414954
     759000 -228.110448
     760000 -228.395447
     761000 -227.389454
     762000 -226.800292
     763000 -226.703592
     764000 -227.692573
     765000 -227.589540
     766000 -228.165453
     767000 -226.938739
     768000 -227.459575
     769000 -226.784778
     770000 -227.834143
     771000 -229.323709
     772000 -227.266637
     773000 -227.220942
     774000 -226.735695
     775000 -228.877367
     776000 -228.805772
     777000 -227.867741
     778000 -226.705630
     779000 -227.835035
     780000 -228.015292
     781000 -227.929971
     782000 -226.926374
     783000 -228.885247
     784000 -228.039538
     785000 -229.524299
     786000 -227.755506
     787000 -227.197166
     788000 -226.746660
     789000 -227.243862
     790000 -226.701771
     791000 -226.836441
     792000 -229.054283
     793000 -227.182541
     794000 -227.315283
     795000 -227.260994
     796000 -227.720216
     797000 -226.834556
     798000 -227.949639
     799000 -228.324315
     800000 -227.194911
     801000 -226.954417
     802000 -228.909784
     803000 -226.795105
     804000 -226.848441
     805000 -232.105978
     806000 -227.909111
     807000 -228.561992
     808000 -228.868743
     809000 -228.903843
     810000 -226.680468
     811000 -228.252725
     812000 -227.205217
     813000 -227.166418
     814000 -228.603128
     815000 -227.125069
     816000 -227.491453
     817000 -228.525238
     818000 -229.597473
     819000 -228.840227
     820000 -226.705441
     821000 -227.041623
     822000 -227.063421
     823000 -228.481462
     824000 -226.740400
     825000 -227.085787
     826000 -230.968395
     827000 -226.822936
     828000 -227.596126
     829000 -227.406824
     830000 -229.497935
     831000 -226.890480
     832000 -226.984166
     833000 -226.866084
     834000 -227.571645
     835000 -227.054364
     836000 -227.110132
     837000 -228.457705
     838000 -229.184506
     839000 -227.917833
     840000 -228.422063
     841000 -228.134610
     842000 -229.231139
     843000 -230.084532
     844000 -229.962939
     845000 -227.280189
     846000 -230.349415
     847000 -228.669347
     848000 -228.438008
     849000 -229.195502
     850000 -226.916832
     851000 -229.188456
     852000 -228.021781
     853000 -226.690118
     854000 -227.892894
     855000 -226.722140
     856000 -228.123010
     857000 -227.085412
     858000 -229.240215
     859000 -226.770965
     860000 -228.162426
     861000 -226.946887
     862000 -226.802944
     863000 -230.779883
     864000 -228.437940
     865000 -226.990738
     866000 -227.627833
     867000 -227.221032
     868000 -226.842477
     869000 -226.999547
     870000 -227.421343
     871000 -229.289675
     872000 -228.445717
     873000 -229.304392
     874000 -226.821589
     875000 -228.696705
     876000 -228.142179
     877000 -228.206589
     878000 -226.740332
     879000 -228.521775
     880000 -227.190409
     881000 -227.381189
     882000 -227.245001
     883000 -228.183735
     884000 -227.452986
     885000 -227.288217
     886000 -226.935659
     887000 -228.714017
     888000 -227.174498
     889000 -226.833337
     890000 -228.598332
     891000 -228.251923
     892000 -229.520812
     893000 -227.115842
     894000 -228.892342
     895000 -227.141601
     896000 -228.092508
     897000 -227.074932
     898000 -228.062468
     899000 -227.395714
     900000 -227.121843
     901000 -227.542126
     902000 -228.680197
     903000 -227.982094
     904000 -227.437002
     905000 -226.854545
     906000 -228.920020
     907000 -227.088825
     908000 -231.097047
     909000 -227.009646
     910000 -227.415924
     911000 -227.118541
     912000 -234.691361
     913000 -226.731893
     914000 -227.531326
     915000 -228.203064
     916000 -228.696502
     917000 -231.286410
     918000 -226.976713
     919000 -227.356787
     920000 -226.884525
     921000 -228.554959
     922000 -227.929611
     923000 -226.731035
     924000 -227.271810
     925000 -227.999128
     926000 -227.020021
     927000 -228.641806
     928000 -228.553988
     929000 -229.579076
     930000 -227.628742
     931000 -226.956350
     932000 -226.816671
     933000 -227.049912
     934000 -227.455712
     935000 -227.415524
     936000 -228.576857
     937000 -228.953190
     938000 -226.930631
     939000 -227.157380
     940000 -227.380297
     941000 -228.169876
     942000 -227.336231
     943000 -228.080786
     944000 -227.586933
     945000 -227.678457
     946000 -227.210687
     947000 -227.266037
     948000 -228.380283
     949000 -228.710770
     950000 -226.695534
     951000 -227.925291
     952000 -227.033316
     953000 -227.409392
     954000 -227.318227
     955000 -226.767730
     956000 -227.874269
     957000 -227.441235
     958000 -226.688938
     959000 -227.195621
     960000 -227.090397
     961000 -226.911674
     962000 -227.801718
     963000 -226.928040
     964000 -226.869923
     965000 -226.866540
     966000 -227.370684
     967000 -227.015234
     968000 -228.317476
     969000 -229.529919
     970000 -227.165739
     971000 -226.701364
     972000 -229.405531
     973000 -228.202796
     974000 -226.871841
     975000 -229.068592
     976000 -226.748773
     977000 -228.402603
     978000 -227.035993
     979000 -228.078685
     980000 -227.047428
     981000 -226.965151
     982000 -227.394064
     983000 -228.567613
     984000 -228.878724
     985000 -227.961014
     986000 -226.709257
     987000 -229.240622
     988000 -228.030680
     989000 -226.734045
     990000 -226.890928
     991000 -228.721100
     992000 -227.117021
     993000 -227.355501
     994000 -226.938395
     995000 -227.921761
     996000 -226.988100
     997000 -226.718816
     998000 -229.805845
     999000 -226.924837
    1000000 -226.936277
