    genPlus1     spaQ
        1000  0.357832
        2000  0.331314
        3000  0.370697
        4000  0.302304
        5000  0.344579
        6000  0.463009
        7000  0.322940
        8000  0.347505
        9000  0.318818
       10000  0.385715
       11000  0.358949
       12000  0.327540
       13000  0.451017
       14000  0.362443
       15000  0.302408
       16000  0.362309
       17000  0.334742
       18000  0.310018
       19000  0.353767
       20000  0.332064
       21000  0.363916
       22000  0.383407
       23000  0.346719
       24000  0.363156
       25000  0.431181
       26000  0.370782
       27000  0.365470
       28000  0.412228
       29000  0.338622
       30000  0.355914
       31000  0.370355
       32000  0.336286
       33000  0.364307
       34000  0.347333
       35000  0.275528
       36000  0.315584
       37000  0.360188
       38000  0.317156
       39000  0.335314
       40000  0.374699
       41000  0.296222
       42000  0.366867
       43000  0.351187
       44000  0.340972
       45000  0.375795
       46000  0.345660
       47000  0.321869
       48000  0.384638
       49000  0.408460
       50000  0.446511
       51000  0.351262
       52000  0.398029
       53000  0.402040
       54000  0.384669
       55000  0.345394
       56000  0.284194
       57000  0.352518
       58000  0.362596
       59000  0.368944
       60000  0.402546
       61000  0.295373
       62000  0.390101
       63000  0.311647
       64000  0.347634
       65000  0.379385
       66000  0.391913
       67000  0.387376
       68000  0.379791
       69000  0.343456
       70000  0.376111
       71000  0.381549
       72000  0.415673
       73000  0.357482
       74000  0.371234
       75000  0.360390
       76000  0.414695
       77000  0.389223
       78000  0.346991
       79000  0.411475
       80000  0.339063
       81000  0.446721
       82000  0.353328
       83000  0.376963
       84000  0.375880
       85000  0.349876
       86000  0.377005
       87000  0.295965
       88000  0.412645
       89000  0.470433
       90000  0.386102
       91000  0.276895
       92000  0.410379
       93000  0.365059
       94000  0.370725
       95000  0.337066
       96000  0.369082
       97000  0.362301
       98000  0.382651
       99000  0.360444
      100000  0.375947
      101000  0.379685
      102000  0.422518
      103000  0.289194
      104000  0.417153
      105000  0.270631
      106000  0.431177
      107000  0.371493
      108000  0.399265
      109000  0.338336
      110000  0.409320
      111000  0.395930
      112000  0.382038
      113000  0.372582
      114000  0.324534
      115000  0.368225
      116000  0.377289
      117000  0.373676
      118000  0.334284
      119000  0.434295
      120000  0.352068
      121000  0.349473
      122000  0.374455
      123000  0.359389
      124000  0.395555
      125000  0.300324
      126000  0.306936
      127000  0.388109
      128000  0.394720
      129000  0.336743
      130000  0.376424
      131000  0.398223
      132000  0.353510
      133000  0.427064
      134000  0.356125
      135000  0.339606
      136000  0.324906
      137000  0.271786
      138000  0.360738
      139000  0.321861
      140000  0.390509
      141000  0.327836
      142000  0.364521
      143000  0.330216
      144000  0.465232
      145000  0.378792
      146000  0.300123
      147000  0.366255
      148000  0.393034
      149000  0.293085
      150000  0.419693
      151000  0.280243
      152000  0.412547
      153000  0.377360
      154000  0.452412
      155000  0.367959
      156000  0.372821
      157000  0.383037
      158000  0.308278
      159000  0.349363
      160000  0.376133
      161000  0.404764
      162000  0.362035
      163000  0.370811
      164000  0.388381
      165000  0.345032
      166000  0.338493
      167000  0.333908
      168000  0.361044
      169000  0.280806
      170000  0.338275
      171000  0.250714
      172000  0.352448
      173000  0.341408
      174000  0.317049
      175000  0.336500
      176000  0.415551
      177000  0.389792
      178000  0.369528
      179000  0.302855
      180000  0.353001
      181000  0.399733
      182000  0.333821
      183000  0.331135
      184000  0.327232
      185000  0.339782
      186000  0.411052
      187000  0.314313
      188000  0.401432
      189000  0.366201
      190000  0.337209
      191000  0.371563
      192000  0.425787
      193000  0.240904
      194000  0.430639
      195000  0.428148
      196000  0.478840
      197000  0.376854
      198000  0.413050
      199000  0.333186
      200000  0.379835
      201000  0.345901
      202000  0.374537
      203000  0.357396
      204000  0.338022
      205000  0.338048
      206000  0.394153
      207000  0.338561
      208000  0.384730
      209000  0.359143
      210000  0.405881
      211000  0.315082
      212000  0.423864
      213000  0.413953
      214000  0.324351
      215000  0.284610
      216000  0.368017
      217000  0.364908
      218000  0.327807
      219000  0.328819
      220000  0.342997
      221000  0.418478
      222000  0.392962
      223000  0.374258
      224000  0.416740
      225000  0.353583
      226000  0.336004
      227000  0.341678
      228000  0.348828
      229000  0.360065
      230000  0.465413
      231000  0.332972
      232000  0.352988
      233000  0.365051
      234000  0.351910
      235000  0.386181
      236000  0.344879
      237000  0.394225
      238000  0.381225
      239000  0.346660
      240000  0.280049
      241000  0.367937
      242000  0.412214
      243000  0.285260
      244000  0.405096
      245000  0.388600
      246000  0.388001
      247000  0.409430
      248000  0.378816
      249000  0.382110
      250000  0.390683
      251000  0.345178
      252000  0.345677
      253000  0.333373
      254000  0.349037
      255000  0.369013
      256000  0.384478
      257000  0.346426
      258000  0.346524
      259000  0.372052
      260000  0.355928
      261000  0.379660
      262000  0.362871
      263000  0.425977
      264000  0.363498
      265000  0.414577
      266000  0.403787
      267000  0.342161
      268000  0.404584
      269000  0.369335
      270000  0.354857
      271000  0.395899
      272000  0.353928
      273000  0.375425
      274000  0.420178
      275000  0.390847
      276000  0.446706
      277000  0.303080
      278000  0.348848
      279000  0.393366
      280000  0.323203
      281000  0.410559
      282000  0.353323
      283000  0.351157
      284000  0.363891
      285000  0.346584
      286000  0.367260
      287000  0.246692
      288000  0.353999
      289000  0.397293
      290000  0.389283
      291000  0.299899
      292000  0.324944
      293000  0.316657
      294000  0.308711
      295000  0.332846
      296000  0.333663
      297000  0.263872
      298000  0.351291
      299000  0.343017
      300000  0.270894
      301000  0.371271
      302000  0.333744
      303000  0.318391
      304000  0.345701
      305000  0.329718
      306000  0.419245
      307000  0.343918
      308000  0.372519
      309000  0.287799
      310000  0.345224
      311000  0.436662
      312000  0.339513
      313000  0.419536
      314000  0.358597
      315000  0.432793
      316000  0.364497
      317000  0.375895
      318000  0.339428
      319000  0.383164
      320000  0.420157
      321000  0.354827
      322000  0.391013
      323000  0.420449
      324000  0.367483
      325000  0.391694
      326000  0.379718
      327000  0.365676
      328000  0.334809
      329000  0.275814
      330000  0.389329
      331000  0.391964
      332000  0.408342
      333000  0.236605
      334000  0.332855
      335000  0.418324
      336000  0.278708
      337000  0.326881
      338000  0.323999
      339000  0.425283
      340000  0.354255
      341000  0.363034
      342000  0.343211
      343000  0.357513
      344000  0.378976
      345000  0.342401
      346000  0.304603
      347000  0.364138
      348000  0.362814
      349000  0.316155
      350000  0.375850
      351000  0.463441
      352000  0.399964
      353000  0.280908
      354000  0.359466
      355000  0.354424
      356000  0.378183
      357000  0.356205
      358000  0.334908
      359000  0.420663
      360000  0.367030
      361000  0.372216
      362000  0.370998
      363000  0.356044
      364000  0.351874
      365000  0.277791
      366000  0.354898
      367000  0.386587
      368000  0.401324
      369000  0.413186
      370000  0.225643
      371000  0.405372
      372000  0.403974
      373000  0.383295
      374000  0.364882
      375000  0.343835
      376000  0.328055
      377000  0.395944
      378000  0.332471
      379000  0.385135
      380000  0.386431
      381000  0.373142
      382000  0.333790
      383000  0.357150
      384000  0.417231
      385000  0.428108
      386000  0.381222
      387000  0.329550
      388000  0.418603
      389000  0.390239
      390000  0.387856
      391000  0.357307
      392000  0.356531
      393000  0.350277
      394000  0.345175
      395000  0.361317
      396000  0.344611
      397000  0.410019
      398000  0.367017
      399000  0.402991
      400000  0.384076
      401000  0.304605
      402000  0.352586
      403000  0.414216
      404000  0.317237
      405000  0.353561
      406000  0.391970
      407000  0.389435
      408000  0.377187
      409000  0.415231
      410000  0.392237
      411000  0.299346
      412000  0.371617
      413000  0.387856
      414000  0.370508
      415000  0.335458
      416000  0.377786
      417000  0.386019
      418000  0.401904
      419000  0.334366
      420000  0.364441
      421000  0.370884
      422000  0.428298
      423000  0.451442
      424000  0.317457
      425000  0.408008
      426000  0.439722
      427000  0.329814
      428000  0.358712
      429000  0.431658
      430000  0.363677
      431000  0.372428
      432000  0.299350
      433000  0.348669
      434000  0.342630
      435000  0.306478
      436000  0.308221
      437000  0.404344
      438000  0.336705
      439000  0.382079
      440000  0.368893
      441000  0.422552
      442000  0.307738
      443000  0.413249
      444000  0.350205
      445000  0.364600
      446000  0.338492
      447000  0.385978
      448000  0.338307
      449000  0.369861
      450000  0.347019
      451000  0.378009
      452000  0.322691
      453000  0.347164
      454000  0.370301
      455000  0.370873
      456000  0.419002
      457000  0.289883
      458000  0.340720
      459000  0.307417
      460000  0.274764
      461000  0.370950
      462000  0.382638
      463000  0.377024
      464000  0.395481
      465000  0.398628
      466000  0.384354
      467000  0.345495
      468000  0.415617
      469000  0.363279
      470000  0.338720
      471000  0.305774
      472000  0.360558
      473000  0.479615
      474000  0.395244
      475000  0.434143
      476000  0.384447
      477000  0.345350
      478000  0.385372
      479000  0.349033
      480000  0.423261
      481000  0.357798
      482000  0.397121
      483000  0.387417
      484000  0.382063
      485000  0.268421
      486000  0.319971
      487000  0.339788
      488000  0.299947
      489000  0.374582
      490000  0.308308
      491000  0.369861
      492000  0.344823
      493000  0.414430
      494000  0.367715
      495000  0.340790
      496000  0.338421
      497000  0.356222
      498000  0.414202
      499000  0.450403
      500000  0.301460
      501000  0.404229
      502000  0.316767
      503000  0.318082
      504000  0.329837
      505000  0.361087
      506000  0.391805
      507000  0.384626
      508000  0.391553
      509000  0.413920
      510000  0.352827
      511000  0.336808
      512000  0.366163
      513000  0.388038
      514000  0.385184
      515000  0.361221
      516000  0.407037
      517000  0.363058
      518000  0.414459
      519000  0.321561
      520000  0.375672
      521000  0.377208
      522000  0.421759
      523000  0.357700
      524000  0.365400
      525000  0.431652
      526000  0.355645
      527000  0.368590
      528000  0.377423
      529000  0.371046
      530000  0.304361
      531000  0.364838
      532000  0.319103
      533000  0.413886
      534000  0.412937
      535000  0.362380
      536000  0.354740
      537000  0.356210
      538000  0.322559
      539000  0.432711
      540000  0.318915
      541000  0.362202
      542000  0.252145
      543000  0.304623
      544000  0.381119
      545000  0.289072
      546000  0.346161
      547000  0.296453
      548000  0.473423
      549000  0.289340
      550000  0.313496
      551000  0.334926
      552000  0.285712
      553000  0.363809
      554000  0.337679
      555000  0.373108
      556000  0.414845
      557000  0.389981
      558000  0.410459
      559000  0.369198
      560000  0.395683
      561000  0.451709
      562000  0.341918
      563000  0.421393
      564000  0.433717
      565000  0.347767
      566000  0.329669
      567000  0.322114
      568000  0.361436
      569000  0.345287
      570000  0.330785
      571000  0.417037
      572000  0.304050
      573000  0.387015
      574000  0.352522
      575000  0.418108
      576000  0.366531
      577000  0.352196
      578000  0.309865
      579000  0.363435
      580000  0.348527
      581000  0.313983
      582000  0.297249
      583000  0.384251
      584000  0.367483
      585000  0.406944
      586000  0.384876
      587000  0.269376
      588000  0.305852
      589000  0.406016
      590000  0.285692
      591000  0.393520
      592000  0.372595
      593000  0.357962
      594000  0.403477
      595000  0.356734
      596000  0.351403
      597000  0.316035
      598000  0.333711
      599000  0.357760
      600000  0.359239
      601000  0.356350
      602000  0.333671
      603000  0.324048
      604000  0.409196
      605000  0.400911
      606000  0.372318
      607000  0.355489
      608000  0.317020
      609000  0.379868
      610000  0.383624
      611000  0.363965
      612000  0.415858
      613000  0.390560
      614000  0.391027
      615000  0.419642
      616000  0.334349
      617000  0.365612
      618000  0.414704
      619000  0.344149
      620000  0.303677
      621000  0.406077
      622000  0.409430
      623000  0.355177
      624000  0.391165
      625000  0.335136
      626000  0.343739
      627000  0.373710
      628000  0.335185
      629000  0.412108
      630000  0.402764
      631000  0.410464
      632000  0.459996
      633000  0.300351
      634000  0.349749
      635000  0.311192
      636000  0.295265
      637000  0.350485
      638000  0.353187
      639000  0.359850
      640000  0.382809
      641000  0.292877
      642000  0.360136
      643000  0.355597
      644000  0.390532
      645000  0.373338
      646000  0.419389
      647000  0.350464
      648000  0.401551
      649000  0.355155
      650000  0.398605
      651000  0.353218
      652000  0.412293
      653000  0.411292
      654000  0.321276
      655000  0.370880
      656000  0.360406
      657000  0.346259
      658000  0.328781
      659000  0.374172
      660000  0.321228
      661000  0.360840
      662000  0.360013
      663000  0.296985
      664000  0.372005
      665000  0.319816
      666000  0.441760
      667000  0.363791
      668000  0.335668
      669000  0.361834
      670000  0.433134
      671000  0.414252
      672000  0.407345
      673000  0.372932
      674000  0.402661
      675000  0.356251
      676000  0.370560
      677000  0.337081
      678000  0.347215
      679000  0.335593
      680000  0.346195
      681000  0.415946
      682000  0.363336
      683000  0.394949
      684000  0.378303
      685000  0.401485
      686000  0.335795
      687000  0.383493
      688000  0.374326
      689000  0.390864
      690000  0.378806
      691000  0.360409
      692000  0.390813
      693000  0.387376
      694000  0.300845
      695000  0.333587
      696000  0.396360
      697000  0.397770
      698000  0.386876
      699000  0.353866
      700000  0.374038
      701000  0.356146
      702000  0.317712
      703000  0.382950
      704000  0.361224
      705000  0.400323
      706000  0.407900
      707000  0.383348
      708000  0.346886
      709000  0.391994
      710000  0.343279
      711000  0.336854
      712000  0.446335
      713000  0.288946
      714000  0.338527
      715000  0.357651
      716000  0.315832
      717000  0.318286
      718000  0.387702
      719000  0.371177
      720000  0.373689
      721000  0.349420
      722000  0.355926
      723000  0.348994
      724000  0.363877
      725000  0.343698
      726000  0.337591
      727000  0.380183
      728000  0.422626
      729000  0.310067
      730000  0.341112
      731000  0.316953
      732000  0.384790
      733000  0.330358
      734000  0.413397
      735000  0.363438
      736000  0.365445
      737000  0.338028
      738000  0.418310
      739000  0.342810
      740000  0.363504
      741000  0.298116
      742000  0.375174
      743000  0.361792
      744000  0.416127
      745000  0.406491
      746000  0.325188
      747000  0.359276
      748000  0.284953
      749000  0.461205
      750000  0.397947
      751000  0.371708
      752000  0.375569
      753000  0.320592
      754000  0.335250
      755000  0.352120
      756000  0.397158
      757000  0.371361
      758000  0.438618
      759000  0.366598
      760000  0.335096
      761000  0.327307
      762000  0.392624
      763000  0.359472
      764000  0.369777
      765000  0.349599
      766000  0.320881
      767000  0.328937
      768000  0.370003
      769000  0.365509
      770000  0.371840
      771000  0.383827
      772000  0.300942
      773000  0.334431
      774000  0.337422
      775000  0.319953
      776000  0.345559
      777000  0.377551
      778000  0.358458
      779000  0.338319
      780000  0.358573
      781000  0.314254
      782000  0.404924
      783000  0.440273
      784000  0.348464
      785000  0.442794
      786000  0.345441
      787000  0.391264
      788000  0.371006
      789000  0.292932
      790000  0.350786
      791000  0.338113
      792000  0.349606
      793000  0.416146
      794000  0.388586
      795000  0.297821
      796000  0.287552
      797000  0.352253
      798000  0.415383
      799000  0.383981
      800000  0.265937
      801000  0.462798
      802000  0.337311
      803000  0.416506
      804000  0.379178
      805000  0.294319
      806000  0.348927
      807000  0.380376
      808000  0.344136
      809000  0.426049
      810000  0.441899
      811000  0.290970
      812000  0.379080
      813000  0.366800
      814000  0.452388
      815000  0.298403
      816000  0.368923
      817000  0.223714
      818000  0.314655
      819000  0.371041
      820000  0.348810
      821000  0.276915
      822000  0.357667
      823000  0.431445
      824000  0.381401
      825000  0.370512
      826000  0.414144
      827000  0.379982
      828000  0.347059
      829000  0.347717
      830000  0.371417
      831000  0.410727
      832000  0.360450
      833000  0.336213
      834000  0.358773
      835000  0.374231
      836000  0.391343
      837000  0.379965
      838000  0.324789
      839000  0.367820
      840000  0.341159
      841000  0.322161
      842000  0.343432
      843000  0.366924
      844000  0.385723
      845000  0.397793
      846000  0.345014
      847000  0.408933
      848000  0.450336
      849000  0.339448
      850000  0.353136
      851000  0.392324
      852000  0.350895
      853000  0.338632
      854000  0.432434
      855000  0.363521
      856000  0.347103
      857000  0.417272
      858000  0.333234
      859000  0.346008
      860000  0.378164
      861000  0.395153
      862000  0.432384
      863000  0.370272
      864000  0.373919
      865000  0.324795
      866000  0.401271
      867000  0.444856
      868000  0.417348
      869000  0.404945
      870000  0.430205
      871000  0.332333
      872000  0.315402
      873000  0.267300
      874000  0.347088
      875000  0.331005
      876000  0.412377
      877000  0.436040
      878000  0.371848
      879000  0.327103
      880000  0.381731
      881000  0.370518
      882000  0.337363
      883000  0.398704
      884000  0.363347
      885000  0.273957
      886000  0.352648
      887000  0.367875
      888000  0.331758
      889000  0.361033
      890000  0.365114
      891000  0.330334
      892000  0.343211
      893000  0.385982
      894000  0.414134
      895000  0.387145
      896000  0.359331
      897000  0.352749
      898000  0.327249
      899000  0.336550
      900000  0.353783
      901000  0.391529
      902000  0.365215
      903000  0.368042
      904000  0.361095
      905000  0.335307
      906000  0.371446
      907000  0.421345
      908000  0.424170
      909000  0.368696
      910000  0.334210
      911000  0.426295
      912000  0.296101
      913000  0.382660
      914000  0.358067
      915000  0.315001
      916000  0.405899
      917000  0.378947
      918000  0.306049
      919000  0.417075
      920000  0.368516
      921000  0.315824
      922000  0.391030
      923000  0.333223
      924000  0.403144
      925000  0.385285
      926000  0.367649
      927000  0.344539
      928000  0.302973
      929000  0.356436
      930000  0.368286
      931000  0.333578
      932000  0.370133
      933000  0.407316
      934000  0.392672
      935000  0.381272
      936000  0.339290
      937000  0.320978
      938000  0.415403
      939000  0.306702
      940000  0.292155
      941000  0.411091
      942000  0.325378
      943000  0.385350
      944000  0.384207
      945000  0.344244
      946000  0.369018
      947000  0.395970
      948000  0.392575
      949000  0.372908
      950000  0.342165
      951000  0.345263
      952000  0.430750
      953000  0.353298
      954000  0.334637
      955000  0.405813
      956000  0.378753
      957000  0.338153
      958000  0.434799
      959000  0.311467
      960000  0.327532
      961000  0.311350
      962000  0.377010
      963000  0.344741
      964000  0.333754
      965000  0.422906
      966000  0.344526
      967000  0.421809
      968000  0.303357
      969000  0.425039
      970000  0.419460
      971000  0.372378
      972000  0.367236
      973000  0.373492
      974000  0.399178
      975000  0.372042
      976000  0.337981
      977000  0.349433
      978000  0.362107
      979000  0.393496
      980000  0.362737
      981000  0.307844
      982000  0.353417
      983000  0.345513
      984000  0.363302
      985000  0.353127
      986000  0.388288
      987000  0.398971
      988000  0.391212
      989000  0.344495
      990000  0.368461
      991000  0.373610
      992000  0.403220
      993000  0.286102
      994000  0.312961
      995000  0.345252
      996000  0.358544
      997000  0.407752
      998000  0.385914
      999000  0.408931
     1000000  0.411924
