       1000 -831.911378
       2000 -828.640592
       3000 -829.626315
       4000 -829.852761
       5000 -830.664412
       6000 -830.319165
       7000 -828.346506
       8000 -828.481369
       9000 -830.670789
      10000 -833.029472
      11000 -829.974103
      12000 -829.714553
      13000 -833.607685
      14000 -835.945275
      15000 -831.552517
      16000 -831.159842
      17000 -830.323730
      18000 -830.519954
      19000 -828.353399
      20000 -828.699608
      21000 -831.243036
      22000 -829.774577
      23000 -832.526697
      24000 -837.128547
      25000 -828.559552
      26000 -828.446640
      27000 -828.422305
      28000 -830.897951
      29000 -830.135725
      30000 -829.749076
      31000 -828.344154
      32000 -830.497875
      33000 -828.387244
      34000 -828.916327
      35000 -829.789879
      36000 -829.329891
      37000 -830.473471
      38000 -828.372619
      39000 -830.938484
      40000 -832.161678
      41000 -829.858816
      42000 -830.926992
      43000 -828.962843
      44000 -832.926272
      45000 -834.090839
      46000 -829.789871
      47000 -830.520587
      48000 -828.416357
      49000 -828.827454
      50000 -828.822018
      51000 -828.691214
      52000 -829.735461
      53000 -828.350845
      54000 -828.499689
      55000 -830.791995
      56000 -828.411091
      57000 -828.735415
      58000 -829.852927
      59000 -833.788590
      60000 -832.016992
      61000 -829.990901
      62000 -830.126137
      63000 -829.722912
      64000 -833.040343
      65000 -828.764967
      66000 -828.473726
      67000 -829.825517
      68000 -829.814928
      69000 -832.441883
      70000 -831.832326
      71000 -832.363907
      72000 -828.424235
      73000 -828.940972
      74000 -833.027424
      75000 -829.925966
      76000 -830.879693
      77000 -831.943125
      78000 -830.705889
      79000 -829.845095
      80000 -829.720899
      81000 -832.203246
      82000 -828.347005
      83000 -828.353326
      84000 -828.445377
      85000 -830.509983
      86000 -828.911099
      87000 -828.349682
      88000 -830.635298
      89000 -834.274419
      90000 -828.693979
      91000 -828.346487
      92000 -829.585084
      93000 -829.050460
      94000 -831.397028
      95000 -829.291231
      96000 -828.525363
      97000 -830.569268
      98000 -828.395099
      99000 -833.708888
     100000 -829.824495
     101000 -833.855103
     102000 -831.990367
     103000 -828.363453
     104000 -828.343523
     105000 -829.700952
     106000 -829.906694
     107000 -829.785159
     108000 -828.646853
     109000 -828.807116
     110000 -829.824309
     111000 -830.023131
     112000 -829.745388
     113000 -829.714245
     114000 -834.647184
     115000 -830.162437
     116000 -828.632703
     117000 -828.560549
     118000 -830.640665
     119000 -833.423248
     120000 -828.734043
     121000 -828.402115
     122000 -830.509224
     123000 -830.986389
     124000 -833.054786
     125000 -836.006835
     126000 -837.195409
     127000 -830.971308
     128000 -828.377472
     129000 -831.420087
     130000 -829.744821
     131000 -830.560958
     132000 -833.288313
     133000 -830.178895
     134000 -828.514132
     135000 -828.351311
     136000 -828.954585
     137000 -828.436386
     138000 -828.941118
     139000 -828.871570
     140000 -833.897313
     141000 -829.945156
     142000 -832.016051
     143000 -831.430187
     144000 -837.440708
     145000 -829.864825
     146000 -828.697942
     147000 -828.423432
     148000 -828.431852
     149000 -828.630906
     150000 -830.125576
     151000 -828.342929
     152000 -828.919448
     153000 -830.991163
     154000 -831.377355
     155000 -830.979725
     156000 -831.661489
     157000 -832.447565
     158000 -828.350478
     159000 -828.652620
     160000 -829.999647
     161000 -830.464981
     162000 -828.342917
     163000 -829.879352
     164000 -828.603614
     165000 -831.894566
     166000 -828.395131
     167000 -829.814960
     168000 -830.469889
     169000 -830.094182
     170000 -834.697142
     171000 -828.593237
     172000 -828.391838
     173000 -831.012226
     174000 -833.733823
     175000 -828.806469
     176000 -828.534903
     177000 -832.300426
     178000 -831.885306
     179000 -829.744433
     180000 -832.387307
     181000 -832.438319
     182000 -832.373163
     183000 -830.511348
     184000 -832.022419
     185000 -828.644805
     186000 -828.656923
     187000 -828.683906
     188000 -828.377032
     189000 -830.119356
     190000 -836.761440
     191000 -831.298339
     192000 -831.692776
     193000 -828.503504
     194000 -831.147422
     195000 -828.391592
     196000 -834.002806
     197000 -829.731776
     198000 -830.655996
     199000 -833.073934
     200000 -828.365281
     201000 -828.369689
     202000 -828.360947
     203000 -830.131684
     204000 -828.342964
     205000 -830.545535
     206000 -832.839816
     207000 -828.822468
     208000 -829.713992
     209000 -830.530553
     210000 -830.272405
     211000 -828.497537
     212000 -829.906369
     213000 -832.936144
     214000 -829.898808
     215000 -830.468721
     216000 -830.750117
     217000 -831.963268
     218000 -829.792673
     219000 -828.665397
     220000 -828.675198
     221000 -830.180952
     222000 -829.939623
     223000 -830.273935
     224000 -828.358760
     225000 -830.281821
     226000 -833.824514
     227000 -830.878207
     228000 -829.868943
     229000 -828.352061
     230000 -830.621404
     231000 -831.249290
     232000 -834.549904
     233000 -828.343361
     234000 -829.926220
     235000 -829.783565
     236000 -830.048020
     237000 -828.497905
     238000 -830.144580
     239000 -829.904721
     240000 -828.673543
     241000 -828.847855
     242000 -830.984297
     243000 -830.019070
     244000 -828.424229
     245000 -828.817479
     246000 -833.299840
     247000 -832.445339
     248000 -833.776259
     249000 -829.096134
     250000 -830.452242
     251000 -828.518406
     252000 -828.773976
     253000 -830.714012
     254000 -828.763476
     255000 -829.163165
     256000 -830.284569
     257000 -828.467584
     258000 -828.772929
     259000 -828.343529
     260000 -830.009323
     261000 -828.850557
     262000 -834.324930
     263000 -829.859915
     264000 -828.347503
     265000 -830.451981
     266000 -832.250201
     267000 -838.112420
     268000 -829.714594
     269000 -828.364583
     270000 -830.382040
     271000 -829.570591
     272000 -829.235859
     273000 -828.885380
     274000 -830.652064
     275000 -829.779088
     276000 -833.674158
     277000 -828.343518
     278000 -831.875725
     279000 -835.015039
     280000 -828.910150
     281000 -828.343233
     282000 -829.774055
     283000 -828.425483
     284000 -828.452498
     285000 -830.512299
     286000 -828.470922
     287000 -829.531808
     288000 -829.715480
     289000 -830.269373
     290000 -828.362685
     291000 -828.348384
     292000 -831.026116
     293000 -832.088828
     294000 -828.379095
     295000 -828.353805
     296000 -831.416727
     297000 -828.344707
     298000 -828.606980
     299000 -835.558856
     300000 -831.054207
     301000 -830.496228
     302000 -829.240257
     303000 -834.799341
     304000 -829.846477
     305000 -829.977895
     306000 -830.343872
     307000 -828.342885
     308000 -829.108259
     309000 -829.834432
     310000 -828.755592
     311000 -831.360646
     312000 -833.572703
     313000 -829.830724
     314000 -833.288731
     315000 -838.243652
     316000 -830.757896
     317000 -836.571314
     318000 -830.258113
     319000 -828.373293
     320000 -830.913001
     321000 -829.732948
     322000 -828.500458
     323000 -829.815144
     324000 -829.851883
     325000 -828.572119
     326000 -836.156782
     327000 -829.162713
     328000 -828.389015
     329000 -828.528670
     330000 -830.495205
     331000 -828.398043
     332000 -832.011570
     333000 -831.035757
     334000 -830.019670
     335000 -828.419926
     336000 -829.714232
     337000 -830.052983
     338000 -830.663034
     339000 -828.415488
     340000 -832.322878
     341000 -829.022480
     342000 -830.601052
     343000 -829.152683
     344000 -828.971686
     345000 -837.085421
     346000 -828.610524
     347000 -832.011783
     348000 -828.420014
     349000 -829.099375
     350000 -828.351419
     351000 -830.558885
     352000 -828.419332
     353000 -834.249433
     354000 -829.017009
     355000 -834.421663
     356000 -828.397997
     357000 -828.347383
     358000 -828.591382
     359000 -828.370821
     360000 -829.874976
     361000 -837.220040
     362000 -828.576503
     363000 -828.348443
     364000 -831.023443
     365000 -828.416365
     366000 -829.716254
     367000 -828.488901
     368000 -828.654399
     369000 -828.445671
     370000 -834.241335
     371000 -834.218413
     372000 -829.966579
     373000 -828.635306
     374000 -829.988679
     375000 -828.349490
     376000 -829.373212
     377000 -830.254004
     378000 -834.208888
     379000 -834.203200
     380000 -833.953941
     381000 -828.882910
     382000 -828.515761
     383000 -828.578345
     384000 -829.779620
     385000 -828.783104
     386000 -828.402678
     387000 -830.592418
     388000 -828.486060
     389000 -829.169866
     390000 -828.830215
     391000 -828.557510
     392000 -832.360523
     393000 -828.411894
     394000 -828.392105
     395000 -830.837845
     396000 -831.972231
     397000 -836.138062
     398000 -833.583958
     399000 -833.712842
     400000 -829.060917
     401000 -829.741792
     402000 -830.510277
     403000 -832.411247
     404000 -829.991238
     405000 -832.535643
     406000 -828.344718
     407000 -829.326796
     408000 -828.459197
     409000 -830.151503
     410000 -831.611848
     411000 -828.484477
     412000 -834.037920
     413000 -829.716092
     414000 -830.200631
     415000 -833.357042
     416000 -829.749244
     417000 -832.814513
     418000 -836.176101
     419000 -835.174840
     420000 -830.499266
     421000 -828.417050
     422000 -830.570317
     423000 -828.343658
     424000 -828.370614
     425000 -828.661514
     426000 -831.886451
     427000 -831.869248
     428000 -829.365121
     429000 -830.532125
     430000 -830.221745
     431000 -828.342859
     432000 -829.140115
     433000 -832.511594
     434000 -828.831575
     435000 -828.538371
     436000 -830.669313
     437000 -830.465176
     438000 -831.866981
     439000 -828.367596
     440000 -828.368607
     441000 -830.454951
     442000 -830.433461
     443000 -830.827711
     444000 -830.061286
     445000 -833.310296
     446000 -828.481798
     447000 -829.817143
     448000 -829.520310
     449000 -828.400457
     450000 -828.432420
     451000 -828.655309
     452000 -832.367651
     453000 -828.367333
     454000 -829.705009
     455000 -828.417443
     456000 -828.404894
     457000 -832.455593
     458000 -830.504295
     459000 -832.959897
     460000 -828.477745
     461000 -828.397121
     462000 -833.674863
     463000 -828.543454
     464000 -829.714128
     465000 -828.345654
     466000 -828.711358
     467000 -829.106098
     468000 -828.370130
     469000 -828.962280
     470000 -833.663085
     471000 -829.718365
     472000 -831.956170
     473000 -833.588836
     474000 -828.804548
     475000 -831.051878
     476000 -828.345594
     477000 -832.437069
     478000 -831.923090
     479000 -828.459970
     480000 -830.084638
     481000 -828.468438
     482000 -828.400947
     483000 -830.336457
     484000 -830.619055
     485000 -828.358628
     486000 -829.373492
     487000 -830.476985
     488000 -834.182704
     489000 -828.491447
     490000 -828.344242
     491000 -832.300943
     492000 -833.324557
     493000 -829.647119
     494000 -828.882676
     495000 -831.861763
     496000 -828.517767
     497000 -828.386970
     498000 -828.530186
     499000 -830.596916
     500000 -830.088495
     501000 -828.750835
     502000 -832.870754
     503000 -832.977309
     504000 -830.625050
     505000 -828.342858
     506000 -834.456437
     507000 -828.376219
     508000 -828.469802
     509000 -829.472704
     510000 -829.009336
     511000 -829.910684
     512000 -835.057305
     513000 -830.284311
     514000 -828.419537
     515000 -829.475071
     516000 -829.190853
     517000 -834.213686
     518000 -831.937136
     519000 -829.171941
     520000 -830.502315
     521000 -828.377133
     522000 -829.783669
     523000 -829.749776
     524000 -830.711364
     525000 -828.352066
     526000 -828.354464
     527000 -830.459787
     528000 -828.346778
     529000 -828.346791
     530000 -829.967011
     531000 -830.701888
     532000 -830.754626
     533000 -830.851951
     534000 -829.730820
     535000 -828.360637
     536000 -828.443355
     537000 -829.745417
     538000 -829.219690
     539000 -829.913087
     540000 -832.687725
     541000 -829.817781
     542000 -831.867461
     543000 -829.735589
     544000 -828.408456
     545000 -829.779397
     546000 -833.534219
     547000 -830.580598
     548000 -834.128816
     549000 -830.503867
     550000 -832.270473
     551000 -828.686322
     552000 -832.815657
     553000 -829.850013
     554000 -829.892349
     555000 -829.787883
     556000 -829.265737
     557000 -836.756812
     558000 -828.437834
     559000 -828.567945
     560000 -829.723098
     561000 -828.620141
     562000 -829.731460
     563000 -828.617522
     564000 -828.446267
     565000 -828.416507
     566000 -834.196234
     567000 -828.578788
     568000 -833.572038
     569000 -828.817617
     570000 -829.730337
     571000 -829.743183
     572000 -831.111349
     573000 -828.842593
     574000 -828.395693
     575000 -828.735022
     576000 -828.567624
     577000 -828.504945
     578000 -828.718135
     579000 -828.872646
     580000 -828.374807
     581000 -828.628288
     582000 -829.126387
     583000 -831.917868
     584000 -832.052017
     585000 -830.462676
     586000 -833.229980
     587000 -829.447747
     588000 -829.107739
     589000 -829.746884
     590000 -828.474310
     591000 -828.640353
     592000 -829.887548
     593000 -832.576050
     594000 -833.386945
     595000 -834.759183
     596000 -828.371395
     597000 -830.001821
     598000 -828.811240
     599000 -832.290710
     600000 -828.354294
     601000 -830.612767
     602000 -838.340946
     603000 -830.467452
     604000 -834.009280
     605000 -828.346375
     606000 -831.675384
     607000 -833.305460
     608000 -829.740813
     609000 -829.744120
     610000 -832.047823
     611000 -829.837567
     612000 -830.626286
     613000 -828.362396
     614000 -831.615876
     615000 -829.898520
     616000 -830.886182
     617000 -833.906525
     618000 -828.692832
     619000 -835.679523
     620000 -829.835396
     621000 -834.334530
     622000 -828.369977
     623000 -831.047119
     624000 -830.409297
     625000 -833.682649
     626000 -833.486268
     627000 -829.716121
     628000 -828.398245
     629000 -828.439336
     630000 -828.425743
     631000 -830.081970
     632000 -828.688447
     633000 -829.997590
     634000 -828.514035
     635000 -830.515108
     636000 -830.393932
     637000 -830.196605
     638000 -833.760615
     639000 -835.456436
     640000 -830.756755
     641000 -828.583622
     642000 -830.009528
     643000 -828.346106
     644000 -839.651167
     645000 -830.650302
     646000 -832.676126
     647000 -828.378547
     648000 -833.688527
     649000 -831.326263
     650000 -830.876141
     651000 -829.286905
     652000 -829.715170
     653000 -831.027949
     654000 -829.774923
     655000 -828.963461
     656000 -830.452986
     657000 -829.717579
     658000 -832.218641
     659000 -829.717184
     660000 -829.832969
     661000 -831.379108
     662000 -828.441997
     663000 -829.505860
     664000 -828.936838
     665000 -830.136191
     666000 -828.497454
     667000 -828.364422
     668000 -829.752058
     669000 -833.280962
     670000 -831.155381
     671000 -828.381545
     672000 -830.699647
     673000 -833.774959
     674000 -830.575967
     675000 -832.477510
     676000 -829.714797
     677000 -833.497457
     678000 -828.384263
     679000 -828.355237
     680000 -833.088264
     681000 -831.874884
     682000 -830.120036
     683000 -829.752052
     684000 -828.863302
     685000 -828.605463
     686000 -828.348274
     687000 -828.491489
     688000 -829.951537
     689000 -830.467650
     690000 -828.345405
     691000 -828.466085
     692000 -829.604095
     693000 -830.012221
     694000 -829.237057
     695000 -831.233994
     696000 -836.073708
     697000 -833.489391
     698000 -828.462443
     699000 -829.835575
     700000 -828.566789
     701000 -828.363086
     702000 -828.343672
     703000 -828.536606
     704000 -830.479600
     705000 -833.917152
     706000 -829.719709
     707000 -833.504160
     708000 -828.374603
     709000 -833.827351
     710000 -833.260394
     711000 -830.293905
     712000 -829.942274
     713000 -830.638853
     714000 -828.406579
     715000 -830.948187
     716000 -829.108860
     717000 -828.739198
     718000 -828.374511
     719000 -830.787712
     720000 -833.707398
     721000 -828.522462
     722000 -828.860176
     723000 -829.808608
     724000 -828.566374
     725000 -829.025964
     726000 -829.996359
     727000 -828.917154
     728000 -828.449079
     729000 -830.787018
     730000 -828.348452
     731000 -829.276588
     732000 -834.143072
     733000 -828.640331
     734000 -830.453256
     735000 -828.357863
     736000 -828.373128
     737000 -828.477577
     738000 -828.672914
     739000 -838.022930
     740000 -829.030318
     741000 -828.375326
     742000 -828.347461
     743000 -834.892815
     744000 -828.780219
     745000 -830.508028
     746000 -829.163567
     747000 -829.780594
     748000 -832.604969
     749000 -832.079308
     750000 -830.507148
     751000 -828.519292
     752000 -828.820141
     753000 -830.487088
     754000 -830.634493
     755000 -834.062118
     756000 -828.766779
     757000 -830.848282
     758000 -828.459425
     759000 -828.960685
     760000 -835.032172
     761000 -828.493842
     762000 -829.153425
     763000 -829.727240
     764000 -832.536088
     765000 -830.015390
     766000 -828.541456
     767000 -829.714712
     768000 -828.613611
     769000 -833.555326
     770000 -833.401839
     771000 -834.070094
     772000 -830.506896
     773000 -833.810453
     774000 -834.071484
     775000 -828.382659
     776000 -828.516239
     777000 -828.403031
     778000 -828.521941
     779000 -828.973632
     780000 -832.929978
     781000 -830.656404
     782000 -829.760084
     783000 -828.860640
     784000 -835.715973
     785000 -828.343059
     786000 -828.632534
     787000 -832.579184
     788000 -828.798368
     789000 -828.475981
     790000 -829.743515
     791000 -830.053787
     792000 -828.367965
     793000 -828.346740
     794000 -829.720263
     795000 -833.485320
     796000 -829.380517
     797000 -829.529215
     798000 -829.731638
     799000 -830.918104
     800000 -829.067534
     801000 -829.775591
     802000 -830.611406
     803000 -838.090527
     804000 -829.720117
     805000 -834.979665
     806000 -830.343806
     807000 -828.392599
     808000 -830.185358
     809000 -831.761637
     810000 -831.174348
     811000 -830.903227
     812000 -837.937770
     813000 -830.759787
     814000 -828.391731
     815000 -829.780167
     816000 -831.547401
     817000 -830.559512
     818000 -828.379100
     819000 -832.521037
     820000 -832.186394
     821000 -833.929285
     822000 -829.823463
     823000 -829.753154
     824000 -834.590515
     825000 -828.892546
     826000 -833.874726
     827000 -830.453522
     828000 -828.351903
     829000 -829.884740
     830000 -828.613359
     831000 -832.829582
     832000 -828.460536
     833000 -830.643183
     834000 -832.183597
     835000 -834.030646
     836000 -828.667579
     837000 -835.092573
     838000 -829.851324
     839000 -830.131546
     840000 -829.724662
     841000 -829.898477
     842000 -832.072767
     843000 -830.306604
     844000 -834.685872
     845000 -830.393927
     846000 -828.534869
     847000 -833.057382
     848000 -828.861647
     849000 -832.329924
     850000 -831.952172
     851000 -829.942418
     852000 -832.816261
     853000 -829.580697
     854000 -828.343149
     855000 -830.245229
     856000 -829.813118
     857000 -828.404657
     858000 -828.590654
     859000 -828.360922
     860000 -829.719390
     861000 -828.427546
     862000 -828.564631
     863000 -831.089026
     864000 -828.555787
     865000 -828.590188
     866000 -831.552371
     867000 -830.462235
     868000 -835.871530
     869000 -832.787642
     870000 -829.127297
     871000 -829.722571
     872000 -829.560793
     873000 -833.354940
     874000 -828.565617
     875000 -828.625623
     876000 -832.191504
     877000 -833.466897
     878000 -829.725414
     879000 -831.139458
     880000 -832.771658
     881000 -830.553428
     882000 -828.407295
     883000 -828.343118
     884000 -828.518215
     885000 -828.708094
     886000 -828.846178
     887000 -833.959655
     888000 -828.352750
     889000 -831.247958
     890000 -828.384030
     891000 -830.458590
     892000 -833.264362
     893000 -830.303892
     894000 -828.357091
     895000 -829.797886
     896000 -828.504680
     897000 -830.596880
     898000 -831.057096
     899000 -832.791771
     900000 -828.509488
     901000 -830.525546
     902000 -832.669242
     903000 -829.771745
     904000 -828.371901
     905000 -830.619123
     906000 -832.647932
     907000 -835.790029
     908000 -828.595221
     909000 -829.758609
     910000 -829.377119
     911000 -828.348121
     912000 -828.371627
     913000 -832.145750
     914000 -829.044067
     915000 -828.359979
     916000 -830.452205
     917000 -833.304397
     918000 -828.674533
     919000 -831.049710
     920000 -828.763111
     921000 -828.343876
     922000 -834.625051
     923000 -828.527799
     924000 -830.452196
     925000 -828.382902
     926000 -832.410462
     927000 -829.840776
     928000 -828.579912
     929000 -831.170371
     930000 -833.387532
     931000 -828.662049
     932000 -830.494122
     933000 -832.070605
     934000 -837.074194
     935000 -834.568885
     936000 -828.472069
     937000 -830.456744
     938000 -829.865521
     939000 -828.345971
     940000 -834.373345
     941000 -828.968697
     942000 -829.763242
     943000 -834.320709
     944000 -829.680853
     945000 -828.905245
     946000 -830.430687
     947000 -828.357409
     948000 -828.972287
     949000 -831.966499
     950000 -830.035522
     951000 -834.048184
     952000 -830.883060
     953000 -830.369687
     954000 -833.716966
     955000 -831.883834
     956000 -832.018561
     957000 -828.372634
     958000 -829.169130
     959000 -828.763055
     960000 -828.348195
     961000 -830.562789
     962000 -834.071518
     963000 -829.739983
     964000 -830.483389
     965000 -829.781541
     966000 -830.451911
     967000 -832.897384
     968000 -828.554649
     969000 -828.491532
     970000 -830.749378
     971000 -828.565208
     972000 -828.683919
     973000 -832.433243
     974000 -829.932000
     975000 -832.077059
     976000 -830.490899
     977000 -830.191855
     978000 -829.273956
     979000 -829.268201
     980000 -832.822922
     981000 -829.916831
     982000 -828.372090
     983000 -830.558595
     984000 -830.710979
     985000 -828.350324
     986000 -828.772765
     987000 -828.692465
     988000 -829.671034
     989000 -829.919699
     990000 -828.922541
     991000 -830.500688
     992000 -834.301536
     993000 -832.842586
     994000 -828.370521
     995000 -837.487286
     996000 -830.718008
     997000 -830.570935
     998000 -828.956029
     999000 -829.714788
    1000000 -828.413043
