       1000 -804.355066
       2000 -804.763293
       3000 -805.092376
       4000 -804.345428
       5000 -804.635868
       6000 -806.141201
       7000 -805.407062
       8000 -807.368712
       9000 -804.650206
      10000 -805.934883
      11000 -804.346254
      12000 -804.361009
      13000 -807.482252
      14000 -804.416363
      15000 -804.480414
      16000 -804.914053
      17000 -804.836797
      18000 -804.636576
      19000 -804.532493
      20000 -805.309631
      21000 -804.348731
      22000 -804.341583
      23000 -804.916351
      24000 -806.188379
      25000 -804.442799
      26000 -804.393671
      27000 -804.382070
      28000 -804.726796
      29000 -804.398657
      30000 -804.985992
      31000 -804.696884
      32000 -804.758868
      33000 -804.485142
      34000 -804.453788
      35000 -804.374517
      36000 -804.342802
      37000 -804.350827
      38000 -806.602579
      39000 -804.346662
      40000 -804.361204
      41000 -806.819518
      42000 -804.350402
      43000 -805.584126
      44000 -804.339440
      45000 -806.843506
      46000 -807.843295
      47000 -804.370937
      48000 -806.277991
      49000 -804.419962
      50000 -804.996720
      51000 -804.722774
      52000 -804.579418
      53000 -805.436064
      54000 -804.340278
      55000 -805.408959
      56000 -804.341010
      57000 -804.343432
      58000 -805.065524
      59000 -804.374007
      60000 -804.585259
      61000 -804.559502
      62000 -804.691742
      63000 -804.489902
      64000 -804.341056
      65000 -806.138366
      66000 -804.339210
      67000 -804.359470
      68000 -805.358803
      69000 -804.843218
      70000 -804.353375
      71000 -804.375615
      72000 -804.341077
      73000 -805.099362
      74000 -804.481827
      75000 -804.363280
      76000 -804.373860
      77000 -804.465219
      78000 -804.416011
      79000 -804.467583
      80000 -805.482325
      81000 -804.339000
      82000 -805.466498
      83000 -804.572441
      84000 -804.353437
      85000 -804.355641
      86000 -804.508127
      87000 -805.816966
      88000 -804.770313
      89000 -804.623741
      90000 -804.351812
      91000 -804.969442
      92000 -804.653473
      93000 -804.376841
      94000 -806.682384
      95000 -804.429625
      96000 -804.432693
      97000 -804.340800
      98000 -804.699347
      99000 -804.340659
     100000 -804.872084
     101000 -804.341544
     102000 -804.531473
     103000 -804.866422
     104000 -804.348720
     105000 -804.510061
     106000 -804.363541
     107000 -804.838005
     108000 -804.830630
     109000 -804.997919
     110000 -804.554017
     111000 -805.359184
     112000 -804.820805
     113000 -804.770526
     114000 -807.204477
     115000 -805.178757
     116000 -804.843550
     117000 -804.891599
     118000 -804.908416
     119000 -804.664465
     120000 -804.662662
     121000 -804.982771
     122000 -804.375447
     123000 -804.861516
     124000 -804.501383
     125000 -805.137082
     126000 -804.412805
     127000 -806.330985
     128000 -804.530308
     129000 -804.338976
     130000 -805.126931
     131000 -805.675978
     132000 -805.263925
     133000 -805.546246
     134000 -804.419657
     135000 -805.426650
     136000 -804.542509
     137000 -806.160476
     138000 -804.339055
     139000 -807.164848
     140000 -805.112249
     141000 -804.698177
     142000 -804.558191
     143000 -804.488113
     144000 -804.342534
     145000 -804.340315
     146000 -804.346808
     147000 -804.448202
     148000 -804.764710
     149000 -804.682124
     150000 -804.621953
     151000 -804.627746
     152000 -804.395952
     153000 -804.582317
     154000 -806.965882
     155000 -804.483073
     156000 -804.617140
     157000 -804.343764
     158000 -804.457166
     159000 -804.636776
     160000 -804.372665
     161000 -804.347114
     162000 -804.407220
     163000 -806.215179
     164000 -804.412545
     165000 -804.361683
     166000 -804.692240
     167000 -805.346160
     168000 -804.441144
     169000 -804.340479
     170000 -804.576133
     171000 -804.554531
     172000 -804.495257
     173000 -804.431709
     174000 -805.137211
     175000 -804.372406
     176000 -804.775743
     177000 -805.248677
     178000 -804.881704
     179000 -805.972926
     180000 -804.338955
     181000 -804.418340
     182000 -811.666527
     183000 -804.592460
     184000 -804.354456
     185000 -804.605028
     186000 -804.384090
     187000 -804.347418
     188000 -804.412887
     189000 -804.345870
     190000 -804.414834
     191000 -804.487962
     192000 -804.603674
     193000 -806.331710
     194000 -806.044839
     195000 -804.947429
     196000 -804.801732
     197000 -804.539600
     198000 -804.341119
     199000 -805.197312
     200000 -804.364960
     201000 -804.802238
     202000 -804.534289
     203000 -804.347283
     204000 -804.913991
     205000 -804.455698
     206000 -805.625884
     207000 -804.351035
     208000 -806.054744
     209000 -804.342202
     210000 -804.655649
     211000 -804.347616
     212000 -804.341564
     213000 -807.440576
     214000 -804.393371
     215000 -804.439100
     216000 -804.630943
     217000 -804.390957
     218000 -805.212321
     219000 -804.341824
     220000 -804.361946
     221000 -804.373418
     222000 -804.372583
     223000 -804.465261
     224000 -805.058738
     225000 -804.523291
     226000 -804.481660
     227000 -804.592101
     228000 -804.486086
     229000 -804.521933
     230000 -804.875071
     231000 -804.429560
     232000 -804.444652
     233000 -804.361579
     234000 -804.373028
     235000 -805.659143
     236000 -804.447000
     237000 -805.047583
     238000 -804.648637
     239000 -805.431216
     240000 -804.551353
     241000 -804.424946
     242000 -804.383175
     243000 -804.785166
     244000 -804.340579
     245000 -805.876482
     246000 -804.653498
     247000 -804.505280
     248000 -804.572134
     249000 -804.403534
     250000 -804.339709
     251000 -805.693055
     252000 -804.340978
     253000 -804.632891
     254000 -808.027067
     255000 -805.473867
     256000 -805.039013
     257000 -804.971810
     258000 -804.690885
     259000 -805.108051
     260000 -804.477528
     261000 -804.826944
     262000 -805.461838
     263000 -804.342841
     264000 -804.781925
     265000 -806.369883
     266000 -804.392210
     267000 -805.714091
     268000 -805.413870
     269000 -805.113335
     270000 -804.783247
     271000 -804.602581
     272000 -804.397440
     273000 -804.345613
     274000 -804.399203
     275000 -805.015634
     276000 -804.478240
     277000 -804.775949
     278000 -805.674579
     279000 -805.463386
     280000 -804.922951
     281000 -805.356390
     282000 -804.347737
     283000 -804.833319
     284000 -804.747663
     285000 -804.339781
     286000 -804.349071
     287000 -804.943720
     288000 -805.197262
     289000 -804.343702
     290000 -804.852515
     291000 -804.898214
     292000 -804.666131
     293000 -804.400557
     294000 -804.613133
     295000 -804.341490
     296000 -804.454096
     297000 -805.296962
     298000 -804.447062
     299000 -804.501975
     300000 -804.351847
     301000 -804.708790
     302000 -805.408001
     303000 -804.559725
     304000 -804.386716
     305000 -805.727975
     306000 -804.562123
     307000 -804.339771
     308000 -804.743471
     309000 -805.208364
     310000 -805.473919
     311000 -804.348282
     312000 -805.976796
     313000 -804.341139
     314000 -804.873250
     315000 -805.084565
     316000 -804.419863
     317000 -804.353106
     318000 -806.783610
     319000 -804.475084
     320000 -804.658118
     321000 -804.466799
     322000 -804.338903
     323000 -804.414545
     324000 -805.456044
     325000 -805.732794
     326000 -804.600230
     327000 -804.608835
     328000 -804.384631
     329000 -804.535259
     330000 -805.069584
     331000 -804.521278
     332000 -804.343932
     333000 -804.915505
     334000 -804.759636
     335000 -804.351101
     336000 -809.037615
     337000 -804.510314
     338000 -804.658537
     339000 -805.990138
     340000 -805.540368
     341000 -805.619465
     342000 -805.020333
     343000 -804.808000
     344000 -806.332409
     345000 -804.623225
     346000 -804.368796
     347000 -804.341641
     348000 -804.788350
     349000 -805.526194
     350000 -805.816033
     351000 -804.522700
     352000 -804.365919
     353000 -804.608117
     354000 -805.474073
     355000 -804.339088
     356000 -804.370120
     357000 -804.411993
     358000 -806.966211
     359000 -804.518122
     360000 -804.351588
     361000 -804.601221
     362000 -804.608764
     363000 -804.726662
     364000 -804.339012
     365000 -804.738647
     366000 -804.408631
     367000 -804.425970
     368000 -804.411632
     369000 -804.373095
     370000 -806.246667
     371000 -805.115857
     372000 -805.062324
     373000 -805.359693
     374000 -805.166219
     375000 -804.452562
     376000 -804.934501
     377000 -804.537605
     378000 -804.435339
     379000 -804.358449
     380000 -804.528174
     381000 -804.442624
     382000 -804.340398
     383000 -804.397103
     384000 -804.395530
     385000 -804.346331
     386000 -804.731913
     387000 -804.475920
     388000 -804.544673
     389000 -804.451180
     390000 -804.377391
     391000 -804.687767
     392000 -804.804339
     393000 -804.347277
     394000 -804.422676
     395000 -804.700535
     396000 -805.191841
     397000 -804.439858
     398000 -804.733195
     399000 -804.506253
     400000 -804.477458
     401000 -804.367475
     402000 -805.137223
     403000 -804.503637
     404000 -805.018921
     405000 -804.479835
     406000 -804.473032
     407000 -805.149278
     408000 -805.151268
     409000 -804.752873
     410000 -804.372316
     411000 -805.640025
     412000 -804.504846
     413000 -804.591843
     414000 -804.394794
     415000 -804.966917
     416000 -804.911344
     417000 -804.485011
     418000 -804.343913
     419000 -804.369826
     420000 -804.810244
     421000 -808.860817
     422000 -804.943611
     423000 -805.193566
     424000 -804.382795
     425000 -804.767172
     426000 -804.673953
     427000 -804.567997
     428000 -804.740779
     429000 -804.464613
     430000 -804.569697
     431000 -808.996043
     432000 -804.344251
     433000 -804.861816
     434000 -804.356045
     435000 -805.092685
     436000 -804.353350
     437000 -804.400993
     438000 -805.503293
     439000 -804.616692
     440000 -804.385047
     441000 -805.138873
     442000 -804.363311
     443000 -804.452233
     444000 -804.650072
     445000 -804.346248
     446000 -805.128921
     447000 -804.368966
     448000 -804.338968
     449000 -804.446696
     450000 -805.051677
     451000 -804.551382
     452000 -804.353751
     453000 -804.562215
     454000 -804.648224
     455000 -804.447765
     456000 -804.342612
     457000 -804.345794
     458000 -804.663612
     459000 -804.339545
     460000 -805.388862
     461000 -804.660968
     462000 -804.596476
     463000 -804.468552
     464000 -804.357822
     465000 -804.380093
     466000 -804.389147
     467000 -804.523909
     468000 -806.556710
     469000 -804.834939
     470000 -804.344271
     471000 -806.225847
     472000 -804.359678
     473000 -804.342565
     474000 -804.353207
     475000 -804.376193
     476000 -804.950481
     477000 -804.478007
     478000 -804.605674
     479000 -804.380810
     480000 -804.500973
     481000 -804.566875
     482000 -804.581899
     483000 -805.153048
     484000 -804.509891
     485000 -804.481330
     486000 -804.694879
     487000 -804.708809
     488000 -805.420598
     489000 -804.364925
     490000 -804.377980
     491000 -805.214465
     492000 -804.342493
     493000 -804.614174
     494000 -804.343407
     495000 -806.066686
     496000 -806.062748
     497000 -806.404983
     498000 -804.435318
     499000 -804.380127
     500000 -804.648855
     501000 -804.344958
     502000 -804.577011
     503000 -805.024338
     504000 -804.350099
     505000 -804.647503
     506000 -805.850978
     507000 -804.411532
     508000 -804.984414
     509000 -804.353840
     510000 -804.378625
     511000 -804.775180
     512000 -804.527456
     513000 -806.676141
     514000 -804.410168
     515000 -806.626564
     516000 -804.366079
     517000 -804.915524
     518000 -805.690960
     519000 -804.756156
     520000 -804.583690
     521000 -804.514040
     522000 -805.054940
     523000 -804.664739
     524000 -804.494336
     525000 -804.381366
     526000 -804.405003
     527000 -804.610381
     528000 -804.687040
     529000 -805.036517
     530000 -804.867106
     531000 -804.352238
     532000 -804.343771
     533000 -804.350300
     534000 -804.353775
     535000 -805.053278
     536000 -804.340652
     537000 -804.420679
     538000 -804.417285
     539000 -805.969545
     540000 -804.348137
     541000 -804.449952
     542000 -804.400125
     543000 -804.781042
     544000 -805.043843
     545000 -804.375730
     546000 -804.567279
     547000 -805.482112
     548000 -806.314860
     549000 -804.366048
     550000 -804.939196
     551000 -804.446010
     552000 -804.615916
     553000 -804.339565
     554000 -807.161385
     555000 -804.403143
     556000 -804.373879
     557000 -804.589733
     558000 -804.468985
     559000 -804.520677
     560000 -804.660172
     561000 -805.725576
     562000 -804.343187
     563000 -804.579965
     564000 -804.731827
     565000 -804.362819
     566000 -806.951099
     567000 -804.528231
     568000 -805.818809
     569000 -805.087809
     570000 -804.557022
     571000 -805.855548
     572000 -804.441299
     573000 -804.638123
     574000 -807.805892
     575000 -805.096376
     576000 -804.341346
     577000 -804.347006
     578000 -805.032699
     579000 -804.773754
     580000 -805.605836
     581000 -804.749575
     582000 -804.516388
     583000 -805.225829
     584000 -804.349538
     585000 -805.861099
     586000 -805.487844
     587000 -805.222523
     588000 -804.341418
     589000 -804.719459
     590000 -806.307206
     591000 -804.547146
     592000 -804.364312
     593000 -805.491789
     594000 -805.170359
     595000 -805.946787
     596000 -804.519369
     597000 -804.727570
     598000 -805.779969
     599000 -804.343559
     600000 -805.504189
     601000 -804.602200
     602000 -805.310029
     603000 -804.375474
     604000 -804.450296
     605000 -804.445661
     606000 -804.576481
     607000 -804.445455
     608000 -804.385443
     609000 -804.559466
     610000 -804.376860
     611000 -805.080027
     612000 -805.080007
     613000 -805.669821
     614000 -804.376461
     615000 -804.383295
     616000 -804.603126
     617000 -806.318200
     618000 -804.434793
     619000 -804.341056
     620000 -804.426675
     621000 -804.668298
     622000 -805.914597
     623000 -804.340867
     624000 -804.531195
     625000 -804.550202
     626000 -804.342909
     627000 -804.417689
     628000 -804.488272
     629000 -804.528566
     630000 -804.504567
     631000 -804.805312
     632000 -806.580091
     633000 -804.482687
     634000 -804.784133
     635000 -807.121650
     636000 -805.893545
     637000 -808.624379
     638000 -804.338840
     639000 -805.763086
     640000 -804.338895
     641000 -804.864742
     642000 -807.549593
     643000 -804.777776
     644000 -804.806966
     645000 -804.579126
     646000 -804.343690
     647000 -804.686055
     648000 -804.451497
     649000 -805.069083
     650000 -804.344575
     651000 -804.606502
     652000 -805.097597
     653000 -805.592748
     654000 -806.088527
     655000 -804.847830
     656000 -804.927276
     657000 -804.348089
     658000 -805.305098
     659000 -805.463035
     660000 -804.359942
     661000 -808.726354
     662000 -806.680620
     663000 -804.382323
     664000 -804.437391
     665000 -804.617456
     666000 -804.772106
     667000 -804.939535
     668000 -804.411384
     669000 -804.737440
     670000 -804.681422
     671000 -804.416726
     672000 -804.943811
     673000 -804.338854
     674000 -804.475614
     675000 -805.042468
     676000 -805.248193
     677000 -807.225421
     678000 -805.301992
     679000 -804.780445
     680000 -805.715763
     681000 -804.855775
     682000 -804.882892
     683000 -804.339583
     684000 -804.488701
     685000 -804.847143
     686000 -804.653964
     687000 -808.940393
     688000 -804.635394
     689000 -804.341352
     690000 -804.966573
     691000 -804.439879
     692000 -805.309582
     693000 -804.704697
     694000 -804.559477
     695000 -805.429753
     696000 -804.461394
     697000 -804.836851
     698000 -804.341711
     699000 -804.906468
     700000 -804.371386
     701000 -806.341153
     702000 -804.538941
     703000 -804.873455
     704000 -806.631395
     705000 -804.567758
     706000 -804.925346
     707000 -806.250320
     708000 -804.589276
     709000 -805.438268
     710000 -804.697301
     711000 -804.823442
     712000 -804.681734
     713000 -804.494912
     714000 -804.375025
     715000 -804.834416
     716000 -805.346052
     717000 -804.353301
     718000 -805.532363
     719000 -805.006350
     720000 -804.348724
     721000 -804.555177
     722000 -809.017726
     723000 -805.851823
     724000 -809.579073
     725000 -804.349021
     726000 -804.509684
     727000 -806.110631
     728000 -805.241336
     729000 -804.362494
     730000 -804.918829
     731000 -805.536827
     732000 -804.340350
     733000 -804.409350
     734000 -804.986935
     735000 -805.400907
     736000 -804.373218
     737000 -804.377391
     738000 -804.387371
     739000 -804.371963
     740000 -804.526887
     741000 -806.774364
     742000 -804.882917
     743000 -804.497820
     744000 -804.476502
     745000 -806.183571
     746000 -804.374457
     747000 -804.338965
     748000 -804.590942
     749000 -806.049816
     750000 -804.491606
     751000 -804.503556
     752000 -807.558558
     753000 -804.390419
     754000 -804.343485
     755000 -804.450957
     756000 -804.840076
     757000 -804.463668
     758000 -805.109355
     759000 -805.218560
     760000 -804.726774
     761000 -804.376125
     762000 -804.537121
     763000 -805.236752
     764000 -804.523943
     765000 -804.350117
     766000 -804.542235
     767000 -804.449288
     768000 -804.338847
     769000 -804.587261
     770000 -804.383132
     771000 -809.021908
     772000 -804.647744
     773000 -806.439453
     774000 -804.453460
     775000 -804.342118
     776000 -806.276655
     777000 -804.411864
     778000 -804.774699
     779000 -804.388817
     780000 -804.404891
     781000 -804.339429
     782000 -804.486082
     783000 -804.363112
     784000 -804.405580
     785000 -804.507836
     786000 -804.357031
     787000 -804.427573
     788000 -804.508270
     789000 -804.523982
     790000 -804.422332
     791000 -804.488647
     792000 -804.445445
     793000 -805.491441
     794000 -804.744088
     795000 -804.744226
     796000 -804.544776
     797000 -804.473362
     798000 -804.449563
     799000 -804.792508
     800000 -804.342098
     801000 -804.468485
     802000 -804.503404
     803000 -805.881773
     804000 -804.722067
     805000 -806.155481
     806000 -804.345932
     807000 -804.474381
     808000 -804.347915
     809000 -804.360963
     810000 -804.452797
     811000 -804.781372
     812000 -804.357722
     813000 -804.366412
     814000 -804.468895
     815000 -805.797925
     816000 -804.615610
     817000 -805.109892
     818000 -804.830524
     819000 -804.391235
     820000 -805.929038
     821000 -804.849864
     822000 -804.432318
     823000 -804.455719
     824000 -804.511034
     825000 -804.562304
     826000 -804.339167
     827000 -804.729987
     828000 -804.368511
     829000 -805.442247
     830000 -804.654120
     831000 -804.750380
     832000 -804.454716
     833000 -804.886392
     834000 -804.346881
     835000 -804.634906
     836000 -807.620049
     837000 -804.623182
     838000 -804.457248
     839000 -804.558181
     840000 -805.115735
     841000 -804.861832
     842000 -804.338851
     843000 -804.944967
     844000 -804.375841
     845000 -804.431272
     846000 -804.347957
     847000 -804.575917
     848000 -804.792076
     849000 -804.633246
     850000 -805.513347
     851000 -804.478235
     852000 -806.333192
     853000 -806.023222
     854000 -805.084667
     855000 -804.471142
     856000 -805.109280
     857000 -804.503827
     858000 -804.380821
     859000 -804.438121
     860000 -804.585247
     861000 -804.625825
     862000 -804.370279
     863000 -804.413735
     864000 -805.210463
     865000 -804.446519
     866000 -805.405793
     867000 -804.756643
     868000 -804.774109
     869000 -805.056876
     870000 -807.255203
     871000 -804.478456
     872000 -804.440460
     873000 -804.346459
     874000 -804.411121
     875000 -804.903161
     876000 -805.136257
     877000 -805.129751
     878000 -804.356069
     879000 -804.794896
     880000 -804.396737
     881000 -804.430761
     882000 -805.618305
     883000 -804.983731
     884000 -804.343360
     885000 -804.340321
     886000 -805.135185
     887000 -804.618172
     888000 -804.398827
     889000 -806.773212
     890000 -804.342044
     891000 -805.816239
     892000 -804.510980
     893000 -804.395089
     894000 -804.905542
     895000 -804.628611
     896000 -806.325082
     897000 -804.358511
     898000 -804.340443
     899000 -804.983356
     900000 -804.409877
     901000 -809.056439
     902000 -805.002163
     903000 -805.434095
     904000 -804.453041
     905000 -805.924410
     906000 -804.558359
     907000 -805.137952
     908000 -805.487245
     909000 -804.350668
     910000 -809.011177
     911000 -804.344923
     912000 -804.339030
     913000 -804.347240
     914000 -804.820940
     915000 -804.341612
     916000 -805.128578
     917000 -804.987650
     918000 -805.059542
     919000 -804.587380
     920000 -804.613592
     921000 -807.284103
     922000 -805.719949
     923000 -808.995916
     924000 -804.652109
     925000 -804.408224
     926000 -804.449397
     927000 -804.436676
     928000 -804.634978
     929000 -804.632719
     930000 -804.537096
     931000 -804.339941
     932000 -804.610034
     933000 -806.639790
     934000 -804.339281
     935000 -804.633309
     936000 -804.343627
     937000 -804.346701
     938000 -807.178236
     939000 -804.339930
     940000 -804.617755
     941000 -804.691429
     942000 -804.353830
     943000 -804.359247
     944000 -804.518450
     945000 -804.673144
     946000 -804.789855
     947000 -804.662161
     948000 -805.181347
     949000 -804.339622
     950000 -804.477380
     951000 -804.407075
     952000 -804.423292
     953000 -804.939680
     954000 -804.389265
     955000 -804.435722
     956000 -804.370546
     957000 -805.864010
     958000 -804.449634
     959000 -804.372213
     960000 -804.647594
     961000 -804.338854
     962000 -804.348527
     963000 -805.092710
     964000 -804.428223
     965000 -804.747291
     966000 -804.836620
     967000 -805.217975
     968000 -805.525787
     969000 -804.556868
     970000 -804.370586
     971000 -804.364385
     972000 -804.479434
     973000 -804.361284
     974000 -804.426002
     975000 -806.206725
     976000 -804.339450
     977000 -804.357557
     978000 -804.389126
     979000 -804.387380
     980000 -804.501068
     981000 -804.593928
     982000 -805.103964
     983000 -805.196347
     984000 -804.371778
     985000 -804.339492
     986000 -804.658971
     987000 -806.613821
     988000 -804.547631
     989000 -804.338918
     990000 -804.446372
     991000 -804.696705
     992000 -804.702366
     993000 -804.350706
     994000 -804.339247
     995000 -804.449444
     996000 -804.626012
     997000 -804.378180
     998000 -805.207388
     999000 -804.368871
    1000000 -804.407735
