    genPlus1     spaQ
         100  0.542885
         200  0.639491
         300  0.655415
         400  0.644994
         500  0.664716
         600  0.650142
         700  0.648392
         800  0.647855
         900  0.628936
        1000  0.656262
        1100  0.649990
        1200  0.646152
    genPlus1     spaQ
        1000  0.658181
        2000  0.656574
        3000  0.648329
        4000  0.639269
        5000  0.637729
        6000  0.654108
        7000  0.637760
        8000  0.640750
        9000  0.643212
       10000  0.651298
       11000  0.645221
       12000  0.653919
       13000  0.661697
       14000  0.647960
       15000  0.642677
       16000  0.661919
       17000  0.651604
       18000  0.657537
       19000  0.647421
       20000  0.647512
       21000  0.655150
       22000  0.652524
       23000  0.646409
       24000  0.641641
       25000  0.653335
       26000  0.648473
       27000  0.653375
       28000  0.645287
       29000  0.643667
       30000  0.655726
       31000  0.646127
       32000  0.647428
       33000  0.646408
       34000  0.655641
       35000  0.646739
       36000  0.670622
       37000  0.650401
       38000  0.660591
       39000  0.655664
       40000  0.655133
       41000  0.651368
       42000  0.650366
       43000  0.650767
       44000  0.657634
       45000  0.650745
       46000  0.644837
       47000  0.649875
       48000  0.654814
       49000  0.642039
       50000  0.643438
       51000  0.660214
       52000  0.637645
       53000  0.650715
       54000  0.638640
       55000  0.640664
       56000  0.649990
       57000  0.650725
       58000  0.641514
       59000  0.650449
       60000  0.650612
       61000  0.640942
       62000  0.647204
       63000  0.662688
       64000  0.655939
       65000  0.658690
       66000  0.649101
       67000  0.649212
       68000  0.646136
       69000  0.650535
       70000  0.646946
       71000  0.643331
       72000  0.647220
       73000  0.648489
       74000  0.658185
       75000  0.652344
       76000  0.638823
       77000  0.660610
       78000  0.657780
       79000  0.641476
       80000  0.639436
       81000  0.639525
       82000  0.655319
       83000  0.653557
       84000  0.651371
       85000  0.641687
       86000  0.647191
       87000  0.643258
       88000  0.656896
       89000  0.655051
       90000  0.648450
       91000  0.645154
       92000  0.639266
       93000  0.653029
       94000  0.650067
       95000  0.637714
       96000  0.649464
       97000  0.644132
       98000  0.645088
       99000  0.642949
      100000  0.657114
      101000  0.640642
      102000  0.655088
      103000  0.647424
      104000  0.647750
      105000  0.644891
      106000  0.638858
      107000  0.640572
      108000  0.651669
      109000  0.647854
      110000  0.632378
      111000  0.645815
      112000  0.653692
      113000  0.648475
      114000  0.642874
      115000  0.648076
      116000  0.656130
      117000  0.650644
      118000  0.632762
      119000  0.666857
      120000  0.649197
      121000  0.651752
      122000  0.646109
      123000  0.643214
      124000  0.643037
      125000  0.651737
      126000  0.641665
      127000  0.643429
      128000  0.647925
      129000  0.645446
      130000  0.640487
      131000  0.647516
      132000  0.651154
      133000  0.657873
      134000  0.645946
      135000  0.659564
      136000  0.638568
      137000  0.657829
      138000  0.631677
      139000  0.658722
      140000  0.652189
      141000  0.646288
      142000  0.655379
      143000  0.640651
      144000  0.640051
      145000  0.653015
      146000  0.652713
      147000  0.654443
      148000  0.649367
      149000  0.640026
      150000  0.662187
      151000  0.653821
      152000  0.644712
      153000  0.633501
      154000  0.647812
      155000  0.657407
      156000  0.642791
      157000  0.644717
      158000  0.647640
      159000  0.653977
      160000  0.647368
      161000  0.645272
      162000  0.638610
      163000  0.647494
      164000  0.647588
      165000  0.649360
      166000  0.649262
      167000  0.653497
      168000  0.647395
      169000  0.655038
      170000  0.644231
      171000  0.649973
      172000  0.656737
      173000  0.646291
      174000  0.645517
      175000  0.641316
      176000  0.640439
      177000  0.648711
      178000  0.645832
      179000  0.649604
      180000  0.641450
      181000  0.642460
      182000  0.660985
      183000  0.656640
      184000  0.652862
      185000  0.640033
      186000  0.653505
      187000  0.653204
      188000  0.647138
      189000  0.651650
      190000  0.655684
      191000  0.657974
      192000  0.657880
      193000  0.656838
      194000  0.646181
      195000  0.652280
      196000  0.638270
      197000  0.649085
      198000  0.640768
      199000  0.655743
      200000  0.648723
      201000  0.653966
      202000  0.649436
      203000  0.651906
      204000  0.642930
      205000  0.652003
      206000  0.651327
      207000  0.648455
      208000  0.651307
      209000  0.650448
      210000  0.650415
      211000  0.648159
      212000  0.649025
      213000  0.650473
      214000  0.649770
      215000  0.647809
      216000  0.654887
      217000  0.648284
      218000  0.658854
      219000  0.657438
      220000  0.642147
      221000  0.653666
      222000  0.654031
      223000  0.654474
      224000  0.654024
      225000  0.634494
      226000  0.636581
      227000  0.645193
      228000  0.638556
      229000  0.641571
      230000  0.650405
      231000  0.647906
      232000  0.652142
      233000  0.641571
      234000  0.660625
      235000  0.639313
      236000  0.648977
      237000  0.653413
      238000  0.653786
      239000  0.642300
      240000  0.658946
      241000  0.655266
      242000  0.656802
      243000  0.653117
      244000  0.640038
      245000  0.639080
      246000  0.650446
      247000  0.652898
      248000  0.652713
      249000  0.641403
      250000  0.644937
      251000  0.647015
      252000  0.646665
      253000  0.655780
      254000  0.653444
      255000  0.650651
      256000  0.647839
      257000  0.646046
      258000  0.649528
      259000  0.641155
      260000  0.644777
      261000  0.641072
      262000  0.642305
      263000  0.655340
      264000  0.632085
      265000  0.650663
      266000  0.651770
      267000  0.652224
      268000  0.647056
      269000  0.638350
      270000  0.661414
      271000  0.652123
      272000  0.650891
      273000  0.647665
      274000  0.639224
      275000  0.635073
      276000  0.666311
      277000  0.649439
      278000  0.649200
      279000  0.652597
      280000  0.640388
      281000  0.648040
      282000  0.643998
      283000  0.632558
      284000  0.659988
      285000  0.646450
      286000  0.654907
      287000  0.649646
      288000  0.646698
      289000  0.653300
      290000  0.656763
      291000  0.651983
      292000  0.655022
      293000  0.661992
      294000  0.647062
      295000  0.653925
      296000  0.640671
      297000  0.646474
      298000  0.657875
      299000  0.653384
      300000  0.645615
      301000  0.663449
      302000  0.644293
      303000  0.656633
      304000  0.643686
      305000  0.643905
      306000  0.650816
      307000  0.647959
      308000  0.665460
      309000  0.643221
      310000  0.658118
      311000  0.659446
      312000  0.650081
      313000  0.635522
      314000  0.654518
      315000  0.641916
      316000  0.658794
      317000  0.643722
      318000  0.645240
      319000  0.648136
      320000  0.653342
      321000  0.645712
      322000  0.641559
      323000  0.643543
      324000  0.650382
      325000  0.654351
      326000  0.648710
      327000  0.653275
      328000  0.645224
      329000  0.651616
      330000  0.644255
      331000  0.645701
      332000  0.644892
      333000  0.644351
      334000  0.659258
      335000  0.661279
      336000  0.639151
      337000  0.665697
      338000  0.645047
      339000  0.643127
      340000  0.647016
      341000  0.643410
      342000  0.654240
      343000  0.638697
      344000  0.650522
      345000  0.649445
      346000  0.645130
      347000  0.637884
      348000  0.650264
      349000  0.671571
      350000  0.649222
      351000  0.641860
      352000  0.649137
      353000  0.635716
      354000  0.632485
      355000  0.657796
      356000  0.650108
      357000  0.653132
      358000  0.645969
      359000  0.661709
      360000  0.650458
      361000  0.650865
      362000  0.652852
      363000  0.632257
      364000  0.643620
      365000  0.646490
      366000  0.660719
      367000  0.652479
      368000  0.638613
      369000  0.642115
      370000  0.660507
      371000  0.653168
      372000  0.651661
      373000  0.653250
      374000  0.629044
      375000  0.658967
      376000  0.651105
      377000  0.645658
      378000  0.659097
      379000  0.649991
      380000  0.647074
      381000  0.650591
      382000  0.642123
      383000  0.645079
      384000  0.646812
      385000  0.642591
      386000  0.649938
      387000  0.653473
      388000  0.656450
      389000  0.638814
      390000  0.641356
      391000  0.646634
      392000  0.643423
      393000  0.645611
      394000  0.636857
      395000  0.651888
      396000  0.653171
      397000  0.641449
      398000  0.650642
      399000  0.651981
      400000  0.657207
      401000  0.649817
      402000  0.649137
      403000  0.642434
      404000  0.637532
      405000  0.636315
      406000  0.647401
      407000  0.647266
      408000  0.652659
      409000  0.646664
      410000  0.645159
      411000  0.642685
      412000  0.650022
      413000  0.658644
      414000  0.644348
      415000  0.653554
      416000  0.640843
      417000  0.655050
      418000  0.628934
      419000  0.651191
      420000  0.651156
      421000  0.646768
      422000  0.642387
      423000  0.645074
      424000  0.636653
      425000  0.661617
      426000  0.649574
      427000  0.642038
      428000  0.646803
      429000  0.654937
      430000  0.648738
      431000  0.647455
      432000  0.643864
      433000  0.670037
      434000  0.646348
      435000  0.651225
      436000  0.648564
      437000  0.665335
      438000  0.647429
      439000  0.658433
      440000  0.648371
      441000  0.641027
      442000  0.647374
      443000  0.651714
      444000  0.645973
      445000  0.654149
      446000  0.646259
      447000  0.640842
      448000  0.655363
      449000  0.633602
      450000  0.642579
      451000  0.654839
      452000  0.647836
      453000  0.642286
      454000  0.658824
      455000  0.655812
      456000  0.643189
      457000  0.654450
      458000  0.651919
      459000  0.645105
      460000  0.644790
      461000  0.646027
      462000  0.649705
      463000  0.655353
      464000  0.645980
      465000  0.634273
      466000  0.630862
      467000  0.655439
      468000  0.650158
      469000  0.652333
      470000  0.645986
      471000  0.645911
      472000  0.653391
      473000  0.634278
      474000  0.642363
      475000  0.656180
      476000  0.643337
      477000  0.644447
      478000  0.648047
      479000  0.655804
      480000  0.660361
      481000  0.646905
      482000  0.643961
      483000  0.640689
      484000  0.667542
      485000  0.653775
      486000  0.660496
      487000  0.645665
      488000  0.638564
      489000  0.646548
      490000  0.656647
      491000  0.642918
      492000  0.648310
      493000  0.636876
      494000  0.645418
      495000  0.650604
      496000  0.649567
      497000  0.642705
      498000  0.654498
      499000  0.646024
      500000  0.657503
      501000  0.633403
      502000  0.641232
      503000  0.653788
      504000  0.645387
      505000  0.638805
      506000  0.649445
      507000  0.637470
      508000  0.645647
      509000  0.651051
      510000  0.638078
      511000  0.661707
      512000  0.644535
      513000  0.644013
      514000  0.633585
      515000  0.661537
      516000  0.651113
      517000  0.658900
      518000  0.649500
      519000  0.640225
      520000  0.658582
      521000  0.654088
      522000  0.658845
      523000  0.651332
      524000  0.672158
      525000  0.644579
      526000  0.641570
      527000  0.643732
      528000  0.654294
      529000  0.645900
      530000  0.645994
      531000  0.653351
      532000  0.644897
      533000  0.655439
      534000  0.650856
      535000  0.652831
      536000  0.651777
      537000  0.630363
      538000  0.636430
      539000  0.647307
      540000  0.634957
      541000  0.657094
      542000  0.648671
      543000  0.657297
      544000  0.657502
      545000  0.654970
      546000  0.656616
      547000  0.650142
      548000  0.648903
      549000  0.646821
      550000  0.642754
      551000  0.646361
      552000  0.646188
      553000  0.650394
      554000  0.653376
      555000  0.638851
      556000  0.658084
      557000  0.649570
      558000  0.646320
      559000  0.642881
      560000  0.644127
      561000  0.646093
      562000  0.651906
      563000  0.660888
      564000  0.651540
      565000  0.647528
      566000  0.654558
      567000  0.634068
      568000  0.637871
      569000  0.647867
      570000  0.661373
      571000  0.635245
      572000  0.649117
      573000  0.650162
      574000  0.662147
      575000  0.656726
      576000  0.660986
      577000  0.643123
      578000  0.643222
      579000  0.638450
      580000  0.638087
      581000  0.663827
      582000  0.646259
      583000  0.649265
      584000  0.656171
      585000  0.652463
      586000  0.650370
      587000  0.659616
      588000  0.649287
      589000  0.649723
      590000  0.657911
      591000  0.640201
      592000  0.651520
      593000  0.655140
      594000  0.652011
      595000  0.639281
      596000  0.654855
      597000  0.659990
      598000  0.640028
      599000  0.634014
      600000  0.651748
      601000  0.657659
      602000  0.644421
      603000  0.646553
      604000  0.631297
      605000  0.638985
      606000  0.655778
      607000  0.653431
      608000  0.647766
      609000  0.638513
      610000  0.635621
      611000  0.645953
      612000  0.660385
      613000  0.661359
      614000  0.642757
      615000  0.651936
      616000  0.657651
      617000  0.648344
      618000  0.657631
      619000  0.652379
      620000  0.652608
      621000  0.650296
      622000  0.656800
      623000  0.660719
      624000  0.653114
      625000  0.649671
      626000  0.650048
      627000  0.655581
      628000  0.656848
      629000  0.639051
      630000  0.658127
      631000  0.645520
      632000  0.641382
      633000  0.656069
      634000  0.649873
      635000  0.659619
      636000  0.650284
      637000  0.643418
      638000  0.655223
      639000  0.637760
      640000  0.652536
      641000  0.638188
      642000  0.647377
      643000  0.654486
      644000  0.651036
      645000  0.655822
      646000  0.646450
      647000  0.656566
      648000  0.640256
      649000  0.653259
      650000  0.647434
      651000  0.650866
      652000  0.650637
      653000  0.637202
      654000  0.653226
      655000  0.656407
      656000  0.662046
      657000  0.648701
      658000  0.642248
      659000  0.650070
      660000  0.663996
      661000  0.659116
      662000  0.661654
      663000  0.651144
      664000  0.644483
      665000  0.653389
      666000  0.642912
      667000  0.657484
      668000  0.663050
      669000  0.652940
      670000  0.645442
      671000  0.660142
      672000  0.664597
      673000  0.657468
      674000  0.649921
      675000  0.648373
      676000  0.655653
      677000  0.644822
      678000  0.640655
      679000  0.646421
      680000  0.658863
      681000  0.643006
      682000  0.660732
      683000  0.653226
      684000  0.640615
      685000  0.657396
      686000  0.650199
      687000  0.641186
      688000  0.657967
      689000  0.648052
      690000  0.664514
      691000  0.641458
      692000  0.642364
      693000  0.644057
      694000  0.655455
      695000  0.657283
      696000  0.641749
      697000  0.658755
      698000  0.640174
      699000  0.651249
      700000  0.645562
      701000  0.652463
      702000  0.643905
      703000  0.645756
      704000  0.634442
      705000  0.645768
      706000  0.654273
      707000  0.653691
      708000  0.662037
      709000  0.662720
      710000  0.651938
      711000  0.645282
      712000  0.659753
      713000  0.657141
      714000  0.644174
      715000  0.650682
      716000  0.647705
      717000  0.640844
      718000  0.657128
      719000  0.650896
      720000  0.638411
      721000  0.653197
      722000  0.639978
      723000  0.647545
      724000  0.644328
      725000  0.648424
      726000  0.647038
      727000  0.648949
      728000  0.636058
      729000  0.643537
      730000  0.651432
      731000  0.648453
      732000  0.654456
      733000  0.650419
      734000  0.639587
      735000  0.642472
      736000  0.660452
      737000  0.644431
      738000  0.651151
      739000  0.639825
      740000  0.635937
      741000  0.645886
      742000  0.640564
      743000  0.654385
      744000  0.652257
      745000  0.644407
      746000  0.653851
      747000  0.652308
      748000  0.642710
      749000  0.645931
      750000  0.651837
      751000  0.646563
      752000  0.640153
      753000  0.652780
      754000  0.632519
      755000  0.641055
      756000  0.650333
      757000  0.647635
      758000  0.649652
      759000  0.651780
      760000  0.638782
      761000  0.640140
      762000  0.659669
      763000  0.659461
      764000  0.644125
      765000  0.647968
      766000  0.649855
      767000  0.641478
      768000  0.646099
      769000  0.654423
      770000  0.643441
      771000  0.653302
      772000  0.645521
      773000  0.664083
      774000  0.654648
      775000  0.658847
      776000  0.629242
      777000  0.649742
      778000  0.649320
      779000  0.649748
      780000  0.654376
      781000  0.648512
      782000  0.646819
      783000  0.645442
      784000  0.648490
      785000  0.652761
      786000  0.644546
      787000  0.647825
      788000  0.638747
      789000  0.654162
      790000  0.648163
      791000  0.659795
      792000  0.656495
      793000  0.656727
      794000  0.655378
      795000  0.638310
      796000  0.646530
      797000  0.644438
      798000  0.641081
      799000  0.656747
      800000  0.652592
      801000  0.649094
      802000  0.656542
      803000  0.643180
      804000  0.644865
      805000  0.642657
      806000  0.648377
      807000  0.649668
      808000  0.652090
      809000  0.648398
      810000  0.646526
      811000  0.646542
      812000  0.646809
      813000  0.644269
      814000  0.655731
      815000  0.632144
      816000  0.647693
      817000  0.650441
      818000  0.650730
      819000  0.644856
      820000  0.645420
      821000  0.654239
      822000  0.648146
      823000  0.647837
      824000  0.636497
      825000  0.637387
      826000  0.643790
      827000  0.658204
      828000  0.655213
      829000  0.659147
      830000  0.652556
      831000  0.655919
      832000  0.654526
      833000  0.647580
      834000  0.651359
      835000  0.654710
      836000  0.647934
      837000  0.644472
      838000  0.654685
      839000  0.641356
      840000  0.648368
      841000  0.646805
      842000  0.654632
      843000  0.648200
      844000  0.646980
      845000  0.657020
      846000  0.645214
      847000  0.652560
      848000  0.671796
      849000  0.644477
      850000  0.653546
      851000  0.649072
      852000  0.641516
      853000  0.643409
      854000  0.648327
      855000  0.649805
      856000  0.648731
      857000  0.655588
      858000  0.651577
      859000  0.648618
      860000  0.652864
      861000  0.651499
      862000  0.647481
      863000  0.649511
      864000  0.667249
      865000  0.639243
      866000  0.650301
      867000  0.638397
      868000  0.658784
      869000  0.637227
      870000  0.643657
      871000  0.648784
      872000  0.654236
      873000  0.649105
      874000  0.650741
      875000  0.651182
      876000  0.644912
      877000  0.658477
      878000  0.660298
      879000  0.643932
      880000  0.649781
      881000  0.635651
      882000  0.651672
      883000  0.650011
      884000  0.650423
      885000  0.649486
      886000  0.654680
      887000  0.651428
      888000  0.647294
      889000  0.650873
      890000  0.651522
      891000  0.655383
      892000  0.641771
      893000  0.648434
      894000  0.649955
      895000  0.650295
      896000  0.655141
      897000  0.653298
      898000  0.665844
      899000  0.643555
      900000  0.643967
      901000  0.646741
      902000  0.645451
      903000  0.644692
      904000  0.646308
      905000  0.652853
      906000  0.658795
      907000  0.632514
      908000  0.652893
      909000  0.659951
      910000  0.643611
      911000  0.651216
      912000  0.649878
      913000  0.650727
      914000  0.657958
      915000  0.636127
      916000  0.648336
      917000  0.641681
      918000  0.654864
      919000  0.640925
      920000  0.649669
      921000  0.655286
      922000  0.655204
      923000  0.643223
      924000  0.654499
      925000  0.648952
      926000  0.653930
      927000  0.653252
      928000  0.645831
      929000  0.653443
      930000  0.640790
      931000  0.640747
      932000  0.653130
      933000  0.653088
      934000  0.648320
      935000  0.648307
      936000  0.640158
      937000  0.660973
      938000  0.666514
      939000  0.640915
      940000  0.651917
      941000  0.652860
      942000  0.641218
      943000  0.655438
      944000  0.660210
      945000  0.651586
      946000  0.644746
      947000  0.643992
      948000  0.653736
      949000  0.649008
      950000  0.648255
      951000  0.646507
      952000  0.648416
      953000  0.653658
      954000  0.649595
      955000  0.640458
      956000  0.643040
      957000  0.644594
      958000  0.656031
      959000  0.655093
      960000  0.648291
      961000  0.655244
      962000  0.645619
      963000  0.636556
      964000  0.647034
      965000  0.647428
      966000  0.646583
      967000  0.655201
      968000  0.650022
      969000  0.652082
      970000  0.644828
      971000  0.647254
      972000  0.652822
      973000  0.644482
      974000  0.653658
      975000  0.653461
      976000  0.647351
      977000  0.646167
      978000  0.646705
      979000  0.642782
      980000  0.652419
      981000  0.649555
      982000  0.647473
      983000  0.649558
      984000  0.662453
      985000  0.639953
      986000  0.641635
      987000  0.650118
      988000  0.656141
      989000  0.653632
      990000  0.662009
      991000  0.641663
      992000  0.649254
      993000  0.636398
      994000  0.656228
      995000  0.644611
      996000  0.642510
      997000  0.642634
      998000  0.650074
      999000  0.646770
     1000000  0.659451
