       1000 -26621.017033
       2000 -26627.217709
       3000 -26620.511141
       4000 -26620.510661
       5000 -26620.139104
       6000 -26625.286789
       7000 -26622.337166
       8000 -26620.141120
       9000 -26620.334513
      10000 -26620.156321
      11000 -26620.547820
      12000 -26620.544471
      13000 -26620.138895
      14000 -26622.192047
      15000 -26620.202180
      16000 -26620.751008
      17000 -26620.230002
      18000 -26620.321912
      19000 -26620.264080
      20000 -26620.505533
      21000 -26620.168302
      22000 -26620.138777
      23000 -26624.886218
      24000 -26620.149716
      25000 -26620.663166
      26000 -26620.201371
      27000 -26620.248611
      28000 -26625.766409
      29000 -26620.191668
      30000 -26620.536008
      31000 -26620.242684
      32000 -26620.258827
      33000 -26621.159562
      34000 -26620.139943
      35000 -26620.142719
      36000 -26620.829018
      37000 -26620.159740
      38000 -26620.392240
      39000 -26620.860045
      40000 -26620.898215
      41000 -26620.369912
      42000 -26620.139327
      43000 -26620.151456
      44000 -26621.752822
      45000 -26620.138776
      46000 -26620.525250
      47000 -26620.206375
      48000 -26620.160649
      49000 -26620.787872
      50000 -26621.795085
      51000 -26624.539394
      52000 -26620.369478
      53000 -26620.498456
      54000 -26620.665147
      55000 -26620.355531
      56000 -26620.198569
      57000 -26620.510452
      58000 -26620.195779
      59000 -26621.091752
      60000 -26620.322000
      61000 -26620.227685
      62000 -26620.731577
      63000 -26620.268372
      64000 -26620.436598
      65000 -26621.210170
      66000 -26620.140573
      67000 -26622.307020
      68000 -26620.532006
      69000 -26620.160122
      70000 -26620.202191
      71000 -26620.473376
      72000 -26620.162804
      73000 -26620.779249
      74000 -26620.200863
      75000 -26620.376810
      76000 -26620.147806
      77000 -26620.284249
      78000 -26620.341373
      79000 -26620.908365
      80000 -26620.218148
      81000 -26620.404093
      82000 -26620.140135
      83000 -26622.544571
      84000 -26622.122291
      85000 -26620.226425
      86000 -26620.260885
      87000 -26620.198726
      88000 -26620.601872
      89000 -26620.151004
      90000 -26620.297495
      91000 -26620.406249
      92000 -26620.309623
      93000 -26620.690292
      94000 -26620.303120
      95000 -26620.393040
      96000 -26620.193321
      97000 -26620.416338
      98000 -26620.287725
      99000 -26620.262156
     100000 -26620.308534
     101000 -26620.903981
     102000 -26620.147450
     103000 -26620.216068
     104000 -26620.142587
     105000 -26620.143204
     106000 -26620.410518
     107000 -26620.140617
     108000 -26620.645725
     109000 -26620.210188
     110000 -26621.637336
     111000 -26620.362001
     112000 -26620.154809
     113000 -26620.577309
     114000 -26623.762765
     115000 -26625.548564
     116000 -26622.753547
     117000 -26620.160521
     118000 -26620.581495
     119000 -26620.195260
     120000 -26620.293006
     121000 -26620.139410
     122000 -26620.963883
     123000 -26620.139921
     124000 -26620.583849
     125000 -26620.360837
     126000 -26620.943923
     127000 -26620.141753
     128000 -26620.156567
     129000 -26620.204184
     130000 -26620.139341
     131000 -26620.651012
     132000 -26621.093472
     133000 -26620.728652
     134000 -26620.975419
     135000 -26620.359315
     136000 -26625.296165
     137000 -26620.278161
     138000 -26620.140163
     139000 -26620.227433
     140000 -26620.300996
     141000 -26620.142534
     142000 -26621.221292
     143000 -26620.647014
     144000 -26620.549221
     145000 -26620.184819
     146000 -26620.508189
     147000 -26620.164807
     148000 -26620.475617
     149000 -26620.294239
     150000 -26620.733049
     151000 -26620.668912
     152000 -26621.938330
     153000 -26620.192463
     154000 -26620.139303
     155000 -26620.820986
     156000 -26620.268808
     157000 -26620.398845
     158000 -26620.272966
     159000 -26620.210176
     160000 -26620.222408
     161000 -26624.017673
     162000 -26621.557935
     163000 -26620.140558
     164000 -26620.478393
     165000 -26620.381204
     166000 -26620.189368
     167000 -26620.740185
     168000 -26620.374410
     169000 -26620.635867
     170000 -26621.280083
     171000 -26620.546111
     172000 -26620.513700
     173000 -26620.464954
     174000 -26620.162864
     175000 -26620.222706
     176000 -26620.600037
     177000 -26620.202658
     178000 -26620.302390
     179000 -26621.589423
     180000 -26620.412888
     181000 -26622.125616
     182000 -26620.148136
     183000 -26621.178776
     184000 -26624.391512
     185000 -26620.138779
     186000 -26621.803117
     187000 -26620.562702
     188000 -26620.648299
     189000 -26620.348678
     190000 -26620.139007
     191000 -26620.704917
     192000 -26620.668979
     193000 -26620.139019
     194000 -26621.410345
     195000 -26620.140364
     196000 -26626.113488
     197000 -26620.145345
     198000 -26621.029680
     199000 -26620.190426
     200000 -26620.167662
     201000 -26620.422609
     202000 -26620.368116
     203000 -26620.911087
     204000 -26620.187400
     205000 -26620.269442
     206000 -26620.194934
     207000 -26621.035994
     208000 -26620.184617
     209000 -26620.636110
     210000 -26620.501462
     211000 -26620.338906
     212000 -26621.534875
     213000 -26621.110958
     214000 -26620.183273
     215000 -26621.924868
     216000 -26620.340262
     217000 -26620.863594
     218000 -26620.435989
     219000 -26620.144644
     220000 -26621.013078
     221000 -26620.274250
     222000 -26620.625695
     223000 -26620.773762
     224000 -26620.724812
     225000 -26620.227766
     226000 -26620.267162
     227000 -26620.179678
     228000 -26620.783472
     229000 -26620.174609
     230000 -26620.624995
     231000 -26620.183386
     232000 -26620.196247
     233000 -26620.225878
     234000 -26620.617542
     235000 -26620.151275
     236000 -26621.598947
     237000 -26620.373325
     238000 -26621.061419
     239000 -26622.262022
     240000 -26620.218618
     241000 -26621.204083
     242000 -26620.262475
     243000 -26624.924312
     244000 -26620.461304
     245000 -26620.182591
     246000 -26620.713146
     247000 -26620.229988
     248000 -26620.413802
     249000 -26620.497036
     250000 -26620.159997
     251000 -26621.305516
     252000 -26620.140713
     253000 -26620.598868
     254000 -26620.532335
     255000 -26620.160314
     256000 -26620.218023
     257000 -26621.276068
     258000 -26621.715952
     259000 -26620.138939
     260000 -26620.156190
     261000 -26620.188946
     262000 -26621.739307
     263000 -26620.243454
     264000 -26620.228541
     265000 -26620.173688
     266000 -26620.477144
     267000 -26620.138989
     268000 -26621.031359
     269000 -26620.790567
     270000 -26621.073586
     271000 -26620.730301
     272000 -26620.141373
     273000 -26621.175473
     274000 -26620.469561
     275000 -26620.162374
     276000 -26620.203381
     277000 -26620.667944
     278000 -26620.444869
     279000 -26621.226881
     280000 -26625.891880
     281000 -26620.138794
     282000 -26620.739898
     283000 -26620.419644
     284000 -26620.248315
     285000 -26625.731845
     286000 -26620.168046
     287000 -26625.284435
     288000 -26620.230563
     289000 -26620.148240
     290000 -26622.999104
     291000 -26620.139479
     292000 -26620.176819
     293000 -26620.188784
     294000 -26620.440532
     295000 -26622.277803
     296000 -26620.279500
     297000 -26620.536791
     298000 -26620.145009
     299000 -26620.543156
     300000 -26620.777422
     301000 -26620.816983
     302000 -26620.159258
     303000 -26621.274526
     304000 -26620.143838
     305000 -26620.139771
     306000 -26621.278511
     307000 -26620.205770
     308000 -26621.785384
     309000 -26620.191860
     310000 -26620.274426
     311000 -26620.441650
     312000 -26620.151337
     313000 -26620.323689
     314000 -26620.139963
     315000 -26621.118534
     316000 -26620.139106
     317000 -26620.246445
     318000 -26620.316626
     319000 -26620.197802
     320000 -26620.701909
     321000 -26620.273918
     322000 -26620.794093
     323000 -26620.138778
     324000 -26620.230915
     325000 -26620.139587
     326000 -26620.221403
     327000 -26620.150364
     328000 -26620.139359
     329000 -26620.312350
     330000 -26620.578372
     331000 -26620.693254
     332000 -26620.147442
     333000 -26620.142287
     334000 -26623.009508
     335000 -26620.143868
     336000 -26621.057432
     337000 -26620.741765
     338000 -26621.218583
     339000 -26620.223482
     340000 -26620.162951
     341000 -26620.849028
     342000 -26620.761107
     343000 -26620.153221
     344000 -26620.164471
     345000 -26620.762117
     346000 -26621.875701
     347000 -26620.138900
     348000 -26621.577011
     349000 -26620.158512
     350000 -26621.620169
     351000 -26621.561655
     352000 -26621.056294
     353000 -26620.276289
     354000 -26620.161679
     355000 -26620.313839
     356000 -26620.331811
     357000 -26620.172607
     358000 -26620.151564
     359000 -26620.138779
     360000 -26623.090615
     361000 -26621.664781
     362000 -26621.205719
     363000 -26621.128487
     364000 -26620.242424
     365000 -26621.277891
     366000 -26620.153061
     367000 -26621.089820
     368000 -26620.396752
     369000 -26620.195296
     370000 -26620.513048
     371000 -26620.143577
     372000 -26621.200356
     373000 -26620.498143
     374000 -26620.293512
     375000 -26620.348553
     376000 -26620.473768
     377000 -26620.246702
     378000 -26620.294585
     379000 -26620.475049
     380000 -26620.335738
     381000 -26621.925136
     382000 -26621.403871
     383000 -26620.329488
     384000 -26621.167223
     385000 -26620.183511
     386000 -26620.138995
     387000 -26620.144717
     388000 -26620.138907
     389000 -26620.798049
     390000 -26620.212301
     391000 -26620.481563
     392000 -26620.138888
     393000 -26620.409462
     394000 -26622.030439
     395000 -26620.317667
     396000 -26620.268815
     397000 -26620.216970
     398000 -26620.540835
     399000 -26620.403994
     400000 -26621.075690
     401000 -26620.953800
     402000 -26621.153403
     403000 -26621.226295
     404000 -26622.452264
     405000 -26620.405736
     406000 -26620.266423
     407000 -26621.820042
     408000 -26621.004000
     409000 -26620.168572
     410000 -26620.699844
     411000 -26620.197790
     412000 -26621.425757
     413000 -26620.167450
     414000 -26620.536756
     415000 -26620.171036
     416000 -26621.237465
     417000 -26620.180020
     418000 -26620.538847
     419000 -26620.280175
     420000 -26621.869267
     421000 -26620.215620
     422000 -26620.531618
     423000 -26620.344770
     424000 -26620.270878
     425000 -26620.162107
     426000 -26620.307385
     427000 -26620.138788
     428000 -26620.189033
     429000 -26620.350991
     430000 -26620.466306
     431000 -26620.478093
     432000 -26620.336742
     433000 -26620.614666
     434000 -26620.990145
     435000 -26620.642356
     436000 -26620.465165
     437000 -26620.140163
     438000 -26620.264303
     439000 -26620.944852
     440000 -26620.211785
     441000 -26620.684055
     442000 -26620.142231
     443000 -26620.579454
     444000 -26620.584120
     445000 -26620.145786
     446000 -26620.171145
     447000 -26620.241438
     448000 -26620.172560
     449000 -26620.219316
     450000 -26621.412163
     451000 -26624.800733
     452000 -26621.022877
     453000 -26620.208494
     454000 -26620.921608
     455000 -26620.533206
     456000 -26620.177074
     457000 -26625.508271
     458000 -26621.379749
     459000 -26620.379430
     460000 -26620.213794
     461000 -26620.896881
     462000 -26620.178942
     463000 -26621.505377
     464000 -26620.191526
     465000 -26620.141804
     466000 -26620.451142
     467000 -26620.200457
     468000 -26620.534135
     469000 -26622.019445
     470000 -26620.530375
     471000 -26622.753087
     472000 -26620.269931
     473000 -26620.212630
     474000 -26620.150106
     475000 -26620.482423
     476000 -26620.179808
     477000 -26620.160725
     478000 -26620.786112
     479000 -26620.138844
     480000 -26620.182255
     481000 -26625.891565
     482000 -26620.161692
     483000 -26620.140320
     484000 -26622.020508
     485000 -26620.218290
     486000 -26623.097593
     487000 -26620.986342
     488000 -26620.319180
     489000 -26620.584453
     490000 -26620.247729
     491000 -26620.169590
     492000 -26621.419586
     493000 -26623.446648
     494000 -26621.934346
     495000 -26620.138831
     496000 -26620.492344
     497000 -26621.936757
     498000 -26621.904745
     499000 -26620.590268
     500000 -26620.435633
     501000 -26620.256465
     502000 -26620.147973
     503000 -26621.576431
     504000 -26620.294464
     505000 -26620.339588
     506000 -26620.398863
     507000 -26620.234861
     508000 -26620.474116
     509000 -26621.335115
     510000 -26620.177933
     511000 -26621.166896
     512000 -26622.341894
     513000 -26620.290380
     514000 -26623.060373
     515000 -26620.278305
     516000 -26620.538397
     517000 -26620.163684
     518000 -26620.745902
     519000 -26620.207346
     520000 -26620.158695
     521000 -26620.278061
     522000 -26620.138930
     523000 -26620.144673
     524000 -26620.214369
     525000 -26621.369436
     526000 -26620.188900
     527000 -26620.373549
     528000 -26620.658348
     529000 -26624.468746
     530000 -26620.308606
     531000 -26620.812671
     532000 -26620.139638
     533000 -26620.218982
     534000 -26620.451060
     535000 -26620.151703
     536000 -26620.398528
     537000 -26620.500517
     538000 -26621.630014
     539000 -26623.351860
     540000 -26620.366663
     541000 -26620.175489
     542000 -26620.250622
     543000 -26620.186070
     544000 -26620.189024
     545000 -26620.380543
     546000 -26621.219828
     547000 -26621.577941
     548000 -26620.437292
     549000 -26620.215915
     550000 -26620.357164
     551000 -26620.142919
     552000 -26620.371377
     553000 -26620.392746
     554000 -26620.412846
     555000 -26623.048288
     556000 -26620.499317
     557000 -26620.289671
     558000 -26620.218272
     559000 -26620.178628
     560000 -26620.197865
     561000 -26620.143637
     562000 -26620.677306
     563000 -26620.256796
     564000 -26620.895608
     565000 -26620.213123
     566000 -26621.078185
     567000 -26620.235978
     568000 -26620.138825
     569000 -26620.175776
     570000 -26620.172295
     571000 -26620.901965
     572000 -26620.441535
     573000 -26620.239398
     574000 -26620.151814
     575000 -26620.348672
     576000 -26620.138844
     577000 -26620.466236
     578000 -26620.503922
     579000 -26620.982706
     580000 -26620.552410
     581000 -26621.080649
     582000 -26620.243964
     583000 -26622.171960
     584000 -26622.887048
     585000 -26620.581843
     586000 -26620.139927
     587000 -26620.190398
     588000 -26621.154161
     589000 -26626.945804
     590000 -26620.250569
     591000 -26620.744988
     592000 -26620.492742
     593000 -26621.657098
     594000 -26620.142616
     595000 -26620.150468
     596000 -26621.288532
     597000 -26621.429017
     598000 -26620.592035
     599000 -26620.227733
     600000 -26620.138931
     601000 -26620.142641
     602000 -26620.221586
     603000 -26620.241572
     604000 -26620.158581
     605000 -26620.146955
     606000 -26621.032950
     607000 -26620.474797
     608000 -26621.823108
     609000 -26621.168117
     610000 -26620.201247
     611000 -26620.852917
     612000 -26620.307513
     613000 -26620.159543
     614000 -26620.355486
     615000 -26620.261625
     616000 -26620.171104
     617000 -26622.449272
     618000 -26620.400427
     619000 -26621.300761
     620000 -26620.184049
     621000 -26620.506686
     622000 -26620.512497
     623000 -26620.851987
     624000 -26621.107186
     625000 -26620.204533
     626000 -26620.512579
     627000 -26620.153211
     628000 -26620.706789
     629000 -26620.499812
     630000 -26621.012892
     631000 -26620.928916
     632000 -26620.138910
     633000 -26620.591513
     634000 -26625.281459
     635000 -26620.452511
     636000 -26620.155167
     637000 -26620.138975
     638000 -26620.269159
     639000 -26620.163001
     640000 -26620.149482
     641000 -26620.822771
     642000 -26620.659554
     643000 -26620.177531
     644000 -26620.254506
     645000 -26620.164222
     646000 -26620.232166
     647000 -26620.149724
     648000 -26620.198927
     649000 -26620.160725
     650000 -26620.139239
     651000 -26621.634180
     652000 -26620.155683
     653000 -26621.644630
     654000 -26620.376976
     655000 -26620.142404
     656000 -26621.934691
     657000 -26620.311246
     658000 -26622.695236
     659000 -26620.174408
     660000 -26620.243002
     661000 -26620.158194
     662000 -26620.373745
     663000 -26620.232198
     664000 -26620.276210
     665000 -26620.447170
     666000 -26620.186175
     667000 -26620.428544
     668000 -26620.908011
     669000 -26620.138960
     670000 -26620.142702
     671000 -26620.764034
     672000 -26621.972601
     673000 -26620.145773
     674000 -26620.366858
     675000 -26620.796897
     676000 -26620.503951
     677000 -26620.199157
     678000 -26620.294498
     679000 -26620.179441
     680000 -26620.192987
     681000 -26620.165583
     682000 -26620.206027
     683000 -26620.962322
     684000 -26620.294175
     685000 -26621.110207
     686000 -26620.245887
     687000 -26620.159603
     688000 -26620.158169
     689000 -26620.223169
     690000 -26621.120689
     691000 -26621.315672
     692000 -26620.175384
     693000 -26620.160500
     694000 -26620.751130
     695000 -26621.271210
     696000 -26620.359955
     697000 -26621.492970
     698000 -26620.477253
     699000 -26620.750015
     700000 -26620.265751
     701000 -26620.402290
     702000 -26622.791707
     703000 -26620.785561
     704000 -26620.199291
     705000 -26620.196270
     706000 -26620.153081
     707000 -26620.151607
     708000 -26621.062644
     709000 -26620.266148
     710000 -26620.190410
     711000 -26620.141883
     712000 -26620.154945
     713000 -26620.300452
     714000 -26620.425813
     715000 -26620.176892
     716000 -26620.412443
     717000 -26622.149059
     718000 -26620.138915
     719000 -26620.711654
     720000 -26620.440424
     721000 -26622.092465
     722000 -26621.371415
     723000 -26620.575257
     724000 -26620.157580
     725000 -26620.173704
     726000 -26620.321476
     727000 -26620.194820
     728000 -26620.260135
     729000 -26620.590299
     730000 -26622.807979
     731000 -26620.330890
     732000 -26621.389811
     733000 -26620.179477
     734000 -26621.072746
     735000 -26620.177581
     736000 -26620.460006
     737000 -26620.142263
     738000 -26620.265139
     739000 -26620.161052
     740000 -26621.339086
     741000 -26620.145616
     742000 -26621.009130
     743000 -26621.633381
     744000 -26621.788030
     745000 -26621.673198
     746000 -26621.442699
     747000 -26621.605293
     748000 -26620.745207
     749000 -26620.163046
     750000 -26620.311832
     751000 -26620.583302
     752000 -26620.142779
     753000 -26624.983936
     754000 -26620.139524
     755000 -26620.143165
     756000 -26621.327890
     757000 -26620.676911
     758000 -26622.717240
     759000 -26620.827120
     760000 -26620.782907
     761000 -26621.416225
     762000 -26620.257688
     763000 -26620.463955
     764000 -26620.622432
     765000 -26620.139759
     766000 -26620.376646
     767000 -26620.659441
     768000 -26620.238424
     769000 -26620.152648
     770000 -26621.209217
     771000 -26620.246642
     772000 -26620.276905
     773000 -26620.213831
     774000 -26620.913465
     775000 -26620.140322
     776000 -26620.138882
     777000 -26620.453460
     778000 -26620.147650
     779000 -26621.703051
     780000 -26620.162695
     781000 -26623.708507
     782000 -26620.282997
     783000 -26620.234384
     784000 -26621.672287
     785000 -26621.609120
     786000 -26620.169583
     787000 -26620.143939
     788000 -26621.822927
     789000 -26620.473670
     790000 -26620.306336
     791000 -26620.679862
     792000 -26620.197772
     793000 -26620.166767
     794000 -26620.200115
     795000 -26620.139271
     796000 -26620.146305
     797000 -26620.147131
     798000 -26621.017193
     799000 -26624.709811
     800000 -26620.262979
     801000 -26620.539115
     802000 -26620.166505
     803000 -26620.794510
     804000 -26620.141485
     805000 -26620.727049
     806000 -26620.138872
     807000 -26620.280638
     808000 -26620.682276
     809000 -26620.314254
     810000 -26620.317293
     811000 -26620.154900
     812000 -26623.173851
     813000 -26620.144303
     814000 -26620.432694
     815000 -26620.566402
     816000 -26620.857716
     817000 -26620.144511
     818000 -26620.306101
     819000 -26620.440380
     820000 -26620.654013
     821000 -26620.140470
     822000 -26620.341972
     823000 -26620.240801
     824000 -26620.343335
     825000 -26622.421777
     826000 -26620.162610
     827000 -26621.418919
     828000 -26621.192785
     829000 -26621.595229
     830000 -26620.417936
     831000 -26620.837203
     832000 -26620.150101
     833000 -26620.138782
     834000 -26620.190766
     835000 -26621.061805
     836000 -26621.917161
     837000 -26620.230484
     838000 -26620.789550
     839000 -26620.383801
     840000 -26620.479385
     841000 -26620.480616
     842000 -26620.817904
     843000 -26620.557441
     844000 -26620.172033
     845000 -26620.215132
     846000 -26620.138778
     847000 -26620.235988
     848000 -26620.139239
     849000 -26620.174524
     850000 -26621.978951
     851000 -26620.143558
     852000 -26621.118041
     853000 -26620.457662
     854000 -26620.544934
     855000 -26622.582649
     856000 -26620.728932
     857000 -26620.154542
     858000 -26620.152263
     859000 -26620.282838
     860000 -26620.414881
     861000 -26620.334194
     862000 -26620.226972
     863000 -26621.086635
     864000 -26620.232411
     865000 -26620.668420
     866000 -26620.863649
     867000 -26620.141504
     868000 -26620.389740
     869000 -26621.947157
     870000 -26620.612939
     871000 -26620.170841
     872000 -26620.377659
     873000 -26620.156125
     874000 -26620.138792
     875000 -26620.339913
     876000 -26620.345212
     877000 -26620.146679
     878000 -26620.963451
     879000 -26620.352528
     880000 -26620.286864
     881000 -26620.462678
     882000 -26620.149358
     883000 -26621.875640
     884000 -26622.338816
     885000 -26620.174021
     886000 -26620.222406
     887000 -26620.257705
     888000 -26622.472864
     889000 -26620.244172
     890000 -26620.351129
     891000 -26620.570677
     892000 -26620.194473
     893000 -26620.554642
     894000 -26620.242861
     895000 -26621.069528
     896000 -26620.744834
     897000 -26620.143140
     898000 -26620.163536
     899000 -26621.035525
     900000 -26620.160706
     901000 -26621.100698
     902000 -26620.374970
     903000 -26620.798399
     904000 -26620.706103
     905000 -26620.143548
     906000 -26620.585032
     907000 -26621.763636
     908000 -26621.527949
     909000 -26620.140554
     910000 -26620.366753
     911000 -26620.295291
     912000 -26620.537005
     913000 -26620.158940
     914000 -26622.283368
     915000 -26623.233260
     916000 -26620.209031
     917000 -26620.156041
     918000 -26620.275883
     919000 -26621.110748
     920000 -26620.467934
     921000 -26620.369409
     922000 -26620.147296
     923000 -26620.152183
     924000 -26620.157676
     925000 -26620.793689
     926000 -26621.011855
     927000 -26620.141855
     928000 -26621.934620
     929000 -26620.330738
     930000 -26620.403195
     931000 -26620.140734
     932000 -26620.848447
     933000 -26620.792498
     934000 -26620.196963
     935000 -26620.147388
     936000 -26621.370900
     937000 -26620.308653
     938000 -26621.909615
     939000 -26620.495665
     940000 -26620.152417
     941000 -26621.828398
     942000 -26620.945697
     943000 -26620.525185
     944000 -26620.246993
     945000 -26621.513579
     946000 -26620.233129
     947000 -26620.701087
     948000 -26620.438461
     949000 -26622.338262
     950000 -26620.282244
     951000 -26620.921597
     952000 -26624.398636
     953000 -26620.184620
     954000 -26620.269172
     955000 -26621.497220
     956000 -26620.315849
     957000 -26621.728495
     958000 -26620.325503
     959000 -26624.861180
     960000 -26620.148919
     961000 -26620.167074
     962000 -26620.157381
     963000 -26620.884646
     964000 -26620.142185
     965000 -26620.141714
     966000 -26620.485687
     967000 -26620.753243
     968000 -26620.177781
     969000 -26620.140198
     970000 -26620.616613
     971000 -26620.595151
     972000 -26620.179500
     973000 -26620.211136
     974000 -26620.153168
     975000 -26622.366472
     976000 -26620.479018
     977000 -26620.571600
     978000 -26622.578557
     979000 -26620.330789
     980000 -26620.150766
     981000 -26620.658158
     982000 -26621.281777
     983000 -26620.181430
     984000 -26620.139373
     985000 -26624.651214
     986000 -26622.072713
     987000 -26622.668670
     988000 -26620.148667
     989000 -26622.341630
     990000 -26620.160475
     991000 -26620.238893
     992000 -26620.403725
     993000 -26620.141911
     994000 -26621.107141
     995000 -26621.078914
     996000 -26620.138923
     997000 -26620.387781
     998000 -26620.736701
     999000 -26620.139417
    1000000 -26620.270883
