       1000 -26711.209328
       2000 -26709.983377
       3000 -26710.574255
       4000 -26710.077349
       5000 -26709.984836
       6000 -26710.171357
       7000 -26710.003284
       8000 -26711.238601
       9000 -26710.350150
      10000 -26710.677271
      11000 -26710.106814
      12000 -26710.042497
      13000 -26710.128530
      14000 -26713.549168
      15000 -26711.432919
      16000 -26709.987238
      17000 -26710.105659
      18000 -26710.310690
      19000 -26710.517197
      20000 -26711.724371
      21000 -26710.924554
      22000 -26711.214636
      23000 -26711.294463
      24000 -26711.191843
      25000 -26710.059017
      26000 -26713.553893
      27000 -26710.469882
      28000 -26709.984579
      29000 -26710.143835
      30000 -26710.676098
      31000 -26710.336051
      32000 -26710.883572
      33000 -26710.336090
      34000 -26710.432950
      35000 -26710.091021
      36000 -26710.302580
      37000 -26710.203143
      38000 -26710.199777
      39000 -26710.177879
      40000 -26710.334967
      41000 -26709.985460
      42000 -26710.202760
      43000 -26710.189479
      44000 -26710.038775
      45000 -26710.687491
      46000 -26710.049045
      47000 -26710.013958
      48000 -26710.001428
      49000 -26712.068986
      50000 -26710.003732
      51000 -26711.289986
      52000 -26710.526694
      53000 -26710.487234
      54000 -26710.049649
      55000 -26710.005604
      56000 -26710.036285
      57000 -26710.035600
      58000 -26710.115703
      59000 -26710.199969
      60000 -26710.530786
      61000 -26712.850462
      62000 -26712.569300
      63000 -26710.380415
      64000 -26710.602320
      65000 -26710.748825
      66000 -26710.187458
      67000 -26709.987341
      68000 -26710.329374
      69000 -26710.125917
      70000 -26710.194913
      71000 -26710.196168
      72000 -26714.088239
      73000 -26710.339777
      74000 -26710.485944
      75000 -26710.276873
      76000 -26710.095086
      77000 -26710.903854
      78000 -26709.983381
      79000 -26710.610392
      80000 -26710.170455
      81000 -26710.004762
      82000 -26712.899776
      83000 -26710.034418
      84000 -26712.648930
      85000 -26710.138358
      86000 -26710.764651
      87000 -26715.166017
      88000 -26710.140059
      89000 -26711.744451
      90000 -26710.185198
      91000 -26711.307714
      92000 -26710.570908
      93000 -26710.803113
      94000 -26710.515199
      95000 -26710.224623
      96000 -26710.451936
      97000 -26711.990754
      98000 -26710.278334
      99000 -26710.521741
     100000 -26710.340752
     101000 -26712.684481
     102000 -26710.171690
     103000 -26710.912393
     104000 -26709.984398
     105000 -26713.613242
     106000 -26713.458284
     107000 -26711.009502
     108000 -26710.000405
     109000 -26710.559507
     110000 -26710.022457
     111000 -26710.005472
     112000 -26717.774432
     113000 -26710.018034
     114000 -26710.557062
     115000 -26710.739315
     116000 -26710.036179
     117000 -26710.575494
     118000 -26711.940462
     119000 -26710.228509
     120000 -26710.712086
     121000 -26710.154982
     122000 -26713.443265
     123000 -26710.640342
     124000 -26710.020894
     125000 -26709.995217
     126000 -26710.310627
     127000 -26710.399365
     128000 -26710.019824
     129000 -26710.050851
     130000 -26710.015036
     131000 -26713.471366
     132000 -26714.378912
     133000 -26710.739427
     134000 -26710.142519
     135000 -26710.008203
     136000 -26710.146472
     137000 -26710.600905
     138000 -26714.505219
     139000 -26710.070214
     140000 -26710.314087
     141000 -26711.079979
     142000 -26710.001464
     143000 -26710.319705
     144000 -26714.599686
     145000 -26710.001610
     146000 -26709.999111
     147000 -26710.300703
     148000 -26710.100552
     149000 -26709.991100
     150000 -26710.411559
     151000 -26710.779623
     152000 -26710.057760
     153000 -26710.083371
     154000 -26709.994961
     155000 -26709.996138
     156000 -26710.592579
     157000 -26710.693016
     158000 -26710.072141
     159000 -26710.720595
     160000 -26710.098344
     161000 -26710.736121
     162000 -26710.011675
     163000 -26710.582102
     164000 -26710.008000
     165000 -26710.711321
     166000 -26711.910601
     167000 -26710.828784
     168000 -26710.082409
     169000 -26710.708558
     170000 -26713.476355
     171000 -26710.567603
     172000 -26714.509386
     173000 -26710.120779
     174000 -26710.139832
     175000 -26710.264015
     176000 -26710.684008
     177000 -26710.870861
     178000 -26710.263099
     179000 -26710.954447
     180000 -26710.411537
     181000 -26710.072603
     182000 -26711.448821
     183000 -26710.372407
     184000 -26709.983480
     185000 -26712.375516
     186000 -26711.102322
     187000 -26710.124285
     188000 -26709.991327
     189000 -26709.984987
     190000 -26710.499971
     191000 -26709.985177
     192000 -26713.451275
     193000 -26713.122727
     194000 -26710.033023
     195000 -26710.208980
     196000 -26711.123365
     197000 -26711.844436
     198000 -26711.402587
     199000 -26709.986419
     200000 -26711.243467
     201000 -26710.055715
     202000 -26711.487822
     203000 -26710.617238
     204000 -26709.983614
     205000 -26710.071676
     206000 -26709.985199
     207000 -26710.534982
     208000 -26710.212309
     209000 -26711.339314
     210000 -26710.039612
     211000 -26710.655301
     212000 -26710.617052
     213000 -26710.013014
     214000 -26710.592314
     215000 -26713.818390
     216000 -26709.988647
     217000 -26713.445127
     218000 -26711.490175
     219000 -26710.015119
     220000 -26710.346178
     221000 -26710.019449
     222000 -26710.038169
     223000 -26714.177515
     224000 -26709.984131
     225000 -26710.055112
     226000 -26710.401466
     227000 -26710.529878
     228000 -26713.741836
     229000 -26710.028798
     230000 -26711.173352
     231000 -26710.094557
     232000 -26711.306502
     233000 -26710.960028
     234000 -26711.370661
     235000 -26710.802863
     236000 -26710.783337
     237000 -26709.984307
     238000 -26711.539810
     239000 -26713.631257
     240000 -26711.739493
     241000 -26710.642820
     242000 -26712.598438
     243000 -26710.633803
     244000 -26711.456743
     245000 -26710.244730
     246000 -26710.338414
     247000 -26710.022444
     248000 -26709.983735
     249000 -26710.235360
     250000 -26710.034189
     251000 -26710.462481
     252000 -26710.980186
     253000 -26710.075472
     254000 -26711.206761
     255000 -26711.495141
     256000 -26710.756981
     257000 -26710.240475
     258000 -26711.679169
     259000 -26709.983751
     260000 -26709.989944
     261000 -26710.044000
     262000 -26710.121342
     263000 -26710.053152
     264000 -26710.040517
     265000 -26711.707391
     266000 -26710.710610
     267000 -26710.292100
     268000 -26710.192538
     269000 -26710.245573
     270000 -26710.729054
     271000 -26710.136704
     272000 -26710.365148
     273000 -26710.150179
     274000 -26713.421504
     275000 -26710.684605
     276000 -26710.150494
     277000 -26710.454829
     278000 -26709.996922
     279000 -26709.992954
     280000 -26710.038548
     281000 -26710.878586
     282000 -26710.014087
     283000 -26709.997787
     284000 -26709.986989
     285000 -26710.691399
     286000 -26710.018022
     287000 -26710.027203
     288000 -26710.009261
     289000 -26713.468545
     290000 -26710.568135
     291000 -26710.863432
     292000 -26710.847223
     293000 -26710.117648
     294000 -26710.818715
     295000 -26709.990288
     296000 -26710.109069
     297000 -26710.105337
     298000 -26710.048020
     299000 -26710.078778
     300000 -26710.122523
     301000 -26712.312858
     302000 -26710.665882
     303000 -26710.084621
     304000 -26710.901042
     305000 -26710.330830
     306000 -26710.237362
     307000 -26709.983688
     308000 -26710.863013
     309000 -26710.463707
     310000 -26710.439658
     311000 -26710.197251
     312000 -26710.158159
     313000 -26711.866628
     314000 -26710.021632
     315000 -26710.109052
     316000 -26711.244879
     317000 -26712.105943
     318000 -26710.005573
     319000 -26711.654814
     320000 -26710.078667
     321000 -26710.516811
     322000 -26709.997387
     323000 -26710.428229
     324000 -26714.924521
     325000 -26710.396364
     326000 -26709.989466
     327000 -26710.501276
     328000 -26710.021919
     329000 -26709.983709
     330000 -26710.049686
     331000 -26711.147001
     332000 -26709.985480
     333000 -26710.636352
     334000 -26710.043026
     335000 -26712.761133
     336000 -26710.265768
     337000 -26710.143292
     338000 -26710.222416
     339000 -26710.081813
     340000 -26711.948145
     341000 -26710.086912
     342000 -26712.234653
     343000 -26710.274885
     344000 -26710.466191
     345000 -26710.218067
     346000 -26710.308295
     347000 -26715.989488
     348000 -26710.036497
     349000 -26709.989378
     350000 -26710.002421
     351000 -26713.909502
     352000 -26713.434803
     353000 -26710.452657
     354000 -26710.239639
     355000 -26709.993543
     356000 -26709.995060
     357000 -26711.962951
     358000 -26710.483565
     359000 -26710.248183
     360000 -26709.984398
     361000 -26710.337593
     362000 -26710.085980
     363000 -26712.035564
     364000 -26710.027118
     365000 -26713.196617
     366000 -26709.987571
     367000 -26710.681671
     368000 -26709.988105
     369000 -26710.740622
     370000 -26710.576894
     371000 -26710.584263
     372000 -26709.986969
     373000 -26710.100258
     374000 -26710.319591
     375000 -26710.489913
     376000 -26710.324191
     377000 -26710.209997
     378000 -26710.771807
     379000 -26711.682639
     380000 -26710.033239
     381000 -26710.783683
     382000 -26710.061036
     383000 -26709.988822
     384000 -26710.252960
     385000 -26710.726663
     386000 -26710.249732
     387000 -26710.481678
     388000 -26710.000576
     389000 -26713.932393
     390000 -26710.638883
     391000 -26714.761991
     392000 -26710.845731
     393000 -26710.351859
     394000 -26710.029634
     395000 -26710.671105
     396000 -26710.363209
     397000 -26710.253386
     398000 -26710.222017
     399000 -26710.146403
     400000 -26710.013134
     401000 -26710.337047
     402000 -26710.118879
     403000 -26710.015997
     404000 -26710.633194
     405000 -26710.263501
     406000 -26713.530234
     407000 -26709.986826
     408000 -26710.009385
     409000 -26710.859096
     410000 -26710.008591
     411000 -26710.622242
     412000 -26711.224196
     413000 -26710.845499
     414000 -26710.017759
     415000 -26710.177090
     416000 -26711.339433
     417000 -26710.147749
     418000 -26711.655265
     419000 -26710.011078
     420000 -26710.014414
     421000 -26710.535934
     422000 -26710.434212
     423000 -26710.076938
     424000 -26710.345987
     425000 -26711.580407
     426000 -26709.987165
     427000 -26710.337452
     428000 -26710.632089
     429000 -26711.035296
     430000 -26711.320370
     431000 -26710.225570
     432000 -26711.039744
     433000 -26713.439299
     434000 -26711.759794
     435000 -26710.057184
     436000 -26711.127085
     437000 -26710.419990
     438000 -26710.635389
     439000 -26710.055818
     440000 -26709.995912
     441000 -26710.478274
     442000 -26710.917232
     443000 -26710.096448
     444000 -26710.244453
     445000 -26710.267141
     446000 -26710.276345
     447000 -26710.269338
     448000 -26711.157157
     449000 -26710.004670
     450000 -26711.052797
     451000 -26713.475812
     452000 -26710.514495
     453000 -26711.265597
     454000 -26712.169491
     455000 -26713.514075
     456000 -26710.205520
     457000 -26713.445110
     458000 -26710.091249
     459000 -26710.352255
     460000 -26710.930903
     461000 -26710.013938
     462000 -26710.196876
     463000 -26709.990012
     464000 -26710.059488
     465000 -26709.987711
     466000 -26710.062760
     467000 -26709.996071
     468000 -26710.308134
     469000 -26710.344985
     470000 -26710.554688
     471000 -26710.146562
     472000 -26710.020904
     473000 -26713.578625
     474000 -26709.999920
     475000 -26711.300222
     476000 -26710.160212
     477000 -26709.986251
     478000 -26710.101127
     479000 -26713.792522
     480000 -26710.223218
     481000 -26710.592549
     482000 -26710.478375
     483000 -26711.336064
     484000 -26710.008422
     485000 -26710.088748
     486000 -26710.133624
     487000 -26710.309124
     488000 -26710.112128
     489000 -26710.088798
     490000 -26710.001171
     491000 -26710.629699
     492000 -26710.109055
     493000 -26710.449388
     494000 -26709.987894
     495000 -26710.567631
     496000 -26710.060575
     497000 -26709.995512
     498000 -26710.019184
     499000 -26709.985871
     500000 -26710.219851
     501000 -26712.428430
     502000 -26711.968052
     503000 -26710.140792
     504000 -26710.633064
     505000 -26710.433039
     506000 -26709.985347
     507000 -26710.029825
     508000 -26710.024303
     509000 -26710.263138
     510000 -26710.240770
     511000 -26710.230648
     512000 -26710.491349
     513000 -26710.757602
     514000 -26713.441716
     515000 -26710.136095
     516000 -26710.219061
     517000 -26710.002682
     518000 -26711.183458
     519000 -26711.248721
     520000 -26710.693446
     521000 -26710.120386
     522000 -26710.011809
     523000 -26711.307799
     524000 -26710.340502
     525000 -26710.008962
     526000 -26710.402346
     527000 -26714.083138
     528000 -26710.687258
     529000 -26710.446692
     530000 -26710.810372
     531000 -26711.705961
     532000 -26710.304011
     533000 -26710.008624
     534000 -26710.076665
     535000 -26710.084178
     536000 -26710.264155
     537000 -26710.076058
     538000 -26710.294091
     539000 -26710.387514
     540000 -26710.066210
     541000 -26710.001327
     542000 -26709.987304
     543000 -26710.496130
     544000 -26710.703587
     545000 -26710.698461
     546000 -26709.987717
     547000 -26710.321040
     548000 -26709.986522
     549000 -26710.435929
     550000 -26710.007844
     551000 -26710.194021
     552000 -26710.010369
     553000 -26710.315906
     554000 -26711.739284
     555000 -26713.385221
     556000 -26710.197908
     557000 -26710.071494
     558000 -26710.157609
     559000 -26710.860175
     560000 -26709.986772
     561000 -26710.126870
     562000 -26710.151079
     563000 -26710.135657
     564000 -26710.042802
     565000 -26710.477326
     566000 -26715.117169
     567000 -26710.100617
     568000 -26712.533687
     569000 -26713.477021
     570000 -26713.660579
     571000 -26710.527912
     572000 -26710.090116
     573000 -26713.106389
     574000 -26710.093360
     575000 -26710.072386
     576000 -26711.275355
     577000 -26710.035256
     578000 -26711.465027
     579000 -26710.018891
     580000 -26710.141235
     581000 -26710.251641
     582000 -26713.976614
     583000 -26710.166269
     584000 -26710.165759
     585000 -26710.448513
     586000 -26710.196441
     587000 -26710.267692
     588000 -26710.696945
     589000 -26710.001718
     590000 -26709.983408
     591000 -26710.445205
     592000 -26713.893005
     593000 -26710.020029
     594000 -26710.201756
     595000 -26710.556431
     596000 -26710.116350
     597000 -26710.196767
     598000 -26711.298116
     599000 -26709.983971
     600000 -26715.590092
     601000 -26710.489593
     602000 -26710.001162
     603000 -26710.210719
     604000 -26710.341699
     605000 -26711.713139
     606000 -26710.735839
     607000 -26710.008399
     608000 -26710.115318
     609000 -26710.594835
     610000 -26709.986210
     611000 -26710.135256
     612000 -26711.658324
     613000 -26711.128112
     614000 -26711.165304
     615000 -26710.000013
     616000 -26710.267523
     617000 -26711.997457
     618000 -26712.294748
     619000 -26713.721176
     620000 -26709.989904
     621000 -26710.176497
     622000 -26710.025937
     623000 -26710.040679
     624000 -26709.991179
     625000 -26710.090048
     626000 -26710.597894
     627000 -26710.616041
     628000 -26710.321918
     629000 -26710.355790
     630000 -26710.081303
     631000 -26713.434089
     632000 -26710.980812
     633000 -26713.432384
     634000 -26710.169527
     635000 -26710.090312
     636000 -26710.201530
     637000 -26710.350124
     638000 -26710.014489
     639000 -26710.950438
     640000 -26710.738676
     641000 -26712.255272
     642000 -26712.260073
     643000 -26711.786585
     644000 -26710.008548
     645000 -26711.161289
     646000 -26709.999797
     647000 -26711.252602
     648000 -26710.069342
     649000 -26710.813974
     650000 -26710.046930
     651000 -26709.984120
     652000 -26715.254529
     653000 -26710.180774
     654000 -26709.987971
     655000 -26713.580596
     656000 -26711.527970
     657000 -26710.397099
     658000 -26710.536903
     659000 -26711.296215
     660000 -26710.371345
     661000 -26709.986295
     662000 -26712.293893
     663000 -26712.210785
     664000 -26710.374644
     665000 -26713.812134
     666000 -26712.258385
     667000 -26710.013557
     668000 -26710.331639
     669000 -26710.175490
     670000 -26711.171636
     671000 -26709.992745
     672000 -26711.396180
     673000 -26710.326741
     674000 -26710.234846
     675000 -26709.995956
     676000 -26710.004876
     677000 -26711.993838
     678000 -26712.145055
     679000 -26710.317503
     680000 -26709.989984
     681000 -26712.206864
     682000 -26710.070697
     683000 -26710.261183
     684000 -26710.124178
     685000 -26711.630256
     686000 -26713.295694
     687000 -26710.112080
     688000 -26710.148630
     689000 -26710.044405
     690000 -26710.347979
     691000 -26710.060438
     692000 -26710.034651
     693000 -26710.493832
     694000 -26714.231156
     695000 -26710.054230
     696000 -26710.787844
     697000 -26715.796564
     698000 -26710.309656
     699000 -26710.068207
     700000 -26710.031446
     701000 -26710.474882
     702000 -26710.090432
     703000 -26710.081810
     704000 -26713.710770
     705000 -26710.230382
     706000 -26712.031978
     707000 -26710.227352
     708000 -26710.002855
     709000 -26710.187910
     710000 -26710.001563
     711000 -26710.661819
     712000 -26711.388529
     713000 -26710.259155
     714000 -26709.983404
     715000 -26713.776364
     716000 -26710.233753
     717000 -26710.134869
     718000 -26710.105510
     719000 -26710.988111
     720000 -26711.519318
     721000 -26714.075763
     722000 -26713.553525
     723000 -26709.988591
     724000 -26709.984903
     725000 -26712.536921
     726000 -26709.993315
     727000 -26710.112049
     728000 -26710.654504
     729000 -26710.339060
     730000 -26711.374266
     731000 -26710.265764
     732000 -26711.679576
     733000 -26710.204698
     734000 -26709.983747
     735000 -26710.613371
     736000 -26711.705886
     737000 -26710.558933
     738000 -26710.163601
     739000 -26711.202848
     740000 -26710.079496
     741000 -26709.990410
     742000 -26710.101848
     743000 -26712.491787
     744000 -26710.002151
     745000 -26710.172895
     746000 -26713.514910
     747000 -26710.325710
     748000 -26711.796626
     749000 -26710.344468
     750000 -26713.525187
     751000 -26710.003974
     752000 -26710.100954
     753000 -26709.986519
     754000 -26710.449245
     755000 -26710.614173
     756000 -26710.142210
     757000 -26710.324689
     758000 -26710.532904
     759000 -26710.557129
     760000 -26710.161652
     761000 -26710.084055
     762000 -26710.123172
     763000 -26710.083750
     764000 -26710.669921
     765000 -26711.018370
     766000 -26710.329834
     767000 -26713.427021
     768000 -26713.310255
     769000 -26710.040848
     770000 -26709.998029
     771000 -26709.986399
     772000 -26709.996272
     773000 -26710.017438
     774000 -26710.371026
     775000 -26710.994413
     776000 -26709.983377
     777000 -26709.989644
     778000 -26710.150683
     779000 -26710.649862
     780000 -26709.999294
     781000 -26710.293144
     782000 -26710.384414
     783000 -26710.422132
     784000 -26709.989316
     785000 -26710.427065
     786000 -26709.996204
     787000 -26710.493569
     788000 -26713.474396
     789000 -26710.680738
     790000 -26710.972680
     791000 -26711.069158
     792000 -26710.200918
     793000 -26710.253189
     794000 -26710.447652
     795000 -26710.023955
     796000 -26710.311903
     797000 -26710.350660
     798000 -26711.434343
     799000 -26710.811651
     800000 -26711.282818
     801000 -26711.205146
     802000 -26711.251179
     803000 -26710.118343
     804000 -26709.992436
     805000 -26710.038458
     806000 -26711.290049
     807000 -26711.059895
     808000 -26710.083625
     809000 -26710.847219
     810000 -26710.019739
     811000 -26711.729437
     812000 -26710.088419
     813000 -26710.215269
     814000 -26710.005760
     815000 -26710.099937
     816000 -26709.995213
     817000 -26710.048761
     818000 -26710.251186
     819000 -26710.440721
     820000 -26711.009584
     821000 -26711.146844
     822000 -26711.861758
     823000 -26710.711229
     824000 -26710.196935
     825000 -26710.628058
     826000 -26710.212336
     827000 -26710.087146
     828000 -26710.024039
     829000 -26710.008700
     830000 -26710.016002
     831000 -26711.566017
     832000 -26712.689935
     833000 -26710.710523
     834000 -26710.324813
     835000 -26711.028704
     836000 -26710.041439
     837000 -26710.729610
     838000 -26710.928705
     839000 -26710.722191
     840000 -26710.225946
     841000 -26710.091667
     842000 -26710.013345
     843000 -26709.983387
     844000 -26710.691215
     845000 -26712.325833
     846000 -26711.283618
     847000 -26710.654994
     848000 -26713.545435
     849000 -26709.987576
     850000 -26710.315905
     851000 -26710.301746
     852000 -26710.868696
     853000 -26710.098354
     854000 -26709.983427
     855000 -26712.661379
     856000 -26710.032841
     857000 -26710.440497
     858000 -26710.430173
     859000 -26710.008790
     860000 -26710.328687
     861000 -26715.197281
     862000 -26710.819352
     863000 -26710.932079
     864000 -26710.112252
     865000 -26713.435359
     866000 -26710.129382
     867000 -26712.435517
     868000 -26710.060774
     869000 -26710.457587
     870000 -26710.266404
     871000 -26710.456459
     872000 -26709.984875
     873000 -26710.150983
     874000 -26710.072402
     875000 -26709.990097
     876000 -26710.583119
     877000 -26711.026483
     878000 -26710.473110
     879000 -26713.421369
     880000 -26710.328680
     881000 -26709.983410
     882000 -26711.014108
     883000 -26710.552570
     884000 -26709.986730
     885000 -26710.031185
     886000 -26710.053097
     887000 -26710.020812
     888000 -26710.063653
     889000 -26710.003927
     890000 -26710.072262
     891000 -26710.208400
     892000 -26710.478707
     893000 -26714.887978
     894000 -26710.495298
     895000 -26710.452789
     896000 -26710.228492
     897000 -26709.990546
     898000 -26710.309313
     899000 -26709.988912
     900000 -26710.675906
     901000 -26710.758201
     902000 -26710.016308
     903000 -26710.543977
     904000 -26710.142322
     905000 -26711.848751
     906000 -26710.001490
     907000 -26714.511853
     908000 -26710.744798
     909000 -26710.028770
     910000 -26710.282482
     911000 -26710.753749
     912000 -26714.259700
     913000 -26710.147028
     914000 -26710.664841
     915000 -26709.997082
     916000 -26711.979197
     917000 -26710.049352
     918000 -26711.538385
     919000 -26710.132095
     920000 -26709.987450
     921000 -26710.047722
     922000 -26713.557403
     923000 -26710.183136
     924000 -26710.326747
     925000 -26710.483257
     926000 -26710.095579
     927000 -26715.753014
     928000 -26710.566131
     929000 -26714.480671
     930000 -26710.040036
     931000 -26710.035839
     932000 -26713.463319
     933000 -26710.287282
     934000 -26710.729462
     935000 -26710.230655
     936000 -26713.501445
     937000 -26710.063656
     938000 -26711.479679
     939000 -26711.588171
     940000 -26710.527716
     941000 -26710.115189
     942000 -26710.246759
     943000 -26709.988003
     944000 -26710.132117
     945000 -26710.152467
     946000 -26710.553917
     947000 -26710.005739
     948000 -26710.171816
     949000 -26712.282168
     950000 -26710.625551
     951000 -26710.345480
     952000 -26710.443685
     953000 -26710.470993
     954000 -26710.004517
     955000 -26710.598099
     956000 -26710.069773
     957000 -26710.291684
     958000 -26709.990072
     959000 -26710.170750
     960000 -26710.019060
     961000 -26710.940102
     962000 -26711.045795
     963000 -26710.100456
     964000 -26710.311497
     965000 -26710.044895
     966000 -26710.026878
     967000 -26710.108915
     968000 -26709.998674
     969000 -26710.191689
     970000 -26710.192358
     971000 -26711.101642
     972000 -26710.068311
     973000 -26710.038310
     974000 -26710.926510
     975000 -26710.063334
     976000 -26710.123397
     977000 -26713.676932
     978000 -26710.116488
     979000 -26711.175881
     980000 -26710.580304
     981000 -26714.044391
     982000 -26709.997844
     983000 -26710.538080
     984000 -26710.013282
     985000 -26715.665684
     986000 -26709.984305
     987000 -26710.008765
     988000 -26710.609965
     989000 -26709.987985
     990000 -26710.007325
     991000 -26712.518131
     992000 -26710.699325
     993000 -26710.419416
     994000 -26710.041597
     995000 -26709.993696
     996000 -26710.508761
     997000 -26710.138039
     998000 -26710.117045
     999000 -26709.983374
    1000000 -26711.450047
