       1000 -26711.639173
       2000 -26710.294993
       3000 -26713.176168
       4000 -26713.598266
       5000 -26711.509082
       6000 -26710.418308
       7000 -26713.822010
       8000 -26713.077033
       9000 -26710.098197
      10000 -26710.753060
      11000 -26710.479717
      12000 -26710.070488
      13000 -26710.129545
      14000 -26710.235722
      15000 -26709.987637
      16000 -26710.017269
      17000 -26714.166597
      18000 -26710.011641
      19000 -26712.024281
      20000 -26710.029664
      21000 -26710.034722
      22000 -26710.109272
      23000 -26710.117761
      24000 -26710.226075
      25000 -26710.091205
      26000 -26713.421393
      27000 -26710.549315
      28000 -26710.170314
      29000 -26710.036903
      30000 -26710.920368
      31000 -26710.204839
      32000 -26713.427990
      33000 -26710.259948
      34000 -26710.378775
      35000 -26710.409844
      36000 -26710.351028
      37000 -26710.040342
      38000 -26710.088174
      39000 -26710.258579
      40000 -26710.152265
      41000 -26710.033174
      42000 -26710.085640
      43000 -26709.990749
      44000 -26711.942080
      45000 -26711.103649
      46000 -26710.027367
      47000 -26710.877530
      48000 -26710.000073
      49000 -26710.437196
      50000 -26710.173803
      51000 -26711.205078
      52000 -26710.029671
      53000 -26710.047636
      54000 -26709.990609
      55000 -26710.141555
      56000 -26712.781640
      57000 -26710.563503
      58000 -26710.264473
      59000 -26710.914854
      60000 -26713.042352
      61000 -26710.035728
      62000 -26710.008532
      63000 -26710.114565
      64000 -26710.190432
      65000 -26710.299903
      66000 -26710.041360
      67000 -26709.997427
      68000 -26710.390344
      69000 -26710.403064
      70000 -26710.007100
      71000 -26709.983665
      72000 -26711.866330
      73000 -26710.029034
      74000 -26710.241949
      75000 -26710.556594
      76000 -26710.515338
      77000 -26715.531132
      78000 -26710.203233
      79000 -26709.999580
      80000 -26710.285324
      81000 -26710.280990
      82000 -26710.532159
      83000 -26709.985162
      84000 -26710.043279
      85000 -26712.755624
      86000 -26710.500604
      87000 -26710.172417
      88000 -26710.971717
      89000 -26713.444910
      90000 -26710.507349
      91000 -26710.283966
      92000 -26709.997335
      93000 -26710.199584
      94000 -26710.345509
      95000 -26711.759041
      96000 -26710.487360
      97000 -26710.296221
      98000 -26711.193923
      99000 -26711.883887
     100000 -26710.336983
     101000 -26710.692130
     102000 -26709.984649
     103000 -26713.425513
     104000 -26710.481919
     105000 -26710.052950
     106000 -26712.936144
     107000 -26709.990729
     108000 -26710.943176
     109000 -26710.177973
     110000 -26710.885538
     111000 -26711.158217
     112000 -26710.192796
     113000 -26709.985350
     114000 -26709.985080
     115000 -26710.806387
     116000 -26712.470664
     117000 -26711.297234
     118000 -26710.027348
     119000 -26711.033221
     120000 -26710.032693
     121000 -26709.991769
     122000 -26710.040859
     123000 -26710.012910
     124000 -26710.015979
     125000 -26710.141904
     126000 -26710.085341
     127000 -26710.241538
     128000 -26709.983935
     129000 -26714.981201
     130000 -26710.958003
     131000 -26711.188199
     132000 -26710.233967
     133000 -26710.480285
     134000 -26710.352166
     135000 -26710.808353
     136000 -26710.023074
     137000 -26710.984608
     138000 -26710.528825
     139000 -26712.750920
     140000 -26710.831980
     141000 -26709.983568
     142000 -26713.511947
     143000 -26710.325365
     144000 -26709.983397
     145000 -26710.838345
     146000 -26710.361022
     147000 -26713.767842
     148000 -26710.383594
     149000 -26710.272724
     150000 -26710.634388
     151000 -26710.179790
     152000 -26709.995901
     153000 -26710.040899
     154000 -26710.547880
     155000 -26710.175547
     156000 -26710.374486
     157000 -26709.985067
     158000 -26711.028818
     159000 -26710.729971
     160000 -26710.216167
     161000 -26713.479789
     162000 -26710.210089
     163000 -26710.009683
     164000 -26713.530604
     165000 -26709.990086
     166000 -26710.799893
     167000 -26710.100352
     168000 -26710.772749
     169000 -26710.291940
     170000 -26710.013806
     171000 -26710.798311
     172000 -26710.452003
     173000 -26711.585026
     174000 -26710.936893
     175000 -26709.989130
     176000 -26710.072409
     177000 -26711.269779
     178000 -26710.126270
     179000 -26709.997596
     180000 -26711.648434
     181000 -26710.007996
     182000 -26710.014210
     183000 -26710.366105
     184000 -26710.071405
     185000 -26709.983749
     186000 -26709.991200
     187000 -26710.028492
     188000 -26710.276614
     189000 -26709.988331
     190000 -26710.067579
     191000 -26709.998729
     192000 -26710.005680
     193000 -26712.731131
     194000 -26710.156100
     195000 -26709.986441
     196000 -26709.983624
     197000 -26710.211087
     198000 -26710.708126
     199000 -26710.009431
     200000 -26709.983475
     201000 -26710.136504
     202000 -26714.125039
     203000 -26710.401522
     204000 -26710.130042
     205000 -26713.504427
     206000 -26709.986272
     207000 -26710.006173
     208000 -26710.179524
     209000 -26713.450246
     210000 -26709.984559
     211000 -26710.030823
     212000 -26710.160618
     213000 -26710.005447
     214000 -26710.009694
     215000 -26711.413456
     216000 -26713.531321
     217000 -26711.808440
     218000 -26711.458729
     219000 -26710.077204
     220000 -26710.024945
     221000 -26710.010525
     222000 -26710.621813
     223000 -26710.010240
     224000 -26711.151392
     225000 -26713.834707
     226000 -26714.062230
     227000 -26710.197551
     228000 -26711.197557
     229000 -26710.004198
     230000 -26713.476643
     231000 -26710.125775
     232000 -26710.061245
     233000 -26711.639801
     234000 -26714.068287
     235000 -26710.282947
     236000 -26710.576089
     237000 -26710.014155
     238000 -26711.043715
     239000 -26710.048182
     240000 -26710.271402
     241000 -26709.988341
     242000 -26712.055551
     243000 -26710.489418
     244000 -26710.295297
     245000 -26710.397798
     246000 -26710.153388
     247000 -26710.223378
     248000 -26710.618553
     249000 -26709.988797
     250000 -26709.985162
     251000 -26710.143608
     252000 -26713.020297
     253000 -26711.031136
     254000 -26710.398572
     255000 -26710.258100
     256000 -26712.258750
     257000 -26711.211541
     258000 -26710.045750
     259000 -26710.075894
     260000 -26710.029136
     261000 -26711.013958
     262000 -26710.351325
     263000 -26711.127592
     264000 -26710.584607
     265000 -26713.423662
     266000 -26710.942008
     267000 -26709.986644
     268000 -26714.452136
     269000 -26710.773828
     270000 -26711.170638
     271000 -26711.430436
     272000 -26709.983401
     273000 -26710.140648
     274000 -26710.086977
     275000 -26710.333537
     276000 -26710.020706
     277000 -26710.003510
     278000 -26710.486243
     279000 -26710.026362
     280000 -26710.236863
     281000 -26710.416100
     282000 -26710.539552
     283000 -26710.183441
     284000 -26710.003399
     285000 -26709.997746
     286000 -26710.346858
     287000 -26710.398068
     288000 -26711.909342
     289000 -26711.087572
     290000 -26712.171277
     291000 -26710.577997
     292000 -26710.019193
     293000 -26710.305450
     294000 -26709.986133
     295000 -26709.989501
     296000 -26711.371338
     297000 -26710.425209
     298000 -26710.972051
     299000 -26710.041003
     300000 -26710.895708
     301000 -26710.611164
     302000 -26716.720380
     303000 -26710.226907
     304000 -26713.944624
     305000 -26710.218541
     306000 -26713.611207
     307000 -26709.992231
     308000 -26709.983408
     309000 -26710.478037
     310000 -26710.075171
     311000 -26711.489960
     312000 -26710.120619
     313000 -26711.122541
     314000 -26710.157763
     315000 -26710.004460
     316000 -26710.003240
     317000 -26710.018850
     318000 -26710.570742
     319000 -26710.379951
     320000 -26711.453279
     321000 -26710.702561
     322000 -26709.993925
     323000 -26710.676809
     324000 -26710.036999
     325000 -26714.032203
     326000 -26710.127475
     327000 -26710.386820
     328000 -26710.065712
     329000 -26711.976187
     330000 -26710.304167
     331000 -26710.048162
     332000 -26710.509746
     333000 -26710.744983
     334000 -26709.983809
     335000 -26710.098417
     336000 -26710.312023
     337000 -26711.657581
     338000 -26710.020393
     339000 -26710.385983
     340000 -26710.074679
     341000 -26709.999707
     342000 -26710.043643
     343000 -26710.010638
     344000 -26709.990581
     345000 -26713.544015
     346000 -26710.011524
     347000 -26716.260259
     348000 -26713.460570
     349000 -26711.991610
     350000 -26710.296078
     351000 -26710.333171
     352000 -26710.109111
     353000 -26710.919442
     354000 -26710.218527
     355000 -26710.528333
     356000 -26710.280726
     357000 -26710.139152
     358000 -26710.104979
     359000 -26709.999856
     360000 -26710.109361
     361000 -26710.798037
     362000 -26710.486785
     363000 -26709.987224
     364000 -26710.141382
     365000 -26710.868927
     366000 -26710.472780
     367000 -26710.681950
     368000 -26709.986376
     369000 -26710.528265
     370000 -26710.062686
     371000 -26710.015356
     372000 -26710.525715
     373000 -26710.006167
     374000 -26710.318683
     375000 -26710.209854
     376000 -26710.453733
     377000 -26709.987462
     378000 -26709.987886
     379000 -26709.985557
     380000 -26710.314713
     381000 -26714.687124
     382000 -26710.193365
     383000 -26710.110634
     384000 -26710.901427
     385000 -26710.089345
     386000 -26710.380709
     387000 -26709.988839
     388000 -26710.086540
     389000 -26710.091813
     390000 -26710.631554
     391000 -26710.572043
     392000 -26710.008008
     393000 -26712.440736
     394000 -26710.025744
     395000 -26710.125273
     396000 -26711.340636
     397000 -26709.983375
     398000 -26711.114094
     399000 -26710.356431
     400000 -26710.417416
     401000 -26710.402549
     402000 -26710.080479
     403000 -26711.770785
     404000 -26710.039011
     405000 -26713.863569
     406000 -26710.018123
     407000 -26709.997367
     408000 -26711.227384
     409000 -26710.001055
     410000 -26710.003023
     411000 -26712.066592
     412000 -26710.069414
     413000 -26710.548748
     414000 -26712.209868
     415000 -26710.364909
     416000 -26710.673046
     417000 -26710.493227
     418000 -26710.053629
     419000 -26710.542336
     420000 -26710.663551
     421000 -26713.494188
     422000 -26711.290480
     423000 -26711.464562
     424000 -26714.955073
     425000 -26710.072882
     426000 -26713.763912
     427000 -26710.037497
     428000 -26710.617880
     429000 -26710.930008
     430000 -26710.178821
     431000 -26713.599330
     432000 -26710.029649
     433000 -26709.983660
     434000 -26710.354239
     435000 -26709.998541
     436000 -26710.478948
     437000 -26709.984435
     438000 -26710.023670
     439000 -26710.132801
     440000 -26710.497312
     441000 -26710.325024
     442000 -26710.277402
     443000 -26710.057319
     444000 -26710.333227
     445000 -26710.191952
     446000 -26710.902975
     447000 -26710.025661
     448000 -26710.531017
     449000 -26710.201625
     450000 -26710.767731
     451000 -26711.246638
     452000 -26713.875360
     453000 -26709.997801
     454000 -26710.327620
     455000 -26711.388973
     456000 -26710.148282
     457000 -26710.121816
     458000 -26710.506946
     459000 -26710.257889
     460000 -26710.112147
     461000 -26710.657905
     462000 -26710.498222
     463000 -26710.116546
     464000 -26710.079779
     465000 -26710.186463
     466000 -26710.070577
     467000 -26713.424585
     468000 -26710.147800
     469000 -26709.993917
     470000 -26713.428057
     471000 -26713.456240
     472000 -26710.022997
     473000 -26711.508651
     474000 -26709.987238
     475000 -26710.165815
     476000 -26710.876056
     477000 -26710.420441
     478000 -26713.582135
     479000 -26709.983801
     480000 -26710.040082
     481000 -26711.310418
     482000 -26709.984335
     483000 -26710.225917
     484000 -26710.753354
     485000 -26713.446533
     486000 -26710.326068
     487000 -26710.243250
     488000 -26710.990445
     489000 -26710.202019
     490000 -26710.171948
     491000 -26710.671793
     492000 -26709.986436
     493000 -26710.032081
     494000 -26710.644398
     495000 -26710.028490
     496000 -26710.077649
     497000 -26710.112924
     498000 -26710.122224
     499000 -26713.421385
     500000 -26711.248702
     501000 -26710.291542
     502000 -26713.434349
     503000 -26710.553211
     504000 -26710.017539
     505000 -26710.631119
     506000 -26710.704741
     507000 -26710.015746
     508000 -26710.360777
     509000 -26710.113619
     510000 -26710.054741
     511000 -26710.643988
     512000 -26710.961694
     513000 -26715.308593
     514000 -26710.020270
     515000 -26711.832038
     516000 -26710.575640
     517000 -26712.433386
     518000 -26710.020762
     519000 -26710.033287
     520000 -26710.924958
     521000 -26710.053503
     522000 -26710.010300
     523000 -26710.242840
     524000 -26710.680399
     525000 -26709.992753
     526000 -26713.078188
     527000 -26710.684303
     528000 -26710.317658
     529000 -26710.027718
     530000 -26710.684520
     531000 -26709.989201
     532000 -26709.996591
     533000 -26710.830478
     534000 -26710.022101
     535000 -26710.084836
     536000 -26710.629002
     537000 -26710.153727
     538000 -26709.983617
     539000 -26710.151511
     540000 -26710.195698
     541000 -26710.332070
     542000 -26710.934892
     543000 -26711.146157
     544000 -26712.537368
     545000 -26711.920507
     546000 -26709.996889
     547000 -26710.177385
     548000 -26710.238021
     549000 -26714.594886
     550000 -26710.738902
     551000 -26710.415298
     552000 -26710.256309
     553000 -26711.033908
     554000 -26709.987941
     555000 -26710.818223
     556000 -26710.734260
     557000 -26710.118730
     558000 -26710.769715
     559000 -26710.271147
     560000 -26710.209918
     561000 -26710.007640
     562000 -26710.177024
     563000 -26710.095643
     564000 -26710.249858
     565000 -26710.039385
     566000 -26710.035221
     567000 -26710.758120
     568000 -26710.150309
     569000 -26710.625725
     570000 -26709.984313
     571000 -26710.167078
     572000 -26710.050152
     573000 -26710.161615
     574000 -26711.052007
     575000 -26710.453323
     576000 -26711.520963
     577000 -26709.983996
     578000 -26710.339853
     579000 -26710.076193
     580000 -26710.360230
     581000 -26710.086049
     582000 -26710.898915
     583000 -26710.665068
     584000 -26713.701943
     585000 -26710.039555
     586000 -26710.091303
     587000 -26710.016490
     588000 -26710.941760
     589000 -26710.271904
     590000 -26710.423667
     591000 -26710.588655
     592000 -26710.157378
     593000 -26710.490717
     594000 -26714.335408
     595000 -26709.999229
     596000 -26710.006435
     597000 -26713.428494
     598000 -26712.412586
     599000 -26710.137593
     600000 -26710.424215
     601000 -26710.012532
     602000 -26710.040386
     603000 -26709.988488
     604000 -26710.137067
     605000 -26710.107131
     606000 -26709.991514
     607000 -26710.542225
     608000 -26710.733291
     609000 -26709.983511
     610000 -26709.996335
     611000 -26710.036658
     612000 -26710.445513
     613000 -26710.282746
     614000 -26711.083875
     615000 -26710.505643
     616000 -26709.988467
     617000 -26710.396170
     618000 -26710.399339
     619000 -26710.296432
     620000 -26710.772134
     621000 -26710.244519
     622000 -26711.611744
     623000 -26710.856197
     624000 -26710.040497
     625000 -26710.037220
     626000 -26712.353852
     627000 -26710.059965
     628000 -26710.029317
     629000 -26710.120546
     630000 -26711.590480
     631000 -26710.140879
     632000 -26709.983398
     633000 -26710.356031
     634000 -26710.141557
     635000 -26710.212076
     636000 -26711.614104
     637000 -26709.998425
     638000 -26710.171607
     639000 -26711.722400
     640000 -26710.749983
     641000 -26710.210891
     642000 -26710.018432
     643000 -26712.331268
     644000 -26710.061463
     645000 -26710.134138
     646000 -26710.069259
     647000 -26710.147414
     648000 -26713.642557
     649000 -26709.984386
     650000 -26713.461578
     651000 -26710.076004
     652000 -26710.528688
     653000 -26709.988062
     654000 -26710.999218
     655000 -26713.909848
     656000 -26710.117145
     657000 -26710.841760
     658000 -26714.317572
     659000 -26711.733042
     660000 -26710.085353
     661000 -26710.184898
     662000 -26711.269741
     663000 -26710.801254
     664000 -26710.371368
     665000 -26711.700675
     666000 -26710.949615
     667000 -26711.299648
     668000 -26710.415566
     669000 -26710.732087
     670000 -26710.827837
     671000 -26713.126787
     672000 -26713.513485
     673000 -26709.989472
     674000 -26710.111217
     675000 -26709.984558
     676000 -26711.160281
     677000 -26711.088684
     678000 -26710.271267
     679000 -26710.058168
     680000 -26710.033705
     681000 -26712.157597
     682000 -26709.984228
     683000 -26709.984022
     684000 -26710.367439
     685000 -26714.939895
     686000 -26710.030407
     687000 -26711.391396
     688000 -26710.111969
     689000 -26710.104730
     690000 -26710.121361
     691000 -26710.692988
     692000 -26710.245223
     693000 -26710.087962
     694000 -26710.471555
     695000 -26710.138755
     696000 -26709.988081
     697000 -26710.215531
     698000 -26710.265116
     699000 -26711.656559
     700000 -26710.115926
     701000 -26710.128332
     702000 -26710.056032
     703000 -26710.123874
     704000 -26711.344743
     705000 -26710.031405
     706000 -26710.013218
     707000 -26710.782495
     708000 -26710.106259
     709000 -26710.198759
     710000 -26710.104262
     711000 -26711.254002
     712000 -26710.219087
     713000 -26710.697881
     714000 -26710.470862
     715000 -26710.314217
     716000 -26710.015425
     717000 -26710.330805
     718000 -26710.659516
     719000 -26709.985815
     720000 -26710.971307
     721000 -26710.035169
     722000 -26711.668086
     723000 -26709.991795
     724000 -26710.601999
     725000 -26710.143968
     726000 -26712.389131
     727000 -26710.099099
     728000 -26712.966992
     729000 -26710.675546
     730000 -26714.196445
     731000 -26710.015306
     732000 -26711.969239
     733000 -26712.725420
     734000 -26710.930868
     735000 -26710.406196
     736000 -26710.050782
     737000 -26710.061609
     738000 -26710.153908
     739000 -26710.402964
     740000 -26713.621071
     741000 -26709.996245
     742000 -26710.966219
     743000 -26710.235178
     744000 -26710.035641
     745000 -26710.269429
     746000 -26709.986333
     747000 -26710.099145
     748000 -26710.448138
     749000 -26710.493420
     750000 -26710.542554
     751000 -26713.448495
     752000 -26710.002967
     753000 -26710.672102
     754000 -26710.013798
     755000 -26710.155382
     756000 -26710.206835
     757000 -26710.079627
     758000 -26710.416215
     759000 -26710.204447
     760000 -26710.061512
     761000 -26713.426893
     762000 -26710.778521
     763000 -26710.039735
     764000 -26710.133796
     765000 -26710.024452
     766000 -26710.421455
     767000 -26710.049582
     768000 -26710.031193
     769000 -26710.081287
     770000 -26710.767810
     771000 -26711.918105
     772000 -26710.001300
     773000 -26713.454738
     774000 -26710.094090
     775000 -26710.001281
     776000 -26710.176019
     777000 -26710.286611
     778000 -26710.309057
     779000 -26710.988729
     780000 -26709.989593
     781000 -26710.551106
     782000 -26710.940736
     783000 -26714.383293
     784000 -26709.983612
     785000 -26710.003466
     786000 -26710.029262
     787000 -26710.165870
     788000 -26710.707500
     789000 -26710.866918
     790000 -26710.036196
     791000 -26712.043916
     792000 -26710.277076
     793000 -26710.008647
     794000 -26710.392291
     795000 -26710.158701
     796000 -26710.920627
     797000 -26710.006650
     798000 -26711.717233
     799000 -26710.577011
     800000 -26710.896745
     801000 -26710.027996
     802000 -26709.986646
     803000 -26717.316021
     804000 -26709.984309
     805000 -26710.342141
     806000 -26710.047387
     807000 -26711.015165
     808000 -26710.082304
     809000 -26710.008462
     810000 -26710.019238
     811000 -26710.106677
     812000 -26709.985741
     813000 -26710.808206
     814000 -26710.051171
     815000 -26710.594817
     816000 -26710.251392
     817000 -26713.468807
     818000 -26710.755362
     819000 -26710.146084
     820000 -26710.329541
     821000 -26709.989554
     822000 -26710.875073
     823000 -26710.007734
     824000 -26711.604606
     825000 -26713.858493
     826000 -26711.525784
     827000 -26710.810543
     828000 -26712.346257
     829000 -26710.178741
     830000 -26710.045984
     831000 -26713.723228
     832000 -26710.328125
     833000 -26713.649982
     834000 -26710.435876
     835000 -26710.447344
     836000 -26709.999099
     837000 -26710.071596
     838000 -26710.404240
     839000 -26709.986510
     840000 -26713.427111
     841000 -26709.986828
     842000 -26710.144627
     843000 -26710.174612
     844000 -26713.110295
     845000 -26710.339962
     846000 -26713.578543
     847000 -26709.986054
     848000 -26710.666657
     849000 -26710.328229
     850000 -26711.520883
     851000 -26709.998483
     852000 -26710.259827
     853000 -26710.057049
     854000 -26710.300686
     855000 -26710.000736
     856000 -26710.831658
     857000 -26710.028967
     858000 -26710.070498
     859000 -26710.018649
     860000 -26709.993086
     861000 -26710.138441
     862000 -26714.195757
     863000 -26710.075187
     864000 -26710.019804
     865000 -26714.152304
     866000 -26711.324052
     867000 -26710.289801
     868000 -26709.990420
     869000 -26709.991599
     870000 -26715.631889
     871000 -26710.237866
     872000 -26710.182541
     873000 -26710.160105
     874000 -26709.983792
     875000 -26709.992252
     876000 -26709.997096
     877000 -26710.610549
     878000 -26710.011052
     879000 -26710.559951
     880000 -26709.987990
     881000 -26710.121990
     882000 -26709.986532
     883000 -26713.745660
     884000 -26710.388271
     885000 -26710.593414
     886000 -26711.234521
     887000 -26710.537843
     888000 -26711.333624
     889000 -26710.142658
     890000 -26710.715604
     891000 -26714.041325
     892000 -26713.508486
     893000 -26713.250282
     894000 -26711.204156
     895000 -26711.775002
     896000 -26710.054342
     897000 -26710.040056
     898000 -26710.583786
     899000 -26709.998672
     900000 -26710.140635
     901000 -26710.500506
     902000 -26711.670771
     903000 -26710.098519
     904000 -26710.801330
     905000 -26710.020656
     906000 -26714.701417
     907000 -26710.381166
     908000 -26710.195325
     909000 -26709.987590
     910000 -26710.156288
     911000 -26710.331254
     912000 -26710.116171
     913000 -26711.209622
     914000 -26711.745687
     915000 -26710.016804
     916000 -26710.203530
     917000 -26710.178054
     918000 -26710.135535
     919000 -26710.225559
     920000 -26710.896165
     921000 -26709.992845
     922000 -26711.263457
     923000 -26710.032737
     924000 -26709.995403
     925000 -26710.067393
     926000 -26710.603044
     927000 -26710.358683
     928000 -26710.385792
     929000 -26710.192532
     930000 -26710.591834
     931000 -26709.983896
     932000 -26709.993232
     933000 -26709.985022
     934000 -26710.192376
     935000 -26710.260294
     936000 -26710.844440
     937000 -26710.299904
     938000 -26710.078772
     939000 -26709.986248
     940000 -26710.287656
     941000 -26710.071058
     942000 -26711.533054
     943000 -26710.082434
     944000 -26710.475817
     945000 -26710.368678
     946000 -26710.125259
     947000 -26710.586176
     948000 -26709.999463
     949000 -26711.495146
     950000 -26710.022870
     951000 -26713.635971
     952000 -26712.666892
     953000 -26713.492947
     954000 -26714.739930
     955000 -26710.019355
     956000 -26710.190443
     957000 -26710.310937
     958000 -26710.164240
     959000 -26710.235431
     960000 -26710.016647
     961000 -26710.035874
     962000 -26710.170968
     963000 -26711.475931
     964000 -26710.407990
     965000 -26713.505866
     966000 -26710.735412
     967000 -26711.603302
     968000 -26709.998470
     969000 -26710.635155
     970000 -26709.991382
     971000 -26710.122169
     972000 -26710.015970
     973000 -26710.421702
     974000 -26709.985020
     975000 -26711.723010
     976000 -26714.652045
     977000 -26711.511606
     978000 -26710.279475
     979000 -26710.416910
     980000 -26710.014889
     981000 -26710.028029
     982000 -26717.268035
     983000 -26710.492432
     984000 -26710.429010
     985000 -26710.083461
     986000 -26713.541815
     987000 -26713.499502
     988000 -26710.044620
     989000 -26710.577864
     990000 -26710.446910
     991000 -26710.063699
     992000 -26710.467833
     993000 -26710.207160
     994000 -26710.253067
     995000 -26710.003215
     996000 -26710.039478
     997000 -26710.035422
     998000 -26710.165348
     999000 -26712.440168
    1000000 -26709.984935
