       1000 -26905.666382
       2000 -26905.595054
       3000 -26908.338198
       4000 -26906.248540
       5000 -26906.780056
       6000 -26905.612870
       7000 -26905.936360
       8000 -26906.465850
       9000 -26905.647631
      10000 -26907.873057
      11000 -26908.453745
      12000 -26905.784148
      13000 -26906.552553
      14000 -26905.929397
      15000 -26906.041801
      16000 -26906.045640
      17000 -26909.768869
      18000 -26906.071409
      19000 -26906.031123
      20000 -26906.048836
      21000 -26907.385788
      22000 -26905.606962
      23000 -26908.447562
      24000 -26908.730461
      25000 -26907.368812
      26000 -26905.717698
      27000 -26906.233595
      28000 -26906.102513
      29000 -26906.267731
      30000 -26905.624966
      31000 -26910.274082
      32000 -26906.165892
      33000 -26906.068701
      34000 -26906.559194
      35000 -26906.065892
      36000 -26906.021615
      37000 -26908.173994
      38000 -26909.275980
      39000 -26906.266816
      40000 -26907.336219
      41000 -26908.456542
      42000 -26905.612041
      43000 -26906.123573
      44000 -26906.176269
      45000 -26905.616225
      46000 -26910.720897
      47000 -26906.211702
      48000 -26906.793822
      49000 -26905.855509
      50000 -26906.240125
      51000 -26910.640507
      52000 -26906.201219
      53000 -26906.060156
      54000 -26908.918380
      55000 -26906.113366
      56000 -26907.467933
      57000 -26908.637526
      58000 -26914.011844
      59000 -26908.558573
      60000 -26908.431608
      61000 -26905.871151
      62000 -26906.025773
      63000 -26906.345484
      64000 -26906.027915
      65000 -26905.597149
      66000 -26908.178039
      67000 -26905.893380
      68000 -26907.244738
      69000 -26907.972647
      70000 -26906.548009
      71000 -26906.224760
      72000 -26905.797182
      73000 -26906.568881
      74000 -26905.792868
      75000 -26905.767001
      76000 -26908.461974
      77000 -26908.774543
      78000 -26906.786307
      79000 -26905.721471
      80000 -26906.291144
      81000 -26906.704250
      82000 -26905.734216
      83000 -26906.294443
      84000 -26906.101032
      85000 -26906.225835
      86000 -26906.656339
      87000 -26906.147488
      88000 -26905.751492
      89000 -26906.793313
      90000 -26908.505220
      91000 -26910.319952
      92000 -26911.913054
      93000 -26907.097008
      94000 -26906.023731
      95000 -26906.047376
      96000 -26905.771964
      97000 -26906.354247
      98000 -26905.596156
      99000 -26905.806629
     100000 -26905.714639
     101000 -26907.221550
     102000 -26909.535670
     103000 -26906.300787
     104000 -26905.677790
     105000 -26906.101402
     106000 -26906.037200
     107000 -26906.046070
     108000 -26905.860048
     109000 -26910.469452
     110000 -26906.193656
     111000 -26906.079535
     112000 -26906.210996
     113000 -26906.032990
     114000 -26907.759513
     115000 -26907.986332
     116000 -26907.391569
     117000 -26906.042183
     118000 -26906.186353
     119000 -26906.021480
     120000 -26907.306626
     121000 -26907.876781
     122000 -26906.042916
     123000 -26905.961133
     124000 -26906.767686
     125000 -26907.558874
     126000 -26905.938731
     127000 -26906.056224
     128000 -26909.527485
     129000 -26907.871706
     130000 -26907.923928
     131000 -26906.372354
     132000 -26906.068078
     133000 -26906.693531
     134000 -26905.606777
     135000 -26907.980982
     136000 -26906.302977
     137000 -26906.192862
     138000 -26905.606084
     139000 -26905.955313
     140000 -26905.758144
     141000 -26909.850726
     142000 -26906.327037
     143000 -26906.021785
     144000 -26905.595342
     145000 -26905.759946
     146000 -26905.595048
     147000 -26906.547840
     148000 -26906.043105
     149000 -26907.956693
     150000 -26905.638594
     151000 -26906.298330
     152000 -26910.243498
     153000 -26905.611744
     154000 -26911.152756
     155000 -26908.990075
     156000 -26905.645370
     157000 -26906.300086
     158000 -26906.856268
     159000 -26906.635352
     160000 -26907.330198
     161000 -26905.774208
     162000 -26906.081076
     163000 -26905.712652
     164000 -26907.553519
     165000 -26906.117161
     166000 -26909.409793
     167000 -26905.649965
     168000 -26909.223583
     169000 -26906.034679
     170000 -26906.627060
     171000 -26906.494377
     172000 -26906.174089
     173000 -26911.287253
     174000 -26905.716358
     175000 -26905.629556
     176000 -26906.645020
     177000 -26906.287771
     178000 -26907.098443
     179000 -26906.212396
     180000 -26905.596257
     181000 -26906.007319
     182000 -26909.960713
     183000 -26907.583193
     184000 -26906.968244
     185000 -26909.473893
     186000 -26905.996311
     187000 -26905.595214
     188000 -26905.721027
     189000 -26905.800878
     190000 -26907.056403
     191000 -26906.054463
     192000 -26905.645832
     193000 -26905.765985
     194000 -26907.162055
     195000 -26906.193495
     196000 -26906.108922
     197000 -26906.247876
     198000 -26908.955791
     199000 -26905.598163
     200000 -26906.680663
     201000 -26906.392524
     202000 -26906.841908
     203000 -26906.645544
     204000 -26906.291549
     205000 -26907.093981
     206000 -26907.258510
     207000 -26905.667312
     208000 -26910.799635
     209000 -26905.595003
     210000 -26906.058640
     211000 -26906.390288
     212000 -26906.065970
     213000 -26906.108281
     214000 -26911.357084
     215000 -26906.084741
     216000 -26905.598279
     217000 -26906.261257
     218000 -26908.881512
     219000 -26905.652883
     220000 -26906.343694
     221000 -26906.117514
     222000 -26906.548802
     223000 -26905.665463
     224000 -26906.209437
     225000 -26906.081915
     226000 -26906.666629
     227000 -26908.300693
     228000 -26906.123486
     229000 -26905.595001
     230000 -26906.023090
     231000 -26905.598648
     232000 -26907.027876
     233000 -26908.638863
     234000 -26906.040049
     235000 -26906.061459
     236000 -26910.687190
     237000 -26905.825005
     238000 -26906.038495
     239000 -26906.101447
     240000 -26906.882645
     241000 -26906.021713
     242000 -26906.035679
     243000 -26906.463897
     244000 -26906.178683
     245000 -26905.934447
     246000 -26906.199134
     247000 -26906.275176
     248000 -26906.022651
     249000 -26907.329634
     250000 -26906.162591
     251000 -26906.303458
     252000 -26906.054824
     253000 -26909.015658
     254000 -26907.345358
     255000 -26908.975424
     256000 -26906.321410
     257000 -26905.729844
     258000 -26906.065070
     259000 -26906.370315
     260000 -26906.712067
     261000 -26905.914737
     262000 -26906.896466
     263000 -26905.757443
     264000 -26910.206292
     265000 -26906.627533
     266000 -26906.348753
     267000 -26907.653270
     268000 -26906.066258
     269000 -26905.615068
     270000 -26908.218504
     271000 -26907.303971
     272000 -26908.940644
     273000 -26905.879429
     274000 -26905.681621
     275000 -26906.902421
     276000 -26906.219089
     277000 -26905.830847
     278000 -26911.366920
     279000 -26905.707411
     280000 -26909.054862
     281000 -26905.983492
     282000 -26906.077674
     283000 -26906.052876
     284000 -26907.305550
     285000 -26906.103702
     286000 -26906.406516
     287000 -26907.923708
     288000 -26906.577548
     289000 -26905.968327
     290000 -26906.093163
     291000 -26906.102112
     292000 -26906.069970
     293000 -26905.651117
     294000 -26906.172479
     295000 -26905.914177
     296000 -26913.946915
     297000 -26905.608660
     298000 -26906.122245
     299000 -26907.567974
     300000 -26905.756915
     301000 -26905.755958
     302000 -26906.181122
     303000 -26905.871713
     304000 -26905.619748
     305000 -26905.704089
     306000 -26905.900482
     307000 -26909.347748
     308000 -26906.324814
     309000 -26907.394302
     310000 -26905.983219
     311000 -26906.487520
     312000 -26908.491429
     313000 -26906.226978
     314000 -26914.111976
     315000 -26907.632747
     316000 -26905.595081
     317000 -26905.827408
     318000 -26906.051570
     319000 -26906.353373
     320000 -26907.875448
     321000 -26907.274360
     322000 -26907.186534
     323000 -26906.621209
     324000 -26906.090785
     325000 -26905.991326
     326000 -26905.607851
     327000 -26905.602075
     328000 -26908.587391
     329000 -26906.072310
     330000 -26905.594982
     331000 -26906.229371
     332000 -26906.280226
     333000 -26907.410585
     334000 -26905.689810
     335000 -26907.080755
     336000 -26906.439604
     337000 -26906.071969
     338000 -26906.039067
     339000 -26907.353309
     340000 -26906.053159
     341000 -26906.025296
     342000 -26906.879925
     343000 -26905.789304
     344000 -26905.691385
     345000 -26905.728747
     346000 -26907.809654
     347000 -26908.553017
     348000 -26906.118488
     349000 -26909.564928
     350000 -26907.708122
     351000 -26906.032769
     352000 -26905.595038
     353000 -26906.357809
     354000 -26906.145982
     355000 -26906.012417
     356000 -26905.645877
     357000 -26906.038215
     358000 -26910.748279
     359000 -26909.288973
     360000 -26906.022868
     361000 -26906.203747
     362000 -26906.102042
     363000 -26905.732535
     364000 -26906.456204
     365000 -26907.450543
     366000 -26905.624499
     367000 -26909.754078
     368000 -26905.650114
     369000 -26907.443469
     370000 -26905.595050
     371000 -26906.232199
     372000 -26906.907049
     373000 -26905.614771
     374000 -26913.542241
     375000 -26908.762207
     376000 -26907.334279
     377000 -26907.511999
     378000 -26906.409547
     379000 -26906.403292
     380000 -26906.692647
     381000 -26906.485306
     382000 -26906.602929
     383000 -26905.981924
     384000 -26906.264184
     385000 -26906.463985
     386000 -26905.733130
     387000 -26908.257097
     388000 -26905.828592
     389000 -26906.285457
     390000 -26909.556206
     391000 -26905.623528
     392000 -26905.644964
     393000 -26909.472031
     394000 -26907.899007
     395000 -26905.596397
     396000 -26906.134934
     397000 -26905.595137
     398000 -26906.011795
     399000 -26905.596569
     400000 -26910.283927
     401000 -26905.686724
     402000 -26908.457983
     403000 -26906.433961
     404000 -26907.410808
     405000 -26906.023711
     406000 -26906.934517
     407000 -26908.125453
     408000 -26906.105145
     409000 -26908.323603
     410000 -26908.656627
     411000 -26905.695105
     412000 -26906.774699
     413000 -26907.227023
     414000 -26906.237132
     415000 -26905.602696
     416000 -26905.625041
     417000 -26905.595623
     418000 -26906.097611
     419000 -26905.690597
     420000 -26905.597077
     421000 -26908.594409
     422000 -26906.057594
     423000 -26906.038681
     424000 -26905.643373
     425000 -26906.465460
     426000 -26908.704238
     427000 -26906.625302
     428000 -26907.322718
     429000 -26911.535250
     430000 -26908.994810
     431000 -26907.359683
     432000 -26906.068678
     433000 -26907.383568
     434000 -26905.921183
     435000 -26906.393918
     436000 -26905.613767
     437000 -26909.135178
     438000 -26905.673634
     439000 -26909.071820
     440000 -26906.022148
     441000 -26906.216971
     442000 -26906.105144
     443000 -26905.751106
     444000 -26906.033723
     445000 -26906.798742
     446000 -26909.119839
     447000 -26906.834569
     448000 -26906.205268
     449000 -26906.346941
     450000 -26907.304075
     451000 -26906.103789
     452000 -26905.609225
     453000 -26909.829045
     454000 -26910.129861
     455000 -26908.680534
     456000 -26906.371269
     457000 -26906.082972
     458000 -26907.451951
     459000 -26908.480192
     460000 -26906.040863
     461000 -26906.070541
     462000 -26906.048759
     463000 -26906.081551
     464000 -26906.008037
     465000 -26906.049320
     466000 -26905.972693
     467000 -26909.487316
     468000 -26905.821053
     469000 -26906.038166
     470000 -26906.105925
     471000 -26906.040266
     472000 -26906.009833
     473000 -26906.105322
     474000 -26906.884958
     475000 -26906.704869
     476000 -26906.114637
     477000 -26907.366715
     478000 -26908.020605
     479000 -26906.018371
     480000 -26907.360773
     481000 -26908.439879
     482000 -26905.595839
     483000 -26907.326286
     484000 -26906.056693
     485000 -26905.598684
     486000 -26905.977046
     487000 -26905.635012
     488000 -26905.609397
     489000 -26906.096236
     490000 -26909.644558
     491000 -26905.906208
     492000 -26909.524320
     493000 -26906.247342
     494000 -26907.963959
     495000 -26906.901028
     496000 -26906.106625
     497000 -26906.311911
     498000 -26908.612545
     499000 -26906.082226
     500000 -26905.695644
     501000 -26910.146593
     502000 -26905.801873
     503000 -26905.775671
     504000 -26908.480465
     505000 -26908.302613
     506000 -26909.391642
     507000 -26905.597243
     508000 -26905.614844
     509000 -26905.843977
     510000 -26908.866311
     511000 -26906.351734
     512000 -26905.831238
     513000 -26905.664042
     514000 -26906.097911
     515000 -26908.938648
     516000 -26906.039850
     517000 -26907.477779
     518000 -26907.384582
     519000 -26907.380919
     520000 -26906.793515
     521000 -26905.606779
     522000 -26906.244410
     523000 -26906.920536
     524000 -26907.460497
     525000 -26905.639247
     526000 -26906.495396
     527000 -26905.972887
     528000 -26908.924077
     529000 -26905.595642
     530000 -26906.046410
     531000 -26906.419880
     532000 -26906.102496
     533000 -26908.392691
     534000 -26906.260525
     535000 -26912.497132
     536000 -26905.666636
     537000 -26906.033554
     538000 -26906.162978
     539000 -26907.281515
     540000 -26906.166179
     541000 -26906.033588
     542000 -26907.691830
     543000 -26906.091162
     544000 -26906.234549
     545000 -26906.119294
     546000 -26908.438608
     547000 -26906.674182
     548000 -26906.022338
     549000 -26905.690056
     550000 -26906.868254
     551000 -26906.082236
     552000 -26910.104585
     553000 -26906.021706
     554000 -26905.598753
     555000 -26906.991329
     556000 -26905.825447
     557000 -26905.596258
     558000 -26906.040739
     559000 -26907.486968
     560000 -26906.035396
     561000 -26907.771018
     562000 -26908.480972
     563000 -26909.203236
     564000 -26906.590723
     565000 -26906.110178
     566000 -26906.027719
     567000 -26907.209351
     568000 -26909.016901
     569000 -26908.565534
     570000 -26905.693126
     571000 -26905.751608
     572000 -26906.818548
     573000 -26909.448738
     574000 -26908.956422
     575000 -26906.041754
     576000 -26905.902734
     577000 -26905.974404
     578000 -26906.037362
     579000 -26908.797304
     580000 -26907.095433
     581000 -26908.006734
     582000 -26906.021973
     583000 -26906.173859
     584000 -26907.304103
     585000 -26906.774690
     586000 -26906.462169
     587000 -26906.155608
     588000 -26906.097910
     589000 -26905.605615
     590000 -26908.519623
     591000 -26908.631630
     592000 -26906.132742
     593000 -26906.060139
     594000 -26906.245810
     595000 -26906.807028
     596000 -26906.108389
     597000 -26906.026266
     598000 -26905.638306
     599000 -26906.344094
     600000 -26907.041521
     601000 -26907.383026
     602000 -26905.667912
     603000 -26906.843518
     604000 -26905.764854
     605000 -26907.716431
     606000 -26905.956653
     607000 -26905.629499
     608000 -26907.203597
     609000 -26908.205125
     610000 -26905.936258
     611000 -26906.028856
     612000 -26906.082905
     613000 -26906.806950
     614000 -26906.077512
     615000 -26905.775355
     616000 -26906.693166
     617000 -26907.769243
     618000 -26907.217499
     619000 -26906.206842
     620000 -26905.678918
     621000 -26907.076692
     622000 -26907.722266
     623000 -26910.234276
     624000 -26910.618738
     625000 -26907.939474
     626000 -26905.829201
     627000 -26906.035602
     628000 -26906.058886
     629000 -26906.981369
     630000 -26907.003473
     631000 -26906.021989
     632000 -26905.784456
     633000 -26906.230398
     634000 -26906.026237
     635000 -26906.466539
     636000 -26905.946516
     637000 -26905.697357
     638000 -26910.426158
     639000 -26905.926609
     640000 -26906.759511
     641000 -26905.645043
     642000 -26906.021467
     643000 -26905.595408
     644000 -26905.766668
     645000 -26906.120579
     646000 -26913.504638
     647000 -26907.764444
     648000 -26907.878113
     649000 -26905.644237
     650000 -26906.470159
     651000 -26906.197746
     652000 -26907.773608
     653000 -26906.028348
     654000 -26905.911051
     655000 -26907.319776
     656000 -26906.178344
     657000 -26906.625565
     658000 -26907.495270
     659000 -26906.398667
     660000 -26916.583865
     661000 -26905.701338
     662000 -26906.294421
     663000 -26905.637426
     664000 -26906.117828
     665000 -26907.625556
     666000 -26906.038698
     667000 -26905.840063
     668000 -26905.599210
     669000 -26906.023183
     670000 -26905.609437
     671000 -26908.952752
     672000 -26905.595024
     673000 -26908.439124
     674000 -26906.142340
     675000 -26910.131823
     676000 -26905.648317
     677000 -26905.839879
     678000 -26906.027489
     679000 -26906.061387
     680000 -26906.370259
     681000 -26905.595884
     682000 -26909.351322
     683000 -26908.160042
     684000 -26905.732207
     685000 -26906.455011
     686000 -26906.689987
     687000 -26906.595993
     688000 -26906.091526
     689000 -26906.024801
     690000 -26905.944860
     691000 -26908.471771
     692000 -26906.505017
     693000 -26906.328039
     694000 -26905.767041
     695000 -26909.590676
     696000 -26905.665482
     697000 -26905.944234
     698000 -26906.257469
     699000 -26906.514131
     700000 -26906.070032
     701000 -26906.471931
     702000 -26906.095843
     703000 -26905.606569
     704000 -26911.200242
     705000 -26906.260527
     706000 -26906.030459
     707000 -26906.244592
     708000 -26908.469861
     709000 -26908.273061
     710000 -26909.041508
     711000 -26906.222133
     712000 -26905.661453
     713000 -26908.440419
     714000 -26905.602814
     715000 -26908.009199
     716000 -26905.595147
     717000 -26905.831675
     718000 -26907.669338
     719000 -26906.011511
     720000 -26907.308584
     721000 -26906.808878
     722000 -26907.944655
     723000 -26906.054116
     724000 -26907.588571
     725000 -26907.894285
     726000 -26906.204388
     727000 -26907.332049
     728000 -26905.624533
     729000 -26906.024157
     730000 -26907.488542
     731000 -26908.022300
     732000 -26906.133850
     733000 -26908.373365
     734000 -26906.220343
     735000 -26905.635380
     736000 -26905.729259
     737000 -26906.259710
     738000 -26907.339617
     739000 -26906.136226
     740000 -26905.810222
     741000 -26908.875846
     742000 -26906.271155
     743000 -26906.197316
     744000 -26905.686879
     745000 -26905.693310
     746000 -26905.609047
     747000 -26906.123571
     748000 -26907.103883
     749000 -26906.658859
     750000 -26905.958238
     751000 -26905.602893
     752000 -26906.212702
     753000 -26911.082325
     754000 -26908.811576
     755000 -26905.599595
     756000 -26906.021759
     757000 -26905.640249
     758000 -26907.331016
     759000 -26906.800154
     760000 -26905.595586
     761000 -26906.076170
     762000 -26905.743257
     763000 -26907.919503
     764000 -26908.010289
     765000 -26906.326813
     766000 -26905.864259
     767000 -26907.883940
     768000 -26905.903845
     769000 -26906.491880
     770000 -26906.119463
     771000 -26906.595502
     772000 -26908.445020
     773000 -26906.578906
     774000 -26905.632911
     775000 -26907.797958
     776000 -26907.596987
     777000 -26907.379934
     778000 -26906.036670
     779000 -26906.148408
     780000 -26906.138229
     781000 -26907.526180
     782000 -26906.209351
     783000 -26906.364896
     784000 -26907.346029
     785000 -26906.427503
     786000 -26905.662338
     787000 -26906.060713
     788000 -26905.643476
     789000 -26906.178342
     790000 -26907.470890
     791000 -26906.735298
     792000 -26908.883465
     793000 -26906.374889
     794000 -26905.658407
     795000 -26905.595694
     796000 -26905.603580
     797000 -26910.169951
     798000 -26906.503818
     799000 -26906.167546
     800000 -26906.077321
     801000 -26905.683410
     802000 -26906.233868
     803000 -26907.278670
     804000 -26906.241515
     805000 -26907.765652
     806000 -26905.596569
     807000 -26907.132992
     808000 -26907.010792
     809000 -26907.050362
     810000 -26905.757465
     811000 -26907.131305
     812000 -26906.361617
     813000 -26906.652894
     814000 -26909.573195
     815000 -26905.927983
     816000 -26905.596095
     817000 -26906.266613
     818000 -26906.586252
     819000 -26905.671048
     820000 -26906.241198
     821000 -26905.723500
     822000 -26905.808694
     823000 -26906.501843
     824000 -26908.196998
     825000 -26907.957634
     826000 -26905.741165
     827000 -26906.831896
     828000 -26906.381667
     829000 -26909.037624
     830000 -26905.759701
     831000 -26905.720900
     832000 -26907.124773
     833000 -26905.628745
     834000 -26907.310212
     835000 -26905.984257
     836000 -26907.217411
     837000 -26906.804057
     838000 -26906.671009
     839000 -26906.651601
     840000 -26908.120887
     841000 -26908.174270
     842000 -26905.595110
     843000 -26907.305081
     844000 -26909.454677
     845000 -26906.869045
     846000 -26905.866851
     847000 -26906.051209
     848000 -26908.475071
     849000 -26908.624033
     850000 -26906.089924
     851000 -26906.017006
     852000 -26910.587430
     853000 -26906.627734
     854000 -26906.132319
     855000 -26905.932468
     856000 -26906.030656
     857000 -26905.776197
     858000 -26906.958502
     859000 -26910.111715
     860000 -26905.818856
     861000 -26906.754698
     862000 -26907.076863
     863000 -26906.230757
     864000 -26907.412344
     865000 -26910.264446
     866000 -26906.036744
     867000 -26906.139075
     868000 -26905.728935
     869000 -26906.191635
     870000 -26908.476844
     871000 -26907.479571
     872000 -26906.342913
     873000 -26906.775053
     874000 -26905.756163
     875000 -26908.881046
     876000 -26905.841191
     877000 -26905.748665
     878000 -26906.604691
     879000 -26906.500921
     880000 -26906.156036
     881000 -26905.693677
     882000 -26905.640176
     883000 -26905.703407
     884000 -26909.608145
     885000 -26908.595365
     886000 -26907.553958
     887000 -26906.213389
     888000 -26906.690245
     889000 -26906.029331
     890000 -26908.366206
     891000 -26905.924741
     892000 -26908.686010
     893000 -26906.397770
     894000 -26906.023549
     895000 -26906.252937
     896000 -26906.441016
     897000 -26906.290590
     898000 -26906.090223
     899000 -26906.846803
     900000 -26908.655944
     901000 -26906.423815
     902000 -26905.832452
     903000 -26905.640412
     904000 -26905.658642
     905000 -26906.121452
     906000 -26906.030239
     907000 -26905.595971
     908000 -26905.646848
     909000 -26907.285034
     910000 -26908.180452
     911000 -26905.622731
     912000 -26908.251323
     913000 -26905.599025
     914000 -26906.151299
     915000 -26906.742839
     916000 -26907.502384
     917000 -26907.304561
     918000 -26905.956587
     919000 -26905.609697
     920000 -26905.641810
     921000 -26906.341253
     922000 -26906.021620
     923000 -26906.324040
     924000 -26906.043959
     925000 -26908.445250
     926000 -26906.631013
     927000 -26905.914935
     928000 -26906.021586
     929000 -26913.737263
     930000 -26906.150693
     931000 -26908.104998
     932000 -26905.639905
     933000 -26906.057178
     934000 -26907.526708
     935000 -26906.027234
     936000 -26909.520285
     937000 -26905.670951
     938000 -26906.300274
     939000 -26905.643466
     940000 -26906.298470
     941000 -26906.633067
     942000 -26907.657887
     943000 -26908.585278
     944000 -26910.688648
     945000 -26907.147747
     946000 -26907.045110
     947000 -26906.378491
     948000 -26906.026779
     949000 -26906.095553
     950000 -26907.574413
     951000 -26905.991631
     952000 -26911.443402
     953000 -26907.103965
     954000 -26906.096057
     955000 -26907.307365
     956000 -26905.888020
     957000 -26905.700609
     958000 -26913.699931
     959000 -26906.117956
     960000 -26908.652172
     961000 -26906.024081
     962000 -26905.595341
     963000 -26905.805728
     964000 -26906.094265
     965000 -26906.878824
     966000 -26906.141223
     967000 -26905.896391
     968000 -26906.618960
     969000 -26906.163436
     970000 -26905.751255
     971000 -26906.090133
     972000 -26906.025033
     973000 -26905.631766
     974000 -26906.689059
     975000 -26905.615060
     976000 -26908.985698
     977000 -26906.077453
     978000 -26907.115741
     979000 -26905.597614
     980000 -26905.615022
     981000 -26905.636273
     982000 -26905.659356
     983000 -26908.483067
     984000 -26906.682271
     985000 -26905.614067
     986000 -26905.595731
     987000 -26908.678933
     988000 -26906.903490
     989000 -26905.632130
     990000 -26906.033080
     991000 -26906.288686
     992000 -26905.749236
     993000 -26905.639771
     994000 -26905.649001
     995000 -26905.985792
     996000 -26906.442784
     997000 -26906.308122
     998000 -26906.164261
     999000 -26906.452233
    1000000 -26906.021526
    1001000 -26906.421762
    1002000 -26905.616041
    1003000 -26908.873278
    1004000 -26910.366338
    1005000 -26905.965475
    1006000 -26907.336970
    1007000 -26907.191417
    1008000 -26908.569492
    1009000 -26909.048864
    1010000 -26905.939864
    1011000 -26905.601378
    1012000 -26907.212399
    1013000 -26908.503109
    1014000 -26908.741878
    1015000 -26906.292916
    1016000 -26908.613156
    1017000 -26906.305103
    1018000 -26906.964123
    1019000 -26906.689524
    1020000 -26905.885798
    1021000 -26908.975669
    1022000 -26906.450647
    1023000 -26905.676127
    1024000 -26905.647022
    1025000 -26905.599506
    1026000 -26905.596071
    1027000 -26910.433087
    1028000 -26905.648845
    1029000 -26910.860481
    1030000 -26908.847800
    1031000 -26906.013010
    1032000 -26905.600342
    1033000 -26908.717485
    1034000 -26905.641859
    1035000 -26905.969585
    1036000 -26905.783646
    1037000 -26906.116816
    1038000 -26905.776037
    1039000 -26906.819746
    1040000 -26911.583431
    1041000 -26905.661298
    1042000 -26905.900962
    1043000 -26906.005582
    1044000 -26906.109790
    1045000 -26906.054201
    1046000 -26905.634469
    1047000 -26905.792610
    1048000 -26913.681274
    1049000 -26906.141481
    1050000 -26906.046854
    1051000 -26907.963465
    1052000 -26906.023708
    1053000 -26905.957220
    1054000 -26907.157942
    1055000 -26905.641823
    1056000 -26906.210146
    1057000 -26906.021769
    1058000 -26906.696960
    1059000 -26906.653165
    1060000 -26906.485596
    1061000 -26905.740535
    1062000 -26906.090153
    1063000 -26912.215297
    1064000 -26907.929135
    1065000 -26908.904050
    1066000 -26907.505840
    1067000 -26907.925812
    1068000 -26908.917463
    1069000 -26910.178399
    1070000 -26908.800850
    1071000 -26908.032254
    1072000 -26905.855829
    1073000 -26905.600427
    1074000 -26906.041617
    1075000 -26910.428162
    1076000 -26906.031193
    1077000 -26905.604645
    1078000 -26907.921500
    1079000 -26906.924525
    1080000 -26906.171820
    1081000 -26906.623864
    1082000 -26909.456090
    1083000 -26908.450024
    1084000 -26906.759590
    1085000 -26905.942467
    1086000 -26906.451170
    1087000 -26907.944416
    1088000 -26906.038206
    1089000 -26906.031265
    1090000 -26905.763338
    1091000 -26906.062478
    1092000 -26906.155242
    1093000 -26905.608389
    1094000 -26906.125045
    1095000 -26905.605806
    1096000 -26909.615398
    1097000 -26910.970841
    1098000 -26905.594965
    1099000 -26905.882369
    1100000 -26905.650843
    1101000 -26906.064484
    1102000 -26906.042298
    1103000 -26905.602330
    1104000 -26905.911137
    1105000 -26908.166562
    1106000 -26907.706274
    1107000 -26906.616621
    1108000 -26905.650570
    1109000 -26906.182678
    1110000 -26907.898057
    1111000 -26907.717416
    1112000 -26905.704041
    1113000 -26906.034782
    1114000 -26905.858613
    1115000 -26905.862714
    1116000 -26910.293327
    1117000 -26906.138693
    1118000 -26908.969779
    1119000 -26909.802251
    1120000 -26908.403016
    1121000 -26906.610747
    1122000 -26906.264869
    1123000 -26907.896142
    1124000 -26908.593814
    1125000 -26908.890746
    1126000 -26908.872905
    1127000 -26907.445072
    1128000 -26909.234452
    1129000 -26906.452698
    1130000 -26905.714920
    1131000 -26905.801780
    1132000 -26908.840795
    1133000 -26905.702075
    1134000 -26905.854411
    1135000 -26906.738765
    1136000 -26907.031894
    1137000 -26907.581447
    1138000 -26906.207204
    1139000 -26906.083784
    1140000 -26908.700876
    1141000 -26906.214268
    1142000 -26906.100376
    1143000 -26906.022916
    1144000 -26906.211979
    1145000 -26910.584836
    1146000 -26906.606210
    1147000 -26908.227449
    1148000 -26905.597008
    1149000 -26906.111708
    1150000 -26906.906030
    1151000 -26905.663270
    1152000 -26906.091182
    1153000 -26906.157520
    1154000 -26908.500796
    1155000 -26905.823727
    1156000 -26905.677095
    1157000 -26906.579879
    1158000 -26906.228175
    1159000 -26905.607662
    1160000 -26905.982789
    1161000 -26909.396823
    1162000 -26910.135711
    1163000 -26906.517962
    1164000 -26910.730405
    1165000 -26905.792915
    1166000 -26905.914840
    1167000 -26906.215584
    1168000 -26906.954527
    1169000 -26907.468727
    1170000 -26905.878872
    1171000 -26906.213495
    1172000 -26905.659880
    1173000 -26908.723253
    1174000 -26907.335790
    1175000 -26905.617088
    1176000 -26906.408203
    1177000 -26905.915365
    1178000 -26905.903170
    1179000 -26905.756910
    1180000 -26905.962171
    1181000 -26907.985696
    1182000 -26906.075206
    1183000 -26905.598793
    1184000 -26906.024303
    1185000 -26906.045891
    1186000 -26905.775389
    1187000 -26905.661335
    1188000 -26905.669222
    1189000 -26905.691790
    1190000 -26906.393775
    1191000 -26905.846033
    1192000 -26906.021473
    1193000 -26907.495068
    1194000 -26913.521913
    1195000 -26907.135150
    1196000 -26907.408198
    1197000 -26912.250128
    1198000 -26906.355734
    1199000 -26905.843595
    1200000 -26907.844480
    1201000 -26905.604058
    1202000 -26905.755180
    1203000 -26907.706017
    1204000 -26905.656722
    1205000 -26906.420542
    1206000 -26906.396144
    1207000 -26906.377017
    1208000 -26910.817207
    1209000 -26906.201375
    1210000 -26907.345072
    1211000 -26908.606347
    1212000 -26905.783479
    1213000 -26906.021807
    1214000 -26905.652987
    1215000 -26905.766221
    1216000 -26906.477770
    1217000 -26908.590377
    1218000 -26905.643497
    1219000 -26909.626173
    1220000 -26906.364341
    1221000 -26906.840952
    1222000 -26911.670623
    1223000 -26906.788133
    1224000 -26907.721219
    1225000 -26906.052972
    1226000 -26913.486849
    1227000 -26907.016722
    1228000 -26905.756280
    1229000 -26905.745242
    1230000 -26905.677186
    1231000 -26909.608444
    1232000 -26907.073646
    1233000 -26910.958089
    1234000 -26906.102460
    1235000 -26905.711507
    1236000 -26906.097171
    1237000 -26905.662206
    1238000 -26907.152826
    1239000 -26906.847783
    1240000 -26907.984993
    1241000 -26906.075376
    1242000 -26910.052561
    1243000 -26907.894471
    1244000 -26906.074215
    1245000 -26908.712969
    1246000 -26906.101795
    1247000 -26907.557029
    1248000 -26905.642845
    1249000 -26906.037507
    1250000 -26906.936278
    1251000 -26908.876805
    1252000 -26906.457767
    1253000 -26905.697840
    1254000 -26906.346472
    1255000 -26905.651190
    1256000 -26908.724483
    1257000 -26909.280336
    1258000 -26906.749182
    1259000 -26908.995454
    1260000 -26906.110993
    1261000 -26905.595203
    1262000 -26908.495448
    1263000 -26908.244630
    1264000 -26910.102806
    1265000 -26907.378366
    1266000 -26909.901360
    1267000 -26905.647882
    1268000 -26908.659199
    1269000 -26907.214264
    1270000 -26906.285064
    1271000 -26908.368892
    1272000 -26906.577423
    1273000 -26905.598262
    1274000 -26906.217390
    1275000 -26905.870273
    1276000 -26906.124424
    1277000 -26905.595503
    1278000 -26908.316609
    1279000 -26905.886004
    1280000 -26907.067203
    1281000 -26907.266825
    1282000 -26911.250207
    1283000 -26909.699827
    1284000 -26906.629452
    1285000 -26906.531296
    1286000 -26906.029217
    1287000 -26905.940383
    1288000 -26909.745824
    1289000 -26906.062150
    1290000 -26905.603702
    1291000 -26906.240814
    1292000 -26906.069375
    1293000 -26905.669585
    1294000 -26906.144217
    1295000 -26907.964082
    1296000 -26905.595211
    1297000 -26905.993969
    1298000 -26906.127541
    1299000 -26906.339547
    1300000 -26905.793156
    1301000 -26905.785782
    1302000 -26906.386604
    1303000 -26906.055259
    1304000 -26905.630073
    1305000 -26908.444555
    1306000 -26905.638697
    1307000 -26906.042540
    1308000 -26905.819227
    1309000 -26906.179328
    1310000 -26907.327617
    1311000 -26906.141603
    1312000 -26909.132286
    1313000 -26906.581422
    1314000 -26906.820101
    1315000 -26906.061844
    1316000 -26907.676484
    1317000 -26905.961447
    1318000 -26905.599979
    1319000 -26905.597851
    1320000 -26905.933594
    1321000 -26906.243756
    1322000 -26905.607602
    1323000 -26911.492016
    1324000 -26910.032540
    1325000 -26906.095048
    1326000 -26905.654563
    1327000 -26905.596109
    1328000 -26907.684153
    1329000 -26906.106599
    1330000 -26905.729208
    1331000 -26907.827361
    1332000 -26906.794749
    1333000 -26906.078411
    1334000 -26905.668075
    1335000 -26911.351037
    1336000 -26907.310114
    1337000 -26907.970054
    1338000 -26906.887846
    1339000 -26906.541437
    1340000 -26907.326998
    1341000 -26906.502018
    1342000 -26906.023489
    1343000 -26906.689736
    1344000 -26911.289685
    1345000 -26905.603483
    1346000 -26907.330106
    1347000 -26906.424913
    1348000 -26909.344202
    1349000 -26906.108700
    1350000 -26905.599227
    1351000 -26906.122055
    1352000 -26910.110890
    1353000 -26907.926635
    1354000 -26905.736154
    1355000 -26906.332503
    1356000 -26905.720493
    1357000 -26905.623338
    1358000 -26907.826556
    1359000 -26905.599780
    1360000 -26905.661988
    1361000 -26910.803675
    1362000 -26905.631877
    1363000 -26905.863394
    1364000 -26906.089621
    1365000 -26906.067537
    1366000 -26906.606164
    1367000 -26905.765476
    1368000 -26909.325252
    1369000 -26909.645305
    1370000 -26906.808904
    1371000 -26906.213139
    1372000 -26908.963225
    1373000 -26905.595596
    1374000 -26906.799415
    1375000 -26906.346612
    1376000 -26905.886614
    1377000 -26908.621749
    1378000 -26905.778825
    1379000 -26906.682483
    1380000 -26905.823986
    1381000 -26905.599469
    1382000 -26906.456734
    1383000 -26907.544178
    1384000 -26910.825667
    1385000 -26906.079260
    1386000 -26906.610348
    1387000 -26906.505438
    1388000 -26906.043288
    1389000 -26906.281584
    1390000 -26908.431694
    1391000 -26908.440818
    1392000 -26908.873744
    1393000 -26905.687900
    1394000 -26905.707404
    1395000 -26906.089498
    1396000 -26906.010764
    1397000 -26906.022232
    1398000 -26906.800338
    1399000 -26906.334815
    1400000 -26908.480006
    1401000 -26906.535876
    1402000 -26911.009789
    1403000 -26909.253352
    1404000 -26905.658864
    1405000 -26906.142115
    1406000 -26906.113406
    1407000 -26909.967701
    1408000 -26906.986812
    1409000 -26906.022762
    1410000 -26908.183305
    1411000 -26909.358185
    1412000 -26908.752892
    1413000 -26906.025311
    1414000 -26906.326841
    1415000 -26907.025916
    1416000 -26908.627485
    1417000 -26905.851317
    1418000 -26906.144615
    1419000 -26912.113054
    1420000 -26909.506362
    1421000 -26910.098368
    1422000 -26905.655121
    1423000 -26905.608499
    1424000 -26905.721853
    1425000 -26907.728166
    1426000 -26906.029460
    1427000 -26907.061876
    1428000 -26905.695955
    1429000 -26905.816911
    1430000 -26906.082115
    1431000 -26905.811251
    1432000 -26906.023337
    1433000 -26908.058390
    1434000 -26908.005041
    1435000 -26910.565569
    1436000 -26906.237475
    1437000 -26906.066969
    1438000 -26908.720781
    1439000 -26906.022251
    1440000 -26906.246179
    1441000 -26906.125569
    1442000 -26907.494408
    1443000 -26908.453166
    1444000 -26907.722609
    1445000 -26907.252436
    1446000 -26906.156351
    1447000 -26905.610133
    1448000 -26906.342972
    1449000 -26905.806316
    1450000 -26905.598122
    1451000 -26906.326827
    1452000 -26907.198459
    1453000 -26906.330050
    1454000 -26911.921863
    1455000 -26906.032839
    1456000 -26906.253940
    1457000 -26906.969538
    1458000 -26910.245599
    1459000 -26907.315822
    1460000 -26908.096690
    1461000 -26906.691128
    1462000 -26906.095709
    1463000 -26908.114235
    1464000 -26905.769714
    1465000 -26907.010850
    1466000 -26906.504047
    1467000 -26906.088486
    1468000 -26906.761046
    1469000 -26905.601959
    1470000 -26910.285053
    1471000 -26907.675959
    1472000 -26907.057723
    1473000 -26906.054054
    1474000 -26906.057811
    1475000 -26909.878715
    1476000 -26905.595318
    1477000 -26906.122370
    1478000 -26906.687994
    1479000 -26906.036636
    1480000 -26906.535463
    1481000 -26906.077664
    1482000 -26906.055046
    1483000 -26905.595689
    1484000 -26906.039684
    1485000 -26906.030894
    1486000 -26905.905276
    1487000 -26906.029099
    1488000 -26906.844205
    1489000 -26906.922408
    1490000 -26909.179904
    1491000 -26905.694840
    1492000 -26908.599601
    1493000 -26907.661457
    1494000 -26905.695169
    1495000 -26905.638265
    1496000 -26905.600762
    1497000 -26906.697270
    1498000 -26905.885576
    1499000 -26906.008786
    1500000 -26906.153177
    1501000 -26908.416727
    1502000 -26906.183592
    1503000 -26906.878443
    1504000 -26906.844037
    1505000 -26906.803131
    1506000 -26906.687898
    1507000 -26906.330874
    1508000 -26908.469950
    1509000 -26906.139109
    1510000 -26906.623922
    1511000 -26906.052695
    1512000 -26905.928274
    1513000 -26905.595368
    1514000 -26907.682187
    1515000 -26909.537009
    1516000 -26909.333584
    1517000 -26907.419998
    1518000 -26906.694740
    1519000 -26908.438559
    1520000 -26906.137227
    1521000 -26905.616295
    1522000 -26907.026495
    1523000 -26906.097898
    1524000 -26906.144353
    1525000 -26906.136341
    1526000 -26905.716635
    1527000 -26906.302623
    1528000 -26908.873209
    1529000 -26905.627505
    1530000 -26906.021596
    1531000 -26907.922347
    1532000 -26906.315144
    1533000 -26906.113424
    1534000 -26908.908855
    1535000 -26908.083689
    1536000 -26905.599214
    1537000 -26906.183280
    1538000 -26906.927081
    1539000 -26905.840246
    1540000 -26906.140259
    1541000 -26906.574010
    1542000 -26905.599083
    1543000 -26906.022192
    1544000 -26906.274553
    1545000 -26906.383417
    1546000 -26906.987901
    1547000 -26907.233351
    1548000 -26905.940876
    1549000 -26906.317389
    1550000 -26906.023730
    1551000 -26905.595182
    1552000 -26906.123867
    1553000 -26906.573250
    1554000 -26906.270163
    1555000 -26905.689097
    1556000 -26905.609680
    1557000 -26906.499602
    1558000 -26907.381387
    1559000 -26907.305269
    1560000 -26905.727662
    1561000 -26906.047474
    1562000 -26908.463993
    1563000 -26910.296501
    1564000 -26905.621801
    1565000 -26905.871360
    1566000 -26906.513470
    1567000 -26906.264167
    1568000 -26906.443147
    1569000 -26910.724635
    1570000 -26907.207320
    1571000 -26906.363319
    1572000 -26906.806824
    1573000 -26906.073600
    1574000 -26907.506415
    1575000 -26908.157709
    1576000 -26905.799803
    1577000 -26906.425699
    1578000 -26906.138548
    1579000 -26907.374652
    1580000 -26907.404476
    1581000 -26908.568262
    1582000 -26907.316920
    1583000 -26905.661514
    1584000 -26905.648506
    1585000 -26906.412026
    1586000 -26908.049866
    1587000 -26906.810803
    1588000 -26906.728582
    1589000 -26906.075819
    1590000 -26908.515072
    1591000 -26907.118646
    1592000 -26905.760931
    1593000 -26906.472529
    1594000 -26905.837214
    1595000 -26909.373687
    1596000 -26906.665661
    1597000 -26906.544197
    1598000 -26906.404838
    1599000 -26905.775564
    1600000 -26906.076476
    1601000 -26906.230479
    1602000 -26907.747686
    1603000 -26906.429697
    1604000 -26905.796496
    1605000 -26906.105183
    1606000 -26908.454302
    1607000 -26906.349724
    1608000 -26905.974364
    1609000 -26905.713485
    1610000 -26905.627629
    1611000 -26906.498629
    1612000 -26906.562259
    1613000 -26905.662691
    1614000 -26906.490566
    1615000 -26906.027021
    1616000 -26906.046723
    1617000 -26905.621111
    1618000 -26906.066768
    1619000 -26907.127234
    1620000 -26905.841878
    1621000 -26906.447155
    1622000 -26906.802231
    1623000 -26905.632314
    1624000 -26908.472435
    1625000 -26906.615762
    1626000 -26906.740966
    1627000 -26906.114789
    1628000 -26906.026459
    1629000 -26906.026273
    1630000 -26906.188757
    1631000 -26906.866406
    1632000 -26910.696179
    1633000 -26907.100718
    1634000 -26910.872534
    1635000 -26906.762350
    1636000 -26905.641610
    1637000 -26906.361294
    1638000 -26907.567916
    1639000 -26905.726769
    1640000 -26905.594964
    1641000 -26907.303977
    1642000 -26905.598326
    1643000 -26905.660272
    1644000 -26907.095338
    1645000 -26906.363867
    1646000 -26907.267199
    1647000 -26909.244453
    1648000 -26906.023716
    1649000 -26905.598240
    1650000 -26905.753866
    1651000 -26905.770332
    1652000 -26905.595503
    1653000 -26906.098781
    1654000 -26905.603981
    1655000 -26909.159277
    1656000 -26906.062007
    1657000 -26908.240482
    1658000 -26905.710717
    1659000 -26906.362777
    1660000 -26905.881997
    1661000 -26906.256319
    1662000 -26906.022107
    1663000 -26905.662414
    1664000 -26905.737417
    1665000 -26906.431470
    1666000 -26906.287544
    1667000 -26908.540039
    1668000 -26909.699908
    1669000 -26905.696595
    1670000 -26907.185581
    1671000 -26908.800009
    1672000 -26905.822102
    1673000 -26908.036449
    1674000 -26906.100525
    1675000 -26907.093036
    1676000 -26905.653182
    1677000 -26906.296905
    1678000 -26906.842500
    1679000 -26905.901587
    1680000 -26906.239805
    1681000 -26905.606112
    1682000 -26906.453655
    1683000 -26906.053235
    1684000 -26906.253362
    1685000 -26906.076321
    1686000 -26906.298797
    1687000 -26905.623012
    1688000 -26905.952808
    1689000 -26905.688774
    1690000 -26906.029799
    1691000 -26912.153990
    1692000 -26906.085846
    1693000 -26907.795740
    1694000 -26906.203846
    1695000 -26906.254352
    1696000 -26906.021927
    1697000 -26907.072179
    1698000 -26907.056964
    1699000 -26906.437153
    1700000 -26910.135195
    1701000 -26906.121540
    1702000 -26905.805992
    1703000 -26906.111919
    1704000 -26905.699517
    1705000 -26906.054507
    1706000 -26905.705929
    1707000 -26910.012872
    1708000 -26905.664948
    1709000 -26905.675073
    1710000 -26906.398485
    1711000 -26908.235176
    1712000 -26906.121300
    1713000 -26906.888846
    1714000 -26905.653741
    1715000 -26908.316266
    1716000 -26906.134053
    1717000 -26907.484518
    1718000 -26907.362828
    1719000 -26906.061057
    1720000 -26906.079175
    1721000 -26907.138871
    1722000 -26906.385563
    1723000 -26906.065063
    1724000 -26906.133748
    1725000 -26907.364876
    1726000 -26905.966072
    1727000 -26905.976680
    1728000 -26905.606798
    1729000 -26907.961301
    1730000 -26906.143781
    1731000 -26907.917237
    1732000 -26906.799182
    1733000 -26908.846124
    1734000 -26906.156212
    1735000 -26908.215784
    1736000 -26909.123744
    1737000 -26905.643687
    1738000 -26905.995310
    1739000 -26906.476579
    1740000 -26905.938155
    1741000 -26905.613778
    1742000 -26906.821410
    1743000 -26905.595581
    1744000 -26905.735583
    1745000 -26907.570648
    1746000 -26906.718406
    1747000 -26909.487433
    1748000 -26906.043859
    1749000 -26906.266788
    1750000 -26906.016302
    1751000 -26908.198539
    1752000 -26906.247997
    1753000 -26906.034630
    1754000 -26906.341792
    1755000 -26908.115673
    1756000 -26906.228429
    1757000 -26907.381346
    1758000 -26907.409457
    1759000 -26906.198415
    1760000 -26905.724172
    1761000 -26906.024530
    1762000 -26905.644913
    1763000 -26905.627873
    1764000 -26906.224597
    1765000 -26910.197173
    1766000 -26905.841533
    1767000 -26906.263929
    1768000 -26905.595055
    1769000 -26906.233799
    1770000 -26906.534658
    1771000 -26909.240741
    1772000 -26906.065049
    1773000 -26906.104637
    1774000 -26905.638793
    1775000 -26906.092861
    1776000 -26907.424188
    1777000 -26905.595406
    1778000 -26905.818261
    1779000 -26907.306872
    1780000 -26906.598266
    1781000 -26907.872605
    1782000 -26906.057050
    1783000 -26907.095102
    1784000 -26906.487599
    1785000 -26909.734794
    1786000 -26909.917220
    1787000 -26908.701813
    1788000 -26906.187778
    1789000 -26907.513653
    1790000 -26906.899059
    1791000 -26906.082091
    1792000 -26906.162812
    1793000 -26905.718038
    1794000 -26907.487647
    1795000 -26906.048886
    1796000 -26906.022181
    1797000 -26907.197771
    1798000 -26907.016354
    1799000 -26906.081377
    1800000 -26906.180753
    1801000 -26906.021507
    1802000 -26906.261857
    1803000 -26906.022033
    1804000 -26906.126739
    1805000 -26908.682617
    1806000 -26910.234724
    1807000 -26906.014993
    1808000 -26905.820244
    1809000 -26906.891319
    1810000 -26906.416843
    1811000 -26906.333885
    1812000 -26906.467548
    1813000 -26906.176789
    1814000 -26906.087041
    1815000 -26905.937695
    1816000 -26906.070871
    1817000 -26905.664877
    1818000 -26906.660776
    1819000 -26906.154691
    1820000 -26907.881016
    1821000 -26907.944965
    1822000 -26909.643691
    1823000 -26906.565118
    1824000 -26905.944865
    1825000 -26908.006859
    1826000 -26905.785267
    1827000 -26908.453572
    1828000 -26906.453555
    1829000 -26906.906992
    1830000 -26906.065853
    1831000 -26905.777449
    1832000 -26907.096843
    1833000 -26905.780851
    1834000 -26905.700612
    1835000 -26906.149811
    1836000 -26909.017746
    1837000 -26906.378191
    1838000 -26906.278068
    1839000 -26905.678800
    1840000 -26907.673054
    1841000 -26909.345268
    1842000 -26905.739487
    1843000 -26908.808875
    1844000 -26909.477570
    1845000 -26905.840185
    1846000 -26905.607055
    1847000 -26907.305227
    1848000 -26906.077289
    1849000 -26908.255041
    1850000 -26908.467182
    1851000 -26908.191554
    1852000 -26907.751019
    1853000 -26906.401421
    1854000 -26906.445598
    1855000 -26905.595195
    1856000 -26906.755335
    1857000 -26906.035484
    1858000 -26906.181559
    1859000 -26908.608073
    1860000 -26905.611697
    1861000 -26906.071906
    1862000 -26905.619619
    1863000 -26906.225504
    1864000 -26906.116032
    1865000 -26905.611721
    1866000 -26906.061317
    1867000 -26906.134924
    1868000 -26908.184726
    1869000 -26905.728774
    1870000 -26905.638214
    1871000 -26906.106975
    1872000 -26906.943857
    1873000 -26905.944375
    1874000 -26906.115222
    1875000 -26905.713190
    1876000 -26906.056684
    1877000 -26906.902541
    1878000 -26908.005898
    1879000 -26906.256052
    1880000 -26905.884722
    1881000 -26908.319369
    1882000 -26905.905702
    1883000 -26906.059932
    1884000 -26906.052418
    1885000 -26906.233981
    1886000 -26905.683543
    1887000 -26905.598825
    1888000 -26906.342735
    1889000 -26906.567795
    1890000 -26908.169792
    1891000 -26907.797825
    1892000 -26906.108329
    1893000 -26906.023289
    1894000 -26907.250289
    1895000 -26907.650074
    1896000 -26906.862675
    1897000 -26906.124616
    1898000 -26906.026110
    1899000 -26907.094304
    1900000 -26911.164278
    1901000 -26906.230997
    1902000 -26906.076825
    1903000 -26906.022813
    1904000 -26906.087458
    1905000 -26909.022372
    1906000 -26906.709716
    1907000 -26905.798460
    1908000 -26905.887232
    1909000 -26906.532381
    1910000 -26906.114200
    1911000 -26906.326611
    1912000 -26906.392364
    1913000 -26905.653031
    1914000 -26907.158482
    1915000 -26906.054788
    1916000 -26905.723419
    1917000 -26906.040840
    1918000 -26906.200397
    1919000 -26906.306510
    1920000 -26905.779279
    1921000 -26908.571305
    1922000 -26906.120721
    1923000 -26906.032924
    1924000 -26905.667450
    1925000 -26907.939442
    1926000 -26906.111240
    1927000 -26907.023525
    1928000 -26906.540501
    1929000 -26906.131984
    1930000 -26906.037466
    1931000 -26905.635487
    1932000 -26910.844200
    1933000 -26906.377570
    1934000 -26906.063136
    1935000 -26906.088588
    1936000 -26908.906609
    1937000 -26906.189453
    1938000 -26905.595488
    1939000 -26905.741823
    1940000 -26905.727411
    1941000 -26906.507165
    1942000 -26910.199288
    1943000 -26907.916318
    1944000 -26906.403235
    1945000 -26905.597414
    1946000 -26908.873487
    1947000 -26910.197781
    1948000 -26906.025931
    1949000 -26905.595304
    1950000 -26906.498104
    1951000 -26906.199692
    1952000 -26905.694919
    1953000 -26908.012359
    1954000 -26905.835399
    1955000 -26906.024426
    1956000 -26906.329978
    1957000 -26905.598477
    1958000 -26907.470327
    1959000 -26906.118128
    1960000 -26907.527891
    1961000 -26909.968964
    1962000 -26905.613472
    1963000 -26905.647268
    1964000 -26905.788977
    1965000 -26906.337027
    1966000 -26909.772066
    1967000 -26910.387465
    1968000 -26906.119595
    1969000 -26906.154743
    1970000 -26906.552750
    1971000 -26906.300082
    1972000 -26905.598631
    1973000 -26908.151214
    1974000 -26906.357096
    1975000 -26906.295096
    1976000 -26905.603614
    1977000 -26907.406762
    1978000 -26906.108125
    1979000 -26906.327445
    1980000 -26905.840721
    1981000 -26907.371772
    1982000 -26906.169485
    1983000 -26906.007284
    1984000 -26905.637212
    1985000 -26906.021739
    1986000 -26905.910029
    1987000 -26908.465949
    1988000 -26906.041400
    1989000 -26905.692317
    1990000 -26907.249800
    1991000 -26906.098194
    1992000 -26908.716431
    1993000 -26906.042282
    1994000 -26905.731879
    1995000 -26906.089712
    1996000 -26906.562439
    1997000 -26905.852393
    1998000 -26907.240134
    1999000 -26906.320352
    2000000 -26908.466379
