       1000 -26906.172129
       2000 -26915.027109
       3000 -26906.039354
       4000 -26906.813048
       5000 -26906.262838
       6000 -26912.316698
       7000 -26905.595775
       8000 -26907.911766
       9000 -26905.596581
      10000 -26906.303006
      11000 -26906.230511
      12000 -26906.053893
      13000 -26906.061465
      14000 -26917.675691
      15000 -26905.627083
      16000 -26907.726032
      17000 -26907.356131
      18000 -26905.796691
      19000 -26906.035485
      20000 -26905.657019
      21000 -26906.445399
      22000 -26910.266856
      23000 -26907.629325
      24000 -26912.221284
      25000 -26905.670372
      26000 -26906.285427
      27000 -26907.934509
      28000 -26907.357541
      29000 -26905.812877
      30000 -26906.009387
      31000 -26906.058929
      32000 -26906.519358
      33000 -26905.630674
      34000 -26907.387563
      35000 -26906.084884
      36000 -26905.607215
      37000 -26907.332228
      38000 -26908.924053
      39000 -26907.591104
      40000 -26906.867765
      41000 -26906.066339
      42000 -26905.836028
      43000 -26908.624216
      44000 -26908.465616
      45000 -26907.693873
      46000 -26905.732084
      47000 -26906.088056
      48000 -26905.658370
      49000 -26906.993276
      50000 -26906.115955
      51000 -26906.203818
      52000 -26905.983911
      53000 -26905.882387
      54000 -26906.070267
      55000 -26905.667867
      56000 -26907.395155
      57000 -26906.286846
      58000 -26905.715701
      59000 -26906.040084
      60000 -26906.022086
      61000 -26906.297214
      62000 -26905.896296
      63000 -26906.257836
      64000 -26906.288325
      65000 -26906.605830
      66000 -26905.602104
      67000 -26905.899716
      68000 -26905.694764
      69000 -26906.113613
      70000 -26905.733730
      71000 -26906.257930
      72000 -26906.020719
      73000 -26906.059716
      74000 -26906.178955
      75000 -26905.949656
      76000 -26905.614526
      77000 -26906.706336
      78000 -26906.327963
      79000 -26908.024152
      80000 -26906.514932
      81000 -26911.314379
      82000 -26905.628528
      83000 -26906.155053
      84000 -26906.060605
      85000 -26906.514909
      86000 -26906.068429
      87000 -26906.870155
      88000 -26906.462148
      89000 -26905.701345
      90000 -26906.025573
      91000 -26906.178865
      92000 -26906.189403
      93000 -26908.189077
      94000 -26907.426886
      95000 -26907.331690
      96000 -26906.128762
      97000 -26907.655836
      98000 -26905.632317
      99000 -26905.660672
     100000 -26906.089209
     101000 -26906.376470
     102000 -26905.923064
     103000 -26907.566049
     104000 -26907.482791
     105000 -26908.268941
     106000 -26906.028231
     107000 -26906.156401
     108000 -26906.058863
     109000 -26907.860470
     110000 -26906.445559
     111000 -26909.490866
     112000 -26905.850769
     113000 -26907.729717
     114000 -26906.415664
     115000 -26906.379239
     116000 -26907.932875
     117000 -26905.651292
     118000 -26908.247115
     119000 -26906.137883
     120000 -26905.642539
     121000 -26906.196202
     122000 -26906.045021
     123000 -26906.062545
     124000 -26908.440821
     125000 -26908.693845
     126000 -26906.110562
     127000 -26905.595156
     128000 -26912.624014
     129000 -26910.709335
     130000 -26907.187342
     131000 -26905.712541
     132000 -26906.065119
     133000 -26906.435883
     134000 -26905.947990
     135000 -26906.702317
     136000 -26906.025837
     137000 -26906.202343
     138000 -26905.612213
     139000 -26906.610689
     140000 -26905.599455
     141000 -26905.990455
     142000 -26905.605633
     143000 -26906.056529
     144000 -26905.597300
     145000 -26906.068224
     146000 -26908.439215
     147000 -26906.021660
     148000 -26906.115876
     149000 -26906.065240
     150000 -26905.669441
     151000 -26907.424852
     152000 -26907.379703
     153000 -26906.023923
     154000 -26905.673437
     155000 -26905.595931
     156000 -26905.795678
     157000 -26905.595195
     158000 -26906.108419
     159000 -26905.847688
     160000 -26906.136637
     161000 -26906.169027
     162000 -26906.554339
     163000 -26908.420037
     164000 -26906.227046
     165000 -26905.731862
     166000 -26906.654977
     167000 -26906.120060
     168000 -26906.340750
     169000 -26906.324510
     170000 -26906.056298
     171000 -26906.056985
     172000 -26906.522895
     173000 -26906.213711
     174000 -26906.593858
     175000 -26906.136962
     176000 -26905.749977
     177000 -26905.604402
     178000 -26908.580003
     179000 -26909.218031
     180000 -26907.399504
     181000 -26905.596483
     182000 -26905.813112
     183000 -26906.158819
     184000 -26906.312106
     185000 -26905.595000
     186000 -26905.613323
     187000 -26905.862133
     188000 -26906.136246
     189000 -26906.493615
     190000 -26905.618599
     191000 -26906.073432
     192000 -26905.750838
     193000 -26905.613982
     194000 -26906.070559
     195000 -26906.828223
     196000 -26907.875264
     197000 -26906.601371
     198000 -26909.514935
     199000 -26905.595502
     200000 -26906.480069
     201000 -26910.655620
     202000 -26909.056070
     203000 -26907.081234
     204000 -26908.661189
     205000 -26906.168175
     206000 -26905.626578
     207000 -26905.908670
     208000 -26905.713283
     209000 -26905.660951
     210000 -26906.094881
     211000 -26909.712207
     212000 -26906.265518
     213000 -26907.697922
     214000 -26905.629147
     215000 -26907.628984
     216000 -26905.746952
     217000 -26905.653154
     218000 -26906.048473
     219000 -26908.244565
     220000 -26909.176028
     221000 -26906.082206
     222000 -26905.620603
     223000 -26905.624707
     224000 -26908.034758
     225000 -26905.619319
     226000 -26907.584590
     227000 -26909.706204
     228000 -26907.327924
     229000 -26906.170690
     230000 -26905.661460
     231000 -26906.197650
     232000 -26906.403668
     233000 -26906.930559
     234000 -26906.232505
     235000 -26905.751828
     236000 -26905.704584
     237000 -26906.098518
     238000 -26905.703583
     239000 -26906.302346
     240000 -26907.875396
     241000 -26910.469899
     242000 -26906.110287
     243000 -26905.623352
     244000 -26908.514375
     245000 -26906.295694
     246000 -26907.435490
     247000 -26907.463296
     248000 -26905.708681
     249000 -26905.627004
     250000 -26906.130297
     251000 -26906.882104
     252000 -26909.309217
     253000 -26907.875852
     254000 -26908.514627
     255000 -26906.102515
     256000 -26906.962950
     257000 -26905.802064
     258000 -26906.023500
     259000 -26906.441528
     260000 -26905.597321
     261000 -26906.021958
     262000 -26906.074123
     263000 -26905.598443
     264000 -26905.594965
     265000 -26905.606363
     266000 -26906.163453
     267000 -26906.631152
     268000 -26911.838430
     269000 -26906.022278
     270000 -26906.194435
     271000 -26908.103777
     272000 -26905.812842
     273000 -26907.205138
     274000 -26905.652541
     275000 -26907.778568
     276000 -26906.179881
     277000 -26906.168520
     278000 -26906.554904
     279000 -26905.619968
     280000 -26905.669112
     281000 -26906.601173
     282000 -26905.676320
     283000 -26905.697270
     284000 -26909.286628
     285000 -26906.714582
     286000 -26907.303935
     287000 -26906.275611
     288000 -26905.596941
     289000 -26906.000612
     290000 -26907.501132
     291000 -26907.827306
     292000 -26906.417649
     293000 -26907.307170
     294000 -26905.611177
     295000 -26905.937623
     296000 -26907.027219
     297000 -26905.701605
     298000 -26909.142038
     299000 -26906.056285
     300000 -26905.609984
     301000 -26905.633556
     302000 -26906.778704
     303000 -26907.593066
     304000 -26905.813433
     305000 -26908.818271
     306000 -26909.128116
     307000 -26907.165697
     308000 -26908.218167
     309000 -26905.797789
     310000 -26905.856609
     311000 -26907.488976
     312000 -26907.895402
     313000 -26905.830016
     314000 -26908.568782
     315000 -26905.964072
     316000 -26906.024982
     317000 -26906.821370
     318000 -26910.917664
     319000 -26907.305700
     320000 -26906.833174
     321000 -26905.663266
     322000 -26905.950400
     323000 -26905.698947
     324000 -26908.255439
     325000 -26906.029227
     326000 -26907.614260
     327000 -26905.893698
     328000 -26906.474542
     329000 -26905.687948
     330000 -26906.542649
     331000 -26906.350904
     332000 -26905.612410
     333000 -26906.021626
     334000 -26906.518177
     335000 -26908.351531
     336000 -26906.772664
     337000 -26908.422966
     338000 -26907.480487
     339000 -26906.179603
     340000 -26906.044774
     341000 -26907.879420
     342000 -26907.313247
     343000 -26908.444250
     344000 -26906.068463
     345000 -26906.084344
     346000 -26907.349534
     347000 -26906.494859
     348000 -26906.535315
     349000 -26905.639195
     350000 -26906.405795
     351000 -26905.831080
     352000 -26907.157594
     353000 -26906.125862
     354000 -26905.972118
     355000 -26906.319961
     356000 -26906.038037
     357000 -26906.105330
     358000 -26907.924519
     359000 -26906.142372
     360000 -26905.899469
     361000 -26906.100082
     362000 -26905.903375
     363000 -26907.888329
     364000 -26906.206644
     365000 -26907.327906
     366000 -26907.383527
     367000 -26905.726267
     368000 -26906.032008
     369000 -26905.610474
     370000 -26905.790712
     371000 -26908.032667
     372000 -26906.777154
     373000 -26908.176301
     374000 -26906.059018
     375000 -26906.588133
     376000 -26908.155845
     377000 -26907.462808
     378000 -26905.922636
     379000 -26906.125293
     380000 -26905.619044
     381000 -26906.580031
     382000 -26911.112837
     383000 -26906.037476
     384000 -26908.947260
     385000 -26906.433695
     386000 -26906.396228
     387000 -26907.390279
     388000 -26905.729220
     389000 -26905.616176
     390000 -26905.810978
     391000 -26907.303948
     392000 -26906.028856
     393000 -26907.567431
     394000 -26905.976427
     395000 -26905.915813
     396000 -26908.440243
     397000 -26905.691032
     398000 -26907.364184
     399000 -26905.595275
     400000 -26906.049426
     401000 -26906.492019
     402000 -26906.616696
     403000 -26910.615324
     404000 -26906.079348
     405000 -26906.028886
     406000 -26907.056132
     407000 -26908.506041
     408000 -26905.623249
     409000 -26908.452526
     410000 -26908.364382
     411000 -26906.080386
     412000 -26911.607013
     413000 -26906.884499
     414000 -26908.486152
     415000 -26906.773847
     416000 -26905.595283
     417000 -26906.000417
     418000 -26908.695733
     419000 -26906.376420
     420000 -26908.898266
     421000 -26905.597111
     422000 -26905.976444
     423000 -26910.095288
     424000 -26906.302565
     425000 -26906.024219
     426000 -26906.042860
     427000 -26906.027139
     428000 -26905.595261
     429000 -26906.038825
     430000 -26906.154893
     431000 -26905.693824
     432000 -26907.312619
     433000 -26908.888164
     434000 -26907.514685
     435000 -26905.769106
     436000 -26905.803556
     437000 -26905.612471
     438000 -26906.615860
     439000 -26905.695147
     440000 -26905.988535
     441000 -26906.073561
     442000 -26905.659821
     443000 -26906.724277
     444000 -26905.594963
     445000 -26906.587986
     446000 -26906.838732
     447000 -26906.048707
     448000 -26906.426102
     449000 -26906.078594
     450000 -26907.618314
     451000 -26907.872002
     452000 -26905.602888
     453000 -26906.161633
     454000 -26906.114660
     455000 -26905.664366
     456000 -26906.666759
     457000 -26905.763968
     458000 -26909.406140
     459000 -26906.914909
     460000 -26908.427802
     461000 -26906.068871
     462000 -26905.779295
     463000 -26908.144310
     464000 -26906.394229
     465000 -26905.958048
     466000 -26906.834450
     467000 -26905.624842
     468000 -26906.180254
     469000 -26907.331394
     470000 -26905.720776
     471000 -26906.273717
     472000 -26905.683508
     473000 -26906.250530
     474000 -26906.135830
     475000 -26912.310950
     476000 -26906.025517
     477000 -26906.037969
     478000 -26905.626340
     479000 -26906.767059
     480000 -26908.448976
     481000 -26908.582953
     482000 -26906.745874
     483000 -26908.482120
     484000 -26906.037517
     485000 -26905.680071
     486000 -26905.611915
     487000 -26906.390655
     488000 -26906.976341
     489000 -26907.307076
     490000 -26909.531600
     491000 -26905.742592
     492000 -26907.287794
     493000 -26906.147709
     494000 -26910.331887
     495000 -26907.206288
     496000 -26908.068409
     497000 -26905.614707
     498000 -26907.563098
     499000 -26910.280227
     500000 -26906.022209
     501000 -26908.084704
     502000 -26906.021626
     503000 -26907.883569
     504000 -26905.619033
     505000 -26905.615269
     506000 -26905.595578
     507000 -26906.407753
     508000 -26906.162604
     509000 -26910.535136
     510000 -26907.118872
     511000 -26908.876075
     512000 -26905.627362
     513000 -26907.368075
     514000 -26909.321143
     515000 -26906.022131
     516000 -26907.126091
     517000 -26906.194264
     518000 -26905.664443
     519000 -26907.318272
     520000 -26909.624893
     521000 -26906.058424
     522000 -26906.037258
     523000 -26906.320520
     524000 -26906.738934
     525000 -26907.310469
     526000 -26905.599143
     527000 -26906.512371
     528000 -26906.530056
     529000 -26906.233055
     530000 -26905.762190
     531000 -26907.072162
     532000 -26906.133425
     533000 -26909.440713
     534000 -26908.416963
     535000 -26906.757990
     536000 -26906.364045
     537000 -26910.888467
     538000 -26908.554425
     539000 -26905.600261
     540000 -26905.594981
     541000 -26907.593093
     542000 -26906.042506
     543000 -26906.442438
     544000 -26905.639219
     545000 -26908.340192
     546000 -26910.206589
     547000 -26907.111288
     548000 -26905.718948
     549000 -26908.818958
     550000 -26906.499896
     551000 -26907.401298
     552000 -26908.215364
     553000 -26907.051480
     554000 -26905.763196
     555000 -26906.024625
     556000 -26908.901242
     557000 -26907.347895
     558000 -26907.036618
     559000 -26910.226221
     560000 -26907.658819
     561000 -26905.606293
     562000 -26906.980463
     563000 -26906.028533
     564000 -26906.174821
     565000 -26906.131065
     566000 -26906.281654
     567000 -26905.596576
     568000 -26906.126026
     569000 -26905.905117
     570000 -26906.027308
     571000 -26908.134796
     572000 -26906.025103
     573000 -26906.264175
     574000 -26905.631663
     575000 -26906.161499
     576000 -26905.723626
     577000 -26905.594972
     578000 -26906.385524
     579000 -26905.886202
     580000 -26907.465702
     581000 -26905.667601
     582000 -26908.029367
     583000 -26909.730497
     584000 -26906.387972
     585000 -26905.653930
     586000 -26907.379054
     587000 -26907.550904
     588000 -26907.621088
     589000 -26905.729347
     590000 -26905.595076
     591000 -26905.597644
     592000 -26906.703985
     593000 -26908.440628
     594000 -26905.686246
     595000 -26908.683876
     596000 -26910.716806
     597000 -26906.108617
     598000 -26906.881476
     599000 -26910.905595
     600000 -26906.065945
     601000 -26905.605692
     602000 -26905.625643
     603000 -26908.873003
     604000 -26908.801206
     605000 -26906.905865
     606000 -26909.582022
     607000 -26906.093347
     608000 -26905.638142
     609000 -26905.597261
     610000 -26908.767521
     611000 -26906.885551
     612000 -26906.149885
     613000 -26907.008690
     614000 -26905.845601
     615000 -26905.627678
     616000 -26908.507699
     617000 -26906.030631
     618000 -26905.595454
     619000 -26906.365405
     620000 -26907.107219
     621000 -26909.446508
     622000 -26907.654063
     623000 -26906.197118
     624000 -26905.664676
     625000 -26905.690862
     626000 -26905.596155
     627000 -26908.398599
     628000 -26907.244605
     629000 -26905.595219
     630000 -26905.599677
     631000 -26908.935969
     632000 -26905.609286
     633000 -26906.108125
     634000 -26905.662375
     635000 -26905.677421
     636000 -26907.452190
     637000 -26908.632321
     638000 -26908.561738
     639000 -26905.632472
     640000 -26906.700182
     641000 -26905.605690
     642000 -26907.878766
     643000 -26907.317422
     644000 -26906.155249
     645000 -26911.140309
     646000 -26908.716576
     647000 -26906.207983
     648000 -26905.672661
     649000 -26905.888695
     650000 -26905.690008
     651000 -26906.724708
     652000 -26906.038248
     653000 -26905.649807
     654000 -26906.026698
     655000 -26907.607928
     656000 -26906.108029
     657000 -26905.614116
     658000 -26907.566947
     659000 -26906.211946
     660000 -26908.444291
     661000 -26907.984330
     662000 -26906.458434
     663000 -26909.165435
     664000 -26906.069025
     665000 -26906.022735
     666000 -26907.546401
     667000 -26906.480495
     668000 -26908.092696
     669000 -26905.703303
     670000 -26906.355218
     671000 -26906.304910
     672000 -26906.021469
     673000 -26905.796987
     674000 -26905.600063
     675000 -26908.873925
     676000 -26906.138891
     677000 -26906.093421
     678000 -26907.146570
     679000 -26906.087430
     680000 -26905.902621
     681000 -26905.633113
     682000 -26905.612728
     683000 -26905.594963
     684000 -26905.611401
     685000 -26908.595554
     686000 -26905.665214
     687000 -26906.074727
     688000 -26907.380675
     689000 -26906.818405
     690000 -26905.744648
     691000 -26907.201117
     692000 -26905.623674
     693000 -26906.480778
     694000 -26906.265640
     695000 -26908.440742
     696000 -26906.216281
     697000 -26908.984169
     698000 -26905.818520
     699000 -26905.612847
     700000 -26909.446991
     701000 -26907.981133
     702000 -26906.400172
     703000 -26905.704175
     704000 -26906.513506
     705000 -26906.312409
     706000 -26905.622796
     707000 -26906.633813
     708000 -26906.056913
     709000 -26905.598492
     710000 -26907.620104
     711000 -26908.086344
     712000 -26907.298426
     713000 -26909.029945
     714000 -26905.625579
     715000 -26911.040619
     716000 -26906.012423
     717000 -26905.595729
     718000 -26905.634438
     719000 -26906.118372
     720000 -26906.158476
     721000 -26905.854677
     722000 -26907.339573
     723000 -26906.820729
     724000 -26907.789715
     725000 -26907.513284
     726000 -26906.262784
     727000 -26906.213770
     728000 -26906.026585
     729000 -26905.631303
     730000 -26906.511222
     731000 -26906.554432
     732000 -26907.487324
     733000 -26906.115725
     734000 -26906.636255
     735000 -26908.440028
     736000 -26906.034855
     737000 -26906.853377
     738000 -26909.122671
     739000 -26907.323089
     740000 -26906.062243
     741000 -26905.809119
     742000 -26905.680545
     743000 -26912.353568
     744000 -26905.817382
     745000 -26906.604063
     746000 -26906.273634
     747000 -26909.010564
     748000 -26907.388944
     749000 -26906.049274
     750000 -26906.112367
     751000 -26906.275829
     752000 -26910.184248
     753000 -26910.894519
     754000 -26906.021623
     755000 -26908.658231
     756000 -26910.157619
     757000 -26905.935681
     758000 -26906.021637
     759000 -26905.602348
     760000 -26906.253837
     761000 -26906.228631
     762000 -26910.228085
     763000 -26906.212572
     764000 -26906.096741
     765000 -26906.279124
     766000 -26908.064205
     767000 -26907.058453
     768000 -26905.747286
     769000 -26907.001257
     770000 -26906.783858
     771000 -26905.650359
     772000 -26907.808101
     773000 -26906.074378
     774000 -26910.445591
     775000 -26905.615826
     776000 -26912.821064
     777000 -26910.714615
     778000 -26906.032166
     779000 -26906.029737
     780000 -26906.689844
     781000 -26906.224063
     782000 -26907.755696
     783000 -26911.181642
     784000 -26906.102004
     785000 -26907.775776
     786000 -26905.610497
     787000 -26906.615166
     788000 -26905.886396
     789000 -26908.358260
     790000 -26908.118393
     791000 -26908.641457
     792000 -26906.826903
     793000 -26906.088331
     794000 -26907.884836
     795000 -26905.765716
     796000 -26905.647799
     797000 -26908.692088
     798000 -26905.789794
     799000 -26905.827931
     800000 -26905.637521
     801000 -26907.180107
     802000 -26908.271089
     803000 -26906.083603
     804000 -26906.391015
     805000 -26905.597277
     806000 -26905.597338
     807000 -26907.923680
     808000 -26907.211434
     809000 -26905.805810
     810000 -26906.286072
     811000 -26912.026265
     812000 -26905.635958
     813000 -26905.624866
     814000 -26906.884683
     815000 -26905.625953
     816000 -26905.959695
     817000 -26910.216381
     818000 -26906.027325
     819000 -26908.632411
     820000 -26905.598625
     821000 -26906.064277
     822000 -26905.612267
     823000 -26907.222707
     824000 -26908.106515
     825000 -26906.053024
     826000 -26907.918193
     827000 -26906.345703
     828000 -26908.947640
     829000 -26906.061174
     830000 -26906.456796
     831000 -26908.094849
     832000 -26906.196796
     833000 -26906.861594
     834000 -26908.515701
     835000 -26906.026289
     836000 -26907.406446
     837000 -26906.054419
     838000 -26905.696343
     839000 -26905.756109
     840000 -26905.650406
     841000 -26909.076577
     842000 -26907.332045
     843000 -26906.267317
     844000 -26908.067486
     845000 -26906.566617
     846000 -26906.161035
     847000 -26906.261486
     848000 -26905.983508
     849000 -26905.718898
     850000 -26905.596182
     851000 -26905.798605
     852000 -26906.321910
     853000 -26905.777418
     854000 -26905.731163
     855000 -26908.868513
     856000 -26907.829247
     857000 -26906.340469
     858000 -26905.598604
     859000 -26905.973663
     860000 -26906.177853
     861000 -26907.033876
     862000 -26906.261978
     863000 -26906.036427
     864000 -26908.290399
     865000 -26906.411585
     866000 -26906.022027
     867000 -26906.307973
     868000 -26906.170035
     869000 -26907.612340
     870000 -26906.087025
     871000 -26906.137378
     872000 -26905.901782
     873000 -26905.912456
     874000 -26909.453436
     875000 -26906.040166
     876000 -26905.618734
     877000 -26905.917222
     878000 -26908.893406
     879000 -26905.636240
     880000 -26909.658166
     881000 -26906.056466
     882000 -26906.497066
     883000 -26906.625764
     884000 -26906.051644
     885000 -26906.237007
     886000 -26905.790636
     887000 -26907.143165
     888000 -26905.722145
     889000 -26907.315321
     890000 -26906.159332
     891000 -26906.080124
     892000 -26907.767791
     893000 -26905.648422
     894000 -26905.621151
     895000 -26906.023841
     896000 -26905.614046
     897000 -26905.710377
     898000 -26906.984986
     899000 -26906.216657
     900000 -26905.704465
     901000 -26910.438530
     902000 -26905.659220
     903000 -26907.304421
     904000 -26907.153310
     905000 -26905.698946
     906000 -26906.466313
     907000 -26906.097679
     908000 -26906.146772
     909000 -26907.031839
     910000 -26907.939599
     911000 -26906.627113
     912000 -26908.489692
     913000 -26905.737651
     914000 -26905.703521
     915000 -26906.071392
     916000 -26907.331026
     917000 -26906.537517
     918000 -26909.466271
     919000 -26907.191038
     920000 -26908.887108
     921000 -26905.597571
     922000 -26908.821671
     923000 -26906.021677
     924000 -26907.437690
     925000 -26908.754696
     926000 -26907.250732
     927000 -26907.119490
     928000 -26905.844314
     929000 -26906.320222
     930000 -26908.935942
     931000 -26908.482671
     932000 -26905.688099
     933000 -26905.797230
     934000 -26906.688733
     935000 -26905.626055
     936000 -26908.954950
     937000 -26906.080002
     938000 -26907.761663
     939000 -26908.939131
     940000 -26906.012042
     941000 -26906.663048
     942000 -26910.548383
     943000 -26908.897128
     944000 -26906.177568
     945000 -26905.693645
     946000 -26907.079788
     947000 -26905.936283
     948000 -26906.874795
     949000 -26906.026707
     950000 -26906.747787
     951000 -26905.726846
     952000 -26906.708466
     953000 -26906.009074
     954000 -26905.945674
     955000 -26906.043683
     956000 -26905.600436
     957000 -26906.957361
     958000 -26905.921265
     959000 -26907.317664
     960000 -26905.770934
     961000 -26908.101036
     962000 -26906.035514
     963000 -26905.597673
     964000 -26905.697853
     965000 -26905.997712
     966000 -26906.200375
     967000 -26906.489372
     968000 -26908.935353
     969000 -26906.021792
     970000 -26907.448340
     971000 -26906.133165
     972000 -26906.266858
     973000 -26906.262052
     974000 -26910.700118
     975000 -26909.264458
     976000 -26906.397338
     977000 -26905.634539
     978000 -26906.144123
     979000 -26907.325883
     980000 -26906.074202
     981000 -26906.500883
     982000 -26906.028335
     983000 -26906.152105
     984000 -26907.218028
     985000 -26906.131473
     986000 -26905.645668
     987000 -26906.610673
     988000 -26907.371624
     989000 -26906.532585
     990000 -26905.921114
     991000 -26905.621545
     992000 -26909.020659
     993000 -26905.857286
     994000 -26905.851046
     995000 -26906.188428
     996000 -26905.734266
     997000 -26907.147650
     998000 -26906.030345
     999000 -26907.755760
    1000000 -26906.554993
    1001000 -26909.543012
    1002000 -26908.589295
    1003000 -26907.316080
    1004000 -26906.096192
    1005000 -26905.848724
    1006000 -26909.410776
    1007000 -26911.837287
    1008000 -26906.099900
    1009000 -26907.934171
    1010000 -26910.272733
    1011000 -26906.079738
    1012000 -26906.085859
    1013000 -26906.239236
    1014000 -26908.229084
    1015000 -26907.485085
    1016000 -26905.737638
    1017000 -26906.271439
    1018000 -26907.564204
    1019000 -26905.601002
    1020000 -26906.428435
    1021000 -26906.683374
    1022000 -26907.468013
    1023000 -26906.280190
    1024000 -26906.066339
    1025000 -26906.911799
    1026000 -26905.710401
    1027000 -26909.581281
    1028000 -26906.498839
    1029000 -26907.393462
    1030000 -26906.277768
    1031000 -26905.842654
    1032000 -26905.610758
    1033000 -26905.600654
    1034000 -26906.421061
    1035000 -26907.728400
    1036000 -26906.427296
    1037000 -26905.837551
    1038000 -26905.642165
    1039000 -26906.165937
    1040000 -26906.794486
    1041000 -26908.525050
    1042000 -26906.129327
    1043000 -26906.095269
    1044000 -26905.808341
    1045000 -26905.839989
    1046000 -26907.315161
    1047000 -26906.022753
    1048000 -26906.101142
    1049000 -26906.075697
    1050000 -26906.752661
    1051000 -26905.759322
    1052000 -26906.022528
    1053000 -26906.288200
    1054000 -26910.423015
    1055000 -26906.399040
    1056000 -26906.131352
    1057000 -26906.543705
    1058000 -26906.407665
    1059000 -26908.021925
    1060000 -26908.462251
    1061000 -26905.623279
    1062000 -26907.025110
    1063000 -26906.185934
    1064000 -26906.111627
    1065000 -26906.092344
    1066000 -26906.581851
    1067000 -26908.340782
    1068000 -26905.625220
    1069000 -26907.318328
    1070000 -26906.534353
    1071000 -26906.026389
    1072000 -26906.024600
    1073000 -26906.021473
    1074000 -26906.728520
    1075000 -26907.746815
    1076000 -26906.308797
    1077000 -26905.627003
    1078000 -26906.328736
    1079000 -26907.432150
    1080000 -26906.325383
    1081000 -26905.686049
    1082000 -26906.445194
    1083000 -26906.030717
    1084000 -26906.022956
    1085000 -26906.976774
    1086000 -26907.232693
    1087000 -26905.600714
    1088000 -26907.190521
    1089000 -26905.921857
    1090000 -26906.025386
    1091000 -26907.031828
    1092000 -26905.608507
    1093000 -26908.443696
    1094000 -26906.053322
    1095000 -26905.982262
    1096000 -26906.021481
    1097000 -26906.389427
    1098000 -26905.597546
    1099000 -26906.613905
    1100000 -26906.025084
    1101000 -26906.189269
    1102000 -26906.283216
    1103000 -26906.083573
    1104000 -26907.311762
    1105000 -26905.659327
    1106000 -26905.617344
    1107000 -26905.653722
    1108000 -26906.182064
    1109000 -26905.983825
    1110000 -26907.312035
    1111000 -26906.066993
    1112000 -26905.770191
    1113000 -26905.600871
    1114000 -26906.083712
    1115000 -26905.674517
    1116000 -26906.318028
    1117000 -26906.767453
    1118000 -26906.800691
    1119000 -26906.260328
    1120000 -26906.740758
    1121000 -26906.392032
    1122000 -26906.311152
    1123000 -26905.599429
    1124000 -26908.531181
    1125000 -26905.598004
    1126000 -26908.777493
    1127000 -26905.597033
    1128000 -26906.759923
    1129000 -26906.065402
    1130000 -26905.888855
    1131000 -26905.665152
    1132000 -26907.317587
    1133000 -26905.639193
    1134000 -26905.600448
    1135000 -26905.646547
    1136000 -26905.656641
    1137000 -26907.542473
    1138000 -26906.443100
    1139000 -26905.674421
    1140000 -26905.698778
    1141000 -26905.728427
    1142000 -26906.312468
    1143000 -26905.613346
    1144000 -26906.774467
    1145000 -26908.561737
    1146000 -26905.601165
    1147000 -26905.740484
    1148000 -26906.771915
    1149000 -26908.025987
    1150000 -26909.456142
    1151000 -26906.115576
    1152000 -26906.803183
    1153000 -26906.640290
    1154000 -26906.439401
    1155000 -26906.131180
    1156000 -26906.024539
    1157000 -26906.516559
    1158000 -26906.047033
    1159000 -26907.863283
    1160000 -26909.322149
    1161000 -26906.512266
    1162000 -26905.971646
    1163000 -26906.712851
    1164000 -26908.477413
    1165000 -26908.899500
    1166000 -26907.253376
    1167000 -26906.137270
    1168000 -26905.878809
    1169000 -26907.043460
    1170000 -26905.598533
    1171000 -26905.906961
    1172000 -26908.679554
    1173000 -26906.053214
    1174000 -26905.762007
    1175000 -26906.021466
    1176000 -26906.350867
    1177000 -26906.236863
    1178000 -26905.595019
    1179000 -26908.446928
    1180000 -26907.231833
    1181000 -26906.904818
    1182000 -26905.605445
    1183000 -26907.157898
    1184000 -26906.028700
    1185000 -26906.022746
    1186000 -26910.991461
    1187000 -26906.040240
    1188000 -26906.627105
    1189000 -26905.609252
    1190000 -26906.240592
    1191000 -26905.918141
    1192000 -26907.639073
    1193000 -26906.042994
    1194000 -26906.700444
    1195000 -26906.028081
    1196000 -26905.792074
    1197000 -26907.218211
    1198000 -26907.702078
    1199000 -26906.173368
    1200000 -26906.258822
    1201000 -26907.311826
    1202000 -26908.063315
    1203000 -26905.750200
    1204000 -26908.288043
    1205000 -26906.124992
    1206000 -26906.341165
    1207000 -26906.355968
    1208000 -26905.735791
    1209000 -26905.713980
    1210000 -26908.444753
    1211000 -26906.824851
    1212000 -26905.867796
    1213000 -26907.638300
    1214000 -26910.767521
    1215000 -26905.935100
    1216000 -26907.725597
    1217000 -26906.249728
    1218000 -26906.616371
    1219000 -26905.867992
    1220000 -26909.272549
    1221000 -26905.634327
    1222000 -26906.124783
    1223000 -26908.609681
    1224000 -26905.694525
    1225000 -26907.893037
    1226000 -26912.582013
    1227000 -26905.784420
    1228000 -26906.029424
    1229000 -26907.632244
    1230000 -26906.092612
    1231000 -26906.086422
    1232000 -26908.456005
    1233000 -26907.926879
    1234000 -26908.565931
    1235000 -26906.743804
    1236000 -26906.875831
    1237000 -26906.016768
    1238000 -26906.064746
    1239000 -26906.478468
    1240000 -26908.516983
    1241000 -26907.060716
    1242000 -26906.047304
    1243000 -26905.967397
    1244000 -26906.120932
    1245000 -26907.592128
    1246000 -26907.445491
    1247000 -26906.505337
    1248000 -26907.157034
    1249000 -26905.682767
    1250000 -26906.105501
    1251000 -26905.634087
    1252000 -26906.420338
    1253000 -26905.599474
    1254000 -26906.082134
    1255000 -26906.410787
    1256000 -26906.187344
    1257000 -26909.226773
    1258000 -26906.081524
    1259000 -26905.600274
    1260000 -26906.177077
    1261000 -26906.467942
    1262000 -26905.704893
    1263000 -26906.668328
    1264000 -26907.316774
    1265000 -26905.621382
    1266000 -26909.531103
    1267000 -26913.618342
    1268000 -26906.023335
    1269000 -26911.090801
    1270000 -26907.314418
    1271000 -26905.621604
    1272000 -26906.025592
    1273000 -26906.563205
    1274000 -26907.642924
    1275000 -26905.707633
    1276000 -26906.519047
    1277000 -26906.119010
    1278000 -26907.394878
    1279000 -26905.864392
    1280000 -26906.175596
    1281000 -26909.220137
    1282000 -26907.305455
    1283000 -26906.375792
    1284000 -26906.025172
    1285000 -26906.127532
    1286000 -26906.394339
    1287000 -26905.640724
    1288000 -26906.980492
    1289000 -26906.051014
    1290000 -26905.871841
    1291000 -26905.757422
    1292000 -26906.069335
    1293000 -26906.145468
    1294000 -26906.604719
    1295000 -26906.263107
    1296000 -26905.708879
    1297000 -26905.943775
    1298000 -26905.595939
    1299000 -26905.669918
    1300000 -26905.621352
    1301000 -26905.595086
    1302000 -26905.783787
    1303000 -26906.117888
    1304000 -26908.621894
    1305000 -26907.518866
    1306000 -26905.602130
    1307000 -26907.122502
    1308000 -26907.464243
    1309000 -26906.197480
    1310000 -26908.762700
    1311000 -26906.698378
    1312000 -26906.083830
    1313000 -26905.598315
    1314000 -26906.135294
    1315000 -26908.039833
    1316000 -26907.933334
    1317000 -26905.715044
    1318000 -26905.824512
    1319000 -26906.284140
    1320000 -26905.710550
    1321000 -26913.713505
    1322000 -26910.087611
    1323000 -26905.738710
    1324000 -26905.648161
    1325000 -26905.649125
    1326000 -26905.618121
    1327000 -26905.632991
    1328000 -26905.595504
    1329000 -26907.308142
    1330000 -26907.906743
    1331000 -26905.595275
    1332000 -26905.824440
    1333000 -26905.670981
    1334000 -26907.833673
    1335000 -26906.031310
    1336000 -26907.730309
    1337000 -26908.383274
    1338000 -26905.596703
    1339000 -26906.461637
    1340000 -26906.720643
    1341000 -26907.810776
    1342000 -26906.317252
    1343000 -26911.475269
    1344000 -26911.170190
    1345000 -26905.651015
    1346000 -26907.860100
    1347000 -26906.243681
    1348000 -26905.969012
    1349000 -26905.619231
    1350000 -26905.895447
    1351000 -26907.945096
    1352000 -26905.839736
    1353000 -26907.553111
    1354000 -26906.316932
    1355000 -26909.142197
    1356000 -26906.377209
    1357000 -26906.387468
    1358000 -26907.140777
    1359000 -26906.221447
    1360000 -26907.438515
    1361000 -26907.264021
    1362000 -26906.406381
    1363000 -26907.391816
    1364000 -26907.331474
    1365000 -26906.023712
    1366000 -26907.305002
    1367000 -26907.952253
    1368000 -26906.385534
    1369000 -26905.769443
    1370000 -26905.952552
    1371000 -26906.224200
    1372000 -26908.848986
    1373000 -26907.395203
    1374000 -26906.166990
    1375000 -26906.317676
    1376000 -26906.113513
    1377000 -26906.321458
    1378000 -26905.644357
    1379000 -26912.411314
    1380000 -26907.628422
    1381000 -26906.896011
    1382000 -26905.871571
    1383000 -26906.051066
    1384000 -26906.069303
    1385000 -26906.096009
    1386000 -26906.887295
    1387000 -26909.182554
    1388000 -26908.297662
    1389000 -26911.692713
    1390000 -26905.609497
    1391000 -26907.309142
    1392000 -26906.132634
    1393000 -26906.077738
    1394000 -26910.226611
    1395000 -26905.602804
    1396000 -26906.177827
    1397000 -26905.608320
    1398000 -26906.184887
    1399000 -26908.483751
    1400000 -26906.365364
    1401000 -26907.509973
    1402000 -26907.369514
    1403000 -26908.298161
    1404000 -26906.086109
    1405000 -26905.624244
    1406000 -26905.680156
    1407000 -26906.060144
    1408000 -26905.607697
    1409000 -26909.845322
    1410000 -26906.267795
    1411000 -26907.109009
    1412000 -26905.813288
    1413000 -26906.118486
    1414000 -26906.055242
    1415000 -26906.579221
    1416000 -26906.858466
    1417000 -26905.637799
    1418000 -26908.708352
    1419000 -26906.213125
    1420000 -26905.601782
    1421000 -26905.597336
    1422000 -26906.110223
    1423000 -26906.050979
    1424000 -26909.746001
    1425000 -26908.173419
    1426000 -26905.651705
    1427000 -26906.035590
    1428000 -26908.374877
    1429000 -26905.717580
    1430000 -26909.491982
    1431000 -26905.791062
    1432000 -26906.021820
    1433000 -26906.812678
    1434000 -26905.597484
    1435000 -26907.728938
    1436000 -26905.837751
    1437000 -26906.229768
    1438000 -26905.796294
    1439000 -26906.992998
    1440000 -26905.595852
    1441000 -26908.629080
    1442000 -26907.846538
    1443000 -26908.544270
    1444000 -26906.017393
    1445000 -26906.021882
    1446000 -26905.652565
    1447000 -26906.632107
    1448000 -26907.376649
    1449000 -26906.832352
    1450000 -26906.691048
    1451000 -26909.010178
    1452000 -26905.598048
    1453000 -26906.154715
    1454000 -26905.956495
    1455000 -26908.438535
    1456000 -26905.633985
    1457000 -26906.023117
    1458000 -26906.257086
    1459000 -26906.536010
    1460000 -26905.841756
    1461000 -26905.886792
    1462000 -26906.692206
    1463000 -26905.630321
    1464000 -26906.194412
    1465000 -26905.671609
    1466000 -26907.574861
    1467000 -26906.105074
    1468000 -26906.362110
    1469000 -26905.744444
    1470000 -26906.583397
    1471000 -26906.151832
    1472000 -26906.128119
    1473000 -26905.657688
    1474000 -26907.165848
    1475000 -26905.598743
    1476000 -26911.683065
    1477000 -26908.666074
    1478000 -26906.645591
    1479000 -26910.191192
    1480000 -26907.150023
    1481000 -26906.021576
    1482000 -26907.664782
    1483000 -26906.160908
    1484000 -26908.171840
    1485000 -26905.900327
    1486000 -26906.686057
    1487000 -26906.024168
    1488000 -26905.643912
    1489000 -26912.228105
    1490000 -26906.367255
    1491000 -26906.052033
    1492000 -26906.617914
    1493000 -26906.285754
    1494000 -26905.754358
    1495000 -26906.025880
    1496000 -26909.617955
    1497000 -26906.408825
    1498000 -26909.871978
    1499000 -26905.794137
    1500000 -26905.836670
    1501000 -26906.070424
    1502000 -26906.115590
    1503000 -26906.782152
    1504000 -26905.689448
    1505000 -26905.759015
    1506000 -26905.997198
    1507000 -26905.612886
    1508000 -26907.928339
    1509000 -26907.371634
    1510000 -26905.614928
    1511000 -26907.818163
    1512000 -26910.272129
    1513000 -26906.955965
    1514000 -26906.023107
    1515000 -26906.182162
    1516000 -26906.513869
    1517000 -26905.661718
    1518000 -26906.026673
    1519000 -26906.117106
    1520000 -26906.021585
    1521000 -26907.875265
    1522000 -26906.196763
    1523000 -26905.856129
    1524000 -26907.189338
    1525000 -26908.444920
    1526000 -26907.502074
    1527000 -26908.436008
    1528000 -26908.000769
    1529000 -26908.918988
    1530000 -26905.649682
    1531000 -26905.597524
    1532000 -26908.163250
    1533000 -26906.286327
    1534000 -26906.457070
    1535000 -26908.521142
    1536000 -26911.024710
    1537000 -26905.616361
    1538000 -26908.601781
    1539000 -26906.703738
    1540000 -26906.669318
    1541000 -26906.540127
    1542000 -26906.343468
    1543000 -26910.409884
    1544000 -26908.521736
    1545000 -26906.325365
    1546000 -26906.016728
    1547000 -26910.419303
    1548000 -26905.756104
    1549000 -26909.175266
    1550000 -26906.839248
    1551000 -26908.186408
    1552000 -26906.484175
    1553000 -26906.066788
    1554000 -26908.837430
    1555000 -26908.654797
    1556000 -26907.080357
    1557000 -26907.358566
    1558000 -26906.140294
    1559000 -26905.595123
    1560000 -26906.252797
    1561000 -26906.223737
    1562000 -26906.763521
    1563000 -26906.121960
    1564000 -26906.180914
    1565000 -26906.051091
    1566000 -26906.837291
    1567000 -26906.676022
    1568000 -26908.105567
    1569000 -26905.715568
    1570000 -26905.707129
    1571000 -26909.668756
    1572000 -26906.546254
    1573000 -26906.058455
    1574000 -26906.054545
    1575000 -26905.871133
    1576000 -26905.653732
    1577000 -26905.597187
    1578000 -26906.823797
    1579000 -26905.607285
    1580000 -26911.452855
    1581000 -26905.617437
    1582000 -26906.174277
    1583000 -26905.659761
    1584000 -26905.682402
    1585000 -26905.899277
    1586000 -26905.730119
    1587000 -26905.638311
    1588000 -26907.384339
    1589000 -26907.245847
    1590000 -26905.647771
    1591000 -26905.612232
    1592000 -26906.656975
    1593000 -26906.574223
    1594000 -26908.084628
    1595000 -26905.646785
    1596000 -26906.259828
    1597000 -26907.049791
    1598000 -26905.596905
    1599000 -26909.887609
    1600000 -26907.489060
    1601000 -26907.187504
    1602000 -26905.597432
    1603000 -26907.707064
    1604000 -26905.771954
    1605000 -26905.753921
    1606000 -26906.784277
    1607000 -26907.688016
    1608000 -26905.877031
    1609000 -26910.718088
    1610000 -26908.007139
    1611000 -26906.102877
    1612000 -26906.022328
    1613000 -26905.784817
    1614000 -26906.223918
    1615000 -26906.181226
    1616000 -26908.931014
    1617000 -26906.646193
    1618000 -26907.304843
    1619000 -26905.595111
    1620000 -26906.228353
    1621000 -26911.970753
    1622000 -26906.850049
    1623000 -26905.678277
    1624000 -26906.374767
    1625000 -26905.611434
    1626000 -26906.150413
    1627000 -26906.605462
    1628000 -26905.598772
    1629000 -26905.715963
    1630000 -26914.538854
    1631000 -26905.692652
    1632000 -26906.443726
    1633000 -26905.707200
    1634000 -26906.022950
    1635000 -26907.174912
    1636000 -26906.806734
    1637000 -26906.089631
    1638000 -26905.595162
    1639000 -26909.015104
    1640000 -26906.609686
    1641000 -26905.886325
    1642000 -26906.071566
    1643000 -26906.045107
    1644000 -26905.597373
    1645000 -26912.293612
    1646000 -26909.422961
    1647000 -26907.769506
    1648000 -26907.903704
    1649000 -26906.298321
    1650000 -26911.734000
    1651000 -26906.054730
    1652000 -26912.271410
    1653000 -26907.891680
    1654000 -26905.936194
    1655000 -26907.068407
    1656000 -26906.096997
    1657000 -26905.868813
    1658000 -26905.629387
    1659000 -26909.633592
    1660000 -26906.691794
    1661000 -26906.442560
    1662000 -26905.686159
    1663000 -26907.164465
    1664000 -26906.231744
    1665000 -26906.372004
    1666000 -26906.770533
    1667000 -26905.646603
    1668000 -26906.281853
    1669000 -26906.072284
    1670000 -26909.320056
    1671000 -26906.464855
    1672000 -26907.434085
    1673000 -26908.488015
    1674000 -26906.057760
    1675000 -26905.612775
    1676000 -26906.056700
    1677000 -26906.307099
    1678000 -26905.715009
    1679000 -26906.110061
    1680000 -26908.191096
    1681000 -26908.931370
    1682000 -26905.681800
    1683000 -26906.224853
    1684000 -26906.159211
    1685000 -26906.313961
    1686000 -26906.021770
    1687000 -26906.208960
    1688000 -26910.319239
    1689000 -26906.780390
    1690000 -26905.835485
    1691000 -26908.697015
    1692000 -26905.597996
    1693000 -26906.840351
    1694000 -26906.617156
    1695000 -26905.714183
    1696000 -26907.828667
    1697000 -26908.930221
    1698000 -26906.116119
    1699000 -26908.615378
    1700000 -26906.170356
    1701000 -26906.253665
    1702000 -26906.687683
    1703000 -26905.606987
    1704000 -26905.793668
    1705000 -26907.406182
    1706000 -26906.365212
    1707000 -26906.031453
    1708000 -26906.580002
    1709000 -26905.837810
    1710000 -26907.056847
    1711000 -26909.000354
    1712000 -26905.735013
    1713000 -26906.164765
    1714000 -26905.672772
    1715000 -26906.225810
    1716000 -26905.726860
    1717000 -26906.264297
    1718000 -26908.441591
    1719000 -26905.797668
    1720000 -26905.795569
    1721000 -26905.859328
    1722000 -26907.485714
    1723000 -26906.042392
    1724000 -26905.628124
    1725000 -26910.742348
    1726000 -26906.312481
    1727000 -26905.839873
    1728000 -26905.613602
    1729000 -26907.874962
    1730000 -26906.805340
    1731000 -26905.602284
    1732000 -26906.097475
    1733000 -26908.118004
    1734000 -26905.802386
    1735000 -26905.733412
    1736000 -26907.876402
    1737000 -26907.520242
    1738000 -26906.029428
    1739000 -26908.197622
    1740000 -26907.570171
    1741000 -26906.501377
    1742000 -26906.036448
    1743000 -26905.711989
    1744000 -26908.019217
    1745000 -26906.109837
    1746000 -26906.042875
    1747000 -26911.527021
    1748000 -26907.108736
    1749000 -26905.609333
    1750000 -26905.643480
    1751000 -26906.616430
    1752000 -26907.968034
    1753000 -26905.629870
    1754000 -26905.702519
    1755000 -26905.990047
    1756000 -26907.390155
    1757000 -26906.310999
    1758000 -26906.178833
    1759000 -26906.026111
    1760000 -26907.863665
    1761000 -26905.653657
    1762000 -26905.642012
    1763000 -26905.921807
    1764000 -26905.683100
    1765000 -26906.045215
    1766000 -26906.059472
    1767000 -26905.614934
    1768000 -26905.595006
    1769000 -26906.296797
    1770000 -26905.729912
    1771000 -26908.608201
    1772000 -26905.896425
    1773000 -26906.012484
    1774000 -26906.171883
    1775000 -26906.021517
    1776000 -26905.628808
    1777000 -26905.789636
    1778000 -26906.040474
    1779000 -26906.415186
    1780000 -26907.848373
    1781000 -26908.671464
    1782000 -26906.568738
    1783000 -26906.246360
    1784000 -26906.531093
    1785000 -26910.594569
    1786000 -26908.838003
    1787000 -26906.124899
    1788000 -26905.612359
    1789000 -26905.603301
    1790000 -26907.917460
    1791000 -26906.089489
    1792000 -26905.889510
    1793000 -26906.275104
    1794000 -26906.024154
    1795000 -26906.225626
    1796000 -26905.634335
    1797000 -26906.064517
    1798000 -26907.728572
    1799000 -26905.738743
    1800000 -26905.600264
    1801000 -26905.709322
    1802000 -26905.645489
    1803000 -26906.195089
    1804000 -26906.028943
    1805000 -26906.150998
    1806000 -26906.314678
    1807000 -26912.487580
    1808000 -26905.726533
    1809000 -26905.604604
    1810000 -26905.825295
    1811000 -26906.125545
    1812000 -26906.868182
    1813000 -26907.256700
    1814000 -26905.615898
    1815000 -26906.285035
    1816000 -26905.651747
    1817000 -26907.224407
    1818000 -26906.117803
    1819000 -26906.157017
    1820000 -26905.891740
    1821000 -26905.957916
    1822000 -26905.597153
    1823000 -26906.021482
    1824000 -26906.061836
    1825000 -26905.598267
    1826000 -26906.343636
    1827000 -26906.420007
    1828000 -26906.094121
    1829000 -26907.640150
    1830000 -26905.597443
    1831000 -26907.985903
    1832000 -26905.863248
    1833000 -26906.342824
    1834000 -26905.595802
    1835000 -26906.046826
    1836000 -26907.357192
    1837000 -26905.614330
    1838000 -26905.630525
    1839000 -26905.645888
    1840000 -26907.163089
    1841000 -26906.845223
    1842000 -26909.088931
    1843000 -26908.453722
    1844000 -26910.079627
    1845000 -26906.197022
    1846000 -26905.654012
    1847000 -26906.626879
    1848000 -26909.600180
    1849000 -26906.055343
    1850000 -26907.585363
    1851000 -26907.661732
    1852000 -26906.301724
    1853000 -26906.035102
    1854000 -26906.320146
    1855000 -26909.039849
    1856000 -26905.611215
    1857000 -26906.049772
    1858000 -26905.712862
    1859000 -26906.072239
    1860000 -26905.697320
    1861000 -26905.697238
    1862000 -26907.872653
    1863000 -26905.998167
    1864000 -26906.091039
    1865000 -26905.596218
    1866000 -26905.680738
    1867000 -26905.710333
    1868000 -26905.721805
    1869000 -26906.242627
    1870000 -26906.130643
    1871000 -26907.959101
    1872000 -26907.477981
    1873000 -26908.714130
    1874000 -26905.698764
    1875000 -26905.937210
    1876000 -26905.623843
    1877000 -26906.513512
    1878000 -26905.616033
    1879000 -26906.694437
    1880000 -26906.158134
    1881000 -26907.391350
    1882000 -26907.674414
    1883000 -26908.976331
    1884000 -26905.844939
    1885000 -26906.307286
    1886000 -26905.640199
    1887000 -26905.930572
    1888000 -26906.143775
    1889000 -26905.940393
    1890000 -26905.764171
    1891000 -26906.029799
    1892000 -26907.983918
    1893000 -26905.602061
    1894000 -26905.609721
    1895000 -26906.984384
    1896000 -26905.595284
    1897000 -26910.170629
    1898000 -26905.926423
    1899000 -26905.675825
    1900000 -26907.871900
    1901000 -26905.691157
    1902000 -26907.616269
    1903000 -26906.735004
    1904000 -26908.194442
    1905000 -26906.404520
    1906000 -26907.707251
    1907000 -26906.021769
    1908000 -26906.346854
    1909000 -26905.906199
    1910000 -26906.039231
    1911000 -26905.680707
    1912000 -26908.157116
    1913000 -26906.024716
    1914000 -26906.875642
    1915000 -26906.104518
    1916000 -26906.072170
    1917000 -26906.056921
    1918000 -26908.438476
    1919000 -26906.894193
    1920000 -26908.283140
    1921000 -26905.625320
    1922000 -26909.074172
    1923000 -26906.033199
    1924000 -26905.598509
    1925000 -26905.595695
    1926000 -26908.768139
    1927000 -26906.109208
    1928000 -26905.976092
    1929000 -26906.326799
    1930000 -26910.134487
    1931000 -26909.428404
    1932000 -26905.702426
    1933000 -26906.033861
    1934000 -26905.608597
    1935000 -26905.715395
    1936000 -26906.517398
    1937000 -26906.170904
    1938000 -26905.598528
    1939000 -26906.021462
    1940000 -26906.987029
    1941000 -26906.192509
    1942000 -26907.072770
    1943000 -26906.498889
    1944000 -26909.019343
    1945000 -26907.345727
    1946000 -26906.564836
    1947000 -26911.282820
    1948000 -26906.104267
    1949000 -26905.658151
    1950000 -26905.803750
    1951000 -26906.024554
    1952000 -26905.610857
    1953000 -26905.836660
    1954000 -26906.029703
    1955000 -26909.503051
    1956000 -26907.546773
    1957000 -26905.913088
    1958000 -26905.780924
    1959000 -26906.026241
    1960000 -26905.608614
    1961000 -26905.654473
    1962000 -26906.213107
    1963000 -26908.979083
    1964000 -26906.414742
    1965000 -26906.085886
    1966000 -26905.872832
    1967000 -26906.022141
    1968000 -26906.164140
    1969000 -26906.566044
    1970000 -26906.050501
    1971000 -26906.319265
    1972000 -26906.283651
    1973000 -26906.066648
    1974000 -26906.989501
    1975000 -26905.756046
    1976000 -26906.260952
    1977000 -26905.893479
    1978000 -26905.625325
    1979000 -26907.498414
    1980000 -26908.935090
    1981000 -26906.655960
    1982000 -26905.616501
    1983000 -26905.667303
    1984000 -26906.490306
    1985000 -26908.722462
    1986000 -26906.144219
    1987000 -26905.604366
    1988000 -26906.347133
    1989000 -26907.305729
    1990000 -26907.967452
    1991000 -26906.460712
    1992000 -26906.203039
    1993000 -26908.584237
    1994000 -26906.049521
    1995000 -26906.601216
    1996000 -26906.049712
    1997000 -26905.826861
    1998000 -26906.024966
    1999000 -26908.711487
    2000000 -26907.356155
