       1000 -816.935561
       2000 -807.506541
       3000 -807.399391
       4000 -809.612152
       5000 -807.625130
       6000 -807.458095
       7000 -807.480207
       8000 -807.486187
       9000 -807.897416
      10000 -807.725721
      11000 -808.962696
      12000 -807.518848
      13000 -807.406101
      14000 -808.968174
      15000 -809.110955
      16000 -807.433709
      17000 -807.516049
      18000 -807.952764
      19000 -811.083494
      20000 -807.402500
      21000 -808.998570
      22000 -807.659307
      23000 -807.416393
      24000 -809.088697
      25000 -808.240106
      26000 -807.487894
      27000 -808.389679
      28000 -809.124050
      29000 -807.900045
      30000 -808.597388
      31000 -807.955064
      32000 -812.161670
      33000 -808.996120
      34000 -808.348247
      35000 -807.871380
      36000 -807.482514
      37000 -809.039325
      38000 -809.680337
      39000 -808.002516
      40000 -807.466687
      41000 -807.421013
      42000 -807.700075
      43000 -808.911012
      44000 -809.147314
      45000 -807.618583
      46000 -807.632233
      47000 -808.259084
      48000 -809.304655
      49000 -808.190943
      50000 -807.461565
      51000 -810.420348
      52000 -810.573521
      53000 -807.598553
      54000 -807.712241
      55000 -807.399576
      56000 -807.401702
      57000 -807.730652
      58000 -810.072034
      59000 -807.468162
      60000 -808.500995
      61000 -809.046334
      62000 -807.429042
      63000 -810.745712
      64000 -807.406638
      65000 -810.496921
      66000 -807.866045
      67000 -807.654900
      68000 -807.399821
      69000 -809.573488
      70000 -807.427469
      71000 -807.868865
      72000 -809.842897
      73000 -807.403736
      74000 -809.296828
      75000 -807.923894
      76000 -808.511475
      77000 -807.666558
      78000 -807.506773
      79000 -807.400423
      80000 -808.974155
      81000 -807.430858
      82000 -812.015919
      83000 -807.404815
      84000 -807.505008
      85000 -807.432625
      86000 -807.887775
      87000 -807.562968
      88000 -807.425532
      89000 -807.580522
      90000 -807.400194
      91000 -807.475761
      92000 -807.733726
      93000 -807.754847
      94000 -811.414084
      95000 -807.620566
      96000 -807.644878
      97000 -807.863029
      98000 -807.766491
      99000 -807.423988
     100000 -807.499491
     101000 -807.427369
     102000 -807.640093
     103000 -807.401918
     104000 -809.052297
     105000 -807.483524
     106000 -807.400352
     107000 -808.453059
     108000 -807.429166
     109000 -808.248456
     110000 -808.482312
     111000 -807.461479
     112000 -807.662266
     113000 -807.673155
     114000 -807.577420
     115000 -807.843321
     116000 -810.615092
     117000 -815.143136
     118000 -807.630105
     119000 -807.419502
     120000 -807.504407
     121000 -807.943348
     122000 -812.481569
     123000 -807.616398
     124000 -808.228024
     125000 -807.402407
     126000 -807.600117
     127000 -807.844556
     128000 -809.006344
     129000 -815.142961
     130000 -807.400017
     131000 -807.453913
     132000 -807.427525
     133000 -807.516610
     134000 -807.409605
     135000 -807.674719
     136000 -807.667477
     137000 -807.432991
     138000 -807.682125
     139000 -807.403990
     140000 -810.696288
     141000 -807.399779
     142000 -807.716417
     143000 -807.651080
     144000 -809.301833
     145000 -812.095724
     146000 -814.745895
     147000 -807.487508
     148000 -807.736011
     149000 -807.413227
     150000 -807.628731
     151000 -808.683563
     152000 -807.405012
     153000 -807.628021
     154000 -809.823430
     155000 -807.406468
     156000 -807.431445
     157000 -810.852581
     158000 -813.838535
     159000 -807.625758
     160000 -808.454482
     161000 -807.448040
     162000 -807.534685
     163000 -807.543902
     164000 -810.425780
     165000 -807.472416
     166000 -807.399184
     167000 -807.567572
     168000 -810.424379
     169000 -807.550962
     170000 -810.360357
     171000 -807.426856
     172000 -807.425131
     173000 -807.472631
     174000 -809.237890
     175000 -810.419609
     176000 -807.604218
     177000 -807.730676
     178000 -812.108779
     179000 -809.069777
     180000 -807.403654
     181000 -808.910588
     182000 -807.513672
     183000 -810.266414
     184000 -808.213977
     185000 -807.411654
     186000 -807.731653
     187000 -809.881784
     188000 -807.914144
     189000 -808.762626
     190000 -807.452616
     191000 -807.732225
     192000 -810.436456
     193000 -808.116540
     194000 -807.424284
     195000 -807.429376
     196000 -807.434762
     197000 -808.208775
     198000 -811.053568
     199000 -809.089271
     200000 -808.073798
     201000 -807.871473
     202000 -813.735311
     203000 -813.852121
     204000 -813.130716
     205000 -807.416832
     206000 -807.514731
     207000 -807.399218
     208000 -810.450154
     209000 -809.324913
     210000 -808.038804
     211000 -813.809875
     212000 -807.412560
     213000 -807.413583
     214000 -807.420836
     215000 -809.783144
     216000 -807.405199
     217000 -808.284913
     218000 -807.729158
     219000 -807.479462
     220000 -808.863203
     221000 -812.093372
     222000 -809.421047
     223000 -807.412728
     224000 -807.495648
     225000 -809.024869
     226000 -807.405526
     227000 -808.546380
     228000 -807.407826
     229000 -808.240765
     230000 -810.926627
     231000 -807.399758
     232000 -808.404649
     233000 -807.401557
     234000 -808.205004
     235000 -807.404885
     236000 -807.456822
     237000 -808.588418
     238000 -812.101755
     239000 -807.493598
     240000 -808.510432
     241000 -808.166097
     242000 -807.914659
     243000 -807.399349
     244000 -809.022084
     245000 -812.659029
     246000 -807.525409
     247000 -809.617080
     248000 -809.452220
     249000 -807.458555
     250000 -807.606331
     251000 -807.632709
     252000 -807.456382
     253000 -808.995556
     254000 -807.641675
     255000 -808.654084
     256000 -807.713210
     257000 -808.714076
     258000 -808.167945
     259000 -810.507481
     260000 -807.404705
     261000 -807.781168
     262000 -807.406150
     263000 -807.401364
     264000 -809.600002
     265000 -807.453947
     266000 -809.111628
     267000 -807.798018
     268000 -807.452151
     269000 -807.615239
     270000 -807.440074
     271000 -809.500558
     272000 -809.088136
     273000 -807.760769
     274000 -807.570787
     275000 -807.445904
     276000 -807.414796
     277000 -809.841086
     278000 -807.815939
     279000 -807.965181
     280000 -807.447081
     281000 -809.142379
     282000 -807.675530
     283000 -816.334518
     284000 -809.619022
     285000 -808.025454
     286000 -808.505731
     287000 -807.437707
     288000 -807.401517
     289000 -810.713123
     290000 -807.475454
     291000 -807.484284
     292000 -807.592372
     293000 -809.511652
     294000 -807.508967
     295000 -807.527130
     296000 -807.612412
     297000 -809.103477
     298000 -809.908843
     299000 -809.017383
     300000 -808.005192
     301000 -808.061032
     302000 -807.919949
     303000 -809.138397
     304000 -813.479569
     305000 -807.405833
     306000 -809.306415
     307000 -810.637190
     308000 -807.399841
     309000 -807.412411
     310000 -810.895565
     311000 -807.412792
     312000 -809.097804
     313000 -807.630547
     314000 -807.846138
     315000 -810.798213
     316000 -807.582225
     317000 -807.705197
     318000 -810.914050
     319000 -808.037444
     320000 -807.824295
     321000 -808.488373
     322000 -807.422141
     323000 -808.003577
     324000 -809.522249
     325000 -807.457487
     326000 -811.022262
     327000 -807.412020
     328000 -808.403670
     329000 -807.423810
     330000 -808.009134
     331000 -807.557689
     332000 -809.019197
     333000 -808.810096
     334000 -809.055266
     335000 -807.703976
     336000 -809.110174
     337000 -807.445557
     338000 -809.539211
     339000 -811.110032
     340000 -807.464232
     341000 -810.971544
     342000 -807.399251
     343000 -807.457190
     344000 -807.686610
     345000 -807.418557
     346000 -807.526669
     347000 -807.485156
     348000 -807.399647
     349000 -808.682613
     350000 -808.634395
     351000 -807.537197
     352000 -808.186436
     353000 -807.399708
     354000 -809.026724
     355000 -813.678772
     356000 -807.968726
     357000 -807.399207
     358000 -809.173315
     359000 -807.931558
     360000 -808.361136
     361000 -807.776296
     362000 -807.673235
     363000 -807.428284
     364000 -807.998438
     365000 -809.357237
     366000 -811.444504
     367000 -808.218090
     368000 -808.356379
     369000 -807.404676
     370000 -811.316716
     371000 -809.058723
     372000 -808.304200
     373000 -809.510158
     374000 -807.513896
     375000 -807.404412
     376000 -807.638423
     377000 -807.501777
     378000 -807.405087
     379000 -809.565494
     380000 -809.377827
     381000 -809.842486
     382000 -809.944713
     383000 -816.124538
     384000 -807.424879
     385000 -807.400003
     386000 -807.399182
     387000 -807.476736
     388000 -808.087941
     389000 -808.172723
     390000 -809.152378
     391000 -807.455255
     392000 -810.179883
     393000 -809.038083
     394000 -807.435873
     395000 -807.429780
     396000 -807.492683
     397000 -807.555123
     398000 -809.027289
     399000 -807.412547
     400000 -815.022420
     401000 -807.745668
     402000 -807.399256
     403000 -807.528091
     404000 -807.399269
     405000 -808.996105
     406000 -807.650814
     407000 -809.347063
     408000 -809.636056
     409000 -807.428602
     410000 -807.400209
     411000 -807.603592
     412000 -807.743447
     413000 -812.097424
     414000 -810.594050
     415000 -807.459378
     416000 -808.998132
     417000 -810.206337
     418000 -807.469673
     419000 -807.500236
     420000 -809.059501
     421000 -807.809062
     422000 -807.657010
     423000 -807.426889
     424000 -809.203426
     425000 -807.456590
     426000 -810.335168
     427000 -807.758222
     428000 -808.406835
     429000 -807.875432
     430000 -808.974850
     431000 -807.808017
     432000 -807.432348
     433000 -810.070096
     434000 -807.530651
     435000 -807.995826
     436000 -807.419768
     437000 -807.463662
     438000 -807.953388
     439000 -810.091472
     440000 -809.096405
     441000 -807.657212
     442000 -808.635216
     443000 -807.407127
     444000 -807.915920
     445000 -807.399196
     446000 -814.692238
     447000 -807.448383
     448000 -809.055674
     449000 -808.159225
     450000 -810.471096
     451000 -807.772828
     452000 -807.445739
     453000 -807.598905
     454000 -807.594056
     455000 -808.789021
     456000 -808.656589
     457000 -807.442029
     458000 -810.440976
     459000 -808.999744
     460000 -812.087496
     461000 -809.068311
     462000 -809.313575
     463000 -807.402115
     464000 -807.610409
     465000 -808.207614
     466000 -807.399181
     467000 -807.404837
     468000 -807.399381
     469000 -807.409582
     470000 -808.082909
     471000 -809.288379
     472000 -807.405608
     473000 -807.412979
     474000 -808.168859
     475000 -807.552786
     476000 -807.622938
     477000 -810.421225
     478000 -807.742243
     479000 -810.473711
     480000 -807.938368
     481000 -807.560619
     482000 -807.651107
     483000 -807.465922
     484000 -808.996970
     485000 -807.724281
     486000 -812.133419
     487000 -808.486336
     488000 -808.700961
     489000 -807.402103
     490000 -807.629713
     491000 -807.802955
     492000 -808.535186
     493000 -809.931026
     494000 -807.412985
     495000 -809.594994
     496000 -808.116011
     497000 -811.199247
     498000 -807.713259
     499000 -807.567636
     500000 -808.252443
     501000 -807.746338
     502000 -808.030762
     503000 -812.352805
     504000 -807.399254
     505000 -807.932142
     506000 -807.763723
     507000 -807.666078
     508000 -807.747113
     509000 -807.449517
     510000 -808.396960
     511000 -807.422657
     512000 -807.483099
     513000 -809.001786
     514000 -807.399371
     515000 -808.244824
     516000 -808.995327
     517000 -811.493893
     518000 -807.407805
     519000 -810.438921
     520000 -807.429785
     521000 -809.521726
     522000 -809.696454
     523000 -807.496329
     524000 -812.807227
     525000 -809.233548
     526000 -807.467772
     527000 -807.543383
     528000 -807.536781
     529000 -809.001011
     530000 -807.659238
     531000 -807.404753
     532000 -807.399223
     533000 -807.485985
     534000 -807.463747
     535000 -807.578050
     536000 -807.589237
     537000 -807.399411
     538000 -811.461472
     539000 -807.399202
     540000 -807.427726
     541000 -812.118274
     542000 -810.469335
     543000 -808.413666
     544000 -808.056442
     545000 -808.997151
     546000 -807.414211
     547000 -807.473176
     548000 -807.400513
     549000 -810.572815
     550000 -812.184571
     551000 -809.141300
     552000 -809.459544
     553000 -807.399403
     554000 -807.402943
     555000 -807.406953
     556000 -809.549357
     557000 -808.883505
     558000 -808.682737
     559000 -810.445347
     560000 -807.489534
     561000 -808.187488
     562000 -807.544202
     563000 -816.333916
     564000 -808.765557
     565000 -807.399184
     566000 -807.434554
     567000 -808.001528
     568000 -807.735707
     569000 -810.892614
     570000 -807.558229
     571000 -807.469040
     572000 -808.209226
     573000 -807.736347
     574000 -807.633128
     575000 -807.399361
     576000 -809.303185
     577000 -808.072440
     578000 -807.415491
     579000 -807.515778
     580000 -807.521657
     581000 -812.763613
     582000 -809.113188
     583000 -812.468334
     584000 -810.444011
     585000 -807.568505
     586000 -808.846469
     587000 -807.797744
     588000 -807.523221
     589000 -808.473692
     590000 -807.436934
     591000 -808.048403
     592000 -807.599309
     593000 -807.430934
     594000 -807.622051
     595000 -807.400843
     596000 -807.424333
     597000 -807.403687
     598000 -809.203470
     599000 -807.923248
     600000 -807.459923
     601000 -808.256795
     602000 -809.002126
     603000 -808.002231
     604000 -807.416284
     605000 -808.019617
     606000 -807.516671
     607000 -807.587330
     608000 -812.542173
     609000 -807.628120
     610000 -810.489036
     611000 -807.687129
     612000 -807.807935
     613000 -807.399761
     614000 -807.403896
     615000 -807.856955
     616000 -809.174162
     617000 -807.503450
     618000 -808.550140
     619000 -808.519362
     620000 -807.881080
     621000 -807.523993
     622000 -807.488253
     623000 -807.791145
     624000 -808.763785
     625000 -807.653870
     626000 -807.579396
     627000 -811.192107
     628000 -807.400621
     629000 -809.209714
     630000 -807.457244
     631000 -808.347896
     632000 -809.150712
     633000 -810.445751
     634000 -807.614743
     635000 -807.672149
     636000 -809.180811
     637000 -807.402369
     638000 -807.691110
     639000 -807.835134
     640000 -807.565595
     641000 -809.499569
     642000 -807.860004
     643000 -807.495335
     644000 -807.540113
     645000 -809.544087
     646000 -807.916710
     647000 -807.402299
     648000 -813.417251
     649000 -809.031481
     650000 -809.089315
     651000 -807.619393
     652000 -807.785872
     653000 -807.436083
     654000 -807.497615
     655000 -807.447822
     656000 -814.785505
     657000 -807.550644
     658000 -807.656418
     659000 -807.481287
     660000 -807.470511
     661000 -808.614111
     662000 -809.070292
     663000 -810.419436
     664000 -808.339971
     665000 -808.605238
     666000 -809.377929
     667000 -807.399196
     668000 -807.792820
     669000 -807.545212
     670000 -808.905952
     671000 -808.067489
     672000 -807.399196
     673000 -807.736956
     674000 -807.441716
     675000 -807.729036
     676000 -807.415334
     677000 -809.692488
     678000 -810.298620
     679000 -808.740804
     680000 -807.631774
     681000 -807.399390
     682000 -808.783843
     683000 -807.399483
     684000 -807.828077
     685000 -808.158162
     686000 -808.406696
     687000 -807.412108
     688000 -808.056981
     689000 -810.239646
     690000 -811.571586
     691000 -807.432438
     692000 -808.249548
     693000 -808.050100
     694000 -813.402597
     695000 -807.512457
     696000 -809.871946
     697000 -807.479515
     698000 -809.988426
     699000 -810.455511
     700000 -808.049136
     701000 -807.456172
     702000 -807.533147
     703000 -807.587397
     704000 -809.001504
     705000 -813.400780
     706000 -812.095902
     707000 -807.443754
     708000 -807.676537
     709000 -807.407144
     710000 -808.221993
     711000 -807.399207
     712000 -809.130579
     713000 -808.049896
     714000 -811.745513
     715000 -807.417389
     716000 -807.808259
     717000 -809.307891
     718000 -807.415937
     719000 -807.415657
     720000 -807.901205
     721000 -807.733962
     722000 -808.147001
     723000 -809.038643
     724000 -807.566207
     725000 -808.560480
     726000 -807.827504
     727000 -808.482048
     728000 -807.446021
     729000 -807.445345
     730000 -807.404799
     731000 -807.704258
     732000 -815.137542
     733000 -807.432594
     734000 -807.608894
     735000 -808.094760
     736000 -810.022363
     737000 -807.493634
     738000 -807.485305
     739000 -807.399252
     740000 -811.025590
     741000 -807.462231
     742000 -811.905361
     743000 -817.010194
     744000 -809.082032
     745000 -807.501907
     746000 -809.298047
     747000 -811.771510
     748000 -808.734450
     749000 -807.976766
     750000 -807.573007
     751000 -809.042103
     752000 -807.400438
     753000 -807.485711
     754000 -808.552036
     755000 -809.067876
     756000 -807.471626
     757000 -807.926680
     758000 -807.562267
     759000 -807.506844
     760000 -807.533933
     761000 -807.419259
     762000 -807.405191
     763000 -808.209777
     764000 -807.984783
     765000 -809.332645
     766000 -811.123583
     767000 -809.007692
     768000 -810.422508
     769000 -814.024579
     770000 -809.090944
     771000 -809.252080
     772000 -807.608491
     773000 -807.513010
     774000 -808.262674
     775000 -807.624606
     776000 -807.447179
     777000 -807.590399
     778000 -810.569394
     779000 -807.685715
     780000 -811.130800
     781000 -807.399178
     782000 -807.650947
     783000 -807.399942
     784000 -807.406460
     785000 -809.482353
     786000 -810.116186
     787000 -808.070505
     788000 -810.081752
     789000 -808.445393
     790000 -810.428111
     791000 -809.373474
     792000 -807.875889
     793000 -808.086900
     794000 -809.388029
     795000 -808.552859
     796000 -808.726065
     797000 -807.446631
     798000 -807.418962
     799000 -809.439282
     800000 -807.941699
     801000 -807.525319
     802000 -807.417312
     803000 -807.434482
     804000 -808.786340
     805000 -808.226433
     806000 -807.399958
     807000 -807.537521
     808000 -808.134113
     809000 -807.432868
     810000 -807.458194
     811000 -809.425722
     812000 -807.552488
     813000 -807.613420
     814000 -809.086537
     815000 -808.881253
     816000 -807.497373
     817000 -811.824936
     818000 -809.492166
     819000 -807.984204
     820000 -808.286975
     821000 -809.343490
     822000 -807.446103
     823000 -807.507259
     824000 -810.103281
     825000 -807.514208
     826000 -807.644498
     827000 -807.889822
     828000 -807.410447
     829000 -810.103010
     830000 -809.744218
     831000 -807.554761
     832000 -811.561392
     833000 -813.406092
     834000 -809.108977
     835000 -807.488451
     836000 -808.245751
     837000 -807.539886
     838000 -807.399237
     839000 -809.063438
     840000 -807.713263
     841000 -807.802643
     842000 -807.413066
     843000 -809.278144
     844000 -810.445940
     845000 -807.975190
     846000 -808.125141
     847000 -807.554665
     848000 -810.561048
     849000 -807.405103
     850000 -807.463365
     851000 -807.814095
     852000 -809.251902
     853000 -807.955759
     854000 -807.687519
     855000 -807.399404
     856000 -807.543814
     857000 -807.475070
     858000 -814.381766
     859000 -807.446898
     860000 -807.399187
     861000 -812.177762
     862000 -807.527344
     863000 -807.837102
     864000 -809.076055
     865000 -807.872922
     866000 -807.402467
     867000 -807.465724
     868000 -813.473979
     869000 -807.406964
     870000 -810.653405
     871000 -809.017567
     872000 -808.115760
     873000 -807.793141
     874000 -807.580938
     875000 -808.205111
     876000 -807.729667
     877000 -810.991466
     878000 -816.445493
     879000 -807.415967
     880000 -809.129141
     881000 -807.399910
     882000 -809.011853
     883000 -807.647136
     884000 -809.465705
     885000 -807.835324
     886000 -807.625037
     887000 -807.410270
     888000 -807.415540
     889000 -807.452299
     890000 -807.430810
     891000 -809.372994
     892000 -810.808597
     893000 -807.493124
     894000 -807.443194
     895000 -810.916733
     896000 -808.614877
     897000 -808.200800
     898000 -807.434480
     899000 -810.575732
     900000 -807.576809
     901000 -807.544285
     902000 -807.407826
     903000 -807.592511
     904000 -809.625852
     905000 -807.459108
     906000 -809.639444
     907000 -808.412388
     908000 -807.407126
     909000 -807.540511
     910000 -810.934674
     911000 -809.852266
     912000 -807.532293
     913000 -809.529245
     914000 -807.402640
     915000 -807.414966
     916000 -807.405522
     917000 -808.059640
     918000 -807.417449
     919000 -810.643786
     920000 -809.002530
     921000 -809.536466
     922000 -811.448728
     923000 -808.556044
     924000 -807.415680
     925000 -809.349206
     926000 -812.088297
     927000 -807.939199
     928000 -810.271156
     929000 -807.408680
     930000 -808.995582
     931000 -807.722632
     932000 -807.434695
     933000 -808.997945
     934000 -807.400500
     935000 -809.767898
     936000 -809.413171
     937000 -807.834811
     938000 -807.442236
     939000 -807.485497
     940000 -807.534560
     941000 -807.550601
     942000 -807.946734
     943000 -811.182508
     944000 -807.593397
     945000 -807.427675
     946000 -807.408499
     947000 -807.503518
     948000 -807.534677
     949000 -807.551149
     950000 -809.171931
     951000 -807.400472
     952000 -807.739054
     953000 -807.652484
     954000 -811.446218
     955000 -808.043353
     956000 -807.488888
     957000 -807.733479
     958000 -807.546850
     959000 -807.961356
     960000 -807.399319
     961000 -807.741909
     962000 -807.453347
     963000 -807.754138
     964000 -807.470135
     965000 -808.982003
     966000 -807.794541
     967000 -809.649294
     968000 -807.694493
     969000 -807.475097
     970000 -807.402398
     971000 -807.727628
     972000 -810.483286
     973000 -812.113256
     974000 -807.399182
     975000 -808.718053
     976000 -807.947672
     977000 -810.676853
     978000 -808.547236
     979000 -807.456776
     980000 -807.414131
     981000 -807.553156
     982000 -807.570717
     983000 -807.416348
     984000 -809.039556
     985000 -807.492094
     986000 -807.907862
     987000 -807.419557
     988000 -808.396473
     989000 -808.045353
     990000 -807.508461
     991000 -808.201002
     992000 -807.499138
     993000 -807.404950
     994000 -809.880379
     995000 -807.486533
     996000 -807.826867
     997000 -807.545998
     998000 -808.204682
     999000 -808.301958
    1000000 -808.102380
