    genPlus1     spaQ
        1000  0.433061
        2000  0.419602
        3000  0.380003
        4000  0.418045
        5000  0.412845
        6000  0.383038
        7000  0.429824
        8000  0.432038
        9000  0.432235
       10000  0.383342
       11000  0.414680
       12000  0.422048
       13000  0.388744
       14000  0.445551
       15000  0.411319
       16000  0.340205
       17000  0.377300
       18000  0.401756
       19000  0.420494
       20000  0.409185
       21000  0.409732
       22000  0.452116
       23000  0.410859
       24000  0.418139
       25000  0.374613
       26000  0.387779
       27000  0.438409
       28000  0.390911
       29000  0.391401
       30000  0.445236
       31000  0.430923
       32000  0.452816
       33000  0.382080
       34000  0.392101
       35000  0.442040
       36000  0.421367
       37000  0.402356
       38000  0.438242
       39000  0.423092
       40000  0.410476
       41000  0.390726
       42000  0.442240
       43000  0.423541
       44000  0.443551
       45000  0.460241
       46000  0.453289
       47000  0.416372
       48000  0.377157
       49000  0.426547
       50000  0.431054
       51000  0.414928
       52000  0.426152
       53000  0.409958
       54000  0.402062
       55000  0.448838
       56000  0.409557
       57000  0.394552
       58000  0.388324
       59000  0.370504
       60000  0.383031
       61000  0.409077
       62000  0.437983
       63000  0.445773
       64000  0.455405
       65000  0.400418
       66000  0.412419
       67000  0.408183
       68000  0.420176
       69000  0.432595
       70000  0.383894
       71000  0.411568
       72000  0.471641
       73000  0.412206
       74000  0.415902
       75000  0.446786
       76000  0.448652
       77000  0.417535
       78000  0.403192
       79000  0.442693
       80000  0.446420
       81000  0.376601
       82000  0.433345
       83000  0.384953
       84000  0.408053
       85000  0.426670
       86000  0.406081
       87000  0.381205
       88000  0.451988
       89000  0.411536
       90000  0.399248
       91000  0.411081
       92000  0.382530
       93000  0.446791
       94000  0.411607
       95000  0.400812
       96000  0.382273
       97000  0.392057
       98000  0.414485
       99000  0.362724
      100000  0.381221
      101000  0.415857
      102000  0.420448
      103000  0.429357
      104000  0.407430
      105000  0.381093
      106000  0.414053
      107000  0.411506
      108000  0.400563
      109000  0.411439
      110000  0.461543
      111000  0.446418
      112000  0.429634
      113000  0.443297
      114000  0.380966
      115000  0.383249
      116000  0.442293
      117000  0.411797
      118000  0.457328
      119000  0.430196
      120000  0.426738
      121000  0.424805
      122000  0.382710
      123000  0.441442
      124000  0.383024
      125000  0.450088
      126000  0.401282
      127000  0.433743
      128000  0.408691
      129000  0.427518
      130000  0.408286
      131000  0.445676
      132000  0.419540
      133000  0.393686
      134000  0.404030
      135000  0.427955
      136000  0.389706
      137000  0.426604
      138000  0.414401
      139000  0.385037
      140000  0.433126
      141000  0.452855
      142000  0.414606
      143000  0.397676
      144000  0.397306
      145000  0.417704
      146000  0.443076
      147000  0.405279
      148000  0.388213
      149000  0.412018
      150000  0.407101
      151000  0.401013
      152000  0.414280
      153000  0.418679
      154000  0.381347
      155000  0.426823
      156000  0.415086
      157000  0.447741
      158000  0.418592
      159000  0.411708
      160000  0.463711
      161000  0.448360
      162000  0.382606
      163000  0.377354
      164000  0.423481
      165000  0.414079
      166000  0.418548
      167000  0.421246
      168000  0.430622
      169000  0.379354
      170000  0.381343
      171000  0.394822
      172000  0.413659
      173000  0.424899
      174000  0.424179
      175000  0.444836
      176000  0.379670
      177000  0.438664
      178000  0.408545
      179000  0.416662
      180000  0.429489
      181000  0.422225
      182000  0.451772
      183000  0.405874
      184000  0.400692
      185000  0.426140
      186000  0.435690
      187000  0.423961
      188000  0.423916
      189000  0.414573
      190000  0.378954
      191000  0.435777
      192000  0.413992
      193000  0.424106
      194000  0.397538
      195000  0.462628
      196000  0.439313
      197000  0.420814
      198000  0.444467
      199000  0.381554
      200000  0.419701
      201000  0.436952
      202000  0.414421
      203000  0.406808
      204000  0.422107
      205000  0.393180
      206000  0.391101
      207000  0.378865
      208000  0.413276
      209000  0.424238
      210000  0.395035
      211000  0.424742
      212000  0.416700
      213000  0.412627
      214000  0.422243
      215000  0.388601
      216000  0.372279
      217000  0.437607
      218000  0.387105
      219000  0.389831
      220000  0.415877
      221000  0.430069
      222000  0.417687
      223000  0.434042
      224000  0.391460
      225000  0.378110
      226000  0.382236
      227000  0.416503
      228000  0.417229
      229000  0.424206
      230000  0.427496
      231000  0.450378
      232000  0.457231
      233000  0.409330
      234000  0.426942
      235000  0.404220
      236000  0.409953
      237000  0.379987
      238000  0.401887
      239000  0.418819
      240000  0.416367
      241000  0.463581
      242000  0.396635
      243000  0.392240
      244000  0.446660
      245000  0.393320
      246000  0.404414
      247000  0.433620
      248000  0.424674
      249000  0.422915
      250000  0.409383
      251000  0.397124
      252000  0.451112
      253000  0.371011
      254000  0.416706
      255000  0.371187
      256000  0.420963
      257000  0.408336
      258000  0.379360
      259000  0.412217
      260000  0.398527
      261000  0.403480
      262000  0.408955
      263000  0.420881
      264000  0.411461
      265000  0.414996
      266000  0.385784
      267000  0.439885
      268000  0.436961
      269000  0.427810
      270000  0.460033
      271000  0.379136
      272000  0.433997
      273000  0.431741
      274000  0.377326
      275000  0.421282
      276000  0.403405
      277000  0.412466
      278000  0.412318
      279000  0.437063
      280000  0.385214
      281000  0.457725
      282000  0.432265
      283000  0.343374
      284000  0.411160
      285000  0.414436
      286000  0.443911
      287000  0.417765
      288000  0.430016
      289000  0.428438
      290000  0.408798
      291000  0.424435
      292000  0.375211
      293000  0.416490
      294000  0.453987
      295000  0.407265
      296000  0.430856
      297000  0.411816
      298000  0.415126
      299000  0.423509
      300000  0.451206
      301000  0.420849
      302000  0.388783
      303000  0.427821
      304000  0.447434
      305000  0.414136
      306000  0.378275
      307000  0.405462
      308000  0.430450
      309000  0.436299
      310000  0.412690
      311000  0.442880
      312000  0.423013
      313000  0.413512
      314000  0.417439
      315000  0.419798
      316000  0.420528
      317000  0.412352
      318000  0.418315
      319000  0.385712
      320000  0.415013
      321000  0.372035
      322000  0.418525
      323000  0.387217
      324000  0.369360
      325000  0.403157
      326000  0.419628
      327000  0.385365
      328000  0.433593
      329000  0.461487
      330000  0.417924
      331000  0.410497
      332000  0.420875
      333000  0.411558
      334000  0.433245
      335000  0.376464
      336000  0.374059
      337000  0.455002
      338000  0.417762
      339000  0.418385
      340000  0.381230
      341000  0.411469
      342000  0.399326
      343000  0.392907
      344000  0.427031
      345000  0.383936
      346000  0.383892
      347000  0.381931
      348000  0.407513
      349000  0.382350
      350000  0.435242
      351000  0.443915
      352000  0.402367
      353000  0.399798
      354000  0.401277
      355000  0.378784
      356000  0.400706
      357000  0.409036
      358000  0.384338
      359000  0.428847
      360000  0.416272
      361000  0.417672
      362000  0.387881
      363000  0.406841
      364000  0.408037
      365000  0.421101
      366000  0.431542
      367000  0.421251
      368000  0.440515
      369000  0.380879
      370000  0.448957
      371000  0.423244
      372000  0.414420
      373000  0.429847
      374000  0.375150
      375000  0.399778
      376000  0.435146
      377000  0.366929
      378000  0.417529
      379000  0.406340
      380000  0.378015
      381000  0.426610
      382000  0.393815
      383000  0.446098
      384000  0.430911
      385000  0.378897
      386000  0.428049
      387000  0.425393
      388000  0.419454
      389000  0.377882
      390000  0.395279
      391000  0.413406
      392000  0.425668
      393000  0.369468
      394000  0.421107
      395000  0.420689
      396000  0.384892
      397000  0.390934
      398000  0.406781
      399000  0.368101
      400000  0.439349
      401000  0.389030
      402000  0.430604
      403000  0.388506
      404000  0.425956
      405000  0.378463
      406000  0.384704
      407000  0.402060
      408000  0.420171
      409000  0.415516
      410000  0.409335
      411000  0.415082
      412000  0.414842
      413000  0.443689
      414000  0.377399
      415000  0.414622
      416000  0.427274
      417000  0.417695
      418000  0.389233
      419000  0.424524
      420000  0.436951
      421000  0.403302
      422000  0.376334
      423000  0.356502
      424000  0.409814
      425000  0.413060
      426000  0.410956
      427000  0.415329
      428000  0.426177
      429000  0.434387
      430000  0.411533
      431000  0.413793
      432000  0.448542
      433000  0.432155
      434000  0.447435
      435000  0.384987
      436000  0.420042
      437000  0.420468
      438000  0.450507
      439000  0.381621
      440000  0.408434
      441000  0.381512
      442000  0.380591
      443000  0.420388
      444000  0.387375
      445000  0.435648
      446000  0.399656
      447000  0.418054
      448000  0.375647
      449000  0.418925
      450000  0.423093
      451000  0.425272
      452000  0.422549
      453000  0.406164
      454000  0.436029
      455000  0.418197
      456000  0.417811
      457000  0.399653
      458000  0.390494
      459000  0.383387
      460000  0.432819
      461000  0.397233
      462000  0.442742
      463000  0.382862
      464000  0.411441
      465000  0.417428
      466000  0.408365
      467000  0.411220
      468000  0.419266
      469000  0.382591
      470000  0.414070
      471000  0.418321
      472000  0.429206
      473000  0.410283
      474000  0.449360
      475000  0.388209
      476000  0.418360
      477000  0.416815
      478000  0.442997
      479000  0.371918
      480000  0.417818
      481000  0.424005
      482000  0.378547
      483000  0.387234
      484000  0.365059
      485000  0.428595
      486000  0.401324
      487000  0.414002
      488000  0.375967
      489000  0.427420
      490000  0.425464
      491000  0.436773
      492000  0.412411
      493000  0.413710
      494000  0.366825
      495000  0.428073
      496000  0.415770
      497000  0.386533
      498000  0.428042
      499000  0.415525
      500000  0.408054
      501000  0.447587
      502000  0.414347
      503000  0.418904
      504000  0.381891
      505000  0.418490
      506000  0.414742
      507000  0.409501
      508000  0.379977
      509000  0.412703
      510000  0.419196
      511000  0.398751
      512000  0.415904
      513000  0.448667
      514000  0.457278
      515000  0.349752
      516000  0.433057
      517000  0.456483
      518000  0.378837
      519000  0.417734
      520000  0.387410
      521000  0.422649
      522000  0.419982
      523000  0.374343
      524000  0.409204
      525000  0.419462
      526000  0.407385
      527000  0.406955
      528000  0.376923
      529000  0.384433
      530000  0.402201
      531000  0.380375
      532000  0.425256
      533000  0.422134
      534000  0.438295
      535000  0.416057
      536000  0.445752
      537000  0.384790
      538000  0.419169
      539000  0.422564
      540000  0.411000
      541000  0.411616
      542000  0.448121
      543000  0.410112
      544000  0.387132
      545000  0.420563
      546000  0.427454
      547000  0.430055
      548000  0.434291
      549000  0.433896
      550000  0.448416
      551000  0.411108
      552000  0.457790
      553000  0.414741
      554000  0.414970
      555000  0.421724
      556000  0.383425
      557000  0.409327
      558000  0.379650
      559000  0.421038
      560000  0.411743
      561000  0.387040
      562000  0.405558
      563000  0.398751
      564000  0.447248
      565000  0.405677
      566000  0.424057
      567000  0.455271
      568000  0.377992
      569000  0.454067
      570000  0.375794
      571000  0.457707
      572000  0.415498
      573000  0.381547
      574000  0.444005
      575000  0.416426
      576000  0.458917
      577000  0.417561
      578000  0.384553
      579000  0.389308
      580000  0.357816
      581000  0.417653
      582000  0.419461
      583000  0.362470
      584000  0.422477
      585000  0.453721
      586000  0.376142
      587000  0.425163
      588000  0.390675
      589000  0.413047
      590000  0.390041
      591000  0.429393
      592000  0.414405
      593000  0.462490
      594000  0.418948
      595000  0.388883
      596000  0.415890
      597000  0.406859
      598000  0.380909
      599000  0.446047
      600000  0.420321
      601000  0.423298
      602000  0.386561
      603000  0.439218
      604000  0.375676
      605000  0.417078
      606000  0.413082
      607000  0.418256
      608000  0.406819
      609000  0.373754
      610000  0.406005
      611000  0.452775
      612000  0.418471
      613000  0.458877
      614000  0.376714
      615000  0.410550
      616000  0.459268
      617000  0.374315
      618000  0.393112
      619000  0.406663
      620000  0.379108
      621000  0.365322
      622000  0.407799
      623000  0.378773
      624000  0.414402
      625000  0.438907
      626000  0.431910
      627000  0.420574
      628000  0.417263
      629000  0.408115
      630000  0.395164
      631000  0.391953
      632000  0.398911
      633000  0.380180
      634000  0.394178
      635000  0.378021
      636000  0.389132
      637000  0.437544
      638000  0.420236
      639000  0.409055
      640000  0.376358
      641000  0.401568
      642000  0.387036
      643000  0.410104
      644000  0.443235
      645000  0.444820
      646000  0.413964
      647000  0.382613
      648000  0.457364
      649000  0.412090
      650000  0.419322
      651000  0.417124
      652000  0.374621
      653000  0.375204
      654000  0.437756
      655000  0.442125
      656000  0.419307
      657000  0.446812
      658000  0.407835
      659000  0.425365
      660000  0.433913
      661000  0.387956
      662000  0.427507
      663000  0.425649
      664000  0.419426
      665000  0.386567
      666000  0.416847
      667000  0.380053
      668000  0.412473
      669000  0.422140
      670000  0.438194
      671000  0.429977
      672000  0.403229
      673000  0.418526
      674000  0.410870
      675000  0.434558
      676000  0.409579
      677000  0.377908
      678000  0.414544
      679000  0.422303
      680000  0.389119
      681000  0.415711
      682000  0.427337
      683000  0.439014
      684000  0.412085
      685000  0.389801
      686000  0.396618
      687000  0.450296
      688000  0.419687
      689000  0.372204
      690000  0.415598
      691000  0.415208
      692000  0.413567
      693000  0.403406
      694000  0.417029
      695000  0.386038
      696000  0.425038
      697000  0.446913
      698000  0.441211
      699000  0.428759
      700000  0.385863
      701000  0.449211
      702000  0.429099
      703000  0.423902
      704000  0.374874
      705000  0.375955
      706000  0.437681
      707000  0.410153
      708000  0.420283
      709000  0.422706
      710000  0.448336
      711000  0.390179
      712000  0.419859
      713000  0.383928
      714000  0.462821
      715000  0.421930
      716000  0.406814
      717000  0.382807
      718000  0.438316
      719000  0.419035
      720000  0.413745
      721000  0.406053
      722000  0.406859
      723000  0.419163
      724000  0.348434
      725000  0.376879
      726000  0.443697
      727000  0.413719
      728000  0.446438
      729000  0.431234
      730000  0.380701
      731000  0.428192
      732000  0.360599
      733000  0.412130
      734000  0.420765
      735000  0.415921
      736000  0.396083
      737000  0.390370
      738000  0.416444
      739000  0.399331
      740000  0.410602
      741000  0.394003
      742000  0.402919
      743000  0.380861
      744000  0.413230
      745000  0.426463
      746000  0.427864
      747000  0.447427
      748000  0.405433
      749000  0.394666
      750000  0.443218
      751000  0.379629
      752000  0.379363
      753000  0.424697
      754000  0.379360
      755000  0.389890
      756000  0.411729
      757000  0.422201
      758000  0.359148
      759000  0.415416
      760000  0.374722
      761000  0.408101
      762000  0.432230
      763000  0.410394
      764000  0.420699
      765000  0.468619
      766000  0.454603
      767000  0.425420
      768000  0.429138
      769000  0.422059
      770000  0.411663
      771000  0.409844
      772000  0.414927
      773000  0.404864
      774000  0.377663
      775000  0.378505
      776000  0.388320
      777000  0.448002
      778000  0.431013
      779000  0.410994
      780000  0.413195
      781000  0.422926
      782000  0.415174
      783000  0.409290
      784000  0.411519
      785000  0.451241
      786000  0.426287
      787000  0.382026
      788000  0.428227
      789000  0.409100
      790000  0.387066
      791000  0.414015
      792000  0.416193
      793000  0.429638
      794000  0.417488
      795000  0.426842
      796000  0.414646
      797000  0.403779
      798000  0.381715
      799000  0.424697
      800000  0.409008
      801000  0.417397
      802000  0.405268
      803000  0.409715
      804000  0.417118
      805000  0.440252
      806000  0.420536
      807000  0.389479
      808000  0.406908
      809000  0.432148
      810000  0.393642
      811000  0.388498
      812000  0.408623
      813000  0.383591
      814000  0.396788
      815000  0.376092
      816000  0.353881
      817000  0.444688
      818000  0.470879
      819000  0.384836
      820000  0.458054
      821000  0.418474
      822000  0.422117
      823000  0.376726
      824000  0.387652
      825000  0.398863
      826000  0.387125
      827000  0.385765
      828000  0.419060
      829000  0.445390
      830000  0.415551
      831000  0.430972
      832000  0.409726
      833000  0.383343
      834000  0.389042
      835000  0.444128
      836000  0.422944
      837000  0.373289
      838000  0.451479
      839000  0.449369
      840000  0.405338
      841000  0.421516
      842000  0.441486
      843000  0.401369
      844000  0.386726
      845000  0.445040
      846000  0.402779
      847000  0.412741
      848000  0.426692
      849000  0.408624
      850000  0.431920
      851000  0.399663
      852000  0.439374
      853000  0.349577
      854000  0.408571
      855000  0.388935
      856000  0.413796
      857000  0.409195
      858000  0.410987
      859000  0.409772
      860000  0.388645
      861000  0.371767
      862000  0.415726
      863000  0.375557
      864000  0.377684
      865000  0.414438
      866000  0.396437
      867000  0.384497
      868000  0.426521
      869000  0.384479
      870000  0.411885
      871000  0.425157
      872000  0.434393
      873000  0.416844
      874000  0.413415
      875000  0.392398
      876000  0.344158
      877000  0.418000
      878000  0.451490
      879000  0.447130
      880000  0.425078
      881000  0.448734
      882000  0.388015
      883000  0.366224
      884000  0.408053
      885000  0.415061
      886000  0.431731
      887000  0.416170
      888000  0.415042
      889000  0.417822
      890000  0.387281
      891000  0.387734
      892000  0.414950
      893000  0.350198
      894000  0.368283
      895000  0.398388
      896000  0.410376
      897000  0.409465
      898000  0.385121
      899000  0.420985
      900000  0.399477
      901000  0.430198
      902000  0.396088
      903000  0.389415
      904000  0.407717
      905000  0.437609
      906000  0.434203
      907000  0.447226
      908000  0.419982
      909000  0.417215
      910000  0.408351
      911000  0.424032
      912000  0.424069
      913000  0.418321
      914000  0.376433
      915000  0.426017
      916000  0.447129
      917000  0.387383
      918000  0.420326
      919000  0.424586
      920000  0.374942
      921000  0.409108
      922000  0.432188
      923000  0.455753
      924000  0.413440
      925000  0.437688
      926000  0.386038
      927000  0.409053
      928000  0.385744
      929000  0.377345
      930000  0.406516
      931000  0.419005
      932000  0.457608
      933000  0.415409
      934000  0.416630
      935000  0.422666
      936000  0.390805
      937000  0.392155
      938000  0.406506
      939000  0.375048
      940000  0.410942
      941000  0.432077
      942000  0.466847
      943000  0.416953
      944000  0.430902
      945000  0.416933
      946000  0.421309
      947000  0.373341
      948000  0.383266
      949000  0.389223
      950000  0.377123
      951000  0.416234
      952000  0.416472
      953000  0.426519
      954000  0.387886
      955000  0.404662
      956000  0.427216
      957000  0.386966
      958000  0.430423
      959000  0.414394
      960000  0.416302
      961000  0.411018
      962000  0.412723
      963000  0.392586
      964000  0.408488
      965000  0.417655
      966000  0.404560
      967000  0.407121
      968000  0.407833
      969000  0.419318
      970000  0.432645
      971000  0.426485
      972000  0.386700
      973000  0.440392
      974000  0.405836
      975000  0.448808
      976000  0.407539
      977000  0.469663
      978000  0.429129
      979000  0.429902
      980000  0.447334
      981000  0.424714
      982000  0.448883
      983000  0.413462
      984000  0.423810
      985000  0.400916
      986000  0.383561
      987000  0.401619
      988000  0.379584
      989000  0.409903
      990000  0.411346
      991000  0.409064
      992000  0.400185
      993000  0.402167
      994000  0.452672
      995000  0.388566
      996000  0.386347
      997000  0.410806
      998000  0.414054
      999000  0.412666
     1000000  0.383422
     1001000  0.366195
     1002000  0.392965
     1003000  0.407444
     1004000  0.443877
     1005000  0.382543
     1006000  0.386931
     1007000  0.449956
     1008000  0.445051
     1009000  0.445838
     1010000  0.448882
     1011000  0.394398
     1012000  0.387357
     1013000  0.401679
     1014000  0.421463
     1015000  0.403745
     1016000  0.442666
     1017000  0.420464
     1018000  0.425901
     1019000  0.353488
     1020000  0.405825
     1021000  0.446479
     1022000  0.443835
     1023000  0.396304
     1024000  0.454340
     1025000  0.407793
     1026000  0.408371
     1027000  0.406034
     1028000  0.386687
     1029000  0.370380
     1030000  0.422218
     1031000  0.419298
     1032000  0.442760
     1033000  0.417932
     1034000  0.451691
     1035000  0.417690
     1036000  0.420321
     1037000  0.425767
     1038000  0.427012
     1039000  0.419304
     1040000  0.418811
     1041000  0.385513
     1042000  0.407451
     1043000  0.447262
     1044000  0.419018
     1045000  0.405298
     1046000  0.416036
     1047000  0.435417
     1048000  0.413101
     1049000  0.374839
     1050000  0.437852
     1051000  0.431328
     1052000  0.391135
     1053000  0.412101
     1054000  0.451506
     1055000  0.441661
     1056000  0.412928
     1057000  0.381537
     1058000  0.446319
     1059000  0.429822
     1060000  0.424392
     1061000  0.384407
     1062000  0.448771
     1063000  0.427567
     1064000  0.384100
     1065000  0.431892
     1066000  0.409814
     1067000  0.410777
     1068000  0.392842
     1069000  0.450320
     1070000  0.424018
     1071000  0.423985
     1072000  0.446221
     1073000  0.388546
     1074000  0.384496
     1075000  0.424296
     1076000  0.403023
     1077000  0.421644
     1078000  0.419369
     1079000  0.412123
     1080000  0.435361
     1081000  0.415944
     1082000  0.402892
     1083000  0.418342
     1084000  0.430694
     1085000  0.435978
     1086000  0.376186
     1087000  0.446674
     1088000  0.378077
     1089000  0.412732
     1090000  0.426696
     1091000  0.443940
     1092000  0.424812
     1093000  0.444298
     1094000  0.420786
     1095000  0.429649
     1096000  0.419258
     1097000  0.428378
     1098000  0.416997
     1099000  0.419246
     1100000  0.409441
     1101000  0.410961
     1102000  0.421208
     1103000  0.403529
     1104000  0.413300
     1105000  0.401031
     1106000  0.417190
     1107000  0.389375
     1108000  0.413102
     1109000  0.419958
     1110000  0.423292
     1111000  0.416416
     1112000  0.382399
     1113000  0.386870
     1114000  0.413500
     1115000  0.446458
     1116000  0.354568
     1117000  0.388346
     1118000  0.399804
     1119000  0.420706
     1120000  0.400388
     1121000  0.372737
     1122000  0.414583
     1123000  0.382944
     1124000  0.418762
     1125000  0.420917
     1126000  0.416303
     1127000  0.418223
     1128000  0.415258
     1129000  0.403245
     1130000  0.381796
     1131000  0.409557
     1132000  0.423269
     1133000  0.425132
     1134000  0.442494
     1135000  0.387463
     1136000  0.416803
     1137000  0.429798
     1138000  0.444738
     1139000  0.414158
     1140000  0.418590
     1141000  0.417926
     1142000  0.416039
     1143000  0.419075
     1144000  0.412119
     1145000  0.425423
     1146000  0.443959
     1147000  0.429713
     1148000  0.399801
     1149000  0.411539
     1150000  0.378096
     1151000  0.420795
     1152000  0.430684
     1153000  0.386898
     1154000  0.420360
     1155000  0.424922
     1156000  0.391701
     1157000  0.451631
     1158000  0.421498
     1159000  0.420668
     1160000  0.422262
     1161000  0.413421
     1162000  0.466696
     1163000  0.384357
     1164000  0.410399
     1165000  0.424468
     1166000  0.432070
     1167000  0.417549
     1168000  0.448946
     1169000  0.380029
     1170000  0.382090
     1171000  0.422563
     1172000  0.409324
     1173000  0.444484
     1174000  0.401276
     1175000  0.394242
     1176000  0.376363
     1177000  0.410683
     1178000  0.390813
     1179000  0.369190
     1180000  0.397479
     1181000  0.423624
     1182000  0.421335
     1183000  0.376222
     1184000  0.387296
     1185000  0.411314
     1186000  0.419878
     1187000  0.419543
     1188000  0.412491
     1189000  0.416299
     1190000  0.415639
     1191000  0.441246
     1192000  0.429930
     1193000  0.411254
     1194000  0.424370
     1195000  0.409197
     1196000  0.433230
     1197000  0.447913
     1198000  0.384435
     1199000  0.420314
     1200000  0.372217
     1201000  0.428837
     1202000  0.408140
     1203000  0.386449
     1204000  0.384242
     1205000  0.384972
     1206000  0.422305
     1207000  0.449675
     1208000  0.403719
     1209000  0.447660
     1210000  0.440233
     1211000  0.372570
     1212000  0.409721
     1213000  0.415759
     1214000  0.419157
     1215000  0.404270
     1216000  0.427364
     1217000  0.384185
     1218000  0.391392
     1219000  0.382380
     1220000  0.412182
     1221000  0.454817
     1222000  0.466211
     1223000  0.378423
     1224000  0.393160
     1225000  0.418997
     1226000  0.408006
     1227000  0.414875
     1228000  0.425186
     1229000  0.412654
     1230000  0.434499
     1231000  0.435892
     1232000  0.401729
     1233000  0.429233
     1234000  0.384389
     1235000  0.413688
     1236000  0.398779
     1237000  0.387030
     1238000  0.377395
     1239000  0.444351
     1240000  0.439430
     1241000  0.439116
     1242000  0.452415
     1243000  0.446897
     1244000  0.473190
     1245000  0.419691
     1246000  0.394620
     1247000  0.399318
     1248000  0.386092
     1249000  0.419716
     1250000  0.390039
     1251000  0.424406
     1252000  0.407634
     1253000  0.414046
     1254000  0.375986
     1255000  0.379365
     1256000  0.453554
     1257000  0.455378
     1258000  0.417944
     1259000  0.413571
     1260000  0.384433
     1261000  0.439480
     1262000  0.382672
     1263000  0.453817
     1264000  0.410528
     1265000  0.370414
     1266000  0.417731
     1267000  0.417357
     1268000  0.425340
     1269000  0.403850
     1270000  0.424339
     1271000  0.408324
     1272000  0.418919
     1273000  0.437107
     1274000  0.404333
     1275000  0.376808
     1276000  0.399489
     1277000  0.414254
     1278000  0.403417
     1279000  0.382671
     1280000  0.382285
     1281000  0.433534
     1282000  0.417582
     1283000  0.416497
     1284000  0.391673
     1285000  0.413557
     1286000  0.423504
     1287000  0.447097
     1288000  0.421232
     1289000  0.443680
     1290000  0.415966
     1291000  0.408226
     1292000  0.413180
     1293000  0.440379
     1294000  0.430320
     1295000  0.448382
     1296000  0.407264
     1297000  0.425034
     1298000  0.374000
     1299000  0.416127
     1300000  0.376249
     1301000  0.447109
     1302000  0.445675
     1303000  0.411670
     1304000  0.415382
     1305000  0.347778
     1306000  0.424091
     1307000  0.443598
     1308000  0.441071
     1309000  0.431062
     1310000  0.423985
     1311000  0.416081
     1312000  0.409687
     1313000  0.403835
     1314000  0.419035
     1315000  0.384114
     1316000  0.425288
     1317000  0.409739
     1318000  0.406889
     1319000  0.412714
     1320000  0.418911
     1321000  0.412215
     1322000  0.413157
     1323000  0.414394
     1324000  0.382475
     1325000  0.404995
     1326000  0.427147
     1327000  0.435331
     1328000  0.400566
     1329000  0.423463
     1330000  0.445907
     1331000  0.417848
     1332000  0.414040
     1333000  0.416303
     1334000  0.454389
     1335000  0.403642
     1336000  0.422671
     1337000  0.438080
     1338000  0.430280
     1339000  0.418730
     1340000  0.396962
     1341000  0.413118
     1342000  0.408458
     1343000  0.409445
     1344000  0.420510
     1345000  0.415705
     1346000  0.407171
     1347000  0.396325
     1348000  0.440300
     1349000  0.410397
     1350000  0.395888
     1351000  0.376840
     1352000  0.411449
     1353000  0.441537
     1354000  0.423228
     1355000  0.405309
     1356000  0.448998
     1357000  0.401145
     1358000  0.385761
     1359000  0.438073
     1360000  0.447332
     1361000  0.366510
     1362000  0.427890
     1363000  0.393215
     1364000  0.415181
     1365000  0.420520
     1366000  0.411275
     1367000  0.422313
     1368000  0.401605
     1369000  0.449696
     1370000  0.441561
     1371000  0.445332
     1372000  0.351536
     1373000  0.376624
     1374000  0.422774
     1375000  0.402474
     1376000  0.413601
     1377000  0.405617
     1378000  0.417157
     1379000  0.379712
     1380000  0.410938
     1381000  0.379810
     1382000  0.422298
     1383000  0.406655
     1384000  0.384903
     1385000  0.419671
     1386000  0.389122
     1387000  0.437530
     1388000  0.430126
     1389000  0.431778
     1390000  0.417876
     1391000  0.374768
     1392000  0.377876
     1393000  0.420906
     1394000  0.389394
     1395000  0.415004
     1396000  0.403478
     1397000  0.395641
     1398000  0.451076
     1399000  0.421298
     1400000  0.415201
     1401000  0.435964
     1402000  0.346997
     1403000  0.373312
     1404000  0.432945
     1405000  0.418054
     1406000  0.408547
     1407000  0.412771
     1408000  0.428862
     1409000  0.391520
     1410000  0.442211
     1411000  0.379556
     1412000  0.408860
     1413000  0.424903
     1414000  0.393695
     1415000  0.448729
     1416000  0.445915
     1417000  0.420670
     1418000  0.423965
     1419000  0.379128
     1420000  0.458984
     1421000  0.413512
     1422000  0.448032
     1423000  0.453141
     1424000  0.381195
     1425000  0.360263
     1426000  0.447281
     1427000  0.392745
     1428000  0.427457
     1429000  0.423705
     1430000  0.418338
     1431000  0.428121
     1432000  0.407018
     1433000  0.426995
     1434000  0.409033
     1435000  0.402725
     1436000  0.431405
     1437000  0.396568
     1438000  0.383240
     1439000  0.425657
     1440000  0.411383
     1441000  0.432301
     1442000  0.417741
     1443000  0.449489
     1444000  0.414158
     1445000  0.387944
     1446000  0.366115
     1447000  0.411206
     1448000  0.420693
     1449000  0.385909
     1450000  0.422160
     1451000  0.448682
     1452000  0.351002
     1453000  0.379047
     1454000  0.441345
     1455000  0.422969
     1456000  0.454693
     1457000  0.425447
     1458000  0.381417
     1459000  0.412139
     1460000  0.376868
     1461000  0.431500
     1462000  0.412880
     1463000  0.425231
     1464000  0.449940
     1465000  0.410538
     1466000  0.381716
     1467000  0.417675
     1468000  0.429660
     1469000  0.427206
     1470000  0.379361
     1471000  0.461115
     1472000  0.397448
     1473000  0.408837
     1474000  0.384359
     1475000  0.384475
     1476000  0.392677
     1477000  0.445661
     1478000  0.389533
     1479000  0.415432
     1480000  0.423101
     1481000  0.430843
     1482000  0.414388
     1483000  0.410751
     1484000  0.437473
     1485000  0.432582
     1486000  0.411255
     1487000  0.384028
     1488000  0.408133
     1489000  0.392784
     1490000  0.416016
     1491000  0.371708
     1492000  0.410676
     1493000  0.419002
     1494000  0.461627
     1495000  0.423627
     1496000  0.420706
     1497000  0.462568
     1498000  0.385112
     1499000  0.465650
     1500000  0.395732
     1501000  0.389659
     1502000  0.398853
     1503000  0.432820
     1504000  0.379373
     1505000  0.417707
     1506000  0.389394
     1507000  0.388755
     1508000  0.415526
     1509000  0.419531
     1510000  0.421081
     1511000  0.427002
     1512000  0.439354
     1513000  0.398579
     1514000  0.407272
     1515000  0.429758
     1516000  0.407437
     1517000  0.416101
     1518000  0.341411
     1519000  0.435926
     1520000  0.413827
     1521000  0.440834
     1522000  0.418762
     1523000  0.381959
     1524000  0.414750
     1525000  0.395729
     1526000  0.367748
     1527000  0.427725
     1528000  0.433847
     1529000  0.434487
     1530000  0.422998
     1531000  0.423225
     1532000  0.428997
     1533000  0.369615
     1534000  0.412996
     1535000  0.412709
     1536000  0.420599
     1537000  0.459589
     1538000  0.410732
     1539000  0.391197
     1540000  0.378891
     1541000  0.417628
     1542000  0.446148
     1543000  0.439925
     1544000  0.423261
     1545000  0.424326
     1546000  0.416391
     1547000  0.429871
     1548000  0.421413
     1549000  0.406516
     1550000  0.373671
     1551000  0.415107
     1552000  0.417601
     1553000  0.390644
     1554000  0.428753
     1555000  0.414445
     1556000  0.346173
     1557000  0.395912
     1558000  0.391555
     1559000  0.421628
     1560000  0.441835
     1561000  0.421848
     1562000  0.438627
     1563000  0.427761
     1564000  0.392033
     1565000  0.425825
     1566000  0.452503
     1567000  0.427126
     1568000  0.450074
     1569000  0.436683
     1570000  0.412223
     1571000  0.412857
     1572000  0.411251
     1573000  0.379770
     1574000  0.413022
     1575000  0.429551
     1576000  0.378077
     1577000  0.437843
     1578000  0.402185
     1579000  0.381993
     1580000  0.388735
     1581000  0.387544
     1582000  0.429001
     1583000  0.336579
     1584000  0.414674
     1585000  0.435125
     1586000  0.375138
     1587000  0.393215
     1588000  0.414291
     1589000  0.445507
     1590000  0.415952
     1591000  0.363826
     1592000  0.437333
     1593000  0.382673
     1594000  0.446379
     1595000  0.446202
     1596000  0.396122
     1597000  0.425870
     1598000  0.390569
     1599000  0.415918
     1600000  0.386166
     1601000  0.441634
     1602000  0.423181
     1603000  0.421867
     1604000  0.439231
     1605000  0.407343
     1606000  0.425112
     1607000  0.393691
     1608000  0.404436
     1609000  0.421106
     1610000  0.409627
     1611000  0.344091
     1612000  0.395354
     1613000  0.404860
     1614000  0.411425
     1615000  0.432151
     1616000  0.431128
     1617000  0.375597
     1618000  0.404398
     1619000  0.418214
     1620000  0.392286
     1621000  0.386571
     1622000  0.417703
     1623000  0.410384
     1624000  0.416484
     1625000  0.439751
     1626000  0.403498
     1627000  0.416358
     1628000  0.417694
     1629000  0.409576
     1630000  0.406402
     1631000  0.415611
     1632000  0.374246
     1633000  0.422497
     1634000  0.426606
     1635000  0.400397
     1636000  0.408812
     1637000  0.417670
     1638000  0.371250
     1639000  0.416181
     1640000  0.417093
     1641000  0.378863
     1642000  0.411237
     1643000  0.414294
     1644000  0.443847
     1645000  0.449650
     1646000  0.421648
     1647000  0.391676
     1648000  0.419614
     1649000  0.381541
     1650000  0.397429
     1651000  0.429863
     1652000  0.389801
     1653000  0.413224
     1654000  0.399968
     1655000  0.388938
     1656000  0.407931
     1657000  0.413429
     1658000  0.385857
     1659000  0.411443
     1660000  0.399110
     1661000  0.434924
     1662000  0.390984
     1663000  0.415675
     1664000  0.434300
     1665000  0.376796
     1666000  0.414487
     1667000  0.441886
     1668000  0.420466
     1669000  0.411552
     1670000  0.433526
     1671000  0.439263
     1672000  0.421335
     1673000  0.420973
     1674000  0.412064
     1675000  0.448591
     1676000  0.391738
     1677000  0.414764
     1678000  0.406023
     1679000  0.417488
     1680000  0.369353
     1681000  0.410741
     1682000  0.420377
     1683000  0.430143
     1684000  0.425625
     1685000  0.424881
     1686000  0.415516
     1687000  0.411713
     1688000  0.410237
     1689000  0.372879
     1690000  0.397693
     1691000  0.384651
     1692000  0.415768
     1693000  0.413257
     1694000  0.441807
     1695000  0.454302
     1696000  0.453394
     1697000  0.419171
     1698000  0.433142
     1699000  0.449379
     1700000  0.418405
     1701000  0.412355
     1702000  0.412703
     1703000  0.455480
     1704000  0.458021
     1705000  0.413176
     1706000  0.427333
     1707000  0.380347
     1708000  0.416057
     1709000  0.384524
     1710000  0.414818
     1711000  0.400927
     1712000  0.446506
     1713000  0.415454
     1714000  0.394700
     1715000  0.432986
     1716000  0.433306
     1717000  0.413884
     1718000  0.434770
     1719000  0.400116
     1720000  0.456837
     1721000  0.416668
     1722000  0.413022
     1723000  0.427055
     1724000  0.434807
     1725000  0.383488
     1726000  0.418806
     1727000  0.424596
     1728000  0.419483
     1729000  0.411579
     1730000  0.425015
     1731000  0.379585
     1732000  0.438083
     1733000  0.381227
     1734000  0.417257
     1735000  0.373491
     1736000  0.438822
     1737000  0.421196
     1738000  0.416235
     1739000  0.406388
     1740000  0.374351
     1741000  0.412408
     1742000  0.406529
     1743000  0.460214
     1744000  0.381793
     1745000  0.387651
     1746000  0.409538
     1747000  0.440823
     1748000  0.401265
     1749000  0.414042
     1750000  0.446871
     1751000  0.440469
     1752000  0.379846
     1753000  0.387756
     1754000  0.417559
     1755000  0.438630
     1756000  0.403207
     1757000  0.377488
     1758000  0.347831
     1759000  0.392646
     1760000  0.420377
     1761000  0.432052
     1762000  0.388468
     1763000  0.404631
     1764000  0.430516
     1765000  0.384293
     1766000  0.417322
     1767000  0.438050
     1768000  0.399494
     1769000  0.424097
     1770000  0.381140
     1771000  0.407023
     1772000  0.454114
     1773000  0.393057
     1774000  0.407007
     1775000  0.431516
     1776000  0.375788
     1777000  0.424166
     1778000  0.426928
     1779000  0.416375
     1780000  0.405543
     1781000  0.433048
     1782000  0.382447
     1783000  0.387267
     1784000  0.410647
     1785000  0.416098
     1786000  0.450020
     1787000  0.405458
     1788000  0.422573
     1789000  0.350977
     1790000  0.448946
     1791000  0.419994
     1792000  0.456717
     1793000  0.378524
     1794000  0.377631
     1795000  0.384473
     1796000  0.385495
     1797000  0.382802
     1798000  0.399285
     1799000  0.401769
     1800000  0.424760
     1801000  0.387623
     1802000  0.442328
     1803000  0.419125
     1804000  0.407278
     1805000  0.414738
     1806000  0.404698
     1807000  0.440080
     1808000  0.414494
     1809000  0.428083
     1810000  0.411872
     1811000  0.414367
     1812000  0.424593
     1813000  0.440200
     1814000  0.414235
     1815000  0.412646
     1816000  0.425527
     1817000  0.385156
     1818000  0.415260
     1819000  0.414995
     1820000  0.422122
     1821000  0.379746
     1822000  0.392344
     1823000  0.434585
     1824000  0.412581
     1825000  0.407406
     1826000  0.456057
     1827000  0.403425
     1828000  0.392441
     1829000  0.411328
     1830000  0.421183
     1831000  0.378439
     1832000  0.380127
     1833000  0.378622
     1834000  0.453750
     1835000  0.406421
     1836000  0.412377
     1837000  0.443249
     1838000  0.408987
     1839000  0.440365
     1840000  0.404205
     1841000  0.407811
     1842000  0.429301
     1843000  0.387993
     1844000  0.432416
     1845000  0.385455
     1846000  0.424870
     1847000  0.423005
     1848000  0.403686
     1849000  0.414945
     1850000  0.416805
     1851000  0.427991
     1852000  0.421090
     1853000  0.414689
     1854000  0.408375
     1855000  0.411311
     1856000  0.376979
     1857000  0.419248
     1858000  0.422535
     1859000  0.414210
     1860000  0.426864
     1861000  0.435120
     1862000  0.425720
     1863000  0.381608
     1864000  0.410005
     1865000  0.407267
     1866000  0.408884
     1867000  0.414670
     1868000  0.374557
     1869000  0.417439
     1870000  0.379068
     1871000  0.415775
     1872000  0.422896
     1873000  0.407546
     1874000  0.416929
     1875000  0.428425
     1876000  0.431827
     1877000  0.370902
     1878000  0.406572
     1879000  0.363213
     1880000  0.462106
     1881000  0.427624
     1882000  0.418061
     1883000  0.412909
     1884000  0.434668
     1885000  0.392470
     1886000  0.411284
     1887000  0.351750
     1888000  0.410154
     1889000  0.384886
     1890000  0.410622
     1891000  0.390547
     1892000  0.383034
     1893000  0.433617
     1894000  0.413095
     1895000  0.435276
     1896000  0.412839
     1897000  0.397745
     1898000  0.442139
     1899000  0.420691
     1900000  0.413406
     1901000  0.438258
     1902000  0.424641
     1903000  0.396017
     1904000  0.391277
     1905000  0.409816
     1906000  0.412835
     1907000  0.417909
     1908000  0.452903
     1909000  0.418556
     1910000  0.421535
     1911000  0.436387
     1912000  0.382644
     1913000  0.376814
     1914000  0.420678
     1915000  0.427730
     1916000  0.378423
     1917000  0.407908
     1918000  0.398525
     1919000  0.418958
     1920000  0.428952
     1921000  0.410338
     1922000  0.414139
     1923000  0.405379
     1924000  0.426887
     1925000  0.442890
     1926000  0.407938
     1927000  0.409935
     1928000  0.429687
     1929000  0.426682
     1930000  0.423642
     1931000  0.387751
     1932000  0.392759
     1933000  0.410351
     1934000  0.389293
     1935000  0.407740
     1936000  0.417239
     1937000  0.448420
     1938000  0.416589
     1939000  0.426980
     1940000  0.431836
     1941000  0.441382
     1942000  0.422949
     1943000  0.419424
     1944000  0.419112
     1945000  0.370706
     1946000  0.385741
     1947000  0.375836
     1948000  0.349970
     1949000  0.352334
     1950000  0.449507
     1951000  0.416506
     1952000  0.386817
     1953000  0.405741
     1954000  0.387277
     1955000  0.380840
     1956000  0.424840
     1957000  0.396290
     1958000  0.367185
     1959000  0.389480
     1960000  0.412348
     1961000  0.445618
     1962000  0.391423
     1963000  0.442410
     1964000  0.426087
     1965000  0.398284
     1966000  0.452673
     1967000  0.444629
     1968000  0.414924
     1969000  0.444197
     1970000  0.452622
     1971000  0.420194
     1972000  0.448650
     1973000  0.420317
     1974000  0.399753
     1975000  0.408611
     1976000  0.433955
     1977000  0.416657
     1978000  0.455720
     1979000  0.415357
     1980000  0.399048
     1981000  0.430672
     1982000  0.430961
     1983000  0.413060
     1984000  0.403031
     1985000  0.374752
     1986000  0.423996
     1987000  0.417017
     1988000  0.419707
     1989000  0.410357
     1990000  0.431743
     1991000  0.432968
     1992000  0.396691
     1993000  0.425812
     1994000  0.419996
     1995000  0.367373
     1996000  0.448991
     1997000  0.379292
     1998000  0.423322
     1999000  0.407416
     2000000  0.409942
