       1000 -267.994610
       2000 -262.267745
       3000 -262.560778
       4000 -264.361913
       5000 -260.512480
       6000 -261.840496
       7000 -260.379034
       8000 -262.258745
       9000 -260.192977
      10000 -260.960104
      11000 -262.846592
      12000 -260.889920
      13000 -265.827389
      14000 -265.976479
      15000 -263.038722
      16000 -264.326872
      17000 -263.237847
      18000 -260.840989
      19000 -261.375675
      20000 -262.473019
      21000 -264.203703
      22000 -265.006308
      23000 -260.147509
      24000 -260.283803
      25000 -264.351502
      26000 -264.291757
      27000 -265.833685
      28000 -261.836607
      29000 -266.596184
      30000 -261.086234
      31000 -261.210031
      32000 -262.145063
      33000 -260.726329
      34000 -262.233869
      35000 -261.742427
      36000 -263.721220
      37000 -268.108671
      38000 -262.823243
      39000 -262.070024
      40000 -263.729247
      41000 -260.229525
      42000 -261.518463
      43000 -263.774472
      44000 -262.154898
      45000 -261.878988
      46000 -260.597095
      47000 -265.350298
      48000 -262.854100
      49000 -261.988636
      50000 -271.412820
      51000 -262.559372
      52000 -261.884071
      53000 -261.893050
      54000 -265.792887
      55000 -260.387163
      56000 -260.236203
      57000 -262.444911
      58000 -265.527330
      59000 -266.878362
      60000 -262.400536
      61000 -261.823874
      62000 -265.655201
      63000 -260.674038
      64000 -263.488625
      65000 -265.767189
      66000 -262.216622
      67000 -261.761346
      68000 -262.008742
      69000 -262.884901
      70000 -263.095824
      71000 -261.915008
      72000 -262.295807
      73000 -264.119711
      74000 -262.203175
      75000 -260.141300
      76000 -260.574128
      77000 -261.818857
      78000 -263.132551
      79000 -260.987989
      80000 -261.780850
      81000 -260.926734
      82000 -260.930225
      83000 -261.210461
      84000 -263.592760
      85000 -261.774941
      86000 -267.933385
      87000 -262.505191
      88000 -260.720079
      89000 -263.177746
      90000 -260.285435
      91000 -262.041559
      92000 -261.633573
      93000 -261.265781
      94000 -264.627270
      95000 -262.229880
      96000 -260.323116
      97000 -261.277256
      98000 -265.417533
      99000 -262.288702
     100000 -260.746625
     101000 -261.776008
     102000 -264.399182
     103000 -266.121835
     104000 -262.848395
     105000 -260.770622
     106000 -260.341568
     107000 -262.707163
     108000 -260.203547
     109000 -261.067758
     110000 -262.648834
     111000 -261.959810
     112000 -263.078759
     113000 -262.196043
     114000 -261.953037
     115000 -262.665737
     116000 -261.037518
     117000 -261.027896
     118000 -271.512404
     119000 -260.140581
     120000 -261.167966
     121000 -261.322893
     122000 -263.281748
     123000 -260.455196
     124000 -261.038747
     125000 -260.407007
     126000 -260.566927
     127000 -263.743104
     128000 -264.081119
     129000 -263.711161
     130000 -260.311487
     131000 -263.815615
     132000 -260.576936
     133000 -262.354337
     134000 -262.078889
     135000 -263.709052
     136000 -260.334983
     137000 -266.058905
     138000 -265.118949
     139000 -265.902809
     140000 -261.928459
     141000 -260.228327
     142000 -261.870253
     143000 -264.147618
     144000 -265.083087
     145000 -261.488018
     146000 -264.200205
     147000 -267.167872
     148000 -260.501757
     149000 -261.903933
     150000 -260.185405
     151000 -263.814764
     152000 -264.142500
     153000 -260.147604
     154000 -260.721856
     155000 -263.003118
     156000 -261.008267
     157000 -263.522425
     158000 -262.306967
     159000 -260.197752
     160000 -264.295460
     161000 -261.809890
     162000 -263.161228
     163000 -260.192034
     164000 -262.930291
     165000 -262.923554
     166000 -265.749812
     167000 -262.188913
     168000 -262.145920
     169000 -260.117433
     170000 -261.024673
     171000 -260.613610
     172000 -260.762324
     173000 -260.242475
     174000 -262.982242
     175000 -262.855032
     176000 -263.817506
     177000 -260.083190
     178000 -260.352064
     179000 -260.708758
     180000 -266.689879
     181000 -260.285018
     182000 -261.783096
     183000 -265.391590
     184000 -261.067233
     185000 -264.170734
     186000 -263.102873
     187000 -264.019099
     188000 -261.917990
     189000 -261.043418
     190000 -261.923923
     191000 -260.391064
     192000 -263.703373
     193000 -261.107514
     194000 -260.283513
     195000 -260.842181
     196000 -261.104952
     197000 -266.169126
     198000 -265.051590
     199000 -263.377598
     200000 -262.244136
     201000 -265.948778
     202000 -261.501088
     203000 -264.911890
     204000 -260.090087
     205000 -260.570169
     206000 -261.414662
     207000 -260.815094
     208000 -267.570831
     209000 -263.198652
     210000 -261.897039
     211000 -261.896706
     212000 -260.618769
     213000 -260.261883
     214000 -263.939757
     215000 -260.363369
     216000 -262.584854
     217000 -261.773001
     218000 -261.739278
     219000 -263.241327
     220000 -262.063809
     221000 -269.508221
     222000 -261.740193
     223000 -260.385644
     224000 -269.546174
     225000 -260.914867
     226000 -271.940043
     227000 -260.407547
     228000 -267.044793
     229000 -260.287977
     230000 -261.899723
     231000 -262.471762
     232000 -268.835057
     233000 -262.089417
     234000 -261.930479
     235000 -261.892934
     236000 -262.667775
     237000 -266.336340
     238000 -262.055627
     239000 -263.991264
     240000 -260.943898
     241000 -260.651197
     242000 -263.794462
     243000 -262.083227
     244000 -262.630875
     245000 -264.439784
     246000 -261.738365
     247000 -261.824099
     248000 -262.159849
     249000 -260.402339
     250000 -262.935072
     251000 -262.592734
     252000 -260.848074
     253000 -260.830216
     254000 -260.087621
     255000 -260.234566
     256000 -260.206441
     257000 -260.138275
     258000 -263.775876
     259000 -261.964555
     260000 -260.087744
     261000 -266.207654
     262000 -263.787247
     263000 -264.963171
     264000 -263.484600
     265000 -260.392140
     266000 -263.965042
     267000 -264.468502
     268000 -261.269418
     269000 -262.768679
     270000 -261.758828
     271000 -261.752633
     272000 -265.530043
     273000 -261.906862
     274000 -261.969609
     275000 -263.692181
     276000 -267.070268
     277000 -262.533705
     278000 -261.811390
     279000 -263.799927
     280000 -264.109412
     281000 -263.845313
     282000 -260.247096
     283000 -261.966218
     284000 -261.921166
     285000 -261.948254
     286000 -262.207425
     287000 -263.962032
     288000 -262.098282
     289000 -265.788370
     290000 -262.232455
     291000 -260.710327
     292000 -261.130336
     293000 -264.250070
     294000 -262.157407
     295000 -261.827337
     296000 -266.043885
     297000 -261.886533
     298000 -262.665726
     299000 -262.201661
     300000 -262.429474
     301000 -261.139627
     302000 -260.745523
     303000 -266.482415
     304000 -263.880215
     305000 -260.837788
     306000 -267.639530
     307000 -261.816695
     308000 -262.417345
     309000 -260.127858
     310000 -265.756477
     311000 -262.308938
     312000 -261.492941
     313000 -263.895269
     314000 -260.697260
     315000 -266.155472
     316000 -261.553300
     317000 -260.780372
     318000 -265.447345
     319000 -264.002057
     320000 -261.166778
     321000 -263.760012
     322000 -260.089156
     323000 -260.183862
     324000 -268.056400
     325000 -264.371930
     326000 -260.263866
     327000 -260.137781
     328000 -260.244121
     329000 -262.268750
     330000 -261.957491
     331000 -264.648385
     332000 -262.071856
     333000 -261.928587
     334000 -263.780692
     335000 -261.913827
     336000 -260.297820
     337000 -261.306347
     338000 -264.993677
     339000 -263.907456
     340000 -261.873280
     341000 -264.837467
     342000 -262.141176
     343000 -263.713195
     344000 -261.405413
     345000 -262.695803
     346000 -267.586787
     347000 -260.239875
     348000 -263.898500
     349000 -262.810455
     350000 -262.767405
     351000 -260.745167
     352000 -264.415746
     353000 -261.944408
     354000 -262.530210
     355000 -266.304665
     356000 -264.553963
     357000 -261.888351
     358000 -262.314857
     359000 -266.750239
     360000 -261.758946
     361000 -268.019317
     362000 -261.308294
     363000 -261.167721
     364000 -261.832113
     365000 -261.974833
     366000 -260.607049
     367000 -263.459323
     368000 -260.271222
     369000 -260.298790
     370000 -260.084867
     371000 -261.953763
     372000 -262.675608
     373000 -260.185532
     374000 -262.301973
     375000 -263.302838
     376000 -262.087345
     377000 -264.019514
     378000 -262.623055
     379000 -265.531213
     380000 -261.774322
     381000 -263.963620
     382000 -260.455029
     383000 -260.264656
     384000 -264.575171
     385000 -261.842631
     386000 -269.059920
     387000 -262.033626
     388000 -261.755590
     389000 -264.064254
     390000 -260.236211
     391000 -263.953115
     392000 -260.856373
     393000 -263.713836
     394000 -262.791090
     395000 -260.236808
     396000 -260.271719
     397000 -271.425421
     398000 -261.998533
     399000 -263.528133
     400000 -264.620540
     401000 -262.197099
     402000 -271.164348
     403000 -266.164579
     404000 -261.829429
     405000 -265.638500
     406000 -262.030056
     407000 -261.849507
     408000 -265.731229
     409000 -264.179698
     410000 -262.434898
     411000 -263.920398
     412000 -265.885402
     413000 -261.860544
     414000 -263.827674
     415000 -263.693694
     416000 -260.566236
     417000 -262.108539
     418000 -264.867889
     419000 -262.035796
     420000 -262.925915
     421000 -260.644302
     422000 -261.316695
     423000 -270.525059
     424000 -262.179931
     425000 -260.721915
     426000 -260.173313
     427000 -263.915359
     428000 -262.733072
     429000 -267.756356
     430000 -260.438227
     431000 -263.733046
     432000 -261.295357
     433000 -260.236670
     434000 -261.865326
     435000 -261.940055
     436000 -264.342796
     437000 -266.161546
     438000 -261.890431
     439000 -265.113996
     440000 -261.649099
     441000 -261.950233
     442000 -261.104678
     443000 -262.396557
     444000 -261.927256
     445000 -263.768329
     446000 -260.244982
     447000 -262.585369
     448000 -260.295771
     449000 -262.552731
     450000 -261.823239
     451000 -263.725395
     452000 -262.534021
     453000 -260.575464
     454000 -267.794787
     455000 -260.210119
     456000 -262.348232
     457000 -260.436997
     458000 -267.645178
     459000 -261.807072
     460000 -261.974656
     461000 -260.129838
     462000 -260.618295
     463000 -265.038564
     464000 -262.025904
     465000 -262.390054
     466000 -262.999909
     467000 -264.124778
     468000 -262.184053
     469000 -262.132035
     470000 -262.840487
     471000 -261.813331
     472000 -263.077976
     473000 -261.819137
     474000 -262.718939
     475000 -261.909377
     476000 -262.317754
     477000 -260.153595
     478000 -261.408693
     479000 -265.896246
     480000 -261.980032
     481000 -266.579754
     482000 -262.383008
     483000 -265.085962
     484000 -262.062361
     485000 -260.396470
     486000 -264.418268
     487000 -265.974243
     488000 -262.246395
     489000 -262.291454
     490000 -263.691950
     491000 -266.000598
     492000 -261.843894
     493000 -261.853693
     494000 -261.780479
     495000 -263.569959
     496000 -264.353410
     497000 -261.104057
     498000 -261.416986
     499000 -260.310969
     500000 -260.164213
     501000 -263.706170
     502000 -260.314312
     503000 -261.535349
     504000 -261.524019
     505000 -261.986201
     506000 -260.319926
     507000 -260.469102
     508000 -262.697626
     509000 -263.776779
     510000 -261.920387
     511000 -266.710069
     512000 -261.867598
     513000 -262.693361
     514000 -265.387024
     515000 -260.321377
     516000 -262.413142
     517000 -262.836592
     518000 -262.846836
     519000 -260.163711
     520000 -263.158532
     521000 -263.805534
     522000 -261.739251
     523000 -263.999269
     524000 -266.500604
     525000 -266.321659
     526000 -263.738085
     527000 -263.253025
     528000 -261.869431
     529000 -265.761432
     530000 -260.362567
     531000 -261.783134
     532000 -262.778735
     533000 -262.372195
     534000 -260.502975
     535000 -260.092390
     536000 -265.189695
     537000 -263.863753
     538000 -262.469311
     539000 -262.134190
     540000 -260.302604
     541000 -264.172127
     542000 -262.051409
     543000 -261.845821
     544000 -260.773841
     545000 -261.881493
     546000 -262.429634
     547000 -260.832430
     548000 -263.765968
     549000 -262.047841
     550000 -261.683857
     551000 -261.178408
     552000 -263.853615
     553000 -262.162290
     554000 -262.050767
     555000 -261.888476
     556000 -262.939186
     557000 -264.727675
     558000 -264.324915
     559000 -262.784991
     560000 -264.461324
     561000 -262.128912
     562000 -260.657574
     563000 -265.352304
     564000 -262.170616
     565000 -261.760898
     566000 -260.516577
     567000 -264.314183
     568000 -261.860972
     569000 -260.660970
     570000 -265.741106
     571000 -260.573872
     572000 -263.895264
     573000 -270.716583
     574000 -264.932646
     575000 -263.352184
     576000 -261.528675
     577000 -260.348288
     578000 -264.933769
     579000 -261.937170
     580000 -263.775748
     581000 -263.862026
     582000 -262.001268
     583000 -262.996034
     584000 -266.151925
     585000 -262.145037
     586000 -261.051400
     587000 -261.941489
     588000 -266.736681
     589000 -261.922338
     590000 -260.418770
     591000 -264.924273
     592000 -264.187077
     593000 -260.794959
     594000 -261.934261
     595000 -261.755959
     596000 -262.008973
     597000 -262.198179
     598000 -265.115184
     599000 -262.717880
     600000 -266.184047
     601000 -260.394249
     602000 -260.545555
     603000 -263.905145
     604000 -264.343341
     605000 -260.112031
     606000 -260.466882
     607000 -262.903873
     608000 -260.332282
     609000 -270.113522
     610000 -264.116067
     611000 -263.203704
     612000 -260.108631
     613000 -260.117936
     614000 -265.871416
     615000 -263.281244
     616000 -261.816472
     617000 -262.433403
     618000 -260.598368
     619000 -262.251730
     620000 -261.144973
     621000 -262.301113
     622000 -260.220297
     623000 -264.014334
     624000 -262.024133
     625000 -262.146838
     626000 -260.168672
     627000 -261.748991
     628000 -266.493779
     629000 -271.093362
     630000 -262.750428
     631000 -263.888601
     632000 -260.227684
     633000 -263.103757
     634000 -268.069190
     635000 -261.741663
     636000 -265.631071
     637000 -262.385378
     638000 -262.128464
     639000 -265.949116
     640000 -261.463442
     641000 -264.108816
     642000 -262.570500
     643000 -261.513572
     644000 -260.223150
     645000 -264.355723
     646000 -261.753370
     647000 -265.750533
     648000 -262.260148
     649000 -262.222317
     650000 -260.120480
     651000 -263.909604
     652000 -262.555137
     653000 -263.905709
     654000 -266.636682
     655000 -261.752948
     656000 -261.859707
     657000 -261.461369
     658000 -262.233386
     659000 -260.502730
     660000 -263.707403
     661000 -262.459086
     662000 -262.332085
     663000 -264.836121
     664000 -264.171725
     665000 -262.116447
     666000 -260.094004
     667000 -260.289389
     668000 -263.744148
     669000 -262.207773
     670000 -261.062111
     671000 -262.406712
     672000 -264.379421
     673000 -264.513078
     674000 -269.934405
     675000 -260.493464
     676000 -261.838357
     677000 -264.634942
     678000 -264.321314
     679000 -264.919534
     680000 -261.852123
     681000 -261.646459
     682000 -260.640194
     683000 -264.038863
     684000 -260.606773
     685000 -263.907543
     686000 -261.738897
     687000 -263.101679
     688000 -260.412463
     689000 -261.497260
     690000 -260.371649
     691000 -262.399583
     692000 -263.747329
     693000 -260.401831
     694000 -260.436890
     695000 -262.004557
     696000 -262.158227
     697000 -261.756706
     698000 -261.870712
     699000 -260.415162
     700000 -267.814404
     701000 -261.897845
     702000 -267.843864
     703000 -262.375107
     704000 -260.897225
     705000 -267.581886
     706000 -260.189406
     707000 -263.981662
     708000 -262.231451
     709000 -264.589920
     710000 -262.698609
     711000 -260.972724
     712000 -264.198600
     713000 -260.467437
     714000 -260.456295
     715000 -260.748968
     716000 -262.338404
     717000 -260.203377
     718000 -260.705380
     719000 -263.721977
     720000 -260.413046
     721000 -273.595912
     722000 -263.815907
     723000 -268.304236
     724000 -263.912769
     725000 -260.316902
     726000 -265.673016
     727000 -262.308561
     728000 -260.323021
     729000 -262.775876
     730000 -262.478867
     731000 -263.047444
     732000 -260.357824
     733000 -264.683594
     734000 -264.078704
     735000 -262.262650
     736000 -262.116628
     737000 -260.542279
     738000 -263.249492
     739000 -265.883420
     740000 -262.470782
     741000 -263.860989
     742000 -262.978115
     743000 -261.149249
     744000 -262.414054
     745000 -261.432303
     746000 -260.206016
     747000 -266.274872
     748000 -262.042265
     749000 -261.209416
     750000 -263.781629
     751000 -260.293905
     752000 -260.320749
     753000 -262.348159
     754000 -262.591979
     755000 -263.731503
     756000 -262.458427
     757000 -262.808612
     758000 -262.347161
     759000 -260.329924
     760000 -260.110106
     761000 -261.793076
     762000 -260.237425
     763000 -262.352186
     764000 -260.692968
     765000 -260.514698
     766000 -260.092068
     767000 -263.968066
     768000 -260.296643
     769000 -261.942127
     770000 -261.738718
     771000 -263.947035
     772000 -262.515719
     773000 -262.021037
     774000 -262.198360
     775000 -261.595774
     776000 -265.930773
     777000 -266.059166
     778000 -262.137675
     779000 -265.060315
     780000 -262.816987
     781000 -261.814640
     782000 -261.316693
     783000 -264.047184
     784000 -262.787946
     785000 -260.359480
     786000 -264.595888
     787000 -267.452020
     788000 -261.838358
     789000 -263.898234
     790000 -262.917452
     791000 -264.011479
     792000 -260.548716
     793000 -262.010252
     794000 -261.954291
     795000 -260.527437
     796000 -260.238910
     797000 -261.871303
     798000 -260.255338
     799000 -269.263379
     800000 -261.435765
     801000 -263.794696
     802000 -262.110156
     803000 -262.187388
     804000 -260.931179
     805000 -260.993287
     806000 -261.039107
     807000 -262.031791
     808000 -260.110172
     809000 -260.436430
     810000 -262.597179
     811000 -262.404075
     812000 -266.030181
     813000 -263.698550
     814000 -262.943296
     815000 -261.984081
     816000 -260.246960
     817000 -262.522154
     818000 -262.740069
     819000 -261.684451
     820000 -261.824015
     821000 -266.532056
     822000 -261.005277
     823000 -261.890398
     824000 -265.717906
     825000 -263.274439
     826000 -260.284141
     827000 -260.612900
     828000 -260.313347
     829000 -262.663022
     830000 -262.164529
     831000 -263.250429
     832000 -260.654096
     833000 -262.678103
     834000 -261.051398
     835000 -265.288157
     836000 -260.286744
     837000 -263.868549
     838000 -261.837746
     839000 -260.671206
     840000 -261.237042
     841000 -264.019253
     842000 -261.125703
     843000 -264.000278
     844000 -267.463872
     845000 -261.069347
     846000 -260.390568
     847000 -264.562809
     848000 -261.377479
     849000 -260.762382
     850000 -262.825836
     851000 -261.410703
     852000 -262.825362
     853000 -265.864076
     854000 -262.366012
     855000 -263.800738
     856000 -266.841202
     857000 -260.865613
     858000 -262.760440
     859000 -263.721463
     860000 -266.037964
     861000 -262.247138
     862000 -260.654032
     863000 -263.751371
     864000 -261.907753
     865000 -261.868167
     866000 -261.871898
     867000 -261.567831
     868000 -262.123319
     869000 -263.247717
     870000 -261.791116
     871000 -261.581079
     872000 -262.160543
     873000 -261.387335
     874000 -263.832939
     875000 -263.885936
     876000 -261.915046
     877000 -263.075368
     878000 -262.358120
     879000 -260.682933
     880000 -260.397598
     881000 -260.193907
     882000 -261.758116
     883000 -260.341930
     884000 -261.756039
     885000 -265.952096
     886000 -264.081049
     887000 -260.713126
     888000 -268.867204
     889000 -260.610189
     890000 -260.576400
     891000 -261.925542
     892000 -260.528505
     893000 -262.126141
     894000 -263.806346
     895000 -261.601538
     896000 -268.333012
     897000 -263.914059
     898000 -262.048303
     899000 -269.595304
     900000 -261.783407
     901000 -265.883864
     902000 -260.173033
     903000 -260.093596
     904000 -261.458858
     905000 -264.027001
     906000 -261.132539
     907000 -263.735435
     908000 -260.592099
     909000 -266.900438
     910000 -262.790315
     911000 -263.774321
     912000 -262.336346
     913000 -267.659337
     914000 -264.694839
     915000 -263.829931
     916000 -261.623628
     917000 -261.734429
     918000 -264.001692
     919000 -260.331531
     920000 -260.169002
     921000 -263.705642
     922000 -261.837506
     923000 -260.363468
     924000 -262.001618
     925000 -261.585616
     926000 -260.996880
     927000 -268.071368
     928000 -268.845106
     929000 -260.302544
     930000 -271.399698
     931000 -262.144937
     932000 -263.032617
     933000 -260.448910
     934000 -265.251617
     935000 -261.816871
     936000 -262.673208
     937000 -266.502536
     938000 -267.645289
     939000 -262.568971
     940000 -261.359589
     941000 -263.076169
     942000 -263.703302
     943000 -261.985427
     944000 -264.802007
     945000 -260.477977
     946000 -264.722372
     947000 -261.116343
     948000 -263.113726
     949000 -266.206321
     950000 -261.857680
     951000 -260.098868
     952000 -261.830764
     953000 -266.195808
     954000 -261.120002
     955000 -262.131395
     956000 -264.033292
     957000 -262.428123
     958000 -263.893187
     959000 -261.842190
     960000 -263.876441
     961000 -262.589368
     962000 -261.237847
     963000 -261.088519
     964000 -262.276418
     965000 -260.394527
     966000 -261.369089
     967000 -260.298100
     968000 -268.135904
     969000 -260.488519
     970000 -260.727664
     971000 -260.473456
     972000 -260.913582
     973000 -262.028852
     974000 -266.629656
     975000 -269.517823
     976000 -262.063637
     977000 -260.094259
     978000 -263.631425
     979000 -260.528848
     980000 -260.686088
     981000 -261.906785
     982000 -260.376847
     983000 -260.720215
     984000 -261.840520
     985000 -267.965175
     986000 -262.398869
     987000 -262.151566
     988000 -260.246432
     989000 -261.036054
     990000 -261.825859
     991000 -262.647592
     992000 -260.468540
     993000 -260.394095
     994000 -260.245760
     995000 -266.581425
     996000 -263.330283
     997000 -261.280969
     998000 -262.009987
     999000 -262.136554
    1000000 -267.030659
    1001000 -263.849839
    1002000 -260.171833
    1003000 -262.149931
    1004000 -263.695113
    1005000 -260.365404
    1006000 -267.725033
    1007000 -266.380718
    1008000 -262.305685
    1009000 -261.908322
    1010000 -260.847220
    1011000 -260.254592
    1012000 -265.750842
    1013000 -264.966291
    1014000 -264.001748
    1015000 -262.288962
    1016000 -261.742663
    1017000 -260.623114
    1018000 -261.825897
    1019000 -262.295027
    1020000 -262.510253
    1021000 -265.768185
    1022000 -262.590064
    1023000 -263.885760
    1024000 -262.058482
    1025000 -267.628007
    1026000 -266.041985
    1027000 -264.687570
    1028000 -261.753833
    1029000 -267.718149
    1030000 -267.508722
    1031000 -265.406254
    1032000 -264.617251
    1033000 -267.940679
    1034000 -260.538582
    1035000 -260.103626
    1036000 -260.637584
    1037000 -264.830988
    1038000 -262.298955
    1039000 -261.831454
    1040000 -264.203684
    1041000 -261.210104
    1042000 -262.663886
    1043000 -260.692610
    1044000 -263.446088
    1045000 -260.546857
    1046000 -261.961296
    1047000 -263.097147
    1048000 -261.975447
    1049000 -263.510458
    1050000 -261.354476
    1051000 -263.574383
    1052000 -266.165062
    1053000 -260.632024
    1054000 -261.448606
    1055000 -262.004709
    1056000 -261.745005
    1057000 -261.327225
    1058000 -264.050597
    1059000 -268.319861
    1060000 -262.602364
    1061000 -260.141733
    1062000 -263.014252
    1063000 -270.939293
    1064000 -261.948426
    1065000 -261.923429
    1066000 -260.445740
    1067000 -262.559962
    1068000 -260.546559
    1069000 -263.733826
    1070000 -261.937780
    1071000 -264.078095
    1072000 -262.950031
    1073000 -261.647893
    1074000 -264.626533
    1075000 -267.042863
    1076000 -264.799913
    1077000 -269.707868
    1078000 -265.840444
    1079000 -261.976885
    1080000 -260.691701
    1081000 -264.702407
    1082000 -260.791622
    1083000 -262.187663
    1084000 -261.929926
    1085000 -264.153312
    1086000 -262.655055
    1087000 -264.627983
    1088000 -260.620134
    1089000 -261.099729
    1090000 -260.114152
    1091000 -262.429673
    1092000 -264.247081
    1093000 -266.725074
    1094000 -260.902484
    1095000 -268.344200
    1096000 -267.931430
    1097000 -262.111167
    1098000 -262.853063
    1099000 -262.405396
    1100000 -261.012922
    1101000 -262.835757
    1102000 -260.526558
    1103000 -260.607812
    1104000 -265.738389
    1105000 -267.627564
    1106000 -260.329193
    1107000 -262.285880
    1108000 -261.846469
    1109000 -264.619637
    1110000 -264.822647
    1111000 -260.781552
    1112000 -262.859634
    1113000 -263.374308
    1114000 -264.089266
    1115000 -262.080730
    1116000 -260.881385
    1117000 -265.794043
    1118000 -260.087182
    1119000 -260.092168
    1120000 -260.211346
    1121000 -260.181826
    1122000 -264.195932
    1123000 -263.147879
    1124000 -262.107457
    1125000 -260.300977
    1126000 -262.004717
    1127000 -267.284948
    1128000 -260.928308
    1129000 -263.093587
    1130000 -261.950276
    1131000 -262.134841
    1132000 -260.267534
    1133000 -260.251710
    1134000 -260.395585
    1135000 -260.224235
    1136000 -262.417635
    1137000 -260.301741
    1138000 -263.990802
    1139000 -266.188753
    1140000 -264.525987
    1141000 -263.048342
    1142000 -261.957677
    1143000 -263.298011
    1144000 -263.347239
    1145000 -262.961168
    1146000 -263.933204
    1147000 -262.104663
    1148000 -261.939014
    1149000 -265.885930
    1150000 -262.613098
    1151000 -261.809761
    1152000 -261.484470
    1153000 -260.456847
    1154000 -260.693998
    1155000 -262.676859
    1156000 -263.478637
    1157000 -261.777285
    1158000 -263.989257
    1159000 -264.397333
    1160000 -264.696491
    1161000 -262.288360
    1162000 -260.454978
    1163000 -261.767650
    1164000 -260.486986
    1165000 -264.001315
    1166000 -266.124691
    1167000 -267.720099
    1168000 -263.080816
    1169000 -268.320434
    1170000 -264.941884
    1171000 -264.044184
    1172000 -260.229544
    1173000 -260.787034
    1174000 -263.816833
    1175000 -263.821220
    1176000 -264.507544
    1177000 -264.025802
    1178000 -260.689320
    1179000 -264.557317
    1180000 -262.004241
    1181000 -260.223350
    1182000 -266.319782
    1183000 -261.494560
    1184000 -268.260300
    1185000 -260.086597
    1186000 -263.720444
    1187000 -263.733137
    1188000 -263.913093
    1189000 -260.619679
    1190000 -261.889089
    1191000 -261.783986
    1192000 -260.381394
    1193000 -265.833399
    1194000 -262.710729
    1195000 -261.579018
    1196000 -264.410080
    1197000 -266.782161
    1198000 -264.660331
    1199000 -260.925264
    1200000 -263.894222
    1201000 -267.471220
    1202000 -262.024239
    1203000 -261.862841
    1204000 -261.756635
    1205000 -260.183848
    1206000 -266.060012
    1207000 -261.070714
    1208000 -260.275234
    1209000 -260.184383
    1210000 -260.804269
    1211000 -263.679018
    1212000 -267.200488
    1213000 -261.861306
    1214000 -260.228810
    1215000 -260.674682
    1216000 -261.757169
    1217000 -262.327664
    1218000 -260.318187
    1219000 -262.377275
    1220000 -266.350180
    1221000 -260.504136
    1222000 -261.576864
    1223000 -261.802419
    1224000 -260.144474
    1225000 -265.004860
    1226000 -261.547134
    1227000 -261.376161
    1228000 -265.598973
    1229000 -262.506137
    1230000 -261.688612
    1231000 -263.252356
    1232000 -263.309854
    1233000 -261.844492
    1234000 -260.276800
    1235000 -261.850667
    1236000 -262.418997
    1237000 -264.031566
    1238000 -260.250280
    1239000 -260.243615
    1240000 -262.041622
    1241000 -262.092364
    1242000 -262.327095
    1243000 -262.847475
    1244000 -264.910949
    1245000 -260.420134
    1246000 -264.367408
    1247000 -262.104482
    1248000 -262.778652
    1249000 -265.731888
    1250000 -260.852854
    1251000 -262.302832
    1252000 -260.864311
    1253000 -261.953182
    1254000 -260.372326
    1255000 -261.757076
    1256000 -260.370538
    1257000 -263.235472
    1258000 -262.488661
    1259000 -261.231601
    1260000 -264.000279
    1261000 -260.774353
    1262000 -263.752450
    1263000 -263.648311
    1264000 -261.831214
    1265000 -260.237671
    1266000 -260.417672
    1267000 -263.776406
    1268000 -262.042133
    1269000 -263.424941
    1270000 -260.135756
    1271000 -261.191938
    1272000 -263.807831
    1273000 -260.352458
    1274000 -265.994215
    1275000 -260.690356
    1276000 -260.169942
    1277000 -261.871474
    1278000 -265.656290
    1279000 -261.935396
    1280000 -261.312952
    1281000 -260.911327
    1282000 -261.861778
    1283000 -261.957199
    1284000 -261.586687
    1285000 -265.795018
    1286000 -266.738729
    1287000 -262.452904
    1288000 -262.088751
    1289000 -260.320643
    1290000 -264.447826
    1291000 -265.672774
    1292000 -261.959782
    1293000 -262.304002
    1294000 -263.728756
    1295000 -262.803337
    1296000 -263.914144
    1297000 -261.963299
    1298000 -262.152209
    1299000 -261.955415
    1300000 -260.942877
    1301000 -260.407628
    1302000 -263.842919
    1303000 -261.966367
    1304000 -261.914908
    1305000 -261.951168
    1306000 -261.737718
    1307000 -263.113614
    1308000 -263.536158
    1309000 -266.016490
    1310000 -265.331983
    1311000 -263.074176
    1312000 -262.098544
    1313000 -262.565493
    1314000 -261.930690
    1315000 -262.051836
    1316000 -263.901908
    1317000 -260.569990
    1318000 -262.987543
    1319000 -260.256893
    1320000 -265.821816
    1321000 -271.699548
    1322000 -263.219032
    1323000 -262.045385
    1324000 -260.835542
    1325000 -261.854812
    1326000 -265.980785
    1327000 -263.058429
    1328000 -260.369343
    1329000 -261.763856
    1330000 -269.839461
    1331000 -261.904919
    1332000 -260.222587
    1333000 -261.838670
    1334000 -260.875697
    1335000 -262.214331
    1336000 -261.743335
    1337000 -262.186256
    1338000 -260.596753
    1339000 -262.072123
    1340000 -268.572335
    1341000 -260.592838
    1342000 -260.790360
    1343000 -262.402279
    1344000 -262.567508
    1345000 -262.638742
    1346000 -266.246936
    1347000 -262.548241
    1348000 -263.685874
    1349000 -264.026096
    1350000 -263.767289
    1351000 -265.559997
    1352000 -266.211060
    1353000 -261.303830
    1354000 -263.004659
    1355000 -261.260043
    1356000 -262.222033
    1357000 -267.707537
    1358000 -262.917872
    1359000 -264.970946
    1360000 -261.021117
    1361000 -261.982501
    1362000 -261.676160
    1363000 -264.223556
    1364000 -262.157568
    1365000 -261.786912
    1366000 -261.814432
    1367000 -264.777866
    1368000 -262.470653
    1369000 -262.963206
    1370000 -262.768456
    1371000 -260.579270
    1372000 -265.159990
    1373000 -260.320330
    1374000 -261.216492
    1375000 -260.832194
    1376000 -262.411764
    1377000 -261.935201
    1378000 -265.401345
    1379000 -260.269637
    1380000 -260.525441
    1381000 -262.966571
    1382000 -262.576401
    1383000 -265.064665
    1384000 -261.229305
    1385000 -261.970166
    1386000 -262.194914
    1387000 -260.150175
    1388000 -260.081073
    1389000 -261.020718
    1390000 -264.704771
    1391000 -262.465836
    1392000 -260.350993
    1393000 -266.378372
    1394000 -264.222658
    1395000 -260.142689
    1396000 -261.316841
    1397000 -264.647566
    1398000 -262.169478
    1399000 -263.125309
    1400000 -262.158651
    1401000 -265.715805
    1402000 -261.293430
    1403000 -260.703648
    1404000 -262.523055
    1405000 -261.755768
    1406000 -261.735737
    1407000 -271.465990
    1408000 -260.555475
    1409000 -263.319958
    1410000 -263.809660
    1411000 -265.725024
    1412000 -262.287460
    1413000 -261.849573
    1414000 -265.630539
    1415000 -260.420679
    1416000 -260.338980
    1417000 -260.235560
    1418000 -260.326227
    1419000 -264.413291
    1420000 -261.808634
    1421000 -262.079614
    1422000 -261.759118
    1423000 -260.350927
    1424000 -261.914150
    1425000 -262.386205
    1426000 -264.325082
    1427000 -264.784815
    1428000 -262.261875
    1429000 -262.058737
    1430000 -263.961083
    1431000 -261.883048
    1432000 -262.297030
    1433000 -263.566763
    1434000 -263.931042
    1435000 -260.548027
    1436000 -260.457235
    1437000 -264.434482
    1438000 -260.234438
    1439000 -260.376324
    1440000 -262.355830
    1441000 -261.974456
    1442000 -265.042872
    1443000 -264.201551
    1444000 -263.854122
    1445000 -262.153729
    1446000 -262.431007
    1447000 -265.894625
    1448000 -262.334575
    1449000 -267.722048
    1450000 -261.985734
    1451000 -261.978155
    1452000 -264.126030
    1453000 -260.741682
    1454000 -261.508045
    1455000 -264.124726
    1456000 -262.951153
    1457000 -262.580074
    1458000 -260.574604
    1459000 -260.193507
    1460000 -265.646492
    1461000 -263.792580
    1462000 -261.529036
    1463000 -264.325629
    1464000 -263.403529
    1465000 -261.964630
    1466000 -262.081741
    1467000 -263.855912
    1468000 -261.776060
    1469000 -264.112682
    1470000 -260.317491
    1471000 -262.306557
    1472000 -260.597020
    1473000 -261.882088
    1474000 -272.050279
    1475000 -260.651242
    1476000 -260.607774
    1477000 -264.365446
    1478000 -262.857536
    1479000 -261.735906
    1480000 -261.607518
    1481000 -263.495170
    1482000 -261.708015
    1483000 -263.640668
    1484000 -264.035077
    1485000 -261.672318
    1486000 -260.229266
    1487000 -262.218044
    1488000 -263.409211
    1489000 -262.442791
    1490000 -265.815563
    1491000 -264.855954
    1492000 -263.319527
    1493000 -260.597586
    1494000 -262.107344
    1495000 -260.142076
    1496000 -260.360001
    1497000 -260.636009
    1498000 -262.901569
    1499000 -269.729282
    1500000 -262.210872
    1501000 -262.481862
    1502000 -261.741008
    1503000 -262.743520
    1504000 -268.245118
    1505000 -262.130209
    1506000 -265.336323
    1507000 -264.205675
    1508000 -262.547859
    1509000 -260.357340
    1510000 -260.201512
    1511000 -261.828746
    1512000 -267.581522
    1513000 -262.370346
    1514000 -262.622586
    1515000 -260.611407
    1516000 -261.773027
    1517000 -260.233967
    1518000 -263.917338
    1519000 -261.263734
    1520000 -260.775656
    1521000 -260.273104
    1522000 -262.356246
    1523000 -260.523521
    1524000 -264.577602
    1525000 -262.893949
    1526000 -266.762471
    1527000 -260.157897
    1528000 -262.025576
    1529000 -263.692602
    1530000 -260.147969
    1531000 -260.827796
    1532000 -262.406073
    1533000 -263.986282
    1534000 -260.428224
    1535000 -261.827221
    1536000 -261.221892
    1537000 -260.791403
    1538000 -263.417648
    1539000 -261.757680
    1540000 -265.872749
    1541000 -263.063627
    1542000 -264.464054
    1543000 -261.392761
    1544000 -260.481661
    1545000 -264.817572
    1546000 -262.326331
    1547000 -262.017614
    1548000 -264.653295
    1549000 -261.688643
    1550000 -261.854390
    1551000 -266.635909
    1552000 -260.167316
    1553000 -270.431406
    1554000 -267.717653
    1555000 -260.895745
    1556000 -262.253576
    1557000 -262.026346
    1558000 -264.580936
    1559000 -267.274201
    1560000 -263.219100
    1561000 -266.480849
    1562000 -260.662039
    1563000 -260.370908
    1564000 -260.196942
    1565000 -272.089982
    1566000 -260.288074
    1567000 -262.304040
    1568000 -264.548607
    1569000 -261.778085
    1570000 -269.857203
    1571000 -262.718418
    1572000 -260.428714
    1573000 -263.805093
    1574000 -263.510014
    1575000 -261.741247
    1576000 -264.038642
    1577000 -260.096599
    1578000 -261.350601
    1579000 -264.840701
    1580000 -263.981856
    1581000 -263.058070
    1582000 -261.892736
    1583000 -266.161173
    1584000 -264.379286
    1585000 -260.146245
    1586000 -260.787017
    1587000 -263.710132
    1588000 -260.318336
    1589000 -264.042035
    1590000 -260.092312
    1591000 -264.694294
    1592000 -261.757849
    1593000 -260.256527
    1594000 -268.564512
    1595000 -261.800278
    1596000 -262.834835
    1597000 -263.706790
    1598000 -260.792725
    1599000 -261.527100
    1600000 -264.417853
    1601000 -261.375418
    1602000 -269.311646
    1603000 -264.441813
    1604000 -261.114395
    1605000 -261.833715
    1606000 -263.842033
    1607000 -261.212330
    1608000 -265.638055
    1609000 -260.119529
    1610000 -263.789411
    1611000 -264.077802
    1612000 -263.806484
    1613000 -263.058866
    1614000 -266.332711
    1615000 -262.031289
    1616000 -265.133023
    1617000 -264.731446
    1618000 -265.913767
    1619000 -261.588760
    1620000 -266.326500
    1621000 -263.708146
    1622000 -262.147846
    1623000 -264.755786
    1624000 -270.191184
    1625000 -264.626712
    1626000 -263.734402
    1627000 -261.654128
    1628000 -269.062680
    1629000 -263.454977
    1630000 -260.603032
    1631000 -260.129962
    1632000 -261.976289
    1633000 -262.122029
    1634000 -261.994066
    1635000 -266.035671
    1636000 -264.919143
    1637000 -264.603388
    1638000 -263.120749
    1639000 -268.100249
    1640000 -262.015478
    1641000 -262.156147
    1642000 -260.236869
    1643000 -264.920260
    1644000 -262.109918
    1645000 -265.659735
    1646000 -265.503597
    1647000 -261.811732
    1648000 -265.729755
    1649000 -260.418447
    1650000 -263.781935
    1651000 -262.179893
    1652000 -267.686527
    1653000 -261.971228
    1654000 -267.715944
    1655000 -262.802056
    1656000 -262.796687
    1657000 -265.182427
    1658000 -260.771615
    1659000 -260.509016
    1660000 -265.789787
    1661000 -260.111430
    1662000 -262.048991
    1663000 -264.473744
    1664000 -261.131601
    1665000 -264.449620
    1666000 -261.877440
    1667000 -261.805417
    1668000 -262.120870
    1669000 -261.766827
    1670000 -262.144735
    1671000 -262.307926
    1672000 -260.203531
    1673000 -262.518413
    1674000 -263.886774
    1675000 -265.654195
    1676000 -262.371462
    1677000 -261.647783
    1678000 -264.065027
    1679000 -262.314034
    1680000 -260.556319
    1681000 -264.386409
    1682000 -274.425675
    1683000 -261.781317
    1684000 -260.163988
    1685000 -260.309632
    1686000 -261.862201
    1687000 -260.632710
    1688000 -260.399371
    1689000 -265.930807
    1690000 -260.585852
    1691000 -260.599877
    1692000 -262.568414
    1693000 -261.118142
    1694000 -267.781519
    1695000 -260.857494
    1696000 -262.422025
    1697000 -261.919863
    1698000 -269.513461
    1699000 -266.736037
    1700000 -260.167997
    1701000 -260.368976
    1702000 -261.771885
    1703000 -262.723473
    1704000 -261.761657
    1705000 -261.770883
    1706000 -262.009975
    1707000 -265.971477
    1708000 -262.949758
    1709000 -265.742017
    1710000 -279.111768
    1711000 -263.753140
    1712000 -261.943176
    1713000 -264.612558
    1714000 -260.253581
    1715000 -261.951092
    1716000 -263.822202
    1717000 -265.497813
    1718000 -262.178361
    1719000 -260.091089
    1720000 -261.069209
    1721000 -261.330187
    1722000 -261.072350
    1723000 -263.843315
    1724000 -265.088291
    1725000 -264.265048
    1726000 -267.664993
    1727000 -261.977236
    1728000 -262.102226
    1729000 -260.524945
    1730000 -261.809683
    1731000 -266.828399
    1732000 -262.311625
    1733000 -260.096603
    1734000 -264.785810
    1735000 -265.017318
    1736000 -266.221243
    1737000 -265.654650
    1738000 -262.030082
    1739000 -262.523389
    1740000 -260.378579
    1741000 -263.785624
    1742000 -261.214599
    1743000 -260.318390
    1744000 -260.362163
    1745000 -263.052340
    1746000 -262.399483
    1747000 -260.082455
    1748000 -261.528336
    1749000 -260.579825
    1750000 -262.941291
    1751000 -260.952634
    1752000 -262.759632
    1753000 -262.258362
    1754000 -263.808419
    1755000 -262.065854
    1756000 -260.214037
    1757000 -261.744639
    1758000 -265.448389
    1759000 -261.211930
    1760000 -260.283684
    1761000 -260.339713
    1762000 -262.269626
    1763000 -268.108460
    1764000 -261.749393
    1765000 -260.169137
    1766000 -262.458330
    1767000 -261.822237
    1768000 -261.751837
    1769000 -261.463784
    1770000 -260.174568
    1771000 -265.995812
    1772000 -260.132528
    1773000 -262.956853
    1774000 -262.347071
    1775000 -261.379011
    1776000 -261.866857
    1777000 -262.908257
    1778000 -260.116480
    1779000 -260.450527
    1780000 -263.921743
    1781000 -266.075807
    1782000 -260.862396
    1783000 -260.188578
    1784000 -260.600837
    1785000 -260.156370
    1786000 -262.218640
    1787000 -266.405845
    1788000 -271.889535
    1789000 -264.862348
    1790000 -263.775886
    1791000 -262.300065
    1792000 -261.980791
    1793000 -262.996409
    1794000 -260.280902
    1795000 -264.166219
    1796000 -262.913372
    1797000 -265.044122
    1798000 -260.170537
    1799000 -260.546381
    1800000 -264.968174
    1801000 -262.078271
    1802000 -262.265785
    1803000 -260.500623
    1804000 -260.588421
    1805000 -260.291922
    1806000 -265.295533
    1807000 -261.816946
    1808000 -261.810457
    1809000 -265.660753
    1810000 -260.156926
    1811000 -260.085393
    1812000 -263.509824
    1813000 -260.135579
    1814000 -261.946527
    1815000 -262.018938
    1816000 -265.582559
    1817000 -265.866258
    1818000 -262.043851
    1819000 -262.256224
    1820000 -262.337889
    1821000 -261.739899
    1822000 -263.858025
    1823000 -261.164538
    1824000 -263.933754
    1825000 -265.881293
    1826000 -262.314181
    1827000 -264.084739
    1828000 -260.756407
    1829000 -266.555742
    1830000 -261.778070
    1831000 -263.779308
    1832000 -261.417462
    1833000 -266.479783
    1834000 -261.430284
    1835000 -268.912871
    1836000 -260.257936
    1837000 -260.083756
    1838000 -260.886023
    1839000 -266.075837
    1840000 -261.940000
    1841000 -270.882101
    1842000 -260.403965
    1843000 -263.727644
    1844000 -264.684481
    1845000 -261.855092
    1846000 -260.302400
    1847000 -260.836731
    1848000 -260.265378
    1849000 -260.326946
    1850000 -260.397203
    1851000 -267.780917
    1852000 -261.741378
    1853000 -260.206313
    1854000 -262.286247
    1855000 -264.579254
    1856000 -260.585605
    1857000 -261.773075
    1858000 -261.223409
    1859000 -261.852886
    1860000 -268.538025
    1861000 -262.759514
    1862000 -260.171824
    1863000 -263.778487
    1864000 -263.531829
    1865000 -263.884309
    1866000 -260.410141
    1867000 -260.571578
    1868000 -260.215918
    1869000 -265.071437
    1870000 -267.294714
    1871000 -261.053835
    1872000 -260.267833
    1873000 -266.394765
    1874000 -260.276729
    1875000 -261.379749
    1876000 -263.961318
    1877000 -262.619133
    1878000 -262.300723
    1879000 -266.530198
    1880000 -261.226890
    1881000 -267.122177
    1882000 -262.220569
    1883000 -260.112532
    1884000 -262.476608
    1885000 -262.018595
    1886000 -260.364259
    1887000 -261.815155
    1888000 -262.276427
    1889000 -260.739727
    1890000 -260.475613
    1891000 -262.564504
    1892000 -260.185560
    1893000 -260.079038
    1894000 -261.322287
    1895000 -262.294300
    1896000 -261.327843
    1897000 -261.853491
    1898000 -260.500013
    1899000 -262.526862
    1900000 -262.500624
    1901000 -261.998546
    1902000 -260.939988
    1903000 -266.141853
    1904000 -262.929460
    1905000 -264.490977
    1906000 -260.134690
    1907000 -261.968999
    1908000 -260.127410
    1909000 -261.497208
    1910000 -262.587643
    1911000 -260.967773
    1912000 -261.938193
    1913000 -263.937774
    1914000 -263.722386
    1915000 -261.153223
    1916000 -262.168418
    1917000 -262.564728
    1918000 -261.113411
    1919000 -263.936695
    1920000 -263.204438
    1921000 -260.349111
    1922000 -260.712011
    1923000 -262.352631
    1924000 -260.900895
    1925000 -261.871189
    1926000 -263.886766
    1927000 -263.841147
    1928000 -260.168893
    1929000 -262.841073
    1930000 -261.631940
    1931000 -261.977181
    1932000 -268.395792
    1933000 -262.025186
    1934000 -260.092785
    1935000 -262.514034
    1936000 -260.471136
    1937000 -260.674326
    1938000 -261.742080
    1939000 -261.434324
    1940000 -261.760827
    1941000 -260.922441
    1942000 -260.097757
    1943000 -260.966833
    1944000 -260.572708
    1945000 -261.786574
    1946000 -264.557646
    1947000 -260.425210
    1948000 -261.594368
    1949000 -266.077194
    1950000 -261.083831
    1951000 -260.092338
    1952000 -260.921267
    1953000 -261.219485
    1954000 -263.379336
    1955000 -262.293735
    1956000 -264.841366
    1957000 -261.229592
    1958000 -267.386218
    1959000 -260.977030
    1960000 -261.612317
    1961000 -266.004329
    1962000 -263.854497
    1963000 -261.881766
    1964000 -262.390018
    1965000 -261.243699
    1966000 -264.466998
    1967000 -260.558285
    1968000 -261.127986
    1969000 -266.168556
    1970000 -261.609546
    1971000 -260.170455
    1972000 -262.405493
    1973000 -261.285646
    1974000 -260.613547
    1975000 -265.645527
    1976000 -261.973395
    1977000 -265.988562
    1978000 -260.390588
    1979000 -260.389834
    1980000 -260.133261
    1981000 -262.142624
    1982000 -263.975788
    1983000 -262.211096
    1984000 -261.852291
    1985000 -262.143163
    1986000 -262.930685
    1987000 -261.095487
    1988000 -261.598339
    1989000 -260.083249
    1990000 -266.097693
    1991000 -262.612349
    1992000 -265.902096
    1993000 -261.825054
    1994000 -262.128376
    1995000 -264.154473
    1996000 -264.198414
    1997000 -260.649557
    1998000 -263.764919
    1999000 -263.834291
    2000000 -261.834324
