       1000 -804.391752
       2000 -805.877762
       3000 -804.688877
       4000 -805.977563
       5000 -805.935194
       6000 -808.505518
       7000 -804.912367
       8000 -808.577883
       9000 -806.252399
      10000 -804.340057
      11000 -806.195633
      12000 -805.974339
      13000 -808.097461
      14000 -810.675015
      15000 -804.418669
      16000 -804.425086
      17000 -805.878159
      18000 -807.528258
      19000 -805.900044
      20000 -805.065048
      21000 -806.815288
      22000 -814.032617
      23000 -805.619200
      24000 -804.591937
      25000 -804.381092
      26000 -805.862741
      27000 -805.322232
      28000 -805.116348
      29000 -804.843401
      30000 -804.653540
      31000 -804.349023
      32000 -804.351921
      33000 -806.466218
      34000 -805.864829
      35000 -805.347017
      36000 -805.600199
      37000 -806.261638
      38000 -806.337170
      39000 -804.339354
      40000 -807.307180
      41000 -805.928424
      42000 -804.976703
      43000 -808.800829
      44000 -805.869442
      45000 -805.874807
      46000 -807.827346
      47000 -804.411048
      48000 -809.444200
      49000 -806.616710
      50000 -808.715659
      51000 -806.153624
      52000 -806.421743
      53000 -806.278704
      54000 -804.547342
      55000 -804.859268
      56000 -804.830420
      57000 -804.544489
      58000 -805.894760
      59000 -804.512697
      60000 -806.984469
      61000 -806.038416
      62000 -804.338849
      63000 -805.860874
      64000 -804.354433
      65000 -804.840159
      66000 -806.222779
      67000 -809.453384
      68000 -806.451170
      69000 -805.891573
      70000 -805.347494
      71000 -804.576637
      72000 -804.360352
      73000 -805.863572
      74000 -805.238138
      75000 -804.600814
      76000 -807.622164
      77000 -804.407347
      78000 -807.411823
      79000 -804.343333
      80000 -804.342826
      81000 -804.340315
      82000 -805.886535
      83000 -805.885077
      84000 -806.049703
      85000 -804.342640
      86000 -804.405702
      87000 -810.291203
      88000 -805.665912
      89000 -804.345788
      90000 -804.502382
      91000 -805.451456
      92000 -805.923608
      93000 -807.402407
      94000 -804.372409
      95000 -805.860812
      96000 -804.538573
      97000 -804.339152
      98000 -806.322209
      99000 -807.599776
     100000 -804.342950
     101000 -805.910853
     102000 -804.342854
     103000 -805.906895
     104000 -805.100283
     105000 -806.219268
     106000 -807.713881
     107000 -806.241724
     108000 -804.673321
     109000 -805.901426
     110000 -805.040158
     111000 -804.624797
     112000 -809.136520
     113000 -807.412301
     114000 -808.382904
     115000 -805.862368
     116000 -807.406167
     117000 -804.358351
     118000 -805.051119
     119000 -804.459028
     120000 -805.228363
     121000 -804.538011
     122000 -804.382844
     123000 -804.341858
     124000 -805.232849
     125000 -806.997057
     126000 -807.412302
     127000 -805.863146
     128000 -804.364126
     129000 -804.374201
     130000 -809.045671
     131000 -810.724226
     132000 -805.860762
     133000 -806.120238
     134000 -804.541836
     135000 -806.306117
     136000 -804.657476
     137000 -804.349910
     138000 -805.641319
     139000 -807.814670
     140000 -806.966449
     141000 -804.723763
     142000 -804.436469
     143000 -804.664774
     144000 -804.598392
     145000 -805.391061
     146000 -804.553690
     147000 -805.971621
     148000 -810.488306
     149000 -804.466536
     150000 -806.286637
     151000 -805.861030
     152000 -812.088006
     153000 -804.381132
     154000 -804.425029
     155000 -806.047255
     156000 -804.906420
     157000 -805.106013
     158000 -806.619930
     159000 -808.773887
     160000 -805.869379
     161000 -804.666630
     162000 -806.426486
     163000 -804.681383
     164000 -807.407650
     165000 -804.340944
     166000 -808.219183
     167000 -804.627905
     168000 -805.223029
     169000 -804.440885
     170000 -806.396032
     171000 -807.424928
     172000 -804.383798
     173000 -805.324532
     174000 -804.689899
     175000 -804.353693
     176000 -805.963358
     177000 -804.490728
     178000 -804.715567
     179000 -805.588005
     180000 -805.875284
     181000 -804.596066
     182000 -809.078054
     183000 -806.383311
     184000 -807.726351
     185000 -806.033688
     186000 -806.165291
     187000 -804.348188
     188000 -804.467187
     189000 -804.814095
     190000 -806.956389
     191000 -806.447369
     192000 -804.522809
     193000 -805.897220
     194000 -804.480785
     195000 -806.065947
     196000 -804.352740
     197000 -804.399284
     198000 -805.969655
     199000 -807.402942
     200000 -804.390059
     201000 -804.460836
     202000 -808.046545
     203000 -804.339480
     204000 -804.933428
     205000 -805.867199
     206000 -805.937659
     207000 -806.219759
     208000 -805.884241
     209000 -807.335608
     210000 -805.013495
     211000 -804.556453
     212000 -804.708384
     213000 -810.834311
     214000 -806.910604
     215000 -806.537469
     216000 -804.418160
     217000 -804.647703
     218000 -806.311203
     219000 -804.343331
     220000 -806.234166
     221000 -805.864206
     222000 -805.892972
     223000 -807.016881
     224000 -804.556528
     225000 -804.469764
     226000 -804.469519
     227000 -805.894468
     228000 -804.339483
     229000 -805.959104
     230000 -809.039144
     231000 -806.103562
     232000 -807.402204
     233000 -805.923131
     234000 -805.985616
     235000 -812.123957
     236000 -805.976167
     237000 -804.338870
     238000 -804.451156
     239000 -804.822550
     240000 -806.594314
     241000 -804.540292
     242000 -805.871400
     243000 -807.406557
     244000 -805.897878
     245000 -804.649733
     246000 -804.438282
     247000 -804.398576
     248000 -807.507795
     249000 -804.416192
     250000 -805.039727
     251000 -808.048905
     252000 -804.568335
     253000 -804.351752
     254000 -806.115903
     255000 -804.800598
     256000 -804.376668
     257000 -804.703513
     258000 -804.397877
     259000 -804.375988
     260000 -804.346264
     261000 -806.311366
     262000 -805.991598
     263000 -807.643436
     264000 -804.821972
     265000 -807.346778
     266000 -809.770783
     267000 -804.369500
     268000 -804.935324
     269000 -808.736910
     270000 -806.242178
     271000 -804.338913
     272000 -805.283706
     273000 -806.967696
     274000 -808.448925
     275000 -805.915310
     276000 -806.519913
     277000 -805.014457
     278000 -805.913383
     279000 -807.487371
     280000 -806.370827
     281000 -806.303713
     282000 -806.641125
     283000 -805.934506
     284000 -805.370119
     285000 -805.864804
     286000 -805.296989
     287000 -804.750760
     288000 -804.356722
     289000 -810.869656
     290000 -804.359815
     291000 -806.260833
     292000 -804.912259
     293000 -805.831363
     294000 -808.215264
     295000 -804.352591
     296000 -805.915450
     297000 -804.439218
     298000 -804.409076
     299000 -804.803913
     300000 -804.646382
     301000 -804.347348
     302000 -807.172537
     303000 -807.024884
     304000 -807.336954
     305000 -805.927114
     306000 -805.873235
     307000 -804.972891
     308000 -810.649981
     309000 -804.359566
     310000 -804.374677
     311000 -805.868920
     312000 -804.345365
     313000 -805.902178
     314000 -809.062154
     315000 -806.009594
     316000 -806.035158
     317000 -806.219517
     318000 -804.559051
     319000 -804.390312
     320000 -806.080224
     321000 -804.380185
     322000 -806.518650
     323000 -804.674725
     324000 -804.759815
     325000 -807.563728
     326000 -805.988950
     327000 -806.406144
     328000 -805.910540
     329000 -806.243004
     330000 -805.436056
     331000 -804.960185
     332000 -806.430588
     333000 -807.589178
     334000 -809.227953
     335000 -805.149344
     336000 -804.946685
     337000 -806.087392
     338000 -806.199904
     339000 -805.911241
     340000 -806.596910
     341000 -809.061919
     342000 -807.492307
     343000 -804.340076
     344000 -807.435905
     345000 -810.431047
     346000 -805.080261
     347000 -804.760637
     348000 -804.373996
     349000 -805.920946
     350000 -804.338876
     351000 -805.863307
     352000 -804.404864
     353000 -806.353813
     354000 -805.655138
     355000 -810.263464
     356000 -805.011863
     357000 -804.406388
     358000 -804.892223
     359000 -806.185091
     360000 -806.289548
     361000 -804.545086
     362000 -804.363274
     363000 -807.807581
     364000 -806.168818
     365000 -809.000151
     366000 -805.428345
     367000 -805.872300
     368000 -804.428898
     369000 -806.615910
     370000 -804.345344
     371000 -804.414227
     372000 -806.071548
     373000 -806.128706
     374000 -805.262400
     375000 -804.684544
     376000 -804.370581
     377000 -805.865157
     378000 -805.982984
     379000 -810.227481
     380000 -804.532873
     381000 -808.042466
     382000 -804.568313
     383000 -804.350141
     384000 -806.648952
     385000 -805.032187
     386000 -804.362709
     387000 -806.250204
     388000 -804.532384
     389000 -809.072415
     390000 -806.054488
     391000 -804.743876
     392000 -806.224672
     393000 -807.435803
     394000 -804.491340
     395000 -804.539262
     396000 -806.250549
     397000 -804.995442
     398000 -804.510389
     399000 -804.347812
     400000 -804.774137
     401000 -805.131344
     402000 -806.115275
     403000 -807.694419
     404000 -806.292819
     405000 -805.872790
     406000 -805.893465
     407000 -805.944996
     408000 -804.632108
     409000 -807.990091
     410000 -806.684016
     411000 -805.976382
     412000 -804.489241
     413000 -813.459856
     414000 -805.701638
     415000 -810.420640
     416000 -804.352435
     417000 -806.654217
     418000 -807.836577
     419000 -804.439100
     420000 -804.801929
     421000 -805.935975
     422000 -806.112012
     423000 -805.597980
     424000 -805.939218
     425000 -804.922851
     426000 -805.567574
     427000 -806.062072
     428000 -806.929297
     429000 -804.385901
     430000 -805.867676
     431000 -804.747407
     432000 -804.485985
     433000 -804.361436
     434000 -806.403008
     435000 -808.307080
     436000 -808.152278
     437000 -809.031035
     438000 -806.187934
     439000 -806.122178
     440000 -805.926221
     441000 -805.982026
     442000 -804.515956
     443000 -806.756555
     444000 -805.373853
     445000 -808.069935
     446000 -804.460962
     447000 -807.421020
     448000 -806.037760
     449000 -806.873419
     450000 -806.018161
     451000 -807.749763
     452000 -805.995414
     453000 -804.528029
     454000 -805.500696
     455000 -806.083266
     456000 -806.100913
     457000 -806.583450
     458000 -806.877388
     459000 -804.339968
     460000 -805.976531
     461000 -804.473180
     462000 -804.571271
     463000 -804.355171
     464000 -806.171743
     465000 -805.900894
     466000 -804.343012
     467000 -804.962167
     468000 -805.950055
     469000 -805.889784
     470000 -805.860866
     471000 -805.066117
     472000 -806.252731
     473000 -804.374499
     474000 -805.337528
     475000 -804.519661
     476000 -804.501358
     477000 -804.606167
     478000 -807.272097
     479000 -805.912703
     480000 -804.478486
     481000 -804.496414
     482000 -805.964487
     483000 -804.479523
     484000 -805.964319
     485000 -806.079496
     486000 -805.456893
     487000 -804.348695
     488000 -807.402752
     489000 -807.180099
     490000 -806.229968
     491000 -807.024852
     492000 -805.997499
     493000 -804.388589
     494000 -804.358746
     495000 -806.021747
     496000 -804.941062
     497000 -804.926226
     498000 -805.044980
     499000 -809.427049
     500000 -804.453094
     501000 -804.356570
     502000 -806.464326
     503000 -806.003379
     504000 -804.382750
     505000 -805.877775
     506000 -805.424143
     507000 -805.495396
     508000 -804.355022
     509000 -804.731508
     510000 -804.564562
     511000 -806.515286
     512000 -804.367255
     513000 -804.730818
     514000 -804.524522
     515000 -804.525348
     516000 -805.518405
     517000 -806.276726
     518000 -805.944293
     519000 -805.991956
     520000 -805.592113
     521000 -804.414864
     522000 -805.893586
     523000 -805.883678
     524000 -806.300479
     525000 -805.657388
     526000 -804.482961
     527000 -806.639388
     528000 -804.518071
     529000 -804.385039
     530000 -807.697706
     531000 -804.342252
     532000 -804.341654
     533000 -806.998354
     534000 -806.079341
     535000 -806.434460
     536000 -805.916132
     537000 -806.399652
     538000 -804.379151
     539000 -805.439760
     540000 -806.032188
     541000 -804.396767
     542000 -806.004933
     543000 -804.470454
     544000 -804.915282
     545000 -807.667777
     546000 -812.010672
     547000 -807.096866
     548000 -804.367542
     549000 -804.405655
     550000 -804.373368
     551000 -805.894269
     552000 -804.488339
     553000 -805.865437
     554000 -805.865235
     555000 -804.372714
     556000 -805.244099
     557000 -806.075236
     558000 -804.338850
     559000 -804.614372
     560000 -805.869154
     561000 -807.248133
     562000 -805.296789
     563000 -807.781492
     564000 -806.025408
     565000 -810.652880
     566000 -805.596007
     567000 -804.344623
     568000 -806.200395
     569000 -807.557011
     570000 -809.395143
     571000 -805.105049
     572000 -805.102476
     573000 -804.662560
     574000 -808.207444
     575000 -806.201779
     576000 -806.248179
     577000 -804.406580
     578000 -805.680802
     579000 -804.633725
     580000 -807.452227
     581000 -806.146364
     582000 -807.845661
     583000 -806.101663
     584000 -805.866003
     585000 -804.416233
     586000 -805.860898
     587000 -805.956613
     588000 -806.004252
     589000 -806.349933
     590000 -804.388132
     591000 -804.339569
     592000 -805.894585
     593000 -804.379508
     594000 -805.966415
     595000 -805.865498
     596000 -804.459922
     597000 -805.878540
     598000 -804.475847
     599000 -807.105055
     600000 -805.941837
     601000 -807.054407
     602000 -806.329471
     603000 -804.909972
     604000 -805.309624
     605000 -807.214727
     606000 -808.581887
     607000 -805.991294
     608000 -804.997902
     609000 -805.886880
     610000 -807.604050
     611000 -806.213060
     612000 -804.415335
     613000 -804.377173
     614000 -806.046461
     615000 -804.424324
     616000 -806.807175
     617000 -805.635530
     618000 -805.197712
     619000 -808.505295
     620000 -807.508013
     621000 -804.805699
     622000 -806.693824
     623000 -804.375880
     624000 -806.064802
     625000 -809.435610
     626000 -806.606086
     627000 -804.552327
     628000 -806.791716
     629000 -806.357012
     630000 -804.411480
     631000 -805.863424
     632000 -807.098173
     633000 -805.882396
     634000 -804.479984
     635000 -804.340435
     636000 -805.942046
     637000 -805.031255
     638000 -804.338975
     639000 -804.559770
     640000 -808.377422
     641000 -804.564833
     642000 -804.572127
     643000 -804.341630
     644000 -805.861107
     645000 -804.884149
     646000 -807.559656
     647000 -804.342580
     648000 -806.049411
     649000 -805.902965
     650000 -804.775060
     651000 -805.923438
     652000 -806.164901
     653000 -806.575661
     654000 -805.543527
     655000 -809.051303
     656000 -806.181835
     657000 -805.280159
     658000 -810.728470
     659000 -805.998154
     660000 -807.410492
     661000 -804.342378
     662000 -805.863585
     663000 -804.535676
     664000 -805.903774
     665000 -807.051449
     666000 -804.750121
     667000 -804.361057
     668000 -804.364823
     669000 -804.346742
     670000 -805.960553
     671000 -806.616225
     672000 -804.952542
     673000 -804.383997
     674000 -805.867017
     675000 -804.777322
     676000 -807.407073
     677000 -805.956730
     678000 -804.586084
     679000 -804.518970
     680000 -806.750750
     681000 -805.073797
     682000 -804.374256
     683000 -805.280901
     684000 -806.029240
     685000 -804.362058
     686000 -804.473568
     687000 -804.339022
     688000 -804.371140
     689000 -805.978391
     690000 -806.358836
     691000 -806.078251
     692000 -804.376677
     693000 -804.422542
     694000 -805.827528
     695000 -804.346255
     696000 -805.013065
     697000 -807.313340
     698000 -806.990804
     699000 -804.504188
     700000 -805.998334
     701000 -804.563007
     702000 -806.597415
     703000 -806.209573
     704000 -804.380856
     705000 -805.612391
     706000 -804.629770
     707000 -807.620876
     708000 -805.860825
     709000 -805.831302
     710000 -804.345343
     711000 -806.607070
     712000 -807.570274
     713000 -804.405876
     714000 -806.361585
     715000 -804.391746
     716000 -807.055265
     717000 -804.338846
     718000 -805.866447
     719000 -805.504831
     720000 -804.350415
     721000 -808.608230
     722000 -807.401855
     723000 -806.879437
     724000 -805.239996
     725000 -805.907727
     726000 -805.962553
     727000 -804.456359
     728000 -806.387824
     729000 -805.925166
     730000 -806.178991
     731000 -805.861503
     732000 -807.480426
     733000 -806.361512
     734000 -807.449123
     735000 -804.341406
     736000 -805.947029
     737000 -804.559139
     738000 -807.115815
     739000 -804.576759
     740000 -804.550072
     741000 -804.510515
     742000 -810.651748
     743000 -805.486498
     744000 -806.074314
     745000 -804.369782
     746000 -806.037804
     747000 -808.958254
     748000 -804.604088
     749000 -806.187672
     750000 -805.887553
     751000 -804.434106
     752000 -806.904270
     753000 -807.675822
     754000 -804.682575
     755000 -806.309973
     756000 -804.386188
     757000 -805.982483
     758000 -804.467220
     759000 -806.241236
     760000 -806.196658
     761000 -807.550603
     762000 -806.500027
     763000 -804.734547
     764000 -804.338861
     765000 -805.997709
     766000 -804.511425
     767000 -805.951437
     768000 -806.240179
     769000 -804.745132
     770000 -805.269188
     771000 -805.923841
     772000 -810.448513
     773000 -806.815399
     774000 -805.882740
     775000 -804.489160
     776000 -810.552711
     777000 -805.943963
     778000 -808.074592
     779000 -804.365493
     780000 -804.361170
     781000 -805.247538
     782000 -807.475609
     783000 -806.306200
     784000 -807.560060
     785000 -805.800330
     786000 -806.076721
     787000 -807.856740
     788000 -806.034296
     789000 -810.323523
     790000 -804.442444
     791000 -806.225027
     792000 -809.395447
     793000 -804.446158
     794000 -806.276942
     795000 -805.891702
     796000 -805.967786
     797000 -805.910566
     798000 -805.951159
     799000 -809.968187
     800000 -804.596423
     801000 -805.861086
     802000 -806.227483
     803000 -806.404777
     804000 -806.296476
     805000 -804.680902
     806000 -804.592220
     807000 -804.346204
     808000 -804.945616
     809000 -807.916993
     810000 -804.747267
     811000 -805.413422
     812000 -804.466098
     813000 -806.378164
     814000 -804.363010
     815000 -804.909271
     816000 -805.311616
     817000 -807.662347
     818000 -805.389023
     819000 -806.053328
     820000 -805.624259
     821000 -809.366312
     822000 -805.662863
     823000 -805.929962
     824000 -807.742929
     825000 -804.663330
     826000 -804.830965
     827000 -809.572015
     828000 -806.066240
     829000 -805.967354
     830000 -806.276792
     831000 -804.706450
     832000 -808.080395
     833000 -804.410236
     834000 -804.361047
     835000 -806.962634
     836000 -804.568353
     837000 -804.338975
     838000 -806.965065
     839000 -804.341011
     840000 -805.909963
     841000 -804.359979
     842000 -807.376292
     843000 -805.867957
     844000 -806.426554
     845000 -815.391806
     846000 -805.803114
     847000 -804.467106
     848000 -804.395173
     849000 -805.225405
     850000 -805.925335
     851000 -806.177899
     852000 -804.656719
     853000 -805.171900
     854000 -804.346293
     855000 -804.345505
     856000 -805.930433
     857000 -804.341470
     858000 -804.479430
     859000 -806.563754
     860000 -810.918825
     861000 -806.081609
     862000 -805.482204
     863000 -805.967953
     864000 -808.394079
     865000 -810.527634
     866000 -807.588060
     867000 -812.133359
     868000 -804.340558
     869000 -804.370181
     870000 -806.558234
     871000 -805.052300
     872000 -804.529464
     873000 -806.509576
     874000 -804.412532
     875000 -804.339652
     876000 -806.282856
     877000 -806.306107
     878000 -805.988573
     879000 -807.560703
     880000 -807.930028
     881000 -805.861876
     882000 -804.412866
     883000 -806.098610
     884000 -805.892860
     885000 -806.025909
     886000 -805.860768
     887000 -810.403914
     888000 -804.794781
     889000 -804.538458
     890000 -804.430990
     891000 -805.886221
     892000 -804.353827
     893000 -804.862313
     894000 -804.344255
     895000 -806.525568
     896000 -810.280645
     897000 -810.685101
     898000 -806.922930
     899000 -805.876738
     900000 -807.766828
     901000 -804.563535
     902000 -804.342341
     903000 -806.888102
     904000 -805.176679
     905000 -807.124276
     906000 -805.994588
     907000 -806.095041
     908000 -804.869743
     909000 -806.048997
     910000 -806.658625
     911000 -805.054255
     912000 -807.524129
     913000 -805.982261
     914000 -808.204101
     915000 -805.887561
     916000 -804.382790
     917000 -805.773094
     918000 -806.601519
     919000 -805.901656
     920000 -805.866452
     921000 -804.341077
     922000 -805.888769
     923000 -807.020086
     924000 -804.715226
     925000 -805.978523
     926000 -806.067274
     927000 -807.663471
     928000 -804.719331
     929000 -804.494148
     930000 -804.589538
     931000 -804.864997
     932000 -804.596094
     933000 -807.169306
     934000 -804.540023
     935000 -805.913194
     936000 -806.148092
     937000 -805.885339
     938000 -804.338851
     939000 -805.207117
     940000 -804.579418
     941000 -806.288337
     942000 -804.886037
     943000 -804.415864
     944000 -807.495640
     945000 -808.678466
     946000 -806.288483
     947000 -804.957900
     948000 -804.530979
     949000 -805.935254
     950000 -807.518489
     951000 -804.525629
     952000 -805.867001
     953000 -805.884236
     954000 -805.876198
     955000 -804.350128
     956000 -804.621222
     957000 -804.439726
     958000 -807.598045
     959000 -805.860826
     960000 -804.491397
     961000 -809.335610
     962000 -806.770682
     963000 -807.804250
     964000 -804.439684
     965000 -805.572209
     966000 -804.418290
     967000 -805.904153
     968000 -806.115355
     969000 -804.794837
     970000 -804.373014
     971000 -804.358385
     972000 -809.002157
     973000 -804.451607
     974000 -804.403205
     975000 -805.287659
     976000 -804.466416
     977000 -806.038781
     978000 -804.688131
     979000 -805.862173
     980000 -805.463872
     981000 -805.893321
     982000 -804.964122
     983000 -805.288757
     984000 -804.342750
     985000 -805.935966
     986000 -805.860766
     987000 -810.568637
     988000 -805.863847
     989000 -808.913871
     990000 -805.863518
     991000 -805.448685
     992000 -807.492340
     993000 -804.791928
     994000 -806.974354
     995000 -804.339645
     996000 -805.944361
     997000 -805.898373
     998000 -806.413667
     999000 -805.866731
    1000000 -805.137291
