    genPlus1     spaQ
        1000  0.323794
        2000  0.250782
        3000  0.285611
        4000  0.221308
        5000  0.322184
        6000  0.290904
        7000  0.279383
        8000  0.260903
        9000  0.314979
       10000  0.308825
       11000  0.237245
       12000  0.289824
       13000  0.251003
       14000  0.254207
       15000  0.284143
       16000  0.180776
       17000  0.218106
       18000  0.352319
       19000  0.252723
       20000  0.215446
       21000  0.253098
       22000  0.294748
       23000  0.293940
       24000  0.334591
       25000  0.255942
       26000  0.314259
       27000  0.280053
       28000  0.247220
       29000  0.280539
       30000  0.227483
       31000  0.290884
       32000  0.244262
       33000  0.257354
       34000  0.249816
       35000  0.253371
       36000  0.247922
       37000  0.281250
       38000  0.322680
       39000  0.204176
       40000  0.256483
       41000  0.240313
       42000  0.256326
       43000  0.275940
       44000  0.235661
       45000  0.298665
       46000  0.186392
       47000  0.246498
       48000  0.319156
       49000  0.247439
       50000  0.289803
       51000  0.316686
       52000  0.271875
       53000  0.236970
       54000  0.270979
       55000  0.228807
       56000  0.286236
       57000  0.242754
       58000  0.268546
       59000  0.310543
       60000  0.242021
       61000  0.288443
       62000  0.285606
       63000  0.238901
       64000  0.220598
       65000  0.237597
       66000  0.246745
       67000  0.274100
       68000  0.287273
       69000  0.234426
       70000  0.248841
       71000  0.274720
       72000  0.312460
       73000  0.265006
       74000  0.262070
       75000  0.316915
       76000  0.307681
       77000  0.246276
       78000  0.202652
       79000  0.274460
       80000  0.267471
       81000  0.286834
       82000  0.235058
       83000  0.227723
       84000  0.308011
       85000  0.257874
       86000  0.181655
       87000  0.241776
       88000  0.285466
       89000  0.233432
       90000  0.212480
       91000  0.370945
       92000  0.315593
       93000  0.278101
       94000  0.227559
       95000  0.235796
       96000  0.237385
       97000  0.261210
       98000  0.275152
       99000  0.244669
      100000  0.256548
      101000  0.215675
      102000  0.263467
      103000  0.308924
      104000  0.270678
      105000  0.321505
      106000  0.334072
      107000  0.268739
      108000  0.241550
      109000  0.269241
      110000  0.273366
      111000  0.223059
      112000  0.226533
      113000  0.276853
      114000  0.267567
      115000  0.207624
      116000  0.258426
      117000  0.297211
      118000  0.270193
      119000  0.281521
      120000  0.258830
      121000  0.205016
      122000  0.229322
      123000  0.276841
      124000  0.260443
      125000  0.269129
      126000  0.274379
      127000  0.274748
      128000  0.334159
      129000  0.313034
      130000  0.224745
      131000  0.253154
      132000  0.313236
      133000  0.237157
      134000  0.267319
      135000  0.270089
      136000  0.356677
      137000  0.258348
      138000  0.207187
      139000  0.254709
      140000  0.257871
      141000  0.268692
      142000  0.270796
      143000  0.277734
      144000  0.295272
      145000  0.278426
      146000  0.179784
      147000  0.273524
      148000  0.262110
      149000  0.283381
      150000  0.298064
      151000  0.318347
      152000  0.333373
      153000  0.211578
      154000  0.227732
      155000  0.291296
      156000  0.236642
      157000  0.293514
      158000  0.266233
      159000  0.290755
      160000  0.243285
      161000  0.246876
      162000  0.323458
      163000  0.302567
      164000  0.331769
      165000  0.206892
      166000  0.293658
      167000  0.236821
      168000  0.301478
      169000  0.290530
      170000  0.271177
      171000  0.285100
      172000  0.254127
      173000  0.297037
      174000  0.205061
      175000  0.206869
      176000  0.266446
      177000  0.251749
      178000  0.287981
      179000  0.211785
      180000  0.223197
      181000  0.216093
      182000  0.300209
      183000  0.269711
      184000  0.283662
      185000  0.215149
      186000  0.284996
      187000  0.251327
      188000  0.292300
      189000  0.270355
      190000  0.272973
      191000  0.262928
      192000  0.251843
      193000  0.328701
      194000  0.241202
      195000  0.283920
      196000  0.233752
      197000  0.248705
      198000  0.236317
      199000  0.260295
      200000  0.253320
      201000  0.253136
      202000  0.204228
      203000  0.209828
      204000  0.307124
      205000  0.267972
      206000  0.309956
      207000  0.256624
      208000  0.246728
      209000  0.265370
      210000  0.288513
      211000  0.277992
      212000  0.268167
      213000  0.212751
      214000  0.309676
      215000  0.285432
      216000  0.204816
      217000  0.262524
      218000  0.247904
      219000  0.229209
      220000  0.255022
      221000  0.254820
      222000  0.245817
      223000  0.305423
      224000  0.255334
      225000  0.278048
      226000  0.261440
      227000  0.276332
      228000  0.287997
      229000  0.259978
      230000  0.283875
      231000  0.269700
      232000  0.235210
      233000  0.290790
      234000  0.286028
      235000  0.281511
      236000  0.254166
      237000  0.301575
      238000  0.241626
      239000  0.264636
      240000  0.308056
      241000  0.354101
      242000  0.260073
      243000  0.280738
      244000  0.175567
      245000  0.302925
      246000  0.408860
      247000  0.219886
      248000  0.245365
      249000  0.248451
      250000  0.314298
      251000  0.243382
      252000  0.278235
      253000  0.261317
      254000  0.246921
      255000  0.329642
      256000  0.228187
      257000  0.265249
      258000  0.269659
      259000  0.229600
      260000  0.210082
      261000  0.252211
      262000  0.292586
      263000  0.284098
      264000  0.245582
      265000  0.278595
      266000  0.291930
      267000  0.185462
      268000  0.299181
      269000  0.326578
      270000  0.318052
      271000  0.237247
      272000  0.271298
      273000  0.264245
      274000  0.278544
      275000  0.357810
      276000  0.239068
      277000  0.254851
      278000  0.226162
      279000  0.265890
      280000  0.316958
      281000  0.209338
      282000  0.219008
      283000  0.272094
      284000  0.264822
      285000  0.317963
      286000  0.243651
      287000  0.235451
      288000  0.281557
      289000  0.266602
      290000  0.286311
      291000  0.243007
      292000  0.330701
      293000  0.228066
      294000  0.238652
      295000  0.230309
      296000  0.264895
      297000  0.234158
      298000  0.281615
      299000  0.278077
      300000  0.210809
      301000  0.237256
      302000  0.298340
      303000  0.241627
      304000  0.231874
      305000  0.254695
      306000  0.275683
      307000  0.215633
      308000  0.218054
      309000  0.231144
      310000  0.220021
      311000  0.263025
      312000  0.292100
      313000  0.305037
      314000  0.230331
      315000  0.300368
      316000  0.283919
      317000  0.247568
      318000  0.218217
      319000  0.314129
      320000  0.308535
      321000  0.257012
      322000  0.304907
      323000  0.267387
      324000  0.350230
      325000  0.318103
      326000  0.280400
      327000  0.307296
      328000  0.233344
      329000  0.261693
      330000  0.264163
      331000  0.267876
      332000  0.223343
      333000  0.297935
      334000  0.245329
      335000  0.281907
      336000  0.249184
      337000  0.295169
      338000  0.280123
      339000  0.267077
      340000  0.216114
      341000  0.236642
      342000  0.336932
      343000  0.270032
      344000  0.284488
      345000  0.307663
      346000  0.284798
      347000  0.256293
      348000  0.251360
      349000  0.265286
      350000  0.245227
      351000  0.315812
      352000  0.248766
      353000  0.261089
      354000  0.311421
      355000  0.242564
      356000  0.264384
      357000  0.276568
      358000  0.329214
      359000  0.287522
      360000  0.191329
      361000  0.260537
      362000  0.253326
      363000  0.241705
      364000  0.213171
      365000  0.255972
      366000  0.262238
      367000  0.284986
      368000  0.217103
      369000  0.303010
      370000  0.363658
      371000  0.281785
      372000  0.273715
      373000  0.247445
      374000  0.237866
      375000  0.248244
      376000  0.320055
      377000  0.345453
      378000  0.280295
      379000  0.247822
      380000  0.304624
      381000  0.264775
      382000  0.246687
      383000  0.282608
      384000  0.304450
      385000  0.252287
      386000  0.248183
      387000  0.236210
      388000  0.260592
      389000  0.237459
      390000  0.324810
      391000  0.222742
      392000  0.252526
      393000  0.248154
      394000  0.287600
      395000  0.237305
      396000  0.303298
      397000  0.276716
      398000  0.380616
      399000  0.242514
      400000  0.326726
      401000  0.253481
      402000  0.230216
      403000  0.245321
      404000  0.244153
      405000  0.285421
      406000  0.193514
      407000  0.346045
      408000  0.233768
      409000  0.282213
      410000  0.269694
      411000  0.246467
      412000  0.248714
      413000  0.236172
      414000  0.356093
      415000  0.276175
      416000  0.378039
      417000  0.228957
      418000  0.277633
      419000  0.300140
      420000  0.297550
      421000  0.230476
      422000  0.287629
      423000  0.240323
      424000  0.276371
      425000  0.268665
      426000  0.288475
      427000  0.301129
      428000  0.293729
      429000  0.311592
      430000  0.266851
      431000  0.224932
      432000  0.247759
      433000  0.247496
      434000  0.273362
      435000  0.266701
      436000  0.242461
      437000  0.261343
      438000  0.207743
      439000  0.273978
      440000  0.222515
      441000  0.285726
      442000  0.248480
      443000  0.263813
      444000  0.277004
      445000  0.203412
      446000  0.257382
      447000  0.329656
      448000  0.230700
      449000  0.253756
      450000  0.193574
      451000  0.250333
      452000  0.243795
      453000  0.251980
      454000  0.296109
      455000  0.231021
      456000  0.283413
      457000  0.265861
      458000  0.289850
      459000  0.328337
      460000  0.218563
      461000  0.325284
      462000  0.280023
      463000  0.297473
      464000  0.336401
      465000  0.318700
      466000  0.265623
      467000  0.214510
      468000  0.210048
      469000  0.321447
      470000  0.304768
      471000  0.282376
      472000  0.199769
      473000  0.278657
      474000  0.229721
      475000  0.243175
      476000  0.223941
      477000  0.281438
      478000  0.332572
      479000  0.327531
      480000  0.276540
      481000  0.310161
      482000  0.212752
      483000  0.221983
      484000  0.239142
      485000  0.308275
      486000  0.298175
      487000  0.299319
      488000  0.305491
      489000  0.256619
      490000  0.231153
      491000  0.227157
      492000  0.215156
      493000  0.280349
      494000  0.295987
      495000  0.225039
      496000  0.335096
      497000  0.277188
      498000  0.240704
      499000  0.346557
      500000  0.264717
      501000  0.254149
      502000  0.295040
      503000  0.274258
      504000  0.280094
      505000  0.273241
      506000  0.300618
      507000  0.211938
      508000  0.238000
      509000  0.257734
      510000  0.268057
      511000  0.323268
      512000  0.250142
      513000  0.198915
      514000  0.273830
      515000  0.315110
      516000  0.231723
      517000  0.233343
      518000  0.240953
      519000  0.264823
      520000  0.227395
      521000  0.320975
      522000  0.230309
      523000  0.306995
      524000  0.320507
      525000  0.300340
      526000  0.217271
      527000  0.258803
      528000  0.349725
      529000  0.227872
      530000  0.234458
      531000  0.329250
      532000  0.264354
      533000  0.239062
      534000  0.282573
      535000  0.292735
      536000  0.294053
      537000  0.225351
      538000  0.305077
      539000  0.275892
      540000  0.233424
      541000  0.199495
      542000  0.255017
      543000  0.311590
      544000  0.284038
      545000  0.298102
      546000  0.236428
      547000  0.258526
      548000  0.270573
      549000  0.272279
      550000  0.257117
      551000  0.257996
      552000  0.282244
      553000  0.266562
      554000  0.291090
      555000  0.370941
      556000  0.293653
      557000  0.265756
      558000  0.298215
      559000  0.237774
      560000  0.272378
      561000  0.340147
      562000  0.287759
      563000  0.210555
      564000  0.225926
      565000  0.278013
      566000  0.240182
      567000  0.305666
      568000  0.314288
      569000  0.289844
      570000  0.244108
      571000  0.287533
      572000  0.262309
      573000  0.340546
      574000  0.315752
      575000  0.293509
      576000  0.307104
      577000  0.355116
      578000  0.250315
      579000  0.212870
      580000  0.287393
      581000  0.192299
      582000  0.265170
      583000  0.240742
      584000  0.314156
      585000  0.262448
      586000  0.272923
      587000  0.283032
      588000  0.293744
      589000  0.336645
      590000  0.280158
      591000  0.263218
      592000  0.246487
      593000  0.326583
      594000  0.247193
      595000  0.297601
      596000  0.225848
      597000  0.280519
      598000  0.339296
      599000  0.259457
      600000  0.281610
      601000  0.283525
      602000  0.281870
      603000  0.249495
      604000  0.282464
      605000  0.249771
      606000  0.278341
      607000  0.324209
      608000  0.311673
      609000  0.236189
      610000  0.267810
      611000  0.260446
      612000  0.251063
      613000  0.208752
      614000  0.292602
      615000  0.245710
      616000  0.261796
      617000  0.256980
      618000  0.243262
      619000  0.316195
      620000  0.255594
      621000  0.269024
      622000  0.227711
      623000  0.326060
      624000  0.318806
      625000  0.260869
      626000  0.251106
      627000  0.220122
      628000  0.281298
      629000  0.231733
      630000  0.213892
      631000  0.272121
      632000  0.232093
      633000  0.261527
      634000  0.273428
      635000  0.288397
      636000  0.260256
      637000  0.208469
      638000  0.316122
      639000  0.242551
      640000  0.310947
      641000  0.217670
      642000  0.303389
      643000  0.203699
      644000  0.271915
      645000  0.242758
      646000  0.224829
      647000  0.210781
      648000  0.254537
      649000  0.234286
      650000  0.294306
      651000  0.274331
      652000  0.278153
      653000  0.330601
      654000  0.238468
      655000  0.240390
      656000  0.243841
      657000  0.338185
      658000  0.331013
      659000  0.282295
      660000  0.205467
      661000  0.323895
      662000  0.238472
      663000  0.301979
      664000  0.238629
      665000  0.262358
      666000  0.238234
      667000  0.257070
      668000  0.228130
      669000  0.271714
      670000  0.295622
      671000  0.302266
      672000  0.269606
      673000  0.211799
      674000  0.232963
      675000  0.232146
      676000  0.237620
      677000  0.276240
      678000  0.181567
      679000  0.331361
      680000  0.254706
      681000  0.225485
      682000  0.237273
      683000  0.275439
      684000  0.215595
      685000  0.315474
      686000  0.245731
      687000  0.323849
      688000  0.207397
      689000  0.265852
      690000  0.273559
      691000  0.324426
      692000  0.318926
      693000  0.303802
      694000  0.225510
      695000  0.265418
      696000  0.262002
      697000  0.222900
      698000  0.214890
      699000  0.277230
      700000  0.256289
      701000  0.322573
      702000  0.309338
      703000  0.222946
      704000  0.281125
      705000  0.266142
      706000  0.263824
      707000  0.209188
      708000  0.228863
      709000  0.301292
      710000  0.195906
      711000  0.264398
      712000  0.229815
      713000  0.192728
      714000  0.280772
      715000  0.216335
      716000  0.245208
      717000  0.284742
      718000  0.302306
      719000  0.263507
      720000  0.222843
      721000  0.292469
      722000  0.205195
      723000  0.273472
      724000  0.256019
      725000  0.271742
      726000  0.278951
      727000  0.223183
      728000  0.219578
      729000  0.298809
      730000  0.241552
      731000  0.243420
      732000  0.272670
      733000  0.243019
      734000  0.290889
      735000  0.279491
      736000  0.330223
      737000  0.217879
      738000  0.299889
      739000  0.243069
      740000  0.272727
      741000  0.341897
      742000  0.306821
      743000  0.245025
      744000  0.263042
      745000  0.292828
      746000  0.219074
      747000  0.232906
      748000  0.250417
      749000  0.305757
      750000  0.264433
      751000  0.214082
      752000  0.213146
      753000  0.263115
      754000  0.219267
      755000  0.288866
      756000  0.255698
      757000  0.249353
      758000  0.294889
      759000  0.248786
      760000  0.334085
      761000  0.264269
      762000  0.228674
      763000  0.257760
      764000  0.335011
      765000  0.388799
      766000  0.222056
      767000  0.343533
      768000  0.263778
      769000  0.334329
      770000  0.253295
      771000  0.188882
      772000  0.312587
      773000  0.259785
      774000  0.277896
      775000  0.325449
      776000  0.243794
      777000  0.229127
      778000  0.254654
      779000  0.322415
      780000  0.328773
      781000  0.270915
      782000  0.314645
      783000  0.239074
      784000  0.201731
      785000  0.296280
      786000  0.253962
      787000  0.289830
      788000  0.286560
      789000  0.277620
      790000  0.276465
      791000  0.330097
      792000  0.317081
      793000  0.255596
      794000  0.229183
      795000  0.267135
      796000  0.279646
      797000  0.299362
      798000  0.271000
      799000  0.240572
      800000  0.253165
      801000  0.247006
      802000  0.280615
      803000  0.314456
      804000  0.244343
      805000  0.291913
      806000  0.312533
      807000  0.298619
      808000  0.257521
      809000  0.295064
      810000  0.309832
      811000  0.256929
      812000  0.279195
      813000  0.275846
      814000  0.271362
      815000  0.262355
      816000  0.236459
      817000  0.184238
      818000  0.286906
      819000  0.338741
      820000  0.301124
      821000  0.262088
      822000  0.262831
      823000  0.319886
      824000  0.227165
      825000  0.266018
      826000  0.290142
      827000  0.285135
      828000  0.291365
      829000  0.298653
      830000  0.318630
      831000  0.230880
      832000  0.293973
      833000  0.326995
      834000  0.307139
      835000  0.228079
      836000  0.278917
      837000  0.351303
      838000  0.316524
      839000  0.260101
      840000  0.229767
      841000  0.311635
      842000  0.334893
      843000  0.289992
      844000  0.271128
      845000  0.291655
      846000  0.285865
      847000  0.295594
      848000  0.256033
      849000  0.229949
      850000  0.273590
      851000  0.252310
      852000  0.255535
      853000  0.225255
      854000  0.214009
      855000  0.249346
      856000  0.236058
      857000  0.337674
      858000  0.226401
      859000  0.294148
      860000  0.300227
      861000  0.224407
      862000  0.254125
      863000  0.345390
      864000  0.245929
      865000  0.183443
      866000  0.284723
      867000  0.265515
      868000  0.260126
      869000  0.201441
      870000  0.224283
      871000  0.238074
      872000  0.329462
      873000  0.298192
      874000  0.316250
      875000  0.249102
      876000  0.253347
      877000  0.243188
      878000  0.251018
      879000  0.261984
      880000  0.245437
      881000  0.257378
      882000  0.329940
      883000  0.243638
      884000  0.206067
      885000  0.271987
      886000  0.284222
      887000  0.305830
      888000  0.234649
      889000  0.281173
      890000  0.312585
      891000  0.260607
      892000  0.290036
      893000  0.271828
      894000  0.304058
      895000  0.297362
      896000  0.220647
      897000  0.274396
      898000  0.285985
      899000  0.284748
      900000  0.257404
      901000  0.322362
      902000  0.241743
      903000  0.249314
      904000  0.308791
      905000  0.217770
      906000  0.257975
      907000  0.290013
      908000  0.324327
      909000  0.244603
      910000  0.290459
      911000  0.310453
      912000  0.247614
      913000  0.227852
      914000  0.284659
      915000  0.231603
      916000  0.274607
      917000  0.264614
      918000  0.217453
      919000  0.261546
      920000  0.254859
      921000  0.212464
      922000  0.272514
      923000  0.224936
      924000  0.261323
      925000  0.289867
      926000  0.259650
      927000  0.298378
      928000  0.231669
      929000  0.242656
      930000  0.243322
      931000  0.243379
      932000  0.210080
      933000  0.224230
      934000  0.314724
      935000  0.227442
      936000  0.284656
      937000  0.255298
      938000  0.226738
      939000  0.291904
      940000  0.293461
      941000  0.243597
      942000  0.273388
      943000  0.265776
      944000  0.290141
      945000  0.303167
      946000  0.305095
      947000  0.297710
      948000  0.271123
      949000  0.311194
      950000  0.242649
      951000  0.245758
      952000  0.293823
      953000  0.266820
      954000  0.263622
      955000  0.247456
      956000  0.220501
      957000  0.205720
      958000  0.267537
      959000  0.235644
      960000  0.292672
      961000  0.229703
      962000  0.301222
      963000  0.313025
      964000  0.270779
      965000  0.238805
      966000  0.278404
      967000  0.275398
      968000  0.282043
      969000  0.284688
      970000  0.222288
      971000  0.247399
      972000  0.247120
      973000  0.200368
      974000  0.299454
      975000  0.248852
      976000  0.279539
      977000  0.204163
      978000  0.294072
      979000  0.257599
      980000  0.262849
      981000  0.263675
      982000  0.247594
      983000  0.266626
      984000  0.262393
      985000  0.227768
      986000  0.226530
      987000  0.270267
      988000  0.328335
      989000  0.288349
      990000  0.183500
      991000  0.232058
      992000  0.264145
      993000  0.276421
      994000  0.296523
      995000  0.278336
      996000  0.220005
      997000  0.311323
      998000  0.267340
      999000  0.286099
     1000000  0.238313
