    genPlus1     spaQ
        1000  0.352999
        2000  0.390480
        3000  0.400426
        4000  0.400595
        5000  0.352159
        6000  0.384050
        7000  0.297794
        8000  0.366413
        9000  0.331059
       10000  0.408147
       11000  0.332440
       12000  0.309044
       13000  0.465065
       14000  0.361561
       15000  0.323318
       16000  0.413886
       17000  0.385121
       18000  0.355014
       19000  0.370224
       20000  0.472924
       21000  0.401885
       22000  0.303274
       23000  0.359760
       24000  0.385486
       25000  0.356638
       26000  0.365338
       27000  0.413067
       28000  0.363522
       29000  0.396665
       30000  0.380719
       31000  0.372487
       32000  0.372358
       33000  0.444185
       34000  0.397119
       35000  0.421110
       36000  0.394113
       37000  0.315207
       38000  0.348976
       39000  0.432367
       40000  0.390107
       41000  0.385415
       42000  0.300512
       43000  0.342862
       44000  0.382136
       45000  0.397719
       46000  0.409252
       47000  0.324013
       48000  0.352899
       49000  0.451709
       50000  0.344915
       51000  0.425598
       52000  0.428146
       53000  0.349277
       54000  0.359633
       55000  0.372981
       56000  0.384100
       57000  0.350080
       58000  0.420255
       59000  0.325875
       60000  0.433749
       61000  0.391450
       62000  0.338816
       63000  0.332190
       64000  0.353874
       65000  0.424081
       66000  0.435475
       67000  0.381744
       68000  0.395560
       69000  0.399458
       70000  0.362512
       71000  0.318908
       72000  0.375444
       73000  0.367344
       74000  0.403850
       75000  0.316722
       76000  0.331449
       77000  0.346819
       78000  0.377591
       79000  0.384344
       80000  0.357108
       81000  0.403961
       82000  0.327312
       83000  0.387296
       84000  0.363100
       85000  0.332324
       86000  0.370828
       87000  0.377831
       88000  0.375376
       89000  0.365452
       90000  0.339811
       91000  0.336127
       92000  0.369808
       93000  0.383453
       94000  0.307485
       95000  0.377823
       96000  0.365584
       97000  0.356905
       98000  0.345857
       99000  0.391559
      100000  0.347089
      101000  0.462595
      102000  0.390919
      103000  0.310986
      104000  0.420289
      105000  0.405659
      106000  0.379962
      107000  0.319355
      108000  0.384048
      109000  0.424233
      110000  0.408712
      111000  0.416508
      112000  0.439705
      113000  0.376135
      114000  0.482171
      115000  0.342834
      116000  0.376584
      117000  0.353217
      118000  0.408022
      119000  0.373393
      120000  0.377890
      121000  0.338740
      122000  0.412539
      123000  0.385871
      124000  0.423928
      125000  0.361302
      126000  0.360685
      127000  0.456057
      128000  0.410735
      129000  0.401838
      130000  0.400855
      131000  0.426438
      132000  0.287007
      133000  0.384677
      134000  0.373047
      135000  0.378894
      136000  0.347427
      137000  0.408995
      138000  0.330908
      139000  0.408516
      140000  0.363981
      141000  0.325520
      142000  0.380515
      143000  0.420756
      144000  0.391426
      145000  0.349356
      146000  0.385781
      147000  0.370849
      148000  0.354094
      149000  0.366222
      150000  0.419923
      151000  0.334120
      152000  0.411286
      153000  0.326967
      154000  0.327089
      155000  0.412392
      156000  0.364583
      157000  0.338686
      158000  0.406052
      159000  0.465961
      160000  0.327729
      161000  0.438975
      162000  0.387529
      163000  0.370166
      164000  0.374030
      165000  0.350369
      166000  0.382808
      167000  0.467788
      168000  0.408258
      169000  0.480733
      170000  0.362770
      171000  0.410838
      172000  0.354237
      173000  0.273190
      174000  0.311093
      175000  0.351536
      176000  0.399183
      177000  0.366440
      178000  0.402921
      179000  0.372487
      180000  0.375988
      181000  0.394054
      182000  0.339244
      183000  0.392614
      184000  0.361906
      185000  0.375896
      186000  0.408704
      187000  0.371175
      188000  0.423096
      189000  0.384249
      190000  0.359718
      191000  0.418583
      192000  0.338377
      193000  0.374174
      194000  0.327903
      195000  0.342958
      196000  0.331908
      197000  0.336919
      198000  0.370585
      199000  0.320029
      200000  0.300761
      201000  0.346247
      202000  0.359944
      203000  0.368779
      204000  0.399024
      205000  0.384645
      206000  0.429541
      207000  0.357720
      208000  0.377809
      209000  0.423860
      210000  0.365162
      211000  0.335417
      212000  0.388907
      213000  0.348244
      214000  0.422871
      215000  0.394219
      216000  0.379245
      217000  0.410534
      218000  0.397285
      219000  0.372655
      220000  0.406061
      221000  0.404934
      222000  0.447269
      223000  0.402418
      224000  0.326970
      225000  0.352544
      226000  0.357618
      227000  0.399063
      228000  0.369333
      229000  0.380826
      230000  0.485128
      231000  0.380854
      232000  0.407800
      233000  0.388075
      234000  0.400454
      235000  0.445212
      236000  0.401553
      237000  0.454208
      238000  0.360004
      239000  0.330623
      240000  0.410630
      241000  0.422546
      242000  0.384964
      243000  0.352874
      244000  0.433544
      245000  0.335978
      246000  0.311339
      247000  0.345271
      248000  0.382845
      249000  0.363891
      250000  0.419799
      251000  0.405760
      252000  0.341976
      253000  0.418673
      254000  0.400822
      255000  0.397798
      256000  0.418980
      257000  0.300226
      258000  0.331889
      259000  0.297273
      260000  0.398017
      261000  0.389277
      262000  0.348552
      263000  0.381580
      264000  0.368001
      265000  0.363837
      266000  0.379480
      267000  0.434133
      268000  0.362884
      269000  0.305314
      270000  0.377241
      271000  0.375244
      272000  0.354553
      273000  0.403790
      274000  0.364847
      275000  0.396907
      276000  0.445181
      277000  0.323719
      278000  0.393677
      279000  0.393796
      280000  0.420000
      281000  0.389196
      282000  0.300098
      283000  0.341750
      284000  0.396081
      285000  0.417810
      286000  0.338569
      287000  0.419750
      288000  0.347599
      289000  0.409627
      290000  0.411343
      291000  0.319947
      292000  0.405466
      293000  0.439891
      294000  0.387157
      295000  0.361187
      296000  0.356711
      297000  0.399508
      298000  0.418610
      299000  0.392225
      300000  0.407464
      301000  0.385697
      302000  0.317394
      303000  0.406144
      304000  0.327514
      305000  0.319737
      306000  0.338612
      307000  0.367405
      308000  0.418099
      309000  0.370959
      310000  0.389650
      311000  0.264136
      312000  0.383901
      313000  0.313980
      314000  0.372270
      315000  0.323669
      316000  0.360319
      317000  0.354362
      318000  0.358571
      319000  0.418838
      320000  0.416572
      321000  0.338510
      322000  0.445086
      323000  0.364638
      324000  0.349145
      325000  0.345589
      326000  0.430449
      327000  0.342944
      328000  0.320199
      329000  0.343230
      330000  0.355110
      331000  0.375971
      332000  0.349488
      333000  0.386989
      334000  0.406271
      335000  0.438550
      336000  0.397395
      337000  0.376768
      338000  0.345006
      339000  0.354801
      340000  0.314430
      341000  0.343368
      342000  0.391248
      343000  0.397198
      344000  0.392785
      345000  0.415586
      346000  0.386389
      347000  0.340392
      348000  0.352841
      349000  0.339529
      350000  0.321398
      351000  0.344066
      352000  0.388296
      353000  0.367005
      354000  0.349628
      355000  0.488493
      356000  0.327343
      357000  0.377174
      358000  0.424195
      359000  0.406140
      360000  0.329478
      361000  0.387523
      362000  0.374806
      363000  0.365796
      364000  0.324072
      365000  0.383734
      366000  0.365056
      367000  0.384319
      368000  0.391510
      369000  0.337784
      370000  0.389840
      371000  0.381202
      372000  0.389751
      373000  0.398953
      374000  0.293694
      375000  0.391760
      376000  0.296742
      377000  0.509664
      378000  0.374669
      379000  0.383968
      380000  0.395526
      381000  0.328061
      382000  0.357331
      383000  0.305807
      384000  0.403737
      385000  0.353657
      386000  0.347060
      387000  0.414337
      388000  0.290442
      389000  0.310767
      390000  0.390218
      391000  0.363753
      392000  0.403768
      393000  0.421724
      394000  0.322943
      395000  0.383699
      396000  0.294995
      397000  0.383792
      398000  0.358196
      399000  0.428394
      400000  0.365505
      401000  0.327050
      402000  0.377628
      403000  0.320569
      404000  0.399314
      405000  0.371650
      406000  0.399765
      407000  0.358885
      408000  0.439713
      409000  0.417060
      410000  0.389807
      411000  0.393755
      412000  0.327141
      413000  0.362291
      414000  0.356532
      415000  0.448632
      416000  0.286275
      417000  0.451282
      418000  0.389814
      419000  0.324289
      420000  0.443298
      421000  0.331670
      422000  0.360868
      423000  0.384530
      424000  0.388153
      425000  0.369225
      426000  0.376465
      427000  0.382242
      428000  0.340574
      429000  0.383587
      430000  0.375530
      431000  0.420467
      432000  0.328639
      433000  0.353603
      434000  0.443781
      435000  0.447820
      436000  0.391699
      437000  0.402686
      438000  0.381461
      439000  0.375853
      440000  0.378809
      441000  0.359566
      442000  0.400975
      443000  0.364916
      444000  0.487117
      445000  0.405935
      446000  0.361123
      447000  0.391751
      448000  0.414547
      449000  0.423395
      450000  0.402475
      451000  0.339191
      452000  0.436508
      453000  0.421074
      454000  0.336256
      455000  0.354528
      456000  0.344504
      457000  0.387153
      458000  0.409566
      459000  0.388523
      460000  0.350744
      461000  0.465753
      462000  0.397288
      463000  0.367206
      464000  0.332914
      465000  0.398890
      466000  0.371691
      467000  0.417782
      468000  0.418677
      469000  0.336755
      470000  0.333613
      471000  0.342363
      472000  0.414618
      473000  0.364182
      474000  0.369006
      475000  0.352404
      476000  0.368852
      477000  0.323400
      478000  0.415318
      479000  0.370138
      480000  0.360829
      481000  0.397784
      482000  0.321532
      483000  0.357278
      484000  0.367012
      485000  0.333878
      486000  0.390445
      487000  0.449931
      488000  0.386251
      489000  0.289440
      490000  0.288025
      491000  0.348810
      492000  0.436204
      493000  0.382513
      494000  0.412184
      495000  0.411450
      496000  0.284206
      497000  0.385936
      498000  0.327552
      499000  0.407610
      500000  0.435026
      501000  0.397830
      502000  0.409895
      503000  0.352493
      504000  0.384739
      505000  0.314003
      506000  0.392952
      507000  0.388095
      508000  0.359785
      509000  0.329647
      510000  0.423618
      511000  0.337124
      512000  0.450247
      513000  0.349153
      514000  0.340103
      515000  0.416244
      516000  0.345169
      517000  0.389256
      518000  0.322920
      519000  0.417442
      520000  0.423501
      521000  0.306661
      522000  0.301854
      523000  0.372130
      524000  0.341518
      525000  0.417364
      526000  0.363094
      527000  0.345041
      528000  0.340591
      529000  0.406761
      530000  0.444645
      531000  0.386298
      532000  0.325921
      533000  0.404596
      534000  0.429227
      535000  0.437798
      536000  0.428036
      537000  0.353890
      538000  0.373757
      539000  0.361146
      540000  0.359416
      541000  0.512828
      542000  0.297267
      543000  0.406154
      544000  0.345016
      545000  0.332699
      546000  0.340431
      547000  0.410247
      548000  0.338308
      549000  0.372392
      550000  0.403623
      551000  0.351972
      552000  0.365956
      553000  0.388438
      554000  0.476655
      555000  0.408016
      556000  0.368748
      557000  0.306581
      558000  0.411224
      559000  0.371520
      560000  0.351523
      561000  0.340291
      562000  0.315354
      563000  0.360198
      564000  0.344168
      565000  0.347698
      566000  0.351527
      567000  0.444108
      568000  0.434362
      569000  0.402218
      570000  0.358657
      571000  0.389113
      572000  0.394378
      573000  0.431404
      574000  0.347700
      575000  0.392974
      576000  0.356443
      577000  0.366242
      578000  0.406312
      579000  0.427245
      580000  0.355571
      581000  0.343728
      582000  0.345009
      583000  0.395787
      584000  0.440242
      585000  0.393267
      586000  0.294550
      587000  0.426822
      588000  0.331147
      589000  0.375114
      590000  0.309503
      591000  0.348893
      592000  0.409859
      593000  0.382548
      594000  0.359833
      595000  0.314441
      596000  0.321181
      597000  0.314506
      598000  0.436357
      599000  0.343819
      600000  0.408644
      601000  0.297854
      602000  0.358775
      603000  0.384533
      604000  0.416078
      605000  0.360264
      606000  0.396140
      607000  0.376056
      608000  0.375436
      609000  0.329989
      610000  0.403418
      611000  0.391953
      612000  0.422342
      613000  0.394231
      614000  0.445316
      615000  0.369838
      616000  0.410341
      617000  0.342183
      618000  0.433409
      619000  0.384180
      620000  0.414165
      621000  0.349606
      622000  0.368084
      623000  0.348428
      624000  0.376126
      625000  0.339474
      626000  0.437464
      627000  0.297159
      628000  0.360478
      629000  0.419372
      630000  0.359700
      631000  0.369761
      632000  0.353397
      633000  0.322494
      634000  0.336325
      635000  0.346359
      636000  0.364734
      637000  0.337002
      638000  0.402737
      639000  0.316521
      640000  0.360998
      641000  0.432551
      642000  0.315258
      643000  0.330706
      644000  0.421468
      645000  0.314621
      646000  0.413398
      647000  0.363935
      648000  0.371448
      649000  0.376446
      650000  0.353063
      651000  0.411898
      652000  0.301391
      653000  0.403435
      654000  0.368826
      655000  0.328547
      656000  0.338138
      657000  0.366849
      658000  0.349574
      659000  0.340043
      660000  0.371108
      661000  0.381282
      662000  0.414271
      663000  0.437599
      664000  0.435112
      665000  0.422557
      666000  0.348860
      667000  0.383700
      668000  0.375670
      669000  0.311910
      670000  0.369616
      671000  0.327523
      672000  0.435574
      673000  0.452423
      674000  0.459320
      675000  0.410401
      676000  0.389837
      677000  0.413337
      678000  0.445631
      679000  0.423805
      680000  0.370447
      681000  0.374745
      682000  0.340650
      683000  0.383176
      684000  0.369982
      685000  0.292685
      686000  0.401478
      687000  0.357676
      688000  0.406173
      689000  0.363076
      690000  0.359454
      691000  0.364639
      692000  0.415012
      693000  0.329594
      694000  0.385920
      695000  0.342523
      696000  0.286499
      697000  0.435340
      698000  0.355880
      699000  0.364860
      700000  0.357045
      701000  0.300442
      702000  0.306810
      703000  0.368006
      704000  0.416297
      705000  0.336700
      706000  0.341438
      707000  0.409942
      708000  0.346045
      709000  0.419266
      710000  0.350483
      711000  0.335996
      712000  0.359595
      713000  0.332589
      714000  0.349129
      715000  0.411729
      716000  0.376217
      717000  0.398371
      718000  0.350621
      719000  0.271478
      720000  0.424546
      721000  0.404126
      722000  0.326596
      723000  0.356304
      724000  0.343410
      725000  0.413970
      726000  0.324797
      727000  0.361560
      728000  0.369020
      729000  0.370761
      730000  0.412687
      731000  0.386355
      732000  0.379877
      733000  0.374519
      734000  0.377645
      735000  0.379502
      736000  0.436865
      737000  0.339293
      738000  0.504165
      739000  0.357781
      740000  0.377591
      741000  0.363064
      742000  0.349773
      743000  0.299731
      744000  0.365562
      745000  0.420994
      746000  0.321143
      747000  0.401748
      748000  0.478795
      749000  0.421169
      750000  0.357799
      751000  0.333981
      752000  0.429274
      753000  0.311950
      754000  0.296562
      755000  0.341744
      756000  0.373710
      757000  0.326292
      758000  0.357870
      759000  0.358429
      760000  0.360300
      761000  0.391080
      762000  0.326553
      763000  0.374137
      764000  0.358436
      765000  0.341704
      766000  0.392117
      767000  0.458330
      768000  0.332031
      769000  0.356024
      770000  0.393028
      771000  0.395012
      772000  0.392164
      773000  0.383157
      774000  0.392077
      775000  0.349931
      776000  0.334282
      777000  0.423539
      778000  0.354469
      779000  0.396009
      780000  0.393685
      781000  0.407736
      782000  0.370840
      783000  0.329060
      784000  0.373547
      785000  0.383180
      786000  0.362283
      787000  0.330881
      788000  0.365461
      789000  0.407601
      790000  0.368256
      791000  0.367128
      792000  0.420178
      793000  0.406986
      794000  0.340999
      795000  0.347606
      796000  0.377358
      797000  0.336285
      798000  0.347209
      799000  0.340824
      800000  0.396186
      801000  0.393488
      802000  0.385487
      803000  0.375301
      804000  0.357198
      805000  0.335207
      806000  0.401698
      807000  0.380110
      808000  0.357923
      809000  0.337803
      810000  0.339292
      811000  0.422908
      812000  0.355672
      813000  0.463287
      814000  0.399970
      815000  0.271364
      816000  0.303807
      817000  0.356547
      818000  0.423508
      819000  0.401364
      820000  0.335805
      821000  0.316968
      822000  0.394374
      823000  0.415680
      824000  0.351320
      825000  0.306915
      826000  0.327832
      827000  0.352387
      828000  0.360060
      829000  0.369957
      830000  0.409907
      831000  0.346815
      832000  0.456876
      833000  0.402144
      834000  0.404353
      835000  0.339434
      836000  0.371103
      837000  0.337274
      838000  0.349825
      839000  0.408611
      840000  0.377464
      841000  0.384155
      842000  0.430342
      843000  0.413029
      844000  0.347249
      845000  0.293131
      846000  0.382766
      847000  0.345476
      848000  0.406949
      849000  0.366643
      850000  0.352844
      851000  0.360424
      852000  0.375233
      853000  0.366382
      854000  0.397614
      855000  0.450036
      856000  0.391499
      857000  0.336036
      858000  0.409085
      859000  0.426386
      860000  0.394603
      861000  0.383500
      862000  0.410845
      863000  0.307053
      864000  0.378968
      865000  0.324426
      866000  0.383065
      867000  0.343718
      868000  0.362051
      869000  0.319311
      870000  0.360239
      871000  0.318851
      872000  0.342306
      873000  0.370117
      874000  0.445722
      875000  0.391054
      876000  0.403201
      877000  0.313526
      878000  0.357516
      879000  0.405025
      880000  0.368987
      881000  0.381636
      882000  0.379172
      883000  0.388697
      884000  0.416375
      885000  0.317688
      886000  0.355880
      887000  0.470961
      888000  0.358845
      889000  0.420793
      890000  0.324840
      891000  0.428156
      892000  0.347512
      893000  0.330911
      894000  0.473471
      895000  0.451480
      896000  0.371007
      897000  0.405886
      898000  0.355545
      899000  0.374994
      900000  0.357150
      901000  0.416646
      902000  0.352957
      903000  0.330810
      904000  0.348630
      905000  0.314742
      906000  0.370795
      907000  0.286450
      908000  0.362751
      909000  0.349923
      910000  0.420374
      911000  0.325441
      912000  0.346030
      913000  0.315365
      914000  0.410306
      915000  0.342077
      916000  0.345382
      917000  0.375901
      918000  0.451786
      919000  0.353328
      920000  0.405645
      921000  0.392556
      922000  0.360213
      923000  0.460148
      924000  0.389807
      925000  0.354440
      926000  0.398688
      927000  0.390314
      928000  0.399909
      929000  0.343750
      930000  0.368043
      931000  0.405510
      932000  0.332885
      933000  0.315170
      934000  0.371165
      935000  0.356286
      936000  0.395683
      937000  0.406121
      938000  0.405951
      939000  0.340119
      940000  0.376025
      941000  0.383441
      942000  0.345282
      943000  0.378430
      944000  0.353565
      945000  0.365010
      946000  0.351661
      947000  0.363531
      948000  0.390867
      949000  0.444984
      950000  0.337541
      951000  0.367885
      952000  0.342359
      953000  0.454286
      954000  0.416847
      955000  0.342152
      956000  0.385682
      957000  0.349720
      958000  0.377426
      959000  0.455413
      960000  0.371195
      961000  0.403604
      962000  0.408748
      963000  0.305041
      964000  0.419846
      965000  0.362712
      966000  0.399393
      967000  0.355424
      968000  0.409175
      969000  0.407896
      970000  0.413793
      971000  0.398134
      972000  0.452818
      973000  0.370381
      974000  0.448236
      975000  0.442508
      976000  0.411224
      977000  0.326905
      978000  0.347325
      979000  0.394643
      980000  0.378819
      981000  0.399522
      982000  0.323092
      983000  0.372847
      984000  0.352525
      985000  0.381038
      986000  0.347564
      987000  0.394483
      988000  0.286103
      989000  0.432730
      990000  0.359303
      991000  0.350153
      992000  0.315909
      993000  0.341950
      994000  0.373909
      995000  0.408489
      996000  0.425538
      997000  0.410404
      998000  0.362695
      999000  0.370451
     1000000  0.399338
