    genPlus1     spaQ
        1000  0.422366
        2000  0.422818
        3000  0.422598
        4000  0.415605
        5000  0.401802
        6000  0.421387
        7000  0.426664
        8000  0.436929
        9000  0.420780
       10000  0.438247
       11000  0.421942
       12000  0.432174
       13000  0.403601
       14000  0.414570
       15000  0.432158
       16000  0.403179
       17000  0.405335
       18000  0.445373
       19000  0.421555
       20000  0.408212
       21000  0.425415
       22000  0.426986
       23000  0.442007
       24000  0.416254
       25000  0.409855
       26000  0.416482
       27000  0.417187
       28000  0.403756
       29000  0.419495
       30000  0.438978
       31000  0.432178
       32000  0.426632
       33000  0.411116
       34000  0.437828
       35000  0.413223
       36000  0.427242
       37000  0.410983
       38000  0.430851
       39000  0.427347
       40000  0.437456
       41000  0.429128
       42000  0.420307
       43000  0.431986
       44000  0.418494
       45000  0.424497
       46000  0.404589
       47000  0.446141
       48000  0.412949
       49000  0.413540
       50000  0.423292
       51000  0.410462
       52000  0.407616
       53000  0.408464
       54000  0.408867
       55000  0.415180
       56000  0.418787
       57000  0.423235
       58000  0.445951
       59000  0.401682
       60000  0.415240
       61000  0.421621
       62000  0.406852
       63000  0.411103
       64000  0.411725
       65000  0.428557
       66000  0.428318
       67000  0.377694
       68000  0.413191
       69000  0.427745
       70000  0.439161
       71000  0.435315
       72000  0.425463
       73000  0.403757
       74000  0.425030
       75000  0.424494
       76000  0.451725
       77000  0.429306
       78000  0.404909
       79000  0.424402
       80000  0.417469
       81000  0.433927
       82000  0.433188
       83000  0.413133
       84000  0.443865
       85000  0.435087
       86000  0.432326
       87000  0.412418
       88000  0.420687
       89000  0.424651
       90000  0.424697
       91000  0.425423
       92000  0.417807
       93000  0.406335
       94000  0.420818
       95000  0.409295
       96000  0.412131
       97000  0.419628
       98000  0.414114
       99000  0.412398
      100000  0.435430
      101000  0.418086
      102000  0.428400
      103000  0.406264
      104000  0.432570
      105000  0.409027
      106000  0.415154
      107000  0.424197
      108000  0.402860
      109000  0.409920
      110000  0.419568
      111000  0.424217
      112000  0.425382
      113000  0.433428
      114000  0.435509
      115000  0.418888
      116000  0.413980
      117000  0.414365
      118000  0.415891
      119000  0.414258
      120000  0.417495
      121000  0.422056
      122000  0.438875
      123000  0.433621
      124000  0.412858
      125000  0.417003
      126000  0.441797
      127000  0.411836
      128000  0.420513
      129000  0.428660
      130000  0.421258
      131000  0.426935
      132000  0.422146
      133000  0.431317
      134000  0.440754
      135000  0.380111
      136000  0.434682
      137000  0.433216
      138000  0.414876
      139000  0.433562
      140000  0.436233
      141000  0.417284
      142000  0.421706
      143000  0.419405
      144000  0.411313
      145000  0.422557
      146000  0.409125
      147000  0.412001
      148000  0.414877
      149000  0.416987
      150000  0.441511
      151000  0.445755
      152000  0.427800
      153000  0.417485
      154000  0.416464
      155000  0.436950
      156000  0.414827
      157000  0.407153
      158000  0.420282
      159000  0.415922
      160000  0.449827
      161000  0.412588
      162000  0.434075
      163000  0.440100
      164000  0.413040
      165000  0.430426
      166000  0.413180
      167000  0.441931
      168000  0.441227
      169000  0.430405
      170000  0.404690
      171000  0.397913
      172000  0.438255
      173000  0.446667
      174000  0.424536
      175000  0.417185
      176000  0.417858
      177000  0.403452
      178000  0.420262
      179000  0.429875
      180000  0.408202
      181000  0.411360
      182000  0.424084
      183000  0.427347
      184000  0.430481
      185000  0.434794
      186000  0.415244
      187000  0.440177
      188000  0.398251
      189000  0.415997
      190000  0.421745
      191000  0.416740
      192000  0.447402
      193000  0.412191
      194000  0.424943
      195000  0.425671
      196000  0.423831
      197000  0.430258
      198000  0.441233
      199000  0.430413
      200000  0.445865
      201000  0.428283
      202000  0.424377
      203000  0.413848
      204000  0.381498
      205000  0.442312
      206000  0.410004
      207000  0.417016
      208000  0.438541
      209000  0.412726
      210000  0.414804
      211000  0.415062
      212000  0.420949
      213000  0.424443
      214000  0.413377
      215000  0.413175
      216000  0.406964
      217000  0.422520
      218000  0.426936
      219000  0.448921
      220000  0.432205
      221000  0.417766
      222000  0.431175
      223000  0.439439
      224000  0.430692
      225000  0.447378
      226000  0.429088
      227000  0.427335
      228000  0.410621
      229000  0.416019
      230000  0.417608
      231000  0.431144
      232000  0.408352
      233000  0.409109
      234000  0.423443
      235000  0.423949
      236000  0.381658
      237000  0.414162
      238000  0.441216
      239000  0.417778
      240000  0.405596
      241000  0.416067
      242000  0.447876
      243000  0.411106
      244000  0.439271
      245000  0.408449
      246000  0.444158
      247000  0.416591
      248000  0.417875
      249000  0.411065
      250000  0.444344
      251000  0.419682
      252000  0.419123
      253000  0.431152
      254000  0.434971
      255000  0.434614
      256000  0.431935
      257000  0.424989
      258000  0.412526
      259000  0.411096
      260000  0.426160
      261000  0.422875
      262000  0.439040
      263000  0.413489
      264000  0.405141
      265000  0.432995
      266000  0.429480
      267000  0.424885
      268000  0.431366
      269000  0.425163
      270000  0.438256
      271000  0.452311
      272000  0.411296
      273000  0.410738
      274000  0.407465
      275000  0.413152
      276000  0.422088
      277000  0.416637
      278000  0.443547
      279000  0.414122
      280000  0.411891
      281000  0.420308
      282000  0.411288
      283000  0.442979
      284000  0.425259
      285000  0.443469
      286000  0.433800
      287000  0.408520
      288000  0.405989
      289000  0.411903
      290000  0.429395
      291000  0.423296
      292000  0.426763
      293000  0.414757
      294000  0.422441
      295000  0.422395
      296000  0.420539
      297000  0.429220
      298000  0.420243
      299000  0.416558
      300000  0.441500
      301000  0.445141
      302000  0.422369
      303000  0.421182
      304000  0.425941
      305000  0.425910
      306000  0.417256
      307000  0.417610
      308000  0.429090
      309000  0.417290
      310000  0.414637
      311000  0.418511
      312000  0.418069
      313000  0.420569
      314000  0.425406
      315000  0.421097
      316000  0.414260
      317000  0.449272
      318000  0.420628
      319000  0.419323
      320000  0.413035
      321000  0.419775
      322000  0.411571
      323000  0.424972
      324000  0.419428
      325000  0.443998
      326000  0.409338
      327000  0.423430
      328000  0.431593
      329000  0.433105
      330000  0.402082
      331000  0.438841
      332000  0.422384
      333000  0.412089
      334000  0.423500
      335000  0.437492
      336000  0.435294
      337000  0.416954
      338000  0.423042
      339000  0.416540
      340000  0.417705
      341000  0.395762
      342000  0.432242
      343000  0.435238
      344000  0.409375
      345000  0.439976
      346000  0.425491
      347000  0.427193
      348000  0.428579
      349000  0.444105
      350000  0.413231
      351000  0.418561
      352000  0.407407
      353000  0.431949
      354000  0.427951
      355000  0.417402
      356000  0.449527
      357000  0.427781
      358000  0.437322
      359000  0.431051
      360000  0.409701
      361000  0.419181
      362000  0.425380
      363000  0.424057
      364000  0.407341
      365000  0.422010
      366000  0.426291
      367000  0.441703
      368000  0.441356
      369000  0.411109
      370000  0.406846
      371000  0.419502
      372000  0.413273
      373000  0.408877
      374000  0.415266
      375000  0.404585
      376000  0.414391
      377000  0.441828
      378000  0.420963
      379000  0.446118
      380000  0.430980
      381000  0.409867
      382000  0.445195
      383000  0.430303
      384000  0.434870
      385000  0.425998
      386000  0.414663
      387000  0.449965
      388000  0.440264
      389000  0.440194
      390000  0.426224
      391000  0.428398
      392000  0.434397
      393000  0.442915
      394000  0.405665
      395000  0.427565
      396000  0.415975
      397000  0.382624
      398000  0.420899
      399000  0.417773
      400000  0.433394
      401000  0.414776
      402000  0.433503
      403000  0.420955
      404000  0.431007
      405000  0.429826
      406000  0.425474
      407000  0.429371
      408000  0.434773
      409000  0.404214
      410000  0.414726
      411000  0.419172
      412000  0.439441
      413000  0.428155
      414000  0.405726
      415000  0.410900
      416000  0.415936
      417000  0.434046
      418000  0.428866
      419000  0.427753
      420000  0.411714
      421000  0.431727
      422000  0.412805
      423000  0.414221
      424000  0.413695
      425000  0.413678
      426000  0.415049
      427000  0.410869
      428000  0.412063
      429000  0.422929
      430000  0.417052
      431000  0.418281
      432000  0.424592
      433000  0.404260
      434000  0.446906
      435000  0.431807
      436000  0.414517
      437000  0.419192
      438000  0.409844
      439000  0.411369
      440000  0.418471
      441000  0.425066
      442000  0.439837
      443000  0.422623
      444000  0.383649
      445000  0.435534
      446000  0.437678
      447000  0.405316
      448000  0.438735
      449000  0.420554
      450000  0.415293
      451000  0.423206
      452000  0.437783
      453000  0.436312
      454000  0.419427
      455000  0.428310
      456000  0.438630
      457000  0.429648
      458000  0.442558
      459000  0.413181
      460000  0.443869
      461000  0.417304
      462000  0.405089
      463000  0.416265
      464000  0.440373
      465000  0.431204
      466000  0.419105
      467000  0.436303
      468000  0.423701
      469000  0.424771
      470000  0.422919
      471000  0.428267
      472000  0.408928
      473000  0.417553
      474000  0.438748
      475000  0.366367
      476000  0.413479
      477000  0.415478
      478000  0.407934
      479000  0.403473
      480000  0.413130
      481000  0.424106
      482000  0.423795
      483000  0.417743
      484000  0.419489
      485000  0.379059
      486000  0.416095
      487000  0.416558
      488000  0.417766
      489000  0.432486
      490000  0.418048
      491000  0.415948
      492000  0.407986
      493000  0.445166
      494000  0.429829
      495000  0.420735
      496000  0.425500
      497000  0.435225
      498000  0.405968
      499000  0.425403
      500000  0.439947
      501000  0.424013
      502000  0.441707
      503000  0.437906
      504000  0.402828
      505000  0.406914
      506000  0.407067
      507000  0.416643
      508000  0.426252
      509000  0.420729
      510000  0.423203
      511000  0.418043
      512000  0.417182
      513000  0.418687
      514000  0.417786
      515000  0.418961
      516000  0.418620
      517000  0.415770
      518000  0.449554
      519000  0.423158
      520000  0.392631
      521000  0.435889
      522000  0.439042
      523000  0.428452
      524000  0.417205
      525000  0.420523
      526000  0.439736
      527000  0.381759
      528000  0.429156
      529000  0.423918
      530000  0.423198
      531000  0.400823
      532000  0.423340
      533000  0.415323
      534000  0.418593
      535000  0.443117
      536000  0.426168
      537000  0.431036
      538000  0.424976
      539000  0.406277
      540000  0.396795
      541000  0.417989
      542000  0.429279
      543000  0.404788
      544000  0.416968
      545000  0.380454
      546000  0.416475
      547000  0.425996
      548000  0.439098
      549000  0.433590
      550000  0.446661
      551000  0.411696
      552000  0.407449
      553000  0.429489
      554000  0.415731
      555000  0.429307
      556000  0.416578
      557000  0.428410
      558000  0.426862
      559000  0.414230
      560000  0.421435
      561000  0.413772
      562000  0.418400
      563000  0.424558
      564000  0.430999
      565000  0.408621
      566000  0.394227
      567000  0.416177
      568000  0.440051
      569000  0.424401
      570000  0.415720
      571000  0.435887
      572000  0.418938
      573000  0.404440
      574000  0.416151
      575000  0.402757
      576000  0.416010
      577000  0.396653
      578000  0.426552
      579000  0.405810
      580000  0.422936
      581000  0.420251
      582000  0.426379
      583000  0.423353
      584000  0.406099
      585000  0.425723
      586000  0.415645
      587000  0.423557
      588000  0.425208
      589000  0.432869
      590000  0.442996
      591000  0.427717
      592000  0.409527
      593000  0.412582
      594000  0.404821
      595000  0.410735
      596000  0.416331
      597000  0.432211
      598000  0.409007
      599000  0.427145
      600000  0.432352
      601000  0.433922
      602000  0.422002
      603000  0.426252
      604000  0.436683
      605000  0.408346
      606000  0.425223
      607000  0.397932
      608000  0.418373
      609000  0.444385
      610000  0.425742
      611000  0.427188
      612000  0.413021
      613000  0.413190
      614000  0.420545
      615000  0.408648
      616000  0.441387
      617000  0.413044
      618000  0.418702
      619000  0.429709
      620000  0.421784
      621000  0.406424
      622000  0.422867
      623000  0.426789
      624000  0.432459
      625000  0.429015
      626000  0.437490
      627000  0.438561
      628000  0.408639
      629000  0.419069
      630000  0.422193
      631000  0.442852
      632000  0.424880
      633000  0.417987
      634000  0.435363
      635000  0.409079
      636000  0.411311
      637000  0.419540
      638000  0.410505
      639000  0.439209
      640000  0.423275
      641000  0.417709
      642000  0.425861
      643000  0.421150
      644000  0.436556
      645000  0.426411
      646000  0.419977
      647000  0.448479
      648000  0.434340
      649000  0.432918
      650000  0.422099
      651000  0.424098
      652000  0.423903
      653000  0.428205
      654000  0.431517
      655000  0.416422
      656000  0.432640
      657000  0.421550
      658000  0.420537
      659000  0.429874
      660000  0.453639
      661000  0.439702
      662000  0.409300
      663000  0.438183
      664000  0.437242
      665000  0.418092
      666000  0.413513
      667000  0.425415
      668000  0.424148
      669000  0.418197
      670000  0.421042
      671000  0.417329
      672000  0.427938
      673000  0.440197
      674000  0.425355
      675000  0.438699
      676000  0.414004
      677000  0.414520
      678000  0.435429
      679000  0.405111
      680000  0.421284
      681000  0.433293
      682000  0.414301
      683000  0.412207
      684000  0.433984
      685000  0.421599
      686000  0.418363
      687000  0.432396
      688000  0.423732
      689000  0.409012
      690000  0.428599
      691000  0.412871
      692000  0.406453
      693000  0.414119
      694000  0.409946
      695000  0.417321
      696000  0.441523
      697000  0.436061
      698000  0.444409
      699000  0.413948
      700000  0.418113
      701000  0.433055
      702000  0.428271
      703000  0.386457
      704000  0.421350
      705000  0.419618
      706000  0.432216
      707000  0.426037
      708000  0.443727
      709000  0.441229
      710000  0.404449
      711000  0.427679
      712000  0.406882
      713000  0.443738
      714000  0.438129
      715000  0.400723
      716000  0.380749
      717000  0.398931
      718000  0.418379
      719000  0.412042
      720000  0.404469
      721000  0.425781
      722000  0.423603
      723000  0.383687
      724000  0.401864
      725000  0.434429
      726000  0.425000
      727000  0.427570
      728000  0.438617
      729000  0.407515
      730000  0.417931
      731000  0.425674
      732000  0.416394
      733000  0.435616
      734000  0.407011
      735000  0.424323
      736000  0.427275
      737000  0.403538
      738000  0.424290
      739000  0.420554
      740000  0.419734
      741000  0.417397
      742000  0.411310
      743000  0.436059
      744000  0.424416
      745000  0.423008
      746000  0.431502
      747000  0.408316
      748000  0.431730
      749000  0.409004
      750000  0.411181
      751000  0.423735
      752000  0.435456
      753000  0.434208
      754000  0.440587
      755000  0.421249
      756000  0.407988
      757000  0.407135
      758000  0.428250
      759000  0.431414
      760000  0.406272
      761000  0.436330
      762000  0.420249
      763000  0.426501
      764000  0.423001
      765000  0.423340
      766000  0.436057
      767000  0.423801
      768000  0.425390
      769000  0.417106
      770000  0.419959
      771000  0.425035
      772000  0.431375
      773000  0.430269
      774000  0.423277
      775000  0.421660
      776000  0.430683
      777000  0.410660
      778000  0.408834
      779000  0.425043
      780000  0.443429
      781000  0.440070
      782000  0.423098
      783000  0.441360
      784000  0.425258
      785000  0.417429
      786000  0.427774
      787000  0.429854
      788000  0.404440
      789000  0.401993
      790000  0.413594
      791000  0.408372
      792000  0.418847
      793000  0.425240
      794000  0.408316
      795000  0.416201
      796000  0.421427
      797000  0.423728
      798000  0.394760
      799000  0.441026
      800000  0.428600
      801000  0.412182
      802000  0.432022
      803000  0.426382
      804000  0.438477
      805000  0.423927
      806000  0.425004
      807000  0.428556
      808000  0.424020
      809000  0.439916
      810000  0.414445
      811000  0.427913
      812000  0.417425
      813000  0.431497
      814000  0.439824
      815000  0.401747
      816000  0.422448
      817000  0.429543
      818000  0.430936
      819000  0.416079
      820000  0.446172
      821000  0.409040
      822000  0.415803
      823000  0.400344
      824000  0.406073
      825000  0.442501
      826000  0.426319
      827000  0.413363
      828000  0.439654
      829000  0.438993
      830000  0.405299
      831000  0.407939
      832000  0.409578
      833000  0.441949
      834000  0.404626
      835000  0.405103
      836000  0.425865
      837000  0.439979
      838000  0.429497
      839000  0.408428
      840000  0.415110
      841000  0.414597
      842000  0.409726
      843000  0.426595
      844000  0.430171
      845000  0.437056
      846000  0.417797
      847000  0.437574
      848000  0.451598
      849000  0.444806
      850000  0.446002
      851000  0.446993
      852000  0.426614
      853000  0.423521
      854000  0.430549
      855000  0.417289
      856000  0.412899
      857000  0.429568
      858000  0.405429
      859000  0.433110
      860000  0.417483
      861000  0.423684
      862000  0.442741
      863000  0.409055
      864000  0.418797
      865000  0.407804
      866000  0.435616
      867000  0.419198
      868000  0.410303
      869000  0.426474
      870000  0.429523
      871000  0.409081
      872000  0.403534
      873000  0.417712
      874000  0.438064
      875000  0.437884
      876000  0.434770
      877000  0.411971
      878000  0.437811
      879000  0.402531
      880000  0.419042
      881000  0.425689
      882000  0.420491
      883000  0.405987
      884000  0.418840
      885000  0.434932
      886000  0.436498
      887000  0.414564
      888000  0.414115
      889000  0.410624
      890000  0.442917
      891000  0.415858
      892000  0.427095
      893000  0.434127
      894000  0.405273
      895000  0.430753
      896000  0.425988
      897000  0.407197
      898000  0.433091
      899000  0.410669
      900000  0.435056
      901000  0.438554
      902000  0.429778
      903000  0.425432
      904000  0.430347
      905000  0.404153
      906000  0.446509
      907000  0.424568
      908000  0.414254
      909000  0.419020
      910000  0.433884
      911000  0.418586
      912000  0.437725
      913000  0.414125
      914000  0.402978
      915000  0.415446
      916000  0.433878
      917000  0.420206
      918000  0.410663
      919000  0.426305
      920000  0.427271
      921000  0.428743
      922000  0.434002
      923000  0.434963
      924000  0.412390
      925000  0.432827
      926000  0.437155
      927000  0.440158
      928000  0.410420
      929000  0.442657
      930000  0.414979
      931000  0.439895
      932000  0.446768
      933000  0.429831
      934000  0.432254
      935000  0.446087
      936000  0.427125
      937000  0.418710
      938000  0.412610
      939000  0.437962
      940000  0.414249
      941000  0.444476
      942000  0.436465
      943000  0.432915
      944000  0.446834
      945000  0.437077
      946000  0.416214
      947000  0.407362
      948000  0.413326
      949000  0.411488
      950000  0.442492
      951000  0.441850
      952000  0.431135
      953000  0.423868
      954000  0.413937
      955000  0.440456
      956000  0.401930
      957000  0.414892
      958000  0.435155
      959000  0.424068
      960000  0.407604
      961000  0.425106
      962000  0.415917
      963000  0.443433
      964000  0.435065
      965000  0.411176
      966000  0.424167
      967000  0.426417
      968000  0.432934
      969000  0.421760
      970000  0.407365
      971000  0.427135
      972000  0.428504
      973000  0.417103
      974000  0.421688
      975000  0.434994
      976000  0.413584
      977000  0.422578
      978000  0.403461
      979000  0.408505
      980000  0.443304
      981000  0.431479
      982000  0.429373
      983000  0.439567
      984000  0.418252
      985000  0.421096
      986000  0.403221
      987000  0.441513
      988000  0.436203
      989000  0.410781
      990000  0.415869
      991000  0.409739
      992000  0.443175
      993000  0.425804
      994000  0.427810
      995000  0.443916
      996000  0.418296
      997000  0.405710
      998000  0.412570
      999000  0.415281
     1000000  0.426655
     1001000  0.421264
     1002000  0.433583
     1003000  0.429087
     1004000  0.428212
     1005000  0.415444
     1006000  0.414500
     1007000  0.445787
     1008000  0.414595
     1009000  0.430764
     1010000  0.429996
     1011000  0.420633
     1012000  0.432734
     1013000  0.386009
     1014000  0.427895
     1015000  0.410085
     1016000  0.416264
     1017000  0.407825
     1018000  0.413353
     1019000  0.417150
     1020000  0.430345
     1021000  0.436462
     1022000  0.443997
     1023000  0.410902
     1024000  0.448595
     1025000  0.399385
     1026000  0.443328
     1027000  0.437629
     1028000  0.423617
     1029000  0.428329
     1030000  0.427083
     1031000  0.442196
     1032000  0.409797
     1033000  0.406910
     1034000  0.431414
     1035000  0.425575
     1036000  0.428872
     1037000  0.441831
     1038000  0.418943
     1039000  0.436353
     1040000  0.438750
     1041000  0.423565
     1042000  0.426602
     1043000  0.424821
     1044000  0.438513
     1045000  0.418359
     1046000  0.409488
     1047000  0.377218
     1048000  0.439123
     1049000  0.416007
     1050000  0.407199
     1051000  0.412745
     1052000  0.427639
     1053000  0.412385
     1054000  0.428918
     1055000  0.428017
     1056000  0.442563
     1057000  0.422043
     1058000  0.415183
     1059000  0.433480
     1060000  0.418515
     1061000  0.431343
     1062000  0.436002
     1063000  0.408197
     1064000  0.402914
     1065000  0.425599
     1066000  0.425492
     1067000  0.420517
     1068000  0.414946
     1069000  0.407742
     1070000  0.410154
     1071000  0.418062
     1072000  0.430848
     1073000  0.427670
     1074000  0.407878
     1075000  0.424393
     1076000  0.421908
     1077000  0.435093
     1078000  0.437545
     1079000  0.422940
     1080000  0.410097
     1081000  0.447539
     1082000  0.437490
     1083000  0.437606
     1084000  0.417743
     1085000  0.420619
     1086000  0.430637
     1087000  0.426420
     1088000  0.404716
     1089000  0.428476
     1090000  0.417025
     1091000  0.448974
     1092000  0.422338
     1093000  0.431320
     1094000  0.440312
     1095000  0.404578
     1096000  0.418395
     1097000  0.409780
     1098000  0.416248
     1099000  0.445790
     1100000  0.422218
     1101000  0.443011
     1102000  0.426386
     1103000  0.430803
     1104000  0.421428
     1105000  0.431703
     1106000  0.411211
     1107000  0.419110
     1108000  0.413819
     1109000  0.431702
     1110000  0.429387
     1111000  0.428993
     1112000  0.429029
     1113000  0.430690
     1114000  0.425891
     1115000  0.393101
     1116000  0.410593
     1117000  0.431510
     1118000  0.422383
     1119000  0.417179
     1120000  0.442862
     1121000  0.421452
     1122000  0.421205
     1123000  0.420330
     1124000  0.445719
     1125000  0.427737
     1126000  0.378781
     1127000  0.431911
     1128000  0.418740
     1129000  0.429206
     1130000  0.407538
     1131000  0.421615
     1132000  0.433099
     1133000  0.404778
     1134000  0.418792
     1135000  0.430968
     1136000  0.421477
     1137000  0.407610
     1138000  0.430653
     1139000  0.437918
     1140000  0.423450
     1141000  0.411593
     1142000  0.428916
     1143000  0.429193
     1144000  0.409164
     1145000  0.434615
     1146000  0.423935
     1147000  0.428477
     1148000  0.413476
     1149000  0.403362
     1150000  0.415845
     1151000  0.441767
     1152000  0.424957
     1153000  0.405343
     1154000  0.417867
     1155000  0.417209
     1156000  0.417445
     1157000  0.404918
     1158000  0.423119
     1159000  0.443064
     1160000  0.416892
     1161000  0.415504
     1162000  0.429057
     1163000  0.421543
     1164000  0.431313
     1165000  0.450147
     1166000  0.415279
     1167000  0.405678
     1168000  0.431127
     1169000  0.440786
     1170000  0.418434
     1171000  0.423477
     1172000  0.411383
     1173000  0.426475
     1174000  0.440275
     1175000  0.413580
     1176000  0.420246
     1177000  0.424708
     1178000  0.409933
     1179000  0.415249
     1180000  0.430375
     1181000  0.415290
     1182000  0.427261
     1183000  0.410513
     1184000  0.452293
     1185000  0.408059
     1186000  0.420282
     1187000  0.423052
     1188000  0.421729
     1189000  0.420645
     1190000  0.401002
     1191000  0.415175
     1192000  0.440828
     1193000  0.426212
     1194000  0.422882
     1195000  0.408279
     1196000  0.406037
     1197000  0.416210
     1198000  0.432244
     1199000  0.427993
     1200000  0.421578
     1201000  0.436836
     1202000  0.420320
     1203000  0.430060
     1204000  0.419806
     1205000  0.418314
     1206000  0.414479
     1207000  0.418740
     1208000  0.431588
     1209000  0.424250
     1210000  0.433368
     1211000  0.417418
     1212000  0.408107
     1213000  0.425802
     1214000  0.414645
     1215000  0.413615
     1216000  0.421022
     1217000  0.409370
     1218000  0.407206
     1219000  0.425695
     1220000  0.443628
     1221000  0.416450
     1222000  0.433633
     1223000  0.437927
     1224000  0.428928
     1225000  0.402353
     1226000  0.423538
     1227000  0.438566
     1228000  0.438295
     1229000  0.403053
     1230000  0.422471
     1231000  0.415980
     1232000  0.424685
     1233000  0.442685
     1234000  0.421930
     1235000  0.447528
     1236000  0.410117
     1237000  0.441040
     1238000  0.413937
     1239000  0.412556
     1240000  0.384435
     1241000  0.409537
     1242000  0.428203
     1243000  0.402024
     1244000  0.432148
     1245000  0.417047
     1246000  0.413369
     1247000  0.424433
     1248000  0.414172
     1249000  0.420546
     1250000  0.417454
     1251000  0.418182
     1252000  0.429835
     1253000  0.415981
     1254000  0.432349
     1255000  0.412527
     1256000  0.409981
     1257000  0.422856
     1258000  0.431031
     1259000  0.424438
     1260000  0.423913
     1261000  0.424282
     1262000  0.389288
     1263000  0.435347
     1264000  0.430537
     1265000  0.402590
     1266000  0.441967
     1267000  0.442552
     1268000  0.433091
     1269000  0.418368
     1270000  0.429528
     1271000  0.421387
     1272000  0.429600
     1273000  0.420309
     1274000  0.420111
     1275000  0.424443
     1276000  0.414493
     1277000  0.417080
     1278000  0.414830
     1279000  0.407902
     1280000  0.429663
     1281000  0.409679
     1282000  0.441499
     1283000  0.429537
     1284000  0.429169
     1285000  0.433994
     1286000  0.435721
     1287000  0.414989
     1288000  0.421463
     1289000  0.419828
     1290000  0.412790
     1291000  0.428222
     1292000  0.448058
     1293000  0.422606
     1294000  0.412532
     1295000  0.435131
     1296000  0.420752
     1297000  0.415015
     1298000  0.419983
     1299000  0.427132
     1300000  0.433204
     1301000  0.435750
     1302000  0.428544
     1303000  0.417938
     1304000  0.416044
     1305000  0.411415
     1306000  0.423485
     1307000  0.432386
     1308000  0.428550
     1309000  0.408388
     1310000  0.447237
     1311000  0.407920
     1312000  0.396306
     1313000  0.396143
     1314000  0.444295
     1315000  0.406600
     1316000  0.411613
     1317000  0.431790
     1318000  0.420872
     1319000  0.405986
     1320000  0.430707
     1321000  0.418127
     1322000  0.417457
     1323000  0.412506
     1324000  0.410250
     1325000  0.433037
     1326000  0.419734
     1327000  0.437854
     1328000  0.415373
     1329000  0.434351
     1330000  0.435779
     1331000  0.417540
     1332000  0.434186
     1333000  0.422846
     1334000  0.418310
     1335000  0.406880
     1336000  0.414031
     1337000  0.410999
     1338000  0.383833
     1339000  0.416931
     1340000  0.436981
     1341000  0.424241
     1342000  0.426117
     1343000  0.398560
     1344000  0.436750
     1345000  0.416874
     1346000  0.428123
     1347000  0.416844
     1348000  0.435138
     1349000  0.426843
     1350000  0.438547
     1351000  0.427593
     1352000  0.418212
     1353000  0.405824
     1354000  0.408773
     1355000  0.422498
     1356000  0.418067
     1357000  0.429323
     1358000  0.425729
     1359000  0.418846
     1360000  0.414483
     1361000  0.422378
     1362000  0.449468
     1363000  0.397899
     1364000  0.418315
     1365000  0.413721
     1366000  0.413931
     1367000  0.420928
     1368000  0.431676
     1369000  0.415369
     1370000  0.432150
     1371000  0.404517
     1372000  0.435826
     1373000  0.440306
     1374000  0.431050
     1375000  0.424220
     1376000  0.414720
     1377000  0.440045
     1378000  0.441751
     1379000  0.423836
     1380000  0.419222
     1381000  0.439353
     1382000  0.445059
     1383000  0.434634
     1384000  0.426533
     1385000  0.408086
     1386000  0.406096
     1387000  0.428955
     1388000  0.441706
     1389000  0.422369
     1390000  0.422284
     1391000  0.406034
     1392000  0.439439
     1393000  0.436971
     1394000  0.412671
     1395000  0.421910
     1396000  0.417730
     1397000  0.445684
     1398000  0.422322
     1399000  0.423344
     1400000  0.419871
     1401000  0.427109
     1402000  0.406786
     1403000  0.422315
     1404000  0.419022
     1405000  0.427312
     1406000  0.432347
     1407000  0.443222
     1408000  0.443138
     1409000  0.433601
     1410000  0.416372
     1411000  0.412923
     1412000  0.412312
     1413000  0.429686
     1414000  0.435336
     1415000  0.426357
     1416000  0.407311
     1417000  0.418464
     1418000  0.434394
     1419000  0.423431
     1420000  0.415015
     1421000  0.426938
     1422000  0.420927
     1423000  0.434621
     1424000  0.434917
     1425000  0.410370
     1426000  0.447464
     1427000  0.428308
     1428000  0.392694
     1429000  0.428727
     1430000  0.440033
     1431000  0.431457
     1432000  0.423156
     1433000  0.421977
     1434000  0.408370
     1435000  0.435480
     1436000  0.412834
     1437000  0.444153
     1438000  0.413207
     1439000  0.412193
     1440000  0.409265
     1441000  0.415672
     1442000  0.424747
     1443000  0.418264
     1444000  0.433833
     1445000  0.437124
     1446000  0.433546
     1447000  0.424757
     1448000  0.428659
     1449000  0.434554
     1450000  0.415697
     1451000  0.415402
     1452000  0.443974
     1453000  0.420140
     1454000  0.407057
     1455000  0.429761
     1456000  0.417617
     1457000  0.421172
     1458000  0.385786
     1459000  0.427980
     1460000  0.429927
     1461000  0.415643
     1462000  0.438450
     1463000  0.446766
     1464000  0.422772
     1465000  0.419771
     1466000  0.403246
     1467000  0.419181
     1468000  0.410246
     1469000  0.397998
     1470000  0.423720
     1471000  0.421919
     1472000  0.423249
     1473000  0.419268
     1474000  0.408273
     1475000  0.436541
     1476000  0.425593
     1477000  0.412270
     1478000  0.426583
     1479000  0.419627
     1480000  0.425492
     1481000  0.423907
     1482000  0.428888
     1483000  0.416795
     1484000  0.432234
     1485000  0.430894
     1486000  0.413962
     1487000  0.407394
     1488000  0.430302
     1489000  0.441704
     1490000  0.404605
     1491000  0.418697
     1492000  0.428994
     1493000  0.425723
     1494000  0.430057
     1495000  0.382568
     1496000  0.416024
     1497000  0.415499
     1498000  0.447909
     1499000  0.431111
     1500000  0.433003
     1501000  0.421592
     1502000  0.435890
     1503000  0.431771
     1504000  0.430507
     1505000  0.421362
     1506000  0.393409
     1507000  0.426916
     1508000  0.424254
     1509000  0.428658
     1510000  0.428734
     1511000  0.410283
     1512000  0.409871
     1513000  0.434273
     1514000  0.433317
     1515000  0.422815
     1516000  0.436686
     1517000  0.439906
     1518000  0.422083
     1519000  0.431138
     1520000  0.437503
     1521000  0.426397
     1522000  0.420253
     1523000  0.431751
     1524000  0.418883
     1525000  0.426795
     1526000  0.431209
     1527000  0.416635
     1528000  0.410487
     1529000  0.423216
     1530000  0.423702
     1531000  0.428928
     1532000  0.434263
     1533000  0.438760
     1534000  0.414106
     1535000  0.419029
     1536000  0.444591
     1537000  0.433386
     1538000  0.447185
     1539000  0.423425
     1540000  0.379233
     1541000  0.451598
     1542000  0.424747
     1543000  0.416888
     1544000  0.444998
     1545000  0.412477
     1546000  0.401267
     1547000  0.412073
     1548000  0.412431
     1549000  0.428129
     1550000  0.428338
     1551000  0.424556
     1552000  0.421977
     1553000  0.446996
     1554000  0.415214
     1555000  0.407512
     1556000  0.435038
     1557000  0.421792
     1558000  0.406185
     1559000  0.422321
     1560000  0.407670
     1561000  0.433106
     1562000  0.414235
     1563000  0.398485
     1564000  0.440452
     1565000  0.406750
     1566000  0.420758
     1567000  0.426921
     1568000  0.430458
     1569000  0.412432
     1570000  0.420755
     1571000  0.428127
     1572000  0.421581
     1573000  0.427909
     1574000  0.415033
     1575000  0.414751
     1576000  0.432009
     1577000  0.394631
     1578000  0.433998
     1579000  0.413440
     1580000  0.435919
     1581000  0.407823
     1582000  0.412621
     1583000  0.413450
     1584000  0.426036
     1585000  0.449957
     1586000  0.433286
     1587000  0.425315
     1588000  0.435982
     1589000  0.418087
     1590000  0.417531
     1591000  0.435659
     1592000  0.430504
     1593000  0.415754
     1594000  0.411830
     1595000  0.423266
     1596000  0.431858
     1597000  0.412265
     1598000  0.439836
     1599000  0.410824
     1600000  0.408077
     1601000  0.432290
     1602000  0.435816
     1603000  0.433652
     1604000  0.404088
     1605000  0.441428
     1606000  0.433230
     1607000  0.401042
     1608000  0.434018
     1609000  0.417359
     1610000  0.418520
     1611000  0.414526
     1612000  0.420799
     1613000  0.427690
     1614000  0.441166
     1615000  0.416384
     1616000  0.440660
     1617000  0.427310
     1618000  0.431687
     1619000  0.433197
     1620000  0.451031
     1621000  0.426064
     1622000  0.432074
     1623000  0.413514
     1624000  0.416697
     1625000  0.406533
     1626000  0.435700
     1627000  0.418348
     1628000  0.408975
     1629000  0.406056
     1630000  0.419684
     1631000  0.415857
     1632000  0.406182
     1633000  0.430352
     1634000  0.423073
     1635000  0.430166
     1636000  0.410580
     1637000  0.426367
     1638000  0.431062
     1639000  0.405053
     1640000  0.428420
     1641000  0.441538
     1642000  0.423456
     1643000  0.416501
     1644000  0.424454
     1645000  0.407291
     1646000  0.417992
     1647000  0.419883
     1648000  0.435705
     1649000  0.405797
     1650000  0.415690
     1651000  0.411350
     1652000  0.411737
     1653000  0.423436
     1654000  0.413952
     1655000  0.436401
     1656000  0.430703
     1657000  0.413682
     1658000  0.447736
     1659000  0.423218
     1660000  0.411321
     1661000  0.414097
     1662000  0.413509
     1663000  0.422153
     1664000  0.424975
     1665000  0.422919
     1666000  0.437461
     1667000  0.421486
     1668000  0.449863
     1669000  0.431568
     1670000  0.426793
     1671000  0.414223
     1672000  0.446178
     1673000  0.433939
     1674000  0.376860
     1675000  0.435150
     1676000  0.407675
     1677000  0.427120
     1678000  0.424647
     1679000  0.433543
     1680000  0.402818
     1681000  0.413366
     1682000  0.417009
     1683000  0.411075
     1684000  0.436503
     1685000  0.414353
     1686000  0.417255
     1687000  0.431230
     1688000  0.436417
     1689000  0.435101
     1690000  0.412504
     1691000  0.418537
     1692000  0.445477
     1693000  0.401868
     1694000  0.422535
     1695000  0.415699
     1696000  0.432443
     1697000  0.429174
     1698000  0.437170
     1699000  0.423426
     1700000  0.375304
     1701000  0.429426
     1702000  0.409308
     1703000  0.411583
     1704000  0.411884
     1705000  0.407483
     1706000  0.419388
     1707000  0.420342
     1708000  0.434316
     1709000  0.420301
     1710000  0.434207
     1711000  0.426339
     1712000  0.413466
     1713000  0.430623
     1714000  0.407382
     1715000  0.420996
     1716000  0.436302
     1717000  0.422379
     1718000  0.406655
     1719000  0.436383
     1720000  0.411997
     1721000  0.445685
     1722000  0.416432
     1723000  0.415182
     1724000  0.413405
     1725000  0.426542
     1726000  0.431576
     1727000  0.418175
     1728000  0.425183
     1729000  0.449815
     1730000  0.443826
     1731000  0.428733
     1732000  0.418014
     1733000  0.423341
     1734000  0.407665
     1735000  0.415943
     1736000  0.421018
     1737000  0.413417
     1738000  0.406309
     1739000  0.444840
     1740000  0.425676
     1741000  0.408829
     1742000  0.417412
     1743000  0.405045
     1744000  0.412656
     1745000  0.418807
     1746000  0.413523
     1747000  0.414177
     1748000  0.427492
     1749000  0.413895
     1750000  0.425580
     1751000  0.433214
     1752000  0.375920
     1753000  0.410671
     1754000  0.421160
     1755000  0.431792
     1756000  0.429089
     1757000  0.420179
     1758000  0.422352
     1759000  0.440786
     1760000  0.424135
     1761000  0.411052
     1762000  0.408646
     1763000  0.402760
     1764000  0.440597
     1765000  0.423035
     1766000  0.440270
     1767000  0.415599
     1768000  0.440081
     1769000  0.418786
     1770000  0.448832
     1771000  0.406249
     1772000  0.433473
     1773000  0.426004
     1774000  0.436738
     1775000  0.413644
     1776000  0.418135
     1777000  0.445692
     1778000  0.410300
     1779000  0.405482
     1780000  0.426455
     1781000  0.437012
     1782000  0.430226
     1783000  0.437642
     1784000  0.403875
     1785000  0.423533
     1786000  0.418970
     1787000  0.441716
     1788000  0.406999
     1789000  0.417825
     1790000  0.442035
     1791000  0.418919
     1792000  0.426067
     1793000  0.417207
     1794000  0.431069
     1795000  0.428824
     1796000  0.426957
     1797000  0.418967
     1798000  0.446627
     1799000  0.426921
     1800000  0.425484
     1801000  0.425526
     1802000  0.420515
     1803000  0.426455
     1804000  0.417595
     1805000  0.423726
     1806000  0.405627
     1807000  0.424890
     1808000  0.436284
     1809000  0.433554
     1810000  0.411555
     1811000  0.410394
     1812000  0.412575
     1813000  0.415405
     1814000  0.442084
     1815000  0.435039
     1816000  0.423837
     1817000  0.414363
     1818000  0.411862
     1819000  0.441553
     1820000  0.437188
     1821000  0.418227
     1822000  0.393016
     1823000  0.443180
     1824000  0.407243
     1825000  0.416877
     1826000  0.437318
     1827000  0.386285
     1828000  0.416002
     1829000  0.429122
     1830000  0.409183
     1831000  0.432492
     1832000  0.410844
     1833000  0.431551
     1834000  0.444269
     1835000  0.440758
     1836000  0.419840
     1837000  0.429564
     1838000  0.409944
     1839000  0.418409
     1840000  0.408109
     1841000  0.426501
     1842000  0.428986
     1843000  0.433380
     1844000  0.433426
     1845000  0.432915
     1846000  0.400155
     1847000  0.419276
     1848000  0.424839
     1849000  0.421758
     1850000  0.446033
     1851000  0.406757
     1852000  0.402471
     1853000  0.416304
     1854000  0.431227
     1855000  0.423752
     1856000  0.404841
     1857000  0.416668
     1858000  0.407984
     1859000  0.416854
     1860000  0.419610
     1861000  0.411778
     1862000  0.438242
     1863000  0.431058
     1864000  0.427432
     1865000  0.436619
     1866000  0.421997
     1867000  0.421919
     1868000  0.430535
     1869000  0.428188
     1870000  0.424175
     1871000  0.431871
     1872000  0.422637
     1873000  0.413581
     1874000  0.416297
     1875000  0.426962
     1876000  0.410994
     1877000  0.403424
     1878000  0.422429
     1879000  0.420525
     1880000  0.417428
     1881000  0.414382
     1882000  0.416350
     1883000  0.405438
     1884000  0.419985
     1885000  0.411371
     1886000  0.425478
     1887000  0.444688
     1888000  0.443825
     1889000  0.402392
     1890000  0.441092
     1891000  0.437918
     1892000  0.402619
     1893000  0.414125
     1894000  0.428396
     1895000  0.414918
     1896000  0.439952
     1897000  0.425234
     1898000  0.433052
     1899000  0.414316
     1900000  0.406123
     1901000  0.413203
     1902000  0.413049
     1903000  0.417231
     1904000  0.418998
     1905000  0.421160
     1906000  0.418168
     1907000  0.425976
     1908000  0.431752
     1909000  0.412437
     1910000  0.407438
     1911000  0.422432
     1912000  0.406342
     1913000  0.431238
     1914000  0.441219
     1915000  0.436110
     1916000  0.411279
     1917000  0.400925
     1918000  0.422000
     1919000  0.422094
     1920000  0.436494
     1921000  0.444018
     1922000  0.444695
     1923000  0.407042
     1924000  0.429861
     1925000  0.445018
     1926000  0.430439
     1927000  0.421921
     1928000  0.440029
     1929000  0.429190
     1930000  0.423289
     1931000  0.407783
     1932000  0.421394
     1933000  0.426282
     1934000  0.404060
     1935000  0.438381
     1936000  0.424813
     1937000  0.416719
     1938000  0.424244
     1939000  0.422457
     1940000  0.414787
     1941000  0.418239
     1942000  0.429475
     1943000  0.439975
     1944000  0.436238
     1945000  0.417882
     1946000  0.431386
     1947000  0.438233
     1948000  0.421967
     1949000  0.425406
     1950000  0.424174
     1951000  0.413614
     1952000  0.418690
     1953000  0.392091
     1954000  0.429662
     1955000  0.440070
     1956000  0.431050
     1957000  0.447861
     1958000  0.442757
     1959000  0.424261
     1960000  0.429807
     1961000  0.417672
     1962000  0.441015
     1963000  0.426537
     1964000  0.423573
     1965000  0.415768
     1966000  0.401005
     1967000  0.415843
     1968000  0.420010
     1969000  0.409295
     1970000  0.413691
     1971000  0.436890
     1972000  0.443624
     1973000  0.426302
     1974000  0.435479
     1975000  0.429549
     1976000  0.420764
     1977000  0.406707
     1978000  0.431970
     1979000  0.422943
     1980000  0.407910
     1981000  0.443549
     1982000  0.431762
     1983000  0.412888
     1984000  0.420823
     1985000  0.448544
     1986000  0.427693
     1987000  0.432287
     1988000  0.419540
     1989000  0.409301
     1990000  0.400920
     1991000  0.412938
     1992000  0.425466
     1993000  0.441879
     1994000  0.423673
     1995000  0.416478
     1996000  0.409508
     1997000  0.433928
     1998000  0.441420
     1999000  0.409832
     2000000  0.428856
