    genPlus1     spaQ
        1000  0.514228
        2000  0.527573
        3000  0.502036
        4000  0.515241
        5000  0.518109
        6000  0.513359
        7000  0.517917
        8000  0.520124
        9000  0.503998
       10000  0.506213
       11000  0.499252
       12000  0.506179
       13000  0.528680
       14000  0.528197
       15000  0.522958
       16000  0.512045
       17000  0.505069
       18000  0.503289
       19000  0.507973
       20000  0.518050
       21000  0.506345
       22000  0.510548
       23000  0.516626
       24000  0.515140
       25000  0.514830
       26000  0.523702
       27000  0.514451
       28000  0.522538
       29000  0.503603
       30000  0.519183
       31000  0.522557
       32000  0.518925
       33000  0.524016
       34000  0.505968
       35000  0.518733
       36000  0.508272
       37000  0.518263
       38000  0.520805
       39000  0.515683
       40000  0.518119
       41000  0.517504
       42000  0.511347
       43000  0.519545
       44000  0.517890
       45000  0.504903
       46000  0.515483
       47000  0.505697
       48000  0.519053
       49000  0.520078
       50000  0.514014
       51000  0.517841
       52000  0.505186
       53000  0.516663
       54000  0.518185
       55000  0.516261
       56000  0.500496
       57000  0.518251
       58000  0.517864
       59000  0.501100
       60000  0.524786
       61000  0.523698
       62000  0.512998
       63000  0.513329
       64000  0.514081
       65000  0.529194
       66000  0.514636
       67000  0.519973
       68000  0.519993
       69000  0.510108
       70000  0.521971
       71000  0.517384
       72000  0.523373
       73000  0.524139
       74000  0.510803
       75000  0.516193
       76000  0.516741
       77000  0.518931
       78000  0.510979
       79000  0.524150
       80000  0.504557
       81000  0.518942
       82000  0.516494
       83000  0.512059
       84000  0.523664
       85000  0.510410
       86000  0.534237
       87000  0.512192
       88000  0.525239
       89000  0.509847
       90000  0.521624
       91000  0.507207
       92000  0.510356
       93000  0.527679
       94000  0.493288
       95000  0.515064
       96000  0.513619
       97000  0.510175
       98000  0.516869
       99000  0.529661
      100000  0.520000
      101000  0.513384
      102000  0.525486
      103000  0.524809
      104000  0.520720
      105000  0.503083
      106000  0.515033
      107000  0.521078
      108000  0.519559
      109000  0.518665
      110000  0.512921
      111000  0.515516
      112000  0.510809
      113000  0.516410
      114000  0.515613
      115000  0.504526
      116000  0.499895
      117000  0.519955
      118000  0.520942
      119000  0.510704
      120000  0.512087
      121000  0.520197
      122000  0.509165
      123000  0.515594
      124000  0.515352
      125000  0.507258
      126000  0.515628
      127000  0.534544
      128000  0.514183
      129000  0.528350
      130000  0.500637
      131000  0.500973
      132000  0.521740
      133000  0.520170
      134000  0.518372
      135000  0.529651
      136000  0.525327
      137000  0.506934
      138000  0.510476
      139000  0.509205
      140000  0.520159
      141000  0.527958
      142000  0.525979
      143000  0.512400
      144000  0.515685
      145000  0.503075
      146000  0.519588
      147000  0.515409
      148000  0.505501
      149000  0.526393
      150000  0.525781
      151000  0.508253
      152000  0.515965
      153000  0.521331
      154000  0.522334
      155000  0.516020
      156000  0.506252
      157000  0.508636
      158000  0.509566
      159000  0.505464
      160000  0.522944
      161000  0.509789
      162000  0.505744
      163000  0.514528
      164000  0.512811
      165000  0.523297
      166000  0.520132
      167000  0.518664
      168000  0.506021
      169000  0.536831
      170000  0.512116
      171000  0.505051
      172000  0.524319
      173000  0.518341
      174000  0.513835
      175000  0.501977
      176000  0.512116
      177000  0.517654
      178000  0.519931
      179000  0.508421
      180000  0.509592
      181000  0.516082
      182000  0.511154
      183000  0.524999
      184000  0.503008
      185000  0.512848
      186000  0.508054
      187000  0.489716
      188000  0.509595
      189000  0.509256
      190000  0.520324
      191000  0.522060
      192000  0.515323
      193000  0.525037
      194000  0.527997
      195000  0.503671
      196000  0.510863
      197000  0.512551
      198000  0.513009
      199000  0.506817
      200000  0.518202
      201000  0.515508
      202000  0.518877
      203000  0.515940
      204000  0.507796
      205000  0.527004
      206000  0.523082
      207000  0.523260
      208000  0.514936
      209000  0.519621
      210000  0.504104
      211000  0.517836
      212000  0.519868
      213000  0.513052
      214000  0.510692
      215000  0.509126
      216000  0.525977
      217000  0.513324
      218000  0.516931
      219000  0.511855
      220000  0.517008
      221000  0.514161
      222000  0.506735
      223000  0.496069
      224000  0.522211
      225000  0.516167
      226000  0.524154
      227000  0.522164
      228000  0.492013
      229000  0.513720
      230000  0.529147
      231000  0.503425
      232000  0.511097
      233000  0.517511
      234000  0.497847
      235000  0.502951
      236000  0.524323
      237000  0.520833
      238000  0.510279
      239000  0.524258
      240000  0.520691
      241000  0.515354
      242000  0.514259
      243000  0.507935
      244000  0.520673
      245000  0.506219
      246000  0.519045
      247000  0.511047
      248000  0.510161
      249000  0.521197
      250000  0.524474
      251000  0.519037
      252000  0.513488
      253000  0.519405
      254000  0.512224
      255000  0.492410
      256000  0.522086
      257000  0.519307
      258000  0.509418
      259000  0.512916
      260000  0.504338
      261000  0.504818
      262000  0.514721
      263000  0.503662
      264000  0.517645
      265000  0.512682
      266000  0.521966
      267000  0.535052
      268000  0.514343
      269000  0.517026
      270000  0.504348
      271000  0.502194
      272000  0.509739
      273000  0.509016
      274000  0.514534
      275000  0.500925
      276000  0.509576
      277000  0.513019
      278000  0.511846
      279000  0.527389
      280000  0.521914
      281000  0.527749
      282000  0.511230
      283000  0.516704
      284000  0.523086
      285000  0.511143
      286000  0.514733
      287000  0.505652
      288000  0.515397
      289000  0.529620
      290000  0.531839
      291000  0.527115
      292000  0.523419
      293000  0.523771
      294000  0.516750
      295000  0.504454
      296000  0.506849
      297000  0.524599
      298000  0.508387
      299000  0.513785
      300000  0.508798
      301000  0.523182
      302000  0.517861
      303000  0.499988
      304000  0.504057
      305000  0.521963
      306000  0.518414
      307000  0.516212
      308000  0.516891
      309000  0.518072
      310000  0.520005
      311000  0.515099
      312000  0.502205
      313000  0.524080
      314000  0.519527
      315000  0.516059
      316000  0.504290
      317000  0.507411
      318000  0.505291
      319000  0.505584
      320000  0.500760
      321000  0.519870
      322000  0.523136
      323000  0.509031
      324000  0.504786
      325000  0.518222
      326000  0.515260
      327000  0.504753
      328000  0.512334
      329000  0.507776
      330000  0.509881
      331000  0.521925
      332000  0.516002
      333000  0.507562
      334000  0.509678
      335000  0.518525
      336000  0.525565
      337000  0.508041
      338000  0.522593
      339000  0.515896
      340000  0.510960
      341000  0.518683
      342000  0.516457
      343000  0.504836
      344000  0.521719
      345000  0.508261
      346000  0.535925
      347000  0.508882
      348000  0.509307
      349000  0.508398
      350000  0.504770
      351000  0.529026
      352000  0.507234
      353000  0.512644
      354000  0.497715
      355000  0.511299
      356000  0.516426
      357000  0.516942
      358000  0.493583
      359000  0.518653
      360000  0.505510
      361000  0.511423
      362000  0.519884
      363000  0.511679
      364000  0.527238
      365000  0.518966
      366000  0.517437
      367000  0.511549
      368000  0.519154
      369000  0.506350
      370000  0.512501
      371000  0.506452
      372000  0.515280
      373000  0.519279
      374000  0.518147
      375000  0.515878
      376000  0.504970
      377000  0.510938
      378000  0.515489
      379000  0.510793
      380000  0.521126
      381000  0.508003
      382000  0.531541
      383000  0.519625
      384000  0.523980
      385000  0.514798
      386000  0.521035
      387000  0.517727
      388000  0.511370
      389000  0.509704
      390000  0.526958
      391000  0.518175
      392000  0.521726
      393000  0.509143
      394000  0.510605
      395000  0.526655
      396000  0.511358
      397000  0.502372
      398000  0.516041
      399000  0.505520
      400000  0.513167
      401000  0.516706
      402000  0.503391
      403000  0.524676
      404000  0.498293
      405000  0.515076
      406000  0.511807
      407000  0.507038
      408000  0.512228
      409000  0.515529
      410000  0.516639
      411000  0.520421
      412000  0.524732
      413000  0.520486
      414000  0.523970
      415000  0.525367
      416000  0.527141
      417000  0.515931
      418000  0.516447
      419000  0.518615
      420000  0.515684
      421000  0.516154
      422000  0.531725
      423000  0.511383
      424000  0.504009
      425000  0.517643
      426000  0.521997
      427000  0.529755
      428000  0.503771
      429000  0.531675
      430000  0.514528
      431000  0.503083
      432000  0.515156
      433000  0.511412
      434000  0.524695
      435000  0.515530
      436000  0.503165
      437000  0.513990
      438000  0.516587
      439000  0.524260
      440000  0.508309
      441000  0.507347
      442000  0.529445
      443000  0.510224
      444000  0.514143
      445000  0.518198
      446000  0.495914
      447000  0.498419
      448000  0.512748
      449000  0.503346
      450000  0.515482
      451000  0.521028
      452000  0.510933
      453000  0.508197
      454000  0.522619
      455000  0.514382
      456000  0.507363
      457000  0.527859
      458000  0.509582
      459000  0.511228
      460000  0.511635
      461000  0.512351
      462000  0.514476
      463000  0.501355
      464000  0.523859
      465000  0.518059
      466000  0.529732
      467000  0.517970
      468000  0.509014
      469000  0.517432
      470000  0.522070
      471000  0.506294
      472000  0.522434
      473000  0.507466
      474000  0.516405
      475000  0.507989
      476000  0.516400
      477000  0.505540
      478000  0.511216
      479000  0.509097
      480000  0.507340
      481000  0.509565
      482000  0.520341
      483000  0.514414
      484000  0.507409
      485000  0.507901
      486000  0.518825
      487000  0.504160
      488000  0.513352
      489000  0.513052
      490000  0.516481
      491000  0.507307
      492000  0.514390
      493000  0.512866
      494000  0.521733
      495000  0.511765
      496000  0.515653
      497000  0.509842
      498000  0.527830
      499000  0.513157
      500000  0.508862
      501000  0.515779
      502000  0.516757
      503000  0.521302
      504000  0.516999
      505000  0.510653
      506000  0.532697
      507000  0.509717
      508000  0.501934
      509000  0.525555
      510000  0.526658
      511000  0.516851
      512000  0.524358
      513000  0.521409
      514000  0.526351
      515000  0.521791
      516000  0.514766
      517000  0.511984
      518000  0.516719
      519000  0.507857
      520000  0.510183
      521000  0.515679
      522000  0.503181
      523000  0.513571
      524000  0.509610
      525000  0.500595
      526000  0.523765
      527000  0.525529
      528000  0.516440
      529000  0.514937
      530000  0.526827
      531000  0.527536
      532000  0.505296
      533000  0.519433
      534000  0.515773
      535000  0.511819
      536000  0.516817
      537000  0.510090
      538000  0.503137
      539000  0.519056
      540000  0.514462
      541000  0.505854
      542000  0.507822
      543000  0.519234
      544000  0.521369
      545000  0.514381
      546000  0.512518
      547000  0.520669
      548000  0.497064
      549000  0.510791
      550000  0.507585
      551000  0.491840
      552000  0.515262
      553000  0.537077
      554000  0.514549
      555000  0.506132
      556000  0.521865
      557000  0.512668
      558000  0.516361
      559000  0.502295
      560000  0.503165
      561000  0.513945
      562000  0.505836
      563000  0.500836
      564000  0.513916
      565000  0.518647
      566000  0.520177
      567000  0.513212
      568000  0.516306
      569000  0.514926
      570000  0.502998
      571000  0.515142
      572000  0.512090
      573000  0.514624
      574000  0.519727
      575000  0.504628
      576000  0.515630
      577000  0.502763
      578000  0.518172
      579000  0.525749
      580000  0.500384
      581000  0.525123
      582000  0.513293
      583000  0.519999
      584000  0.501493
      585000  0.516385
      586000  0.513971
      587000  0.514826
      588000  0.512535
      589000  0.500683
      590000  0.515835
      591000  0.520060
      592000  0.513054
      593000  0.511270
      594000  0.520371
      595000  0.511852
      596000  0.520051
      597000  0.496381
      598000  0.503456
      599000  0.523990
      600000  0.501710
      601000  0.514557
      602000  0.527887
      603000  0.524599
      604000  0.498955
      605000  0.509855
      606000  0.512512
      607000  0.521272
      608000  0.510052
      609000  0.523662
      610000  0.525313
      611000  0.516882
      612000  0.506087
      613000  0.522695
      614000  0.521798
      615000  0.520462
      616000  0.510777
      617000  0.513622
      618000  0.511745
      619000  0.533404
      620000  0.511259
      621000  0.526999
      622000  0.508142
      623000  0.513228
      624000  0.503410
      625000  0.527500
      626000  0.519946
      627000  0.504344
      628000  0.514159
      629000  0.513164
      630000  0.509953
      631000  0.511104
      632000  0.521079
      633000  0.515546
      634000  0.517662
      635000  0.535067
      636000  0.519696
      637000  0.510737
      638000  0.499227
      639000  0.501292
      640000  0.528705
      641000  0.496575
      642000  0.515216
      643000  0.509548
      644000  0.512672
      645000  0.527643
      646000  0.528498
      647000  0.513260
      648000  0.521221
      649000  0.510905
      650000  0.510394
      651000  0.514851
      652000  0.510819
      653000  0.499853
      654000  0.514520
      655000  0.509076
      656000  0.503505
      657000  0.506144
      658000  0.498772
      659000  0.516830
      660000  0.502907
      661000  0.511752
      662000  0.507040
      663000  0.506805
      664000  0.505058
      665000  0.519874
      666000  0.522311
      667000  0.521210
      668000  0.514870
      669000  0.507566
      670000  0.511052
      671000  0.514409
      672000  0.520528
      673000  0.518511
      674000  0.513414
      675000  0.526148
      676000  0.518818
      677000  0.513790
      678000  0.515636
      679000  0.511806
      680000  0.527234
      681000  0.524045
      682000  0.518920
      683000  0.519983
      684000  0.500449
      685000  0.522976
      686000  0.505421
      687000  0.511610
      688000  0.527971
      689000  0.496620
      690000  0.508377
      691000  0.509954
      692000  0.518573
      693000  0.526968
      694000  0.525458
      695000  0.521497
      696000  0.514109
      697000  0.508739
      698000  0.513378
      699000  0.515651
      700000  0.505265
      701000  0.502658
      702000  0.514601
      703000  0.517411
      704000  0.527415
      705000  0.508406
      706000  0.513341
      707000  0.520978
      708000  0.521201
      709000  0.511532
      710000  0.519429
      711000  0.514400
      712000  0.528664
      713000  0.508609
      714000  0.522387
      715000  0.519119
      716000  0.503904
      717000  0.528197
      718000  0.515753
      719000  0.506984
      720000  0.516181
      721000  0.510852
      722000  0.492969
      723000  0.506817
      724000  0.505511
      725000  0.519418
      726000  0.502429
      727000  0.521028
      728000  0.525983
      729000  0.501548
      730000  0.514276
      731000  0.517320
      732000  0.508367
      733000  0.518498
      734000  0.519371
      735000  0.511529
      736000  0.518327
      737000  0.518877
      738000  0.522698
      739000  0.517778
      740000  0.520589
      741000  0.529435
      742000  0.512226
      743000  0.515093
      744000  0.522945
      745000  0.520519
      746000  0.502979
      747000  0.512926
      748000  0.511423
      749000  0.509293
      750000  0.503810
      751000  0.507494
      752000  0.516798
      753000  0.523669
      754000  0.521654
      755000  0.505611
      756000  0.513725
      757000  0.521037
      758000  0.513963
      759000  0.519445
      760000  0.510664
      761000  0.524084
      762000  0.515973
      763000  0.504485
      764000  0.512990
      765000  0.508465
      766000  0.509572
      767000  0.508148
      768000  0.521688
      769000  0.520822
      770000  0.508711
      771000  0.513752
      772000  0.507007
      773000  0.510043
      774000  0.511437
      775000  0.510933
      776000  0.504558
      777000  0.520288
      778000  0.523611
      779000  0.506498
      780000  0.507126
      781000  0.522050
      782000  0.513980
      783000  0.499768
      784000  0.514399
      785000  0.509364
      786000  0.519050
      787000  0.524208
      788000  0.509490
      789000  0.508945
      790000  0.508758
      791000  0.513158
      792000  0.521687
      793000  0.503363
      794000  0.515618
      795000  0.507975
      796000  0.520800
      797000  0.510451
      798000  0.511544
      799000  0.514320
      800000  0.513497
      801000  0.515165
      802000  0.514082
      803000  0.519764
      804000  0.507620
      805000  0.513493
      806000  0.525165
      807000  0.508806
      808000  0.519755
      809000  0.520715
      810000  0.518424
      811000  0.522169
      812000  0.518984
      813000  0.519493
      814000  0.504961
      815000  0.523975
      816000  0.507830
      817000  0.514046
      818000  0.514516
      819000  0.517531
      820000  0.506405
      821000  0.514522
      822000  0.523336
      823000  0.504197
      824000  0.507572
      825000  0.519439
      826000  0.517102
      827000  0.514499
      828000  0.517459
      829000  0.516242
      830000  0.524745
      831000  0.520502
      832000  0.520999
      833000  0.514429
      834000  0.511922
      835000  0.530402
      836000  0.513162
      837000  0.518252
      838000  0.517692
      839000  0.501396
      840000  0.496903
      841000  0.519160
      842000  0.518297
      843000  0.507436
      844000  0.502889
      845000  0.513452
      846000  0.517612
      847000  0.513739
      848000  0.517172
      849000  0.510974
      850000  0.528118
      851000  0.514971
      852000  0.520296
      853000  0.509875
      854000  0.514368
      855000  0.520813
      856000  0.506691
      857000  0.516804
      858000  0.514768
      859000  0.517860
      860000  0.514988
      861000  0.513404
      862000  0.510829
      863000  0.526711
      864000  0.519433
      865000  0.512730
      866000  0.510974
      867000  0.515082
      868000  0.509716
      869000  0.511145
      870000  0.501435
      871000  0.519262
      872000  0.499491
      873000  0.521801
      874000  0.509309
      875000  0.520977
      876000  0.499963
      877000  0.521304
      878000  0.518934
      879000  0.514208
      880000  0.528340
      881000  0.526834
      882000  0.515736
      883000  0.500229
      884000  0.518228
      885000  0.519741
      886000  0.513882
      887000  0.527023
      888000  0.512817
      889000  0.531921
      890000  0.513667
      891000  0.525484
      892000  0.507699
      893000  0.500764
      894000  0.509073
      895000  0.512833
      896000  0.508776
      897000  0.508223
      898000  0.515760
      899000  0.508368
      900000  0.530338
      901000  0.518457
      902000  0.522416
      903000  0.512958
      904000  0.515029
      905000  0.508640
      906000  0.515670
      907000  0.510991
      908000  0.519066
      909000  0.507976
      910000  0.500019
      911000  0.519280
      912000  0.508215
      913000  0.519846
      914000  0.513912
      915000  0.523268
      916000  0.528885
      917000  0.512210
      918000  0.509312
      919000  0.524146
      920000  0.506730
      921000  0.507066
      922000  0.504139
      923000  0.515013
      924000  0.510209
      925000  0.519981
      926000  0.517636
      927000  0.510882
      928000  0.518864
      929000  0.516258
      930000  0.518497
      931000  0.511306
      932000  0.521025
      933000  0.524168
      934000  0.516240
      935000  0.510245
      936000  0.503303
      937000  0.519474
      938000  0.510760
      939000  0.511189
      940000  0.516505
      941000  0.522564
      942000  0.517450
      943000  0.504585
      944000  0.518750
      945000  0.507092
      946000  0.504021
      947000  0.510787
      948000  0.510968
      949000  0.516605
      950000  0.518536
      951000  0.522467
      952000  0.506568
      953000  0.513699
      954000  0.489678
      955000  0.511707
      956000  0.529461
      957000  0.526999
      958000  0.501817
      959000  0.519684
      960000  0.509359
      961000  0.507798
      962000  0.517323
      963000  0.507083
      964000  0.526696
      965000  0.514746
      966000  0.511112
      967000  0.506573
      968000  0.500595
      969000  0.522189
      970000  0.515636
      971000  0.511820
      972000  0.511375
      973000  0.509895
      974000  0.501008
      975000  0.503265
      976000  0.510167
      977000  0.522997
      978000  0.518769
      979000  0.521492
      980000  0.517625
      981000  0.522064
      982000  0.512301
      983000  0.510448
      984000  0.517659
      985000  0.526825
      986000  0.512255
      987000  0.513925
      988000  0.520914
      989000  0.506505
      990000  0.532456
      991000  0.509006
      992000  0.510957
      993000  0.512496
      994000  0.510366
      995000  0.526111
      996000  0.520230
      997000  0.511444
      998000  0.518209
      999000  0.516875
     1000000  0.521064
