       1000 -254.723313
       2000 -250.839518
       3000 -252.910042
       4000 -253.794494
       5000 -252.586077
       6000 -251.454351
       7000 -251.054420
       8000 -251.714247
       9000 -250.755323
      10000 -251.079855
      11000 -251.418802
      12000 -252.566254
      13000 -252.009867
      14000 -262.827169
      15000 -253.948707
      16000 -251.236473
      17000 -252.031686
      18000 -252.010697
      19000 -255.911852
      20000 -256.890976
      21000 -252.097246
      22000 -256.489949
      23000 -252.207741
      24000 -251.229181
      25000 -253.175439
      26000 -257.032249
      27000 -251.205044
      28000 -252.885055
      29000 -254.836102
      30000 -253.033794
      31000 -251.237989
      32000 -251.132054
      33000 -250.971803
      34000 -252.685256
      35000 -251.071233
      36000 -250.754300
      37000 -251.168815
      38000 -252.625695
      39000 -252.220673
      40000 -250.931672
      41000 -252.280122
      42000 -252.552009
      43000 -250.720688
      44000 -255.040181
      45000 -251.192504
      46000 -254.865661
      47000 -250.728678
      48000 -254.225757
      49000 -251.366597
      50000 -252.716887
      51000 -252.516168
      52000 -253.440641
      53000 -252.035171
      54000 -254.051606
      55000 -251.133905
      56000 -251.141118
      57000 -252.279205
      58000 -254.097805
      59000 -250.900149
      60000 -253.453001
      61000 -251.450118
      62000 -251.759641
      63000 -251.477520
      64000 -251.333176
      65000 -251.262743
      66000 -251.407765
      67000 -250.866734
      68000 -253.234780
      69000 -250.778840
      70000 -256.589268
      71000 -251.774284
      72000 -252.181461
      73000 -259.460361
      74000 -250.723647
      75000 -252.173701
      76000 -250.893871
      77000 -251.791960
      78000 -250.832430
      79000 -252.370624
      80000 -251.094682
      81000 -252.870965
      82000 -254.767378
      83000 -253.915194
      84000 -251.643657
      85000 -253.378507
      86000 -252.327911
      87000 -250.802632
      88000 -251.447693
      89000 -251.077605
      90000 -251.913384
      91000 -250.829585
      92000 -256.724902
      93000 -250.756822
      94000 -251.330119
      95000 -250.783561
      96000 -250.711244
      97000 -254.168041
      98000 -260.511563
      99000 -252.871903
     100000 -250.901148
     101000 -252.120494
     102000 -253.108399
     103000 -251.089265
     104000 -250.952937
     105000 -253.119534
     106000 -254.467809
     107000 -251.566363
     108000 -251.517215
     109000 -251.511485
     110000 -250.654950
     111000 -250.730292
     112000 -256.061808
     113000 -251.256295
     114000 -251.344957
     115000 -252.337923
     116000 -251.500008
     117000 -250.644997
     118000 -254.627417
     119000 -255.117395
     120000 -252.730549
     121000 -254.088716
     122000 -252.485998
     123000 -251.264838
     124000 -250.696609
     125000 -251.339199
     126000 -251.916486
     127000 -250.749982
     128000 -254.299517
     129000 -254.246025
     130000 -251.385708
     131000 -251.686106
     132000 -250.677364
     133000 -250.638605
     134000 -253.719440
     135000 -252.579883
     136000 -252.087336
     137000 -250.799460
     138000 -252.479185
     139000 -252.747640
     140000 -252.089098
     141000 -257.422468
     142000 -252.498099
     143000 -250.693901
     144000 -252.157048
     145000 -251.473717
     146000 -251.141691
     147000 -251.122428
     148000 -251.125783
     149000 -250.869872
     150000 -251.159590
     151000 -252.093092
     152000 -251.436152
     153000 -253.819690
     154000 -250.985541
     155000 -254.579928
     156000 -252.032500
     157000 -256.251631
     158000 -250.900820
     159000 -251.975008
     160000 -252.291269
     161000 -250.944353
     162000 -253.063423
     163000 -252.664461
     164000 -252.760488
     165000 -250.738443
     166000 -256.985365
     167000 -255.220329
     168000 -251.821640
     169000 -253.613003
     170000 -251.737369
     171000 -252.803008
     172000 -252.058887
     173000 -255.277322
     174000 -251.638731
     175000 -250.781739
     176000 -251.334160
     177000 -251.100138
     178000 -250.675996
     179000 -252.961635
     180000 -250.910968
     181000 -253.081085
     182000 -252.820092
     183000 -251.275087
     184000 -253.551982
     185000 -250.644647
     186000 -253.750945
     187000 -251.478000
     188000 -251.442895
     189000 -254.689428
     190000 -251.461274
     191000 -251.417570
     192000 -254.079223
     193000 -252.414740
     194000 -250.794863
     195000 -254.427253
     196000 -256.802745
     197000 -254.122683
     198000 -253.730169
     199000 -250.686495
     200000 -252.444143
     201000 -250.660502
     202000 -253.699695
     203000 -252.530727
     204000 -251.720346
     205000 -253.483539
     206000 -254.281154
     207000 -257.573989
     208000 -252.620021
     209000 -252.418097
     210000 -254.000876
     211000 -251.606022
     212000 -252.451483
     213000 -252.693059
     214000 -252.236245
     215000 -250.770818
     216000 -251.580583
     217000 -254.876576
     218000 -253.391466
     219000 -251.216295
     220000 -254.690639
     221000 -256.292967
     222000 -251.923350
     223000 -250.816699
     224000 -252.150557
     225000 -250.702463
     226000 -251.284390
     227000 -251.396671
     228000 -251.578295
     229000 -252.547762
     230000 -253.969378
     231000 -251.552486
     232000 -250.983001
     233000 -254.178325
     234000 -251.906325
     235000 -252.546403
     236000 -252.068918
     237000 -250.913476
     238000 -255.243265
     239000 -256.765805
     240000 -253.018080
     241000 -251.913908
     242000 -254.280696
     243000 -253.676039
     244000 -250.750588
     245000 -251.957780
     246000 -250.626244
     247000 -251.848776
     248000 -252.095798
     249000 -253.038070
     250000 -253.256901
     251000 -251.769903
     252000 -253.069366
     253000 -253.321641
     254000 -253.305413
     255000 -250.748473
     256000 -253.927991
     257000 -252.513072
     258000 -253.398908
     259000 -256.877588
     260000 -251.569530
     261000 -251.184406
     262000 -255.777723
     263000 -251.331131
     264000 -250.719940
     265000 -253.888731
     266000 -251.070981
     267000 -266.128238
     268000 -252.056444
     269000 -250.633900
     270000 -251.263329
     271000 -252.333584
     272000 -250.922517
     273000 -252.182122
     274000 -252.654027
     275000 -251.888962
     276000 -251.002217
     277000 -251.856454
     278000 -255.715529
     279000 -251.301273
     280000 -253.341729
     281000 -254.857662
     282000 -252.236576
     283000 -250.867045
     284000 -252.901631
     285000 -251.111612
     286000 -250.749626
     287000 -253.248701
     288000 -259.892906
     289000 -252.267313
     290000 -253.978561
     291000 -254.432977
     292000 -252.540690
     293000 -252.309237
     294000 -252.569068
     295000 -250.876921
     296000 -250.667496
     297000 -254.279808
     298000 -250.677611
     299000 -250.845487
     300000 -252.299930
     301000 -253.732856
     302000 -252.427501
     303000 -252.094309
     304000 -252.048502
     305000 -252.433911
     306000 -255.490973
     307000 -251.383493
     308000 -251.349011
     309000 -252.624536
     310000 -253.004213
     311000 -250.896728
     312000 -251.021994
     313000 -251.224715
     314000 -252.736988
     315000 -252.763711
     316000 -250.946913
     317000 -251.564880
     318000 -250.784177
     319000 -250.807872
     320000 -251.183790
     321000 -251.518667
     322000 -251.477368
     323000 -252.526803
     324000 -254.667954
     325000 -253.039626
     326000 -252.859488
     327000 -252.388258
     328000 -250.803179
     329000 -251.126217
     330000 -256.747924
     331000 -253.384894
     332000 -251.517741
     333000 -250.812477
     334000 -258.483131
     335000 -251.350052
     336000 -250.923588
     337000 -251.970674
     338000 -254.707981
     339000 -251.091824
     340000 -252.480789
     341000 -251.354416
     342000 -252.325389
     343000 -250.849046
     344000 -251.107200
     345000 -253.210378
     346000 -250.642718
     347000 -252.133579
     348000 -250.848916
     349000 -252.701074
     350000 -252.088828
     351000 -252.267124
     352000 -253.079636
     353000 -251.066592
     354000 -250.831067
     355000 -252.771165
     356000 -251.371601
     357000 -252.023102
     358000 -250.758410
     359000 -252.644545
     360000 -252.684633
     361000 -253.276680
     362000 -251.064555
     363000 -252.948006
     364000 -250.728231
     365000 -251.002454
     366000 -250.960303
     367000 -251.615501
     368000 -251.425925
     369000 -250.851365
     370000 -251.341684
     371000 -253.516319
     372000 -251.061833
     373000 -251.082977
     374000 -254.587234
     375000 -251.054014
     376000 -251.031299
     377000 -250.958206
     378000 -250.816113
     379000 -252.624530
     380000 -254.546240
     381000 -252.671527
     382000 -252.753731
     383000 -250.958335
     384000 -251.002301
     385000 -250.951228
     386000 -251.277205
     387000 -253.102338
     388000 -250.897877
     389000 -252.327480
     390000 -253.743097
     391000 -252.099241
     392000 -252.149965
     393000 -254.310062
     394000 -252.472097
     395000 -250.998065
     396000 -251.056388
     397000 -256.433868
     398000 -251.704188
     399000 -251.627145
     400000 -252.401977
     401000 -254.436043
     402000 -254.169948
     403000 -252.314953
     404000 -252.451911
     405000 -251.759157
     406000 -252.171523
     407000 -254.087713
     408000 -254.407479
     409000 -252.594881
     410000 -250.758895
     411000 -252.934215
     412000 -255.370196
     413000 -250.852161
     414000 -255.063417
     415000 -250.744330
     416000 -252.693734
     417000 -251.202819
     418000 -252.039142
     419000 -251.010434
     420000 -250.935072
     421000 -258.677234
     422000 -251.377615
     423000 -250.785955
     424000 -252.069237
     425000 -254.021431
     426000 -252.626765
     427000 -251.631345
     428000 -254.718282
     429000 -255.981712
     430000 -252.790869
     431000 -253.363270
     432000 -258.484190
     433000 -252.422482
     434000 -256.335902
     435000 -252.840370
     436000 -255.967536
     437000 -252.147268
     438000 -251.379625
     439000 -251.239893
     440000 -255.235004
     441000 -250.621915
     442000 -252.887351
     443000 -251.111105
     444000 -256.121489
     445000 -252.397102
     446000 -252.743861
     447000 -254.352994
     448000 -250.988704
     449000 -251.013507
     450000 -251.662753
     451000 -252.793085
     452000 -252.351091
     453000 -253.058235
     454000 -256.319761
     455000 -250.616848
     456000 -251.159266
     457000 -253.776546
     458000 -252.198513
     459000 -254.648482
     460000 -251.040397
     461000 -254.399587
     462000 -250.656527
     463000 -251.350709
     464000 -250.937855
     465000 -251.772505
     466000 -250.725375
     467000 -250.734288
     468000 -250.783452
     469000 -252.389020
     470000 -250.739366
     471000 -253.092625
     472000 -251.221911
     473000 -252.450100
     474000 -251.247230
     475000 -251.761962
     476000 -254.408677
     477000 -254.534757
     478000 -250.688865
     479000 -250.797152
     480000 -251.189735
     481000 -251.669494
     482000 -253.663738
     483000 -254.016536
     484000 -255.711192
     485000 -256.931201
     486000 -252.944369
     487000 -251.385748
     488000 -252.786265
     489000 -251.314952
     490000 -252.395474
     491000 -252.462209
     492000 -251.810487
     493000 -251.640511
     494000 -255.249590
     495000 -250.837098
     496000 -258.049988
     497000 -251.691443
     498000 -254.145104
     499000 -252.447667
     500000 -251.337260
     501000 -253.672169
     502000 -251.412887
     503000 -253.394075
     504000 -252.660334
     505000 -257.327546
     506000 -251.215328
     507000 -254.791526
     508000 -255.525568
     509000 -250.742261
     510000 -253.775551
     511000 -251.182038
     512000 -253.855726
     513000 -251.062073
     514000 -253.299917
     515000 -253.076248
     516000 -252.508770
     517000 -252.210136
     518000 -256.533621
     519000 -251.774722
     520000 -251.034395
     521000 -251.559339
     522000 -250.662678
     523000 -250.850926
     524000 -250.910791
     525000 -251.747602
     526000 -251.071045
     527000 -252.787794
     528000 -250.637896
     529000 -252.760268
     530000 -251.479719
     531000 -251.341047
     532000 -252.610570
     533000 -257.570163
     534000 -252.523810
     535000 -251.300849
     536000 -253.344134
     537000 -250.938665
     538000 -251.474353
     539000 -252.192802
     540000 -250.753401
     541000 -254.477582
     542000 -252.476235
     543000 -254.256043
     544000 -250.804278
     545000 -254.763999
     546000 -253.072290
     547000 -252.346308
     548000 -250.697554
     549000 -252.398528
     550000 -251.569190
     551000 -250.951541
     552000 -250.910730
     553000 -254.419760
     554000 -251.149027
     555000 -256.591129
     556000 -250.794323
     557000 -251.377217
     558000 -253.383637
     559000 -253.342157
     560000 -251.169475
     561000 -250.619035
     562000 -251.372678
     563000 -257.284773
     564000 -252.945644
     565000 -252.900646
     566000 -252.173859
     567000 -250.628884
     568000 -252.112153
     569000 -253.499086
     570000 -256.996465
     571000 -252.691910
     572000 -253.047069
     573000 -251.137461
     574000 -252.025445
     575000 -253.184705
     576000 -250.672421
     577000 -255.911860
     578000 -250.838649
     579000 -261.199062
     580000 -251.058820
     581000 -251.444252
     582000 -255.482621
     583000 -251.557323
     584000 -250.835590
     585000 -253.480721
     586000 -253.373196
     587000 -251.626285
     588000 -250.704544
     589000 -251.590385
     590000 -254.384019
     591000 -253.016404
     592000 -251.057501
     593000 -251.070890
     594000 -250.704320
     595000 -251.298574
     596000 -250.668276
     597000 -250.931418
     598000 -252.066314
     599000 -256.706212
     600000 -254.209915
     601000 -251.292026
     602000 -252.703716
     603000 -251.738898
     604000 -252.633106
     605000 -251.174742
     606000 -252.395707
     607000 -257.709925
     608000 -250.631218
     609000 -251.290299
     610000 -250.808747
     611000 -253.804968
     612000 -251.389866
     613000 -250.903120
     614000 -253.069254
     615000 -250.857409
     616000 -251.119556
     617000 -252.189670
     618000 -252.608092
     619000 -252.506680
     620000 -251.050140
     621000 -250.746845
     622000 -259.007065
     623000 -250.805812
     624000 -251.249630
     625000 -251.579762
     626000 -250.967063
     627000 -252.190733
     628000 -254.787743
     629000 -252.453603
     630000 -254.746797
     631000 -262.279978
     632000 -251.596842
     633000 -254.183998
     634000 -251.261816
     635000 -255.856368
     636000 -253.333277
     637000 -251.071008
     638000 -251.905210
     639000 -250.857493
     640000 -253.619320
     641000 -252.513563
     642000 -252.556702
     643000 -254.477731
     644000 -252.379829
     645000 -251.124996
     646000 -252.669669
     647000 -254.727449
     648000 -250.919856
     649000 -250.784278
     650000 -251.207160
     651000 -251.748787
     652000 -252.186754
     653000 -250.987861
     654000 -255.893360
     655000 -253.944044
     656000 -253.116481
     657000 -250.632751
     658000 -250.663276
     659000 -259.082725
     660000 -250.744806
     661000 -251.295044
     662000 -250.647988
     663000 -251.403244
     664000 -252.682150
     665000 -256.113282
     666000 -250.764762
     667000 -250.917389
     668000 -251.184716
     669000 -256.075661
     670000 -252.552198
     671000 -251.179842
     672000 -251.421698
     673000 -250.697262
     674000 -251.708669
     675000 -254.578642
     676000 -252.598107
     677000 -252.363970
     678000 -251.679012
     679000 -250.898709
     680000 -254.238036
     681000 -250.632223
     682000 -252.937580
     683000 -251.075889
     684000 -251.610258
     685000 -252.656383
     686000 -250.957250
     687000 -252.759487
     688000 -250.902299
     689000 -253.422890
     690000 -250.989855
     691000 -250.764040
     692000 -252.937187
     693000 -254.256723
     694000 -256.403674
     695000 -254.543146
     696000 -258.248146
     697000 -250.806728
     698000 -252.043624
     699000 -251.695605
     700000 -250.929154
     701000 -252.525931
     702000 -250.800066
     703000 -254.957260
     704000 -252.807226
     705000 -250.710552
     706000 -255.610365
     707000 -252.707268
     708000 -252.782728
     709000 -252.986457
     710000 -251.476326
     711000 -254.339784
     712000 -250.978721
     713000 -250.696559
     714000 -250.697025
     715000 -252.775118
     716000 -253.207873
     717000 -255.293663
     718000 -252.339252
     719000 -253.177377
     720000 -252.653101
     721000 -260.293216
     722000 -250.704134
     723000 -253.806716
     724000 -255.894912
     725000 -252.354564
     726000 -251.284951
     727000 -252.545735
     728000 -251.290386
     729000 -251.154915
     730000 -250.626616
     731000 -250.717397
     732000 -252.778450
     733000 -253.313199
     734000 -253.143851
     735000 -251.255898
     736000 -252.754408
     737000 -250.867857
     738000 -250.886088
     739000 -253.682811
     740000 -253.008995
     741000 -251.028643
     742000 -250.815224
     743000 -251.095775
     744000 -255.907443
     745000 -251.528401
     746000 -251.319008
     747000 -251.482254
     748000 -251.139729
     749000 -251.034893
     750000 -252.932744
     751000 -250.775327
     752000 -251.029934
     753000 -252.585096
     754000 -252.605016
     755000 -253.204453
     756000 -250.900322
     757000 -252.323767
     758000 -251.882635
     759000 -254.996276
     760000 -250.981483
     761000 -252.608323
     762000 -252.247329
     763000 -252.870408
     764000 -253.368746
     765000 -250.982130
     766000 -254.731015
     767000 -254.951161
     768000 -250.679993
     769000 -250.690216
     770000 -253.345532
     771000 -252.842488
     772000 -251.143459
     773000 -250.729915
     774000 -256.221477
     775000 -252.221099
     776000 -253.082702
     777000 -251.175565
     778000 -256.885575
     779000 -257.498255
     780000 -256.281978
     781000 -250.838110
     782000 -254.714715
     783000 -253.401651
     784000 -251.911409
     785000 -251.081278
     786000 -251.966587
     787000 -253.917299
     788000 -251.156804
     789000 -250.998645
     790000 -252.375494
     791000 -253.844909
     792000 -252.532213
     793000 -253.026106
     794000 -250.914679
     795000 -252.247671
     796000 -252.545694
     797000 -253.340284
     798000 -251.026838
     799000 -252.156494
     800000 -254.181818
     801000 -251.512500
     802000 -250.902958
     803000 -253.002678
     804000 -252.513501
     805000 -250.813760
     806000 -251.145935
     807000 -257.824193
     808000 -251.043874
     809000 -251.708468
     810000 -253.935449
     811000 -250.980322
     812000 -254.457232
     813000 -253.298792
     814000 -250.931011
     815000 -253.585678
     816000 -254.739275
     817000 -250.630148
     818000 -251.816853
     819000 -254.031920
     820000 -252.805086
     821000 -250.730083
     822000 -252.559418
     823000 -252.298694
     824000 -251.890170
     825000 -254.528290
     826000 -256.078150
     827000 -252.748723
     828000 -252.713729
     829000 -254.243466
     830000 -252.404193
     831000 -253.563666
     832000 -252.924369
     833000 -250.702241
     834000 -251.423881
     835000 -258.310865
     836000 -251.252997
     837000 -252.343544
     838000 -254.437701
     839000 -255.580241
     840000 -250.790530
     841000 -257.275201
     842000 -252.804602
     843000 -252.328691
     844000 -258.234820
     845000 -250.815953
     846000 -252.674219
     847000 -252.054673
     848000 -250.750843
     849000 -257.062990
     850000 -255.727276
     851000 -254.373279
     852000 -251.702549
     853000 -251.774449
     854000 -254.903527
     855000 -251.635961
     856000 -254.928484
     857000 -256.053953
     858000 -252.738821
     859000 -250.665903
     860000 -255.756529
     861000 -255.129567
     862000 -254.996801
     863000 -251.699671
     864000 -250.685804
     865000 -251.005253
     866000 -251.100403
     867000 -255.685464
     868000 -250.833574
     869000 -255.368278
     870000 -251.282213
     871000 -250.934333
     872000 -252.403419
     873000 -257.320640
     874000 -251.965421
     875000 -253.411010
     876000 -254.377180
     877000 -255.016015
     878000 -251.405564
     879000 -250.944101
     880000 -255.505047
     881000 -251.279481
     882000 -252.112508
     883000 -252.335097
     884000 -260.363293
     885000 -251.183250
     886000 -253.578763
     887000 -253.082890
     888000 -252.525152
     889000 -252.153474
     890000 -256.616314
     891000 -252.024985
     892000 -250.967046
     893000 -252.834109
     894000 -254.619578
     895000 -254.122014
     896000 -255.927353
     897000 -251.881556
     898000 -251.316698
     899000 -251.202604
     900000 -250.620123
     901000 -253.101047
     902000 -253.696111
     903000 -255.133990
     904000 -251.361460
     905000 -251.531555
     906000 -256.840129
     907000 -251.628512
     908000 -250.879526
     909000 -258.023006
     910000 -252.688192
     911000 -254.291676
     912000 -255.963271
     913000 -253.145664
     914000 -251.012029
     915000 -252.200805
     916000 -252.091568
     917000 -255.433866
     918000 -250.762323
     919000 -251.746165
     920000 -252.497738
     921000 -253.405570
     922000 -251.498820
     923000 -250.807313
     924000 -251.627829
     925000 -250.671370
     926000 -251.640739
     927000 -252.076108
     928000 -251.424925
     929000 -252.393277
     930000 -252.085865
     931000 -252.978071
     932000 -250.689220
     933000 -254.645214
     934000 -255.171626
     935000 -255.245697
     936000 -251.262153
     937000 -252.446128
     938000 -251.599059
     939000 -251.427081
     940000 -251.666526
     941000 -252.664194
     942000 -251.325960
     943000 -253.238158
     944000 -254.266959
     945000 -251.984857
     946000 -250.797584
     947000 -253.738920
     948000 -251.375033
     949000 -255.461114
     950000 -251.091619
     951000 -253.531685
     952000 -258.447516
     953000 -252.705049
     954000 -255.436556
     955000 -252.102092
     956000 -250.728698
     957000 -254.985395
     958000 -252.733662
     959000 -250.732414
     960000 -253.896373
     961000 -252.289751
     962000 -253.083168
     963000 -253.073104
     964000 -252.341088
     965000 -252.112110
     966000 -252.739969
     967000 -251.548846
     968000 -260.385654
     969000 -253.735015
     970000 -250.632599
     971000 -252.514933
     972000 -252.780482
     973000 -254.351507
     974000 -251.815605
     975000 -254.435734
     976000 -251.264202
     977000 -254.974241
     978000 -251.417813
     979000 -250.828471
     980000 -250.995240
     981000 -250.888549
     982000 -251.347727
     983000 -254.574327
     984000 -250.765138
     985000 -254.532805
     986000 -250.930945
     987000 -252.447904
     988000 -253.763872
     989000 -254.234723
     990000 -250.723303
     991000 -251.495832
     992000 -255.036162
     993000 -252.077537
     994000 -250.886326
     995000 -261.310340
     996000 -252.874569
     997000 -254.584846
     998000 -253.110325
     999000 -251.018561
    1000000 -259.407736
    1001000 -250.655137
    1002000 -252.448642
    1003000 -251.227365
    1004000 -256.513776
    1005000 -252.083239
    1006000 -251.495988
    1007000 -250.694141
    1008000 -254.670725
    1009000 -251.224337
    1010000 -256.786036
    1011000 -250.692170
    1012000 -257.281432
    1013000 -252.026997
    1014000 -250.921462
    1015000 -253.452110
    1016000 -252.066723
    1017000 -258.314695
    1018000 -253.066481
    1019000 -251.399229
    1020000 -255.499172
    1021000 -252.075729
    1022000 -250.928774
    1023000 -252.652897
    1024000 -252.984291
    1025000 -251.363122
    1026000 -251.454228
    1027000 -253.015356
    1028000 -253.622160
    1029000 -252.114048
    1030000 -254.074981
    1031000 -252.877923
    1032000 -252.764745
    1033000 -254.100960
    1034000 -251.425437
    1035000 -251.992453
    1036000 -253.724492
    1037000 -251.265823
    1038000 -250.654379
    1039000 -256.547966
    1040000 -250.652902
    1041000 -257.172881
    1042000 -250.915637
    1043000 -253.795171
    1044000 -251.279545
    1045000 -254.043692
    1046000 -252.247620
    1047000 -251.073143
    1048000 -254.829131
    1049000 -250.951396
    1050000 -254.251184
    1051000 -251.734162
    1052000 -250.948612
    1053000 -255.312897
    1054000 -252.117323
    1055000 -252.029477
    1056000 -250.780151
    1057000 -251.584019
    1058000 -251.176673
    1059000 -250.933362
    1060000 -252.020337
    1061000 -256.752058
    1062000 -255.716652
    1063000 -251.370266
    1064000 -251.005202
    1065000 -250.752617
    1066000 -251.546295
    1067000 -253.308150
    1068000 -250.950221
    1069000 -250.624340
    1070000 -255.622751
    1071000 -251.884645
    1072000 -250.715190
    1073000 -253.016444
    1074000 -251.059184
    1075000 -250.743640
    1076000 -250.938806
    1077000 -260.309003
    1078000 -252.182301
    1079000 -254.689577
    1080000 -253.952263
    1081000 -252.595648
    1082000 -253.007783
    1083000 -250.838650
    1084000 -251.580989
    1085000 -252.216395
    1086000 -250.775573
    1087000 -250.630949
    1088000 -251.206722
    1089000 -250.856161
    1090000 -252.218080
    1091000 -250.932991
    1092000 -251.346481
    1093000 -250.684913
    1094000 -251.902693
    1095000 -250.885677
    1096000 -250.955907
    1097000 -254.818190
    1098000 -251.034693
    1099000 -250.772381
    1100000 -252.368662
    1101000 -254.524297
    1102000 -250.747875
    1103000 -252.325628
    1104000 -251.160735
    1105000 -250.930471
    1106000 -252.041919
    1107000 -260.161454
    1108000 -252.538766
    1109000 -251.439858
    1110000 -254.995304
    1111000 -251.506166
    1112000 -251.493324
    1113000 -252.285342
    1114000 -252.057131
    1115000 -252.437972
    1116000 -252.364215
    1117000 -252.266075
    1118000 -251.293340
    1119000 -255.511866
    1120000 -251.491039
    1121000 -251.258969
    1122000 -251.880754
    1123000 -251.482979
    1124000 -252.878362
    1125000 -257.275296
    1126000 -251.580800
    1127000 -250.974163
    1128000 -253.240766
    1129000 -251.232955
    1130000 -250.617433
    1131000 -251.141010
    1132000 -250.640111
    1133000 -256.177125
    1134000 -252.339673
    1135000 -254.444450
    1136000 -252.630782
    1137000 -253.631455
    1138000 -256.565974
    1139000 -251.660861
    1140000 -251.967095
    1141000 -252.786301
    1142000 -250.748155
    1143000 -251.703897
    1144000 -251.859012
    1145000 -251.367746
    1146000 -251.819587
    1147000 -252.222016
    1148000 -254.547209
    1149000 -251.863047
    1150000 -251.876361
    1151000 -250.912700
    1152000 -254.990977
    1153000 -252.406121
    1154000 -253.090005
    1155000 -251.072063
    1156000 -252.240792
    1157000 -253.653931
    1158000 -252.287411
    1159000 -251.250402
    1160000 -251.942314
    1161000 -254.742652
    1162000 -257.477001
    1163000 -251.333437
    1164000 -252.558033
    1165000 -250.792841
    1166000 -251.438063
    1167000 -251.491680
    1168000 -253.472002
    1169000 -252.595888
    1170000 -251.364164
    1171000 -255.961446
    1172000 -252.998911
    1173000 -252.600002
    1174000 -251.762974
    1175000 -250.856153
    1176000 -250.932302
    1177000 -250.911308
    1178000 -251.431188
    1179000 -251.011590
    1180000 -252.488112
    1181000 -254.809498
    1182000 -250.724990
    1183000 -251.893937
    1184000 -250.972721
    1185000 -251.345786
    1186000 -250.796181
    1187000 -251.655589
    1188000 -251.115407
    1189000 -256.646627
    1190000 -253.227699
    1191000 -253.086046
    1192000 -254.400989
    1193000 -251.973132
    1194000 -254.317589
    1195000 -250.818191
    1196000 -251.754645
    1197000 -250.939386
    1198000 -250.801154
    1199000 -252.513929
    1200000 -256.454209
    1201000 -252.535817
    1202000 -250.762591
    1203000 -265.438263
    1204000 -251.180288
    1205000 -251.366648
    1206000 -251.352808
    1207000 -253.060203
    1208000 -252.216503
    1209000 -250.653150
    1210000 -251.208209
    1211000 -252.023744
    1212000 -251.202921
    1213000 -252.443954
    1214000 -254.937383
    1215000 -257.144994
    1216000 -252.695387
    1217000 -256.845996
    1218000 -251.067159
    1219000 -256.979696
    1220000 -252.634332
    1221000 -256.137920
    1222000 -251.426917
    1223000 -252.021029
    1224000 -252.893371
    1225000 -252.885439
    1226000 -251.134947
    1227000 -250.828343
    1228000 -250.822879
    1229000 -252.736715
    1230000 -254.564631
    1231000 -253.219459
    1232000 -250.698958
    1233000 -251.149373
    1234000 -254.745427
    1235000 -251.205764
    1236000 -251.230346
    1237000 -253.794212
    1238000 -252.301368
    1239000 -252.306868
    1240000 -250.832416
    1241000 -252.876606
    1242000 -252.113162
    1243000 -251.422059
    1244000 -250.947788
    1245000 -252.865292
    1246000 -251.313960
    1247000 -251.746141
    1248000 -251.934166
    1249000 -251.000912
    1250000 -251.095534
    1251000 -251.251372
    1252000 -253.799452
    1253000 -251.005700
    1254000 -254.911998
    1255000 -252.554377
    1256000 -254.687476
    1257000 -251.251169
    1258000 -250.872315
    1259000 -252.239111
    1260000 -251.201097
    1261000 -251.253333
    1262000 -251.464271
    1263000 -250.809726
    1264000 -253.751002
    1265000 -252.957304
    1266000 -252.467884
    1267000 -252.629759
    1268000 -251.032719
    1269000 -251.883786
    1270000 -254.008714
    1271000 -250.751242
    1272000 -253.216001
    1273000 -250.849054
    1274000 -258.566388
    1275000 -251.657443
    1276000 -251.962263
    1277000 -252.361756
    1278000 -250.809563
    1279000 -252.720421
    1280000 -252.532995
    1281000 -250.627954
    1282000 -252.796015
    1283000 -252.959995
    1284000 -251.833525
    1285000 -253.124773
    1286000 -250.649593
    1287000 -252.086609
    1288000 -250.700441
    1289000 -253.946437
    1290000 -253.442797
    1291000 -251.657169
    1292000 -251.822454
    1293000 -252.757133
    1294000 -251.786239
    1295000 -254.327486
    1296000 -253.973167
    1297000 -253.486474
    1298000 -251.466639
    1299000 -254.738204
    1300000 -250.806339
    1301000 -250.663054
    1302000 -251.141608
    1303000 -251.326088
    1304000 -251.041021
    1305000 -251.948384
    1306000 -250.787627
    1307000 -252.847139
    1308000 -254.979831
    1309000 -252.171022
    1310000 -250.630611
    1311000 -251.116294
    1312000 -251.594265
    1313000 -251.464645
    1314000 -251.064193
    1315000 -252.047744
    1316000 -251.765674
    1317000 -251.502745
    1318000 -250.663431
    1319000 -253.344772
    1320000 -250.674268
    1321000 -253.904605
    1322000 -251.133296
    1323000 -254.334134
    1324000 -255.989899
    1325000 -250.754176
    1326000 -252.980525
    1327000 -251.581248
    1328000 -256.839914
    1329000 -250.782800
    1330000 -260.844294
    1331000 -251.372077
    1332000 -254.645821
    1333000 -250.631682
    1334000 -253.818920
    1335000 -250.909577
    1336000 -250.757378
    1337000 -250.798025
    1338000 -254.480980
    1339000 -254.177733
    1340000 -252.532779
    1341000 -255.758183
    1342000 -251.441454
    1343000 -252.141246
    1344000 -253.928742
    1345000 -252.927144
    1346000 -250.724463
    1347000 -252.919940
    1348000 -253.083653
    1349000 -251.396275
    1350000 -250.654009
    1351000 -251.362370
    1352000 -250.871423
    1353000 -251.108045
    1354000 -252.922550
    1355000 -250.667591
    1356000 -256.633832
    1357000 -251.558077
    1358000 -251.237697
    1359000 -252.566969
    1360000 -252.857426
    1361000 -251.014308
    1362000 -252.540920
    1363000 -250.842376
    1364000 -252.527368
    1365000 -250.760979
    1366000 -252.587300
    1367000 -252.015896
    1368000 -251.892771
    1369000 -252.084392
    1370000 -252.699462
    1371000 -250.641044
    1372000 -250.851327
    1373000 -250.913071
    1374000 -251.058433
    1375000 -254.734157
    1376000 -251.011555
    1377000 -251.430794
    1378000 -250.635526
    1379000 -258.664669
    1380000 -251.465191
    1381000 -252.032240
    1382000 -250.688183
    1383000 -252.412107
    1384000 -253.246030
    1385000 -253.060380
    1386000 -251.487453
    1387000 -252.106867
    1388000 -251.844982
    1389000 -256.581448
    1390000 -256.173894
    1391000 -252.455317
    1392000 -251.213144
    1393000 -250.728499
    1394000 -254.577974
    1395000 -252.349915
    1396000 -253.747198
    1397000 -251.881704
    1398000 -258.664255
    1399000 -250.627958
    1400000 -256.445914
    1401000 -254.435690
    1402000 -254.646156
    1403000 -250.926272
    1404000 -255.297827
    1405000 -251.409096
    1406000 -250.728835
    1407000 -252.330534
    1408000 -252.967714
    1409000 -252.052878
    1410000 -250.647633
    1411000 -252.253610
    1412000 -252.579266
    1413000 -250.814908
    1414000 -252.566042
    1415000 -251.447993
    1416000 -253.062418
    1417000 -252.735312
    1418000 -252.372006
    1419000 -252.354626
    1420000 -250.777426
    1421000 -256.730879
    1422000 -252.056474
    1423000 -250.624914
    1424000 -253.124282
    1425000 -252.101885
    1426000 -254.571578
    1427000 -254.527802
    1428000 -255.855916
    1429000 -251.683977
    1430000 -252.912497
    1431000 -253.795616
    1432000 -252.277416
    1433000 -252.102430
    1434000 -250.641118
    1435000 -253.444348
    1436000 -254.731748
    1437000 -250.967395
    1438000 -260.714808
    1439000 -253.938013
    1440000 -252.814449
    1441000 -255.295499
    1442000 -251.482573
    1443000 -251.136753
    1444000 -254.468367
    1445000 -250.647375
    1446000 -257.747842
    1447000 -251.029147
    1448000 -253.492194
    1449000 -251.707421
    1450000 -253.773651
    1451000 -256.375400
    1452000 -253.165230
    1453000 -253.231713
    1454000 -251.149204
    1455000 -252.988450
    1456000 -254.770134
    1457000 -250.746813
    1458000 -250.703077
    1459000 -250.848562
    1460000 -251.288252
    1461000 -251.110076
    1462000 -253.378216
    1463000 -250.673863
    1464000 -251.287832
    1465000 -254.546477
    1466000 -252.740563
    1467000 -251.929239
    1468000 -252.474050
    1469000 -250.727570
    1470000 -251.502150
    1471000 -254.475356
    1472000 -252.133670
    1473000 -261.826163
    1474000 -254.316711
    1475000 -252.095312
    1476000 -255.778605
    1477000 -251.344748
    1478000 -252.342072
    1479000 -251.215161
    1480000 -252.287247
    1481000 -250.926415
    1482000 -255.990140
    1483000 -250.634128
    1484000 -252.971951
    1485000 -251.246574
    1486000 -252.973950
    1487000 -251.503362
    1488000 -254.534450
    1489000 -255.205100
    1490000 -251.083567
    1491000 -250.987974
    1492000 -254.605740
    1493000 -251.690677
    1494000 -251.296324
    1495000 -254.476853
    1496000 -251.669371
    1497000 -250.802485
    1498000 -250.803126
    1499000 -253.399195
    1500000 -252.304190
    1501000 -250.732519
    1502000 -251.550683
    1503000 -251.200284
    1504000 -250.953057
    1505000 -251.415707
    1506000 -252.926843
    1507000 -252.734425
    1508000 -254.132048
    1509000 -250.718236
    1510000 -251.029740
    1511000 -253.727004
    1512000 -256.576131
    1513000 -251.429617
    1514000 -250.634082
    1515000 -253.490909
    1516000 -251.805291
    1517000 -251.428314
    1518000 -252.547707
    1519000 -254.726221
    1520000 -252.688283
    1521000 -250.909924
    1522000 -250.942051
    1523000 -251.292284
    1524000 -251.927966
    1525000 -252.204479
    1526000 -257.134452
    1527000 -251.700859
    1528000 -255.150423
    1529000 -253.217314
    1530000 -254.822677
    1531000 -251.114586
    1532000 -253.928571
    1533000 -256.655219
    1534000 -250.815371
    1535000 -250.711568
    1536000 -251.049726
    1537000 -254.144672
    1538000 -250.618423
    1539000 -255.202864
    1540000 -253.980586
    1541000 -251.893252
    1542000 -250.846130
    1543000 -250.869166
    1544000 -251.156067
    1545000 -256.027242
    1546000 -250.632857
    1547000 -255.615719
    1548000 -250.807051
    1549000 -252.512843
    1550000 -250.921591
    1551000 -250.669085
    1552000 -254.050091
    1553000 -253.925019
    1554000 -256.335781
    1555000 -251.618693
    1556000 -251.931500
    1557000 -254.049445
    1558000 -252.583407
    1559000 -251.823172
    1560000 -250.975238
    1561000 -252.347351
    1562000 -250.704621
    1563000 -254.583787
    1564000 -251.318787
    1565000 -255.995738
    1566000 -252.529029
    1567000 -254.399340
    1568000 -252.986703
    1569000 -251.081847
    1570000 -253.505028
    1571000 -253.090102
    1572000 -251.185031
    1573000 -252.169175
    1574000 -255.849631
    1575000 -252.191669
    1576000 -253.237762
    1577000 -251.862123
    1578000 -250.717368
    1579000 -253.059426
    1580000 -258.378725
    1581000 -251.121557
    1582000 -251.395753
    1583000 -253.992660
    1584000 -251.599378
    1585000 -250.975919
    1586000 -253.516696
    1587000 -251.878304
    1588000 -250.685806
    1589000 -251.101208
    1590000 -251.174964
    1591000 -251.413719
    1592000 -251.574022
    1593000 -252.957839
    1594000 -251.452436
    1595000 -250.718830
    1596000 -255.898587
    1597000 -253.118211
    1598000 -252.399575
    1599000 -250.859621
    1600000 -251.813622
    1601000 -250.732031
    1602000 -253.493202
    1603000 -250.867158
    1604000 -252.645933
    1605000 -257.094397
    1606000 -252.677160
    1607000 -250.934155
    1608000 -251.142208
    1609000 -252.067242
    1610000 -250.950433
    1611000 -250.630069
    1612000 -250.726994
    1613000 -252.111491
    1614000 -252.526308
    1615000 -252.876351
    1616000 -256.859934
    1617000 -252.019737
    1618000 -250.684039
    1619000 -257.773753
    1620000 -251.503915
    1621000 -252.477051
    1622000 -251.773447
    1623000 -251.076591
    1624000 -252.800882
    1625000 -254.980799
    1626000 -253.986916
    1627000 -252.592266
    1628000 -255.785011
    1629000 -254.666757
    1630000 -254.950568
    1631000 -252.693039
    1632000 -251.057859
    1633000 -253.388576
    1634000 -256.039975
    1635000 -251.337371
    1636000 -252.903102
    1637000 -251.276408
    1638000 -252.733154
    1639000 -252.685642
    1640000 -252.819696
    1641000 -252.620436
    1642000 -251.200890
    1643000 -253.094652
    1644000 -256.370229
    1645000 -251.465994
    1646000 -252.001341
    1647000 -252.017692
    1648000 -253.292370
    1649000 -256.146755
    1650000 -254.312926
    1651000 -252.130131
    1652000 -254.165176
    1653000 -250.660213
    1654000 -252.443028
    1655000 -252.883874
    1656000 -250.874985
    1657000 -251.276981
    1658000 -251.365381
    1659000 -252.832995
    1660000 -250.645239
    1661000 -251.291445
    1662000 -252.599245
    1663000 -250.692875
    1664000 -251.796450
    1665000 -255.078720
    1666000 -253.181896
    1667000 -251.213427
    1668000 -251.261434
    1669000 -251.187948
    1670000 -253.717074
    1671000 -254.954389
    1672000 -250.671791
    1673000 -254.088690
    1674000 -251.965107
    1675000 -250.848186
    1676000 -255.037020
    1677000 -254.457616
    1678000 -250.858313
    1679000 -252.700885
    1680000 -252.815756
    1681000 -252.543916
    1682000 -251.001713
    1683000 -252.397324
    1684000 -251.321174
    1685000 -250.618836
    1686000 -255.125143
    1687000 -252.352156
    1688000 -252.027880
    1689000 -253.137662
    1690000 -250.746143
    1691000 -251.140756
    1692000 -254.138055
    1693000 -250.776532
    1694000 -250.710726
    1695000 -251.274087
    1696000 -253.696312
    1697000 -252.364729
    1698000 -251.572269
    1699000 -251.147848
    1700000 -251.841093
    1701000 -252.425123
    1702000 -252.574129
    1703000 -250.837158
    1704000 -251.078700
    1705000 -252.196272
    1706000 -253.116103
    1707000 -250.781404
    1708000 -250.682609
    1709000 -251.759519
    1710000 -254.922323
    1711000 -251.632972
    1712000 -252.689946
    1713000 -252.561095
    1714000 -251.065783
    1715000 -253.595804
    1716000 -250.938192
    1717000 -253.050958
    1718000 -250.812281
    1719000 -256.912989
    1720000 -252.520196
    1721000 -251.063866
    1722000 -253.610066
    1723000 -250.910856
    1724000 -255.359937
    1725000 -253.308216
    1726000 -251.089846
    1727000 -250.939481
    1728000 -252.744230
    1729000 -250.996268
    1730000 -250.658263
    1731000 -251.471633
    1732000 -251.044730
    1733000 -251.635621
    1734000 -256.645499
    1735000 -253.551627
    1736000 -250.628890
    1737000 -255.506679
    1738000 -251.888524
    1739000 -252.038089
    1740000 -256.940067
    1741000 -254.641830
    1742000 -253.217331
    1743000 -254.032945
    1744000 -251.668473
    1745000 -251.670490
    1746000 -251.830756
    1747000 -251.707734
    1748000 -250.790407
    1749000 -252.660445
    1750000 -250.952161
    1751000 -250.673342
    1752000 -253.731107
    1753000 -256.227131
    1754000 -250.841307
    1755000 -256.130853
    1756000 -255.669118
    1757000 -252.032591
    1758000 -252.798591
    1759000 -259.394401
    1760000 -253.996570
    1761000 -251.146550
    1762000 -258.969365
    1763000 -254.491586
    1764000 -253.255648
    1765000 -251.286586
    1766000 -251.533067
    1767000 -252.791698
    1768000 -251.111763
    1769000 -250.962414
    1770000 -254.506859
    1771000 -252.884240
    1772000 -253.544478
    1773000 -253.725386
    1774000 -254.604093
    1775000 -252.977850
    1776000 -252.324682
    1777000 -255.945643
    1778000 -250.958363
    1779000 -251.144552
    1780000 -251.120511
    1781000 -250.929357
    1782000 -252.629825
    1783000 -251.414885
    1784000 -251.933714
    1785000 -254.592462
    1786000 -253.153466
    1787000 -251.413683
    1788000 -252.718849
    1789000 -251.135814
    1790000 -251.283036
    1791000 -252.009536
    1792000 -251.652319
    1793000 -252.196443
    1794000 -252.163427
    1795000 -253.244047
    1796000 -251.769381
    1797000 -250.907009
    1798000 -254.533916
    1799000 -250.788738
    1800000 -250.847120
    1801000 -251.774465
    1802000 -254.783143
    1803000 -251.478685
    1804000 -254.258822
    1805000 -251.602505
    1806000 -250.684969
    1807000 -252.446757
    1808000 -251.354543
    1809000 -253.270213
    1810000 -250.730091
    1811000 -251.046887
    1812000 -250.706780
    1813000 -251.645349
    1814000 -251.220683
    1815000 -252.449016
    1816000 -250.826470
    1817000 -252.512089
    1818000 -250.750995
    1819000 -252.107556
    1820000 -253.038067
    1821000 -251.689481
    1822000 -257.517581
    1823000 -251.244525
    1824000 -254.078955
    1825000 -252.895361
    1826000 -251.231874
    1827000 -251.533620
    1828000 -253.102521
    1829000 -251.084814
    1830000 -251.057946
    1831000 -250.621222
    1832000 -251.462386
    1833000 -250.688888
    1834000 -255.152711
    1835000 -250.905274
    1836000 -252.190206
    1837000 -251.958629
    1838000 -250.629853
    1839000 -251.306643
    1840000 -257.192208
    1841000 -254.766696
    1842000 -257.246194
    1843000 -251.189043
    1844000 -250.893328
    1845000 -253.732925
    1846000 -251.572893
    1847000 -250.954730
    1848000 -252.472106
    1849000 -253.121354
    1850000 -251.985889
    1851000 -250.761235
    1852000 -250.897733
    1853000 -250.681412
    1854000 -252.171734
    1855000 -254.456592
    1856000 -250.777259
    1857000 -254.134915
    1858000 -252.537769
    1859000 -252.247704
    1860000 -253.134070
    1861000 -253.301614
    1862000 -252.468046
    1863000 -251.420240
    1864000 -251.938002
    1865000 -251.021672
    1866000 -253.232776
    1867000 -257.080554
    1868000 -252.710252
    1869000 -251.554112
    1870000 -252.179957
    1871000 -250.791302
    1872000 -252.522259
    1873000 -251.074535
    1874000 -253.403345
    1875000 -253.269363
    1876000 -252.322174
    1877000 -255.004701
    1878000 -252.791439
    1879000 -252.582329
    1880000 -256.476702
    1881000 -250.979819
    1882000 -251.137645
    1883000 -253.671186
    1884000 -255.108758
    1885000 -251.318223
    1886000 -255.428008
    1887000 -252.229641
    1888000 -250.734405
    1889000 -251.048996
    1890000 -251.209858
    1891000 -251.595954
    1892000 -252.391842
    1893000 -253.528277
    1894000 -256.152171
    1895000 -251.595898
    1896000 -253.183089
    1897000 -251.672906
    1898000 -255.922427
    1899000 -258.036690
    1900000 -250.627982
    1901000 -253.326179
    1902000 -254.485810
    1903000 -253.421275
    1904000 -251.004482
    1905000 -251.234044
    1906000 -251.630833
    1907000 -251.433003
    1908000 -252.760402
    1909000 -253.518750
    1910000 -252.610264
    1911000 -253.259483
    1912000 -251.504526
    1913000 -250.670555
    1914000 -252.140313
    1915000 -252.074419
    1916000 -250.779981
    1917000 -251.075391
    1918000 -250.949056
    1919000 -256.292798
    1920000 -256.685893
    1921000 -250.834125
    1922000 -254.654582
    1923000 -250.720753
    1924000 -257.874013
    1925000 -252.596147
    1926000 -252.817376
    1927000 -252.599161
    1928000 -252.834097
    1929000 -252.862989
    1930000 -253.556810
    1931000 -254.522432
    1932000 -250.752791
    1933000 -251.185549
    1934000 -251.403087
    1935000 -253.108287
    1936000 -251.017604
    1937000 -255.946035
    1938000 -252.884829
    1939000 -252.129680
    1940000 -255.683275
    1941000 -253.294543
    1942000 -256.498815
    1943000 -250.671071
    1944000 -250.695053
    1945000 -250.660609
    1946000 -251.995533
    1947000 -252.552353
    1948000 -250.665247
    1949000 -252.642832
    1950000 -255.435232
    1951000 -254.960624
    1952000 -254.295572
    1953000 -252.470392
    1954000 -252.638548
    1955000 -258.244627
    1956000 -253.824484
    1957000 -253.610938
    1958000 -251.593688
    1959000 -256.223703
    1960000 -252.625783
    1961000 -251.258737
    1962000 -251.127911
    1963000 -255.357220
    1964000 -251.583719
    1965000 -250.625575
    1966000 -250.653373
    1967000 -251.726098
    1968000 -253.059116
    1969000 -250.861535
    1970000 -253.280343
    1971000 -252.707396
    1972000 -251.176458
    1973000 -253.266152
    1974000 -251.546011
    1975000 -253.413405
    1976000 -250.989130
    1977000 -253.401225
    1978000 -251.360905
    1979000 -252.404764
    1980000 -253.484480
    1981000 -252.539971
    1982000 -253.615133
    1983000 -251.059877
    1984000 -252.105619
    1985000 -250.992357
    1986000 -253.225292
    1987000 -256.156404
    1988000 -251.262340
    1989000 -250.637526
    1990000 -253.667302
    1991000 -253.276277
    1992000 -250.692168
    1993000 -252.902799
    1994000 -252.766743
    1995000 -254.186793
    1996000 -253.422432
    1997000 -250.826829
    1998000 -252.468946
    1999000 -254.659211
    2000000 -252.149324
