    genPlus1     beta
        1000  0.935170
        2000  0.952190
        3000  0.932837
        4000  0.937782
        5000  0.927865
        6000  0.931201
        7000  0.956406
        8000  0.925594
        9000  0.952186
       10000  0.930817
       11000  0.936385
       12000  0.957794
       13000  0.931684
       14000  0.932600
       15000  0.948478
       16000  0.952483
       17000  0.916618
       18000  0.907678
       19000  0.951883
       20000  0.947262
       21000  0.938918
       22000  0.955452
       23000  0.923297
       24000  0.949353
       25000  0.947505
       26000  0.902207
       27000  0.929998
       28000  0.946267
       29000  0.944112
       30000  0.935558
       31000  0.922723
       32000  0.942548
       33000  0.943148
       34000  0.947396
       35000  0.916842
       36000  0.864069
       37000  0.941373
       38000  0.948783
       39000  0.921415
       40000  0.932821
       41000  0.941434
       42000  0.953236
       43000  0.899785
       44000  0.918008
       45000  0.943809
       46000  0.922103
       47000  0.946644
       48000  0.958014
       49000  0.878669
       50000  0.941379
       51000  0.944182
       52000  0.943403
       53000  0.937312
       54000  0.940714
       55000  0.941615
       56000  0.937275
       57000  0.935464
       58000  0.953919
       59000  0.937858
       60000  0.940971
       61000  0.938426
       62000  0.934586
       63000  0.946630
       64000  0.940224
       65000  0.921265
       66000  0.941368
       67000  0.948845
       68000  0.942344
       69000  0.940506
       70000  0.893879
       71000  0.942380
       72000  0.910334
       73000  0.943402
       74000  0.908893
       75000  0.940584
       76000  0.921826
       77000  0.848212
       78000  0.947999
       79000  0.935070
       80000  0.937221
       81000  0.924667
       82000  0.930041
       83000  0.951518
       84000  0.933271
       85000  0.935609
       86000  0.927592
       87000  0.951624
       88000  0.925104
       89000  0.949868
       90000  0.954884
       91000  0.943291
       92000  0.923091
       93000  0.889782
       94000  0.934491
       95000  0.927313
       96000  0.947716
       97000  0.933460
       98000  0.935646
       99000  0.935149
      100000  0.968804
      101000  0.907976
      102000  0.939572
      103000  0.939716
      104000  0.922432
      105000  0.951733
      106000  0.951333
      107000  0.943994
      108000  0.944582
      109000  0.939394
      110000  0.932008
      111000  0.944232
      112000  0.947780
      113000  0.945774
      114000  0.943279
      115000  0.917860
      116000  0.933523
      117000  0.928559
      118000  0.934864
      119000  0.945459
      120000  0.910960
      121000  0.948594
      122000  0.965360
      123000  0.945332
      124000  0.955282
      125000  0.955574
      126000  0.952654
      127000  0.940347
      128000  0.945710
      129000  0.940336
      130000  0.899743
      131000  0.941227
      132000  0.930930
      133000  0.920321
      134000  0.930347
      135000  0.936479
      136000  0.947447
      137000  0.903561
      138000  0.925159
      139000  0.966184
      140000  0.944253
      141000  0.941172
      142000  0.947527
      143000  0.928929
      144000  0.906717
      145000  0.906796
      146000  0.915493
      147000  0.949838
      148000  0.949872
      149000  0.869715
      150000  0.958468
      151000  0.931338
      152000  0.902719
      153000  0.941421
      154000  0.935774
      155000  0.952210
      156000  0.946228
      157000  0.936565
      158000  0.957655
      159000  0.870817
      160000  0.914315
      161000  0.935155
      162000  0.950256
      163000  0.940493
      164000  0.929697
      165000  0.946648
      166000  0.944905
      167000  0.946347
      168000  0.931771
      169000  0.947919
      170000  0.946189
      171000  0.946654
      172000  0.942459
      173000  0.948443
      174000  0.948597
      175000  0.905347
      176000  0.928882
      177000  0.953677
      178000  0.948971
      179000  0.920886
      180000  0.933321
      181000  0.943175
      182000  0.921986
      183000  0.969746
      184000  0.943524
      185000  0.943716
      186000  0.943649
      187000  0.945971
      188000  0.946647
      189000  0.936684
      190000  0.940851
      191000  0.948843
      192000  0.944332
      193000  0.911092
      194000  0.937127
      195000  0.944304
      196000  0.943197
      197000  0.947684
      198000  0.940371
      199000  0.898176
      200000  0.923183
      201000  0.943544
      202000  0.964103
      203000  0.936925
      204000  0.950180
      205000  0.906002
      206000  0.924563
      207000  0.941751
      208000  0.940950
      209000  0.944181
      210000  0.917021
      211000  0.930278
      212000  0.948362
      213000  0.955314
      214000  0.947861
      215000  0.946595
      216000  0.920483
      217000  0.944720
      218000  0.959057
      219000  0.963047
      220000  0.946414
      221000  0.934541
      222000  0.948441
      223000  0.913039
      224000  0.910735
      225000  0.939872
      226000  0.937454
      227000  0.946553
      228000  0.946237
      229000  0.945758
      230000  0.951159
      231000  0.934988
      232000  0.964362
      233000  0.947249
      234000  0.952205
      235000  0.935344
      236000  0.877927
      237000  0.926214
      238000  0.930332
      239000  0.950118
      240000  0.939896
      241000  0.928295
      242000  0.919145
      243000  0.945266
      244000  0.944914
      245000  0.938236
      246000  0.942895
      247000  0.927424
      248000  0.903502
      249000  0.938452
      250000  0.944886
      251000  0.875809
      252000  0.887624
      253000  0.948855
      254000  0.947802
      255000  0.936630
      256000  0.941384
      257000  0.909503
      258000  0.937660
      259000  0.932315
      260000  0.939726
      261000  0.912718
      262000  0.953298
      263000  0.928420
      264000  0.941524
      265000  0.945291
      266000  0.906364
      267000  0.949282
      268000  0.918559
      269000  0.906817
      270000  0.943246
      271000  0.946522
      272000  0.946038
      273000  0.942024
      274000  0.939780
      275000  0.937648
      276000  0.925417
      277000  0.942343
      278000  0.952414
      279000  0.948516
      280000  0.928625
      281000  0.940497
      282000  0.943601
      283000  0.942544
      284000  0.932429
      285000  0.933021
      286000  0.946969
      287000  0.937786
      288000  0.932876
      289000  0.956487
      290000  0.913743
      291000  0.916262
      292000  0.945377
      293000  0.934320
      294000  0.965852
      295000  0.914123
      296000  0.956954
      297000  0.953588
      298000  0.950827
      299000  0.933128
      300000  0.935750
      301000  0.943143
      302000  0.943651
      303000  0.927839
      304000  0.937113
      305000  0.949259
      306000  0.909320
      307000  0.953445
      308000  0.937495
      309000  0.942744
      310000  0.959802
      311000  0.925038
      312000  0.896039
      313000  0.944640
      314000  0.918431
      315000  0.933914
      316000  0.937981
      317000  0.896766
      318000  0.946977
      319000  0.945137
      320000  0.918774
      321000  0.938347
      322000  0.857545
      323000  0.931082
      324000  0.946843
      325000  0.949545
      326000  0.932773
      327000  0.948668
      328000  0.943858
      329000  0.936096
      330000  0.943784
      331000  0.931988
      332000  0.947529
      333000  0.942467
      334000  0.927565
      335000  0.940990
      336000  0.932058
      337000  0.906763
      338000  0.943478
      339000  0.922110
      340000  0.935075
      341000  0.938586
      342000  0.923718
      343000  0.924492
      344000  0.929815
      345000  0.947364
      346000  0.945612
      347000  0.934538
      348000  0.934564
      349000  0.897315
      350000  0.946875
      351000  0.938614
      352000  0.912051
      353000  0.929721
      354000  0.894114
      355000  0.940864
      356000  0.950257
      357000  0.936453
      358000  0.936841
      359000  0.935432
      360000  0.955473
      361000  0.940636
      362000  0.948891
      363000  0.955452
      364000  0.912237
      365000  0.934128
      366000  0.937917
      367000  0.926803
      368000  0.933638
      369000  0.946187
      370000  0.952366
      371000  0.922116
      372000  0.942057
      373000  0.946843
      374000  0.911045
      375000  0.927216
      376000  0.826627
      377000  0.936636
      378000  0.926073
      379000  0.932807
      380000  0.935329
      381000  0.940964
      382000  0.932770
      383000  0.944654
      384000  0.927797
      385000  0.933103
      386000  0.948736
      387000  0.913323
      388000  0.903037
      389000  0.945115
      390000  0.946069
      391000  0.945504
      392000  0.924455
      393000  0.929391
      394000  0.930679
      395000  0.946467
      396000  0.952088
      397000  0.906232
      398000  0.944079
      399000  0.946894
      400000  0.939144
      401000  0.936046
      402000  0.933409
      403000  0.951892
      404000  0.920047
      405000  0.946898
      406000  0.951256
      407000  0.933030
      408000  0.942758
      409000  0.927079
      410000  0.933027
      411000  0.944492
      412000  0.953009
      413000  0.911976
      414000  0.940090
      415000  0.953590
      416000  0.942819
      417000  0.948993
      418000  0.964892
      419000  0.932563
      420000  0.892195
      421000  0.948345
      422000  0.896207
      423000  0.944151
      424000  0.955981
      425000  0.937065
      426000  0.940937
      427000  0.903068
      428000  0.944738
      429000  0.950125
      430000  0.946069
      431000  0.962841
      432000  0.910327
      433000  0.951291
      434000  0.947862
      435000  0.951484
      436000  0.935409
      437000  0.948603
      438000  0.911646
      439000  0.940857
      440000  0.907511
      441000  0.949665
      442000  0.931653
      443000  0.942381
      444000  0.945079
      445000  0.937351
      446000  0.913211
      447000  0.959976
      448000  0.948122
      449000  0.954322
      450000  0.957189
      451000  0.941555
      452000  0.940488
      453000  0.942117
      454000  0.952465
      455000  0.950658
      456000  0.927439
      457000  0.929265
      458000  0.948864
      459000  0.953267
      460000  0.928752
      461000  0.946267
      462000  0.943838
      463000  0.956752
      464000  0.931010
      465000  0.954597
      466000  0.961296
      467000  0.969839
      468000  0.947446
      469000  0.941738
      470000  0.955400
      471000  0.929367
      472000  0.953993
      473000  0.951081
      474000  0.905646
      475000  0.931617
      476000  0.940298
      477000  0.934519
      478000  0.896640
      479000  0.954892
      480000  0.937457
      481000  0.922905
      482000  0.950002
      483000  0.933566
      484000  0.940608
      485000  0.937152
      486000  0.943200
      487000  0.892899
      488000  0.940404
      489000  0.944442
      490000  0.946383
      491000  0.948785
      492000  0.952910
      493000  0.935600
      494000  0.942234
      495000  0.916439
      496000  0.942141
      497000  0.946868
      498000  0.937959
      499000  0.931802
      500000  0.934458
      501000  0.943638
      502000  0.984108
      503000  0.923535
      504000  0.947230
      505000  0.931881
      506000  0.968508
      507000  0.903107
      508000  0.918375
      509000  0.935341
      510000  0.919036
      511000  0.929801
      512000  0.954877
      513000  0.875110
      514000  0.944205
      515000  0.935021
      516000  0.918979
      517000  0.905150
      518000  0.945142
      519000  0.939478
      520000  0.927633
      521000  0.944619
      522000  0.936686
      523000  0.983953
      524000  0.944463
      525000  0.953140
      526000  0.965981
      527000  0.904034
      528000  0.917789
      529000  0.936181
      530000  0.871608
      531000  0.937031
      532000  0.921753
      533000  0.910586
      534000  0.947626
      535000  0.943187
      536000  0.945787
      537000  0.901383
      538000  0.936212
      539000  0.952393
      540000  0.912661
      541000  0.947770
      542000  0.946187
      543000  0.938415
      544000  0.942723
      545000  0.889952
      546000  0.919775
      547000  0.943924
      548000  0.890844
      549000  0.947235
      550000  0.938578
      551000  0.942210
      552000  0.942879
      553000  0.943348
      554000  0.929959
      555000  0.950119
      556000  0.930531
      557000  0.916608
      558000  0.935857
      559000  0.939040
      560000  0.911973
      561000  0.939862
      562000  0.928009
      563000  0.927552
      564000  0.944579
      565000  0.949760
      566000  0.938581
      567000  0.940677
      568000  0.940881
      569000  0.931389
      570000  0.900440
      571000  0.940661
      572000  0.915645
      573000  0.908749
      574000  0.947369
      575000  0.939848
      576000  0.933347
      577000  0.924834
      578000  0.938550
      579000  0.861660
      580000  0.954320
      581000  0.906801
      582000  0.794824
      583000  0.938629
      584000  0.925448
      585000  0.933039
      586000  0.942351
      587000  0.917654
      588000  0.944566
      589000  0.921863
      590000  0.924321
      591000  0.969761
      592000  0.935356
      593000  0.927105
      594000  0.923106
      595000  0.922693
      596000  0.920257
      597000  0.935981
      598000  0.915418
      599000  0.907477
      600000  0.945210
      601000  0.936385
      602000  0.926459
      603000  0.951919
      604000  0.903565
      605000  0.940743
      606000  0.917193
      607000  0.960650
      608000  0.921328
      609000  0.961963
      610000  0.940887
      611000  0.919630
      612000  0.944481
      613000  0.929414
      614000  0.937983
      615000  0.945263
      616000  0.921583
      617000  0.937299
      618000  0.936208
      619000  0.900231
      620000  0.943135
      621000  0.918743
      622000  0.945793
      623000  0.952381
      624000  0.951534
      625000  0.938438
      626000  0.965142
      627000  0.945310
      628000  0.948448
      629000  0.920408
      630000  0.916674
      631000  0.918925
      632000  0.910202
      633000  0.945982
      634000  0.942228
      635000  0.942080
      636000  0.944615
      637000  0.947504
      638000  0.954019
      639000  0.945582
      640000  0.895669
      641000  0.925735
      642000  0.957661
      643000  0.951752
      644000  0.937689
      645000  0.951692
      646000  0.930574
      647000  0.954167
      648000  0.948727
      649000  0.939428
      650000  0.943946
      651000  0.920433
      652000  0.949095
      653000  0.938321
      654000  0.944974
      655000  0.933692
      656000  0.943617
      657000  0.923002
      658000  0.889591
      659000  0.902966
      660000  0.938441
      661000  0.944790
      662000  0.910878
      663000  0.935458
      664000  0.938178
      665000  0.940346
      666000  0.953495
      667000  0.944987
      668000  0.938285
      669000  0.929309
      670000  0.902590
      671000  0.926393
      672000  0.939618
      673000  0.886065
      674000  0.939222
      675000  0.940612
      676000  0.931205
      677000  0.865525
      678000  0.905158
      679000  0.944031
      680000  0.945559
      681000  0.943839
      682000  0.940280
      683000  0.939980
      684000  0.943609
      685000  0.874129
      686000  0.950719
      687000  0.947151
      688000  0.950181
      689000  0.929030
      690000  0.924279
      691000  0.945565
      692000  0.946879
      693000  0.925046
      694000  0.926742
      695000  0.952330
      696000  0.944404
      697000  0.875245
      698000  0.948892
      699000  0.907568
      700000  0.881320
      701000  0.944659
      702000  0.936941
      703000  0.930194
      704000  0.946796
      705000  0.949621
      706000  0.947417
      707000  0.911778
      708000  0.944977
      709000  0.941976
      710000  0.956148
      711000  0.930124
      712000  0.930770
      713000  0.923452
      714000  0.947857
      715000  0.924984
      716000  0.887000
      717000  0.902648
      718000  0.937551
      719000  0.933791
      720000  0.966147
      721000  0.946541
      722000  0.894557
      723000  0.981336
      724000  0.866881
      725000  0.937214
      726000  0.903108
      727000  0.939468
      728000  0.943274
      729000  0.931839
      730000  0.947217
      731000  0.937641
      732000  0.953507
      733000  0.933356
      734000  0.970985
      735000  0.944707
      736000  0.935247
      737000  0.962879
      738000  0.929067
      739000  0.942458
      740000  0.927631
      741000  0.928862
      742000  0.990332
      743000  0.952351
      744000  0.965337
      745000  0.928706
      746000  0.935276
      747000  0.938946
      748000  0.902389
      749000  0.919315
      750000  0.939896
      751000  0.938631
      752000  0.917902
      753000  0.936955
      754000  0.941900
      755000  0.940790
      756000  0.949624
      757000  0.907381
      758000  0.913534
      759000  0.921977
      760000  0.929558
      761000  0.931660
      762000  0.948842
      763000  0.930390
      764000  0.946604
      765000  0.942451
      766000  0.937068
      767000  0.943569
      768000  0.947905
      769000  0.936039
      770000  0.892931
      771000  0.950287
      772000  0.912435
      773000  0.925064
      774000  0.947991
      775000  0.954741
      776000  0.942717
      777000  0.928069
      778000  0.939947
      779000  0.942270
      780000  0.890758
      781000  0.939169
      782000  0.945968
      783000  0.953874
      784000  0.933687
      785000  0.934349
      786000  0.940938
      787000  0.868860
      788000  0.935896
      789000  0.905435
      790000  0.828211
      791000  0.933910
      792000  0.946070
      793000  0.948672
      794000  0.925460
      795000  0.909787
      796000  0.905587
      797000  0.947885
      798000  0.918706
      799000  0.947275
      800000  0.946193
      801000  0.952135
      802000  0.949752
      803000  0.946086
      804000  0.943702
      805000  0.960155
      806000  0.931475
      807000  0.944293
      808000  0.880345
      809000  0.954464
      810000  0.944441
      811000  0.947167
      812000  0.944161
      813000  0.933003
      814000  0.943052
      815000  0.922912
      816000  0.921090
      817000  0.948759
      818000  0.931867
      819000  0.957572
      820000  0.911089
      821000  0.939329
      822000  0.919239
      823000  0.932454
      824000  0.936738
      825000  0.933181
      826000  0.944523
      827000  0.966945
      828000  0.947237
      829000  0.903344
      830000  0.946777
      831000  0.943031
      832000  0.929408
      833000  0.963218
      834000  0.942014
      835000  0.945547
      836000  0.929909
      837000  0.937987
      838000  0.940549
      839000  0.955000
      840000  0.965701
      841000  0.957997
      842000  0.932745
      843000  0.918593
      844000  0.949727
      845000  0.879240
      846000  0.945760
      847000  0.914019
      848000  0.936721
      849000  0.925742
      850000  0.946408
      851000  0.893448
      852000  0.935248
      853000  0.931128
      854000  0.919917
      855000  0.939763
      856000  0.930181
      857000  0.961875
      858000  0.948432
      859000  0.946624
      860000  0.939880
      861000  0.965855
      862000  0.935734
      863000  0.930235
      864000  0.919163
      865000  0.920363
      866000  0.954798
      867000  0.952537
      868000  0.918108
      869000  0.924339
      870000  0.912411
      871000  0.954508
      872000  0.947502
      873000  0.913634
      874000  0.936398
      875000  0.947189
      876000  0.942322
      877000  0.935853
      878000  0.953227
      879000  0.925667
      880000  0.867129
      881000  0.938498
      882000  0.931661
      883000  0.926484
      884000  0.913822
      885000  0.948111
      886000  0.951332
      887000  0.919467
      888000  0.931025
      889000  0.961082
      890000  0.951974
      891000  0.961731
      892000  0.965480
      893000  0.921721
      894000  0.955868
      895000  0.941191
      896000  0.927161
      897000  0.927855
      898000  0.887240
      899000  0.943040
      900000  0.936215
      901000  0.951073
      902000  0.932020
      903000  0.914412
      904000  0.953597
      905000  0.950559
      906000  0.946722
      907000  0.832981
      908000  0.955313
      909000  0.938195
      910000  0.947295
      911000  0.938815
      912000  0.944740
      913000  0.956795
      914000  0.937774
      915000  0.944856
      916000  0.943067
      917000  0.942288
      918000  0.924515
      919000  0.976415
      920000  0.947592
      921000  0.871327
      922000  0.912794
      923000  0.955595
      924000  0.943093
      925000  0.893019
      926000  0.947472
      927000  0.942184
      928000  0.929884
      929000  0.950655
      930000  0.935245
      931000  0.928018
      932000  0.922493
      933000  0.943118
      934000  0.951113
      935000  0.946822
      936000  0.928312
      937000  0.938098
      938000  0.932900
      939000  0.958459
      940000  0.946309
      941000  0.935068
      942000  0.921883
      943000  0.935544
      944000  0.928777
      945000  0.950997
      946000  0.929077
      947000  0.886359
      948000  0.939771
      949000  0.885409
      950000  0.934108
      951000  0.935703
      952000  0.902658
      953000  0.919010
      954000  0.943884
      955000  0.930365
      956000  0.944825
      957000  0.899545
      958000  0.942282
      959000  0.943220
      960000  0.947786
      961000  0.945704
      962000  0.936316
      963000  0.942779
      964000  0.949033
      965000  0.950467
      966000  0.858232
      967000  0.948550
      968000  0.944037
      969000  0.951617
      970000  0.978447
      971000  0.956581
      972000  0.945895
      973000  0.926132
      974000  0.935760
      975000  0.934705
      976000  0.958527
      977000  0.836201
      978000  0.928269
      979000  0.930712
      980000  0.942061
      981000  0.930306
      982000  0.915295
      983000  0.936954
      984000  0.930162
      985000  0.942213
      986000  0.958605
      987000  0.939186
      988000  0.849361
      989000  0.916182
      990000  0.905635
      991000  0.939882
      992000  0.898529
      993000  0.916034
      994000  0.891741
      995000  0.946708
      996000  0.943826
      997000  0.916231
      998000  0.948248
      999000  0.939545
     1000000  0.942260
