    genPlus1     spaQ
        1000  0.559315
        2000  0.574712
        3000  0.550236
        4000  0.566395
        5000  0.539481
        6000  0.554423
        7000  0.535489
        8000  0.559969
        9000  0.556910
       10000  0.554489
       11000  0.558653
       12000  0.563562
       13000  0.560657
       14000  0.559259
       15000  0.561411
       16000  0.548144
       17000  0.542571
       18000  0.545808
       19000  0.554674
       20000  0.564844
       21000  0.547002
       22000  0.552151
       23000  0.554637
       24000  0.542868
       25000  0.548060
       26000  0.556287
       27000  0.546978
       28000  0.553695
       29000  0.555361
       30000  0.556783
       31000  0.552407
       32000  0.566787
       33000  0.562797
       34000  0.556002
       35000  0.546706
       36000  0.550592
       37000  0.553861
       38000  0.554816
       39000  0.556756
       40000  0.553030
       41000  0.540103
       42000  0.547270
       43000  0.549155
       44000  0.563351
       45000  0.562033
       46000  0.557685
       47000  0.554257
       48000  0.559981
       49000  0.550639
       50000  0.549051
       51000  0.562229
       52000  0.543945
       53000  0.557701
       54000  0.570706
       55000  0.564709
       56000  0.556588
       57000  0.554858
       58000  0.549991
       59000  0.556490
       60000  0.554557
       61000  0.550806
       62000  0.560255
       63000  0.551653
       64000  0.555543
       65000  0.558437
       66000  0.556914
       67000  0.553167
       68000  0.547636
       69000  0.559398
       70000  0.555402
       71000  0.539797
       72000  0.562456
       73000  0.566989
       74000  0.556987
       75000  0.557895
       76000  0.552823
       77000  0.556435
       78000  0.542946
       79000  0.558449
       80000  0.558312
       81000  0.551970
       82000  0.563037
       83000  0.553864
       84000  0.551142
       85000  0.554634
       86000  0.562059
       87000  0.555564
       88000  0.561954
       89000  0.544866
       90000  0.547908
       91000  0.566164
       92000  0.563602
       93000  0.557304
       94000  0.542240
       95000  0.549691
       96000  0.545924
       97000  0.552462
       98000  0.562478
       99000  0.564648
      100000  0.553272
      101000  0.554935
      102000  0.552858
      103000  0.540785
      104000  0.566453
      105000  0.559189
      106000  0.544987
      107000  0.561308
      108000  0.558071
      109000  0.543771
      110000  0.544630
      111000  0.557316
      112000  0.558818
      113000  0.569562
      114000  0.555779
      115000  0.551502
      116000  0.549762
      117000  0.561699
      118000  0.557274
      119000  0.546741
      120000  0.542446
      121000  0.561198
      122000  0.561965
      123000  0.562327
      124000  0.547120
      125000  0.553795
      126000  0.557953
      127000  0.545029
      128000  0.561803
      129000  0.554925
      130000  0.539450
      131000  0.543219
      132000  0.548007
      133000  0.554398
      134000  0.554220
      135000  0.549511
      136000  0.554568
      137000  0.544476
      138000  0.550221
      139000  0.564308
      140000  0.548481
      141000  0.559350
      142000  0.552365
      143000  0.541495
      144000  0.569987
      145000  0.550868
      146000  0.565905
      147000  0.573806
      148000  0.548210
      149000  0.538767
      150000  0.548210
      151000  0.551527
      152000  0.544863
      153000  0.551106
      154000  0.550933
      155000  0.548345
      156000  0.541575
      157000  0.546585
      158000  0.559169
      159000  0.559385
      160000  0.542786
      161000  0.543230
      162000  0.552846
      163000  0.559843
      164000  0.550736
      165000  0.551167
      166000  0.554257
      167000  0.557827
      168000  0.552098
      169000  0.557486
      170000  0.549786
      171000  0.559784
      172000  0.547215
      173000  0.565318
      174000  0.562519
      175000  0.563971
      176000  0.555576
      177000  0.554466
      178000  0.563720
      179000  0.545788
      180000  0.546041
      181000  0.569075
      182000  0.540550
      183000  0.560595
      184000  0.542106
      185000  0.548372
      186000  0.565584
      187000  0.554248
      188000  0.549407
      189000  0.555054
      190000  0.557820
      191000  0.558205
      192000  0.552476
      193000  0.553939
      194000  0.558775
      195000  0.568856
      196000  0.556702
      197000  0.555933
      198000  0.542151
      199000  0.553530
      200000  0.546619
      201000  0.568837
      202000  0.552723
      203000  0.562724
      204000  0.549646
      205000  0.565002
      206000  0.574096
      207000  0.553512
      208000  0.554506
      209000  0.559857
      210000  0.560679
      211000  0.560450
      212000  0.565562
      213000  0.551899
      214000  0.553826
      215000  0.555523
      216000  0.556388
      217000  0.548020
      218000  0.556435
      219000  0.565037
      220000  0.554861
      221000  0.542848
      222000  0.549191
      223000  0.571670
      224000  0.541355
      225000  0.555438
      226000  0.560320
      227000  0.561411
      228000  0.566017
      229000  0.550298
      230000  0.555445
      231000  0.558259
      232000  0.567265
      233000  0.574563
      234000  0.552393
      235000  0.552819
      236000  0.556533
      237000  0.564097
      238000  0.539657
      239000  0.563487
      240000  0.564284
      241000  0.551821
      242000  0.552893
      243000  0.557485
      244000  0.571969
      245000  0.565441
      246000  0.554307
      247000  0.550938
      248000  0.556146
      249000  0.550105
      250000  0.556309
      251000  0.556293
      252000  0.547722
      253000  0.562335
      254000  0.550685
      255000  0.552931
      256000  0.557962
      257000  0.565353
      258000  0.557858
      259000  0.554660
      260000  0.561499
      261000  0.571437
      262000  0.553999
      263000  0.563556
      264000  0.557525
      265000  0.554994
      266000  0.553645
      267000  0.555600
      268000  0.558192
      269000  0.555077
      270000  0.553449
      271000  0.539935
      272000  0.537323
      273000  0.564939
      274000  0.539547
      275000  0.558121
      276000  0.577406
      277000  0.551483
      278000  0.559977
      279000  0.531376
      280000  0.563770
      281000  0.550296
      282000  0.559196
      283000  0.566583
      284000  0.545383
      285000  0.564206
      286000  0.536493
      287000  0.552332
      288000  0.555000
      289000  0.557939
      290000  0.552703
      291000  0.548996
      292000  0.558233
      293000  0.560491
      294000  0.557149
      295000  0.554092
      296000  0.555343
      297000  0.565643
      298000  0.553388
      299000  0.539862
      300000  0.548639
      301000  0.559056
      302000  0.563130
      303000  0.546884
      304000  0.545426
      305000  0.549688
      306000  0.551455
      307000  0.560967
      308000  0.558468
      309000  0.541001
      310000  0.560549
      311000  0.562438
      312000  0.570072
      313000  0.567312
      314000  0.557285
      315000  0.551240
      316000  0.550649
      317000  0.547592
      318000  0.558884
      319000  0.556332
      320000  0.549449
      321000  0.566113
      322000  0.552596
      323000  0.553263
      324000  0.557647
      325000  0.555044
      326000  0.558288
      327000  0.558606
      328000  0.561786
      329000  0.554998
      330000  0.546140
      331000  0.569116
      332000  0.538635
      333000  0.557289
      334000  0.558914
      335000  0.563386
      336000  0.557989
      337000  0.551411
      338000  0.564470
      339000  0.559676
      340000  0.566986
      341000  0.562252
      342000  0.558018
      343000  0.558720
      344000  0.551861
      345000  0.543913
      346000  0.559906
      347000  0.560826
      348000  0.550473
      349000  0.542035
      350000  0.549084
      351000  0.537164
      352000  0.557875
      353000  0.569492
      354000  0.561611
      355000  0.548450
      356000  0.554557
      357000  0.573328
      358000  0.554051
      359000  0.555966
      360000  0.557739
      361000  0.554036
      362000  0.561569
      363000  0.556642
      364000  0.548275
      365000  0.549697
      366000  0.572928
      367000  0.557491
      368000  0.570786
      369000  0.564125
      370000  0.549395
      371000  0.551428
      372000  0.571786
      373000  0.567536
      374000  0.552446
      375000  0.559278
      376000  0.541172
      377000  0.554624
      378000  0.561023
      379000  0.559066
      380000  0.550217
      381000  0.564280
      382000  0.547053
      383000  0.572706
      384000  0.553417
      385000  0.537967
      386000  0.540070
      387000  0.561245
      388000  0.551213
      389000  0.549349
      390000  0.552228
      391000  0.559046
      392000  0.559998
      393000  0.558493
      394000  0.552367
      395000  0.567006
      396000  0.559701
      397000  0.564687
      398000  0.563161
      399000  0.554677
      400000  0.545530
      401000  0.559244
      402000  0.558257
      403000  0.558136
      404000  0.556468
      405000  0.555578
      406000  0.540389
      407000  0.566295
      408000  0.551964
      409000  0.559150
      410000  0.559738
      411000  0.547108
      412000  0.560121
      413000  0.557851
      414000  0.551926
      415000  0.551497
      416000  0.562660
      417000  0.552255
      418000  0.555006
      419000  0.539462
      420000  0.553573
      421000  0.554720
      422000  0.556215
      423000  0.545048
      424000  0.567225
      425000  0.559474
      426000  0.551338
      427000  0.558745
      428000  0.570564
      429000  0.560749
      430000  0.552595
      431000  0.565252
      432000  0.550947
      433000  0.559446
      434000  0.560536
      435000  0.549484
      436000  0.554912
      437000  0.552513
      438000  0.562242
      439000  0.541237
      440000  0.544623
      441000  0.550406
      442000  0.563170
      443000  0.560609
      444000  0.549089
      445000  0.551033
      446000  0.556196
      447000  0.568516
      448000  0.547247
      449000  0.559445
      450000  0.556198
      451000  0.539723
      452000  0.560457
      453000  0.551203
      454000  0.546537
      455000  0.550573
      456000  0.544714
      457000  0.548855
      458000  0.567769
      459000  0.550782
      460000  0.556799
      461000  0.563172
      462000  0.560352
      463000  0.547318
      464000  0.552202
      465000  0.562430
      466000  0.561673
      467000  0.559782
      468000  0.561304
      469000  0.551377
      470000  0.575621
      471000  0.547013
      472000  0.546335
      473000  0.559894
      474000  0.543230
      475000  0.539626
      476000  0.556979
      477000  0.553296
      478000  0.555302
      479000  0.561181
      480000  0.544530
      481000  0.547191
      482000  0.568864
      483000  0.554867
      484000  0.557283
      485000  0.560426
      486000  0.553650
      487000  0.553809
      488000  0.551486
      489000  0.563485
      490000  0.567973
      491000  0.560095
      492000  0.555368
      493000  0.565232
      494000  0.558702
      495000  0.566715
      496000  0.558484
      497000  0.564364
      498000  0.552458
      499000  0.548982
      500000  0.548914
      501000  0.565133
      502000  0.542508
      503000  0.551428
      504000  0.573996
      505000  0.558071
      506000  0.544261
      507000  0.562757
      508000  0.553264
      509000  0.560161
      510000  0.550903
      511000  0.555420
      512000  0.548903
      513000  0.554184
      514000  0.556533
      515000  0.549359
      516000  0.546053
      517000  0.543910
      518000  0.552680
      519000  0.546989
      520000  0.552215
      521000  0.557575
      522000  0.566457
      523000  0.539440
      524000  0.555039
      525000  0.549861
      526000  0.539743
      527000  0.552192
      528000  0.554117
      529000  0.549776
      530000  0.540197
      531000  0.543926
      532000  0.554788
      533000  0.556455
      534000  0.560557
      535000  0.558620
      536000  0.561622
      537000  0.550982
      538000  0.562934
      539000  0.550769
      540000  0.557505
      541000  0.540299
      542000  0.545974
      543000  0.553300
      544000  0.547472
      545000  0.568850
      546000  0.556243
      547000  0.550651
      548000  0.565490
      549000  0.560000
      550000  0.571881
      551000  0.551145
      552000  0.551888
      553000  0.561811
      554000  0.565634
      555000  0.558554
      556000  0.556811
      557000  0.566110
      558000  0.555128
      559000  0.545399
      560000  0.554936
      561000  0.565744
      562000  0.554739
      563000  0.550459
      564000  0.549016
      565000  0.560378
      566000  0.552581
      567000  0.553012
      568000  0.541154
      569000  0.561270
      570000  0.563079
      571000  0.556583
      572000  0.561586
      573000  0.560137
      574000  0.538525
      575000  0.556844
      576000  0.546276
      577000  0.557619
      578000  0.551055
      579000  0.552990
      580000  0.549161
      581000  0.546917
      582000  0.551099
      583000  0.570711
      584000  0.547341
      585000  0.560826
      586000  0.564960
      587000  0.545098
      588000  0.557659
      589000  0.567628
      590000  0.563610
      591000  0.546892
      592000  0.545184
      593000  0.557983
      594000  0.558368
      595000  0.552741
      596000  0.562500
      597000  0.556245
      598000  0.562471
      599000  0.552687
      600000  0.558512
      601000  0.549990
      602000  0.556973
      603000  0.553832
      604000  0.558086
      605000  0.565488
      606000  0.556813
      607000  0.543196
      608000  0.545877
      609000  0.553235
      610000  0.567168
      611000  0.561648
      612000  0.559688
      613000  0.551997
      614000  0.552633
      615000  0.550643
      616000  0.544002
      617000  0.562400
      618000  0.557024
      619000  0.548330
      620000  0.548649
      621000  0.549587
      622000  0.548984
      623000  0.563155
      624000  0.561422
      625000  0.557727
      626000  0.556271
      627000  0.554650
      628000  0.561978
      629000  0.535575
      630000  0.566689
      631000  0.553097
      632000  0.550711
      633000  0.552476
      634000  0.553534
      635000  0.556597
      636000  0.557666
      637000  0.558827
      638000  0.552738
      639000  0.561081
      640000  0.552622
      641000  0.544026
      642000  0.561121
      643000  0.562051
      644000  0.553002
      645000  0.559999
      646000  0.553557
      647000  0.556078
      648000  0.562617
      649000  0.554884
      650000  0.543437
      651000  0.545360
      652000  0.552279
      653000  0.551422
      654000  0.551020
      655000  0.566601
      656000  0.567319
      657000  0.563990
      658000  0.554750
      659000  0.563328
      660000  0.550046
      661000  0.561428
      662000  0.554315
      663000  0.554070
      664000  0.557935
      665000  0.536210
      666000  0.557740
      667000  0.547807
      668000  0.559241
      669000  0.546824
      670000  0.560307
      671000  0.549541
      672000  0.554098
      673000  0.548666
      674000  0.564043
      675000  0.553693
      676000  0.543269
      677000  0.561326
      678000  0.549220
      679000  0.547908
      680000  0.558372
      681000  0.542369
      682000  0.559964
      683000  0.553346
      684000  0.554360
      685000  0.554431
      686000  0.569441
      687000  0.539718
      688000  0.558682
      689000  0.568479
      690000  0.566976
      691000  0.551811
      692000  0.562453
      693000  0.561532
      694000  0.555809
      695000  0.551673
      696000  0.541073
      697000  0.555205
      698000  0.568315
      699000  0.550624
      700000  0.545383
      701000  0.542595
      702000  0.572827
      703000  0.567625
      704000  0.551048
      705000  0.548870
      706000  0.560166
      707000  0.564956
      708000  0.565685
      709000  0.545473
      710000  0.561925
      711000  0.564632
      712000  0.553817
      713000  0.546126
      714000  0.552787
      715000  0.563744
      716000  0.559248
      717000  0.537770
      718000  0.545497
      719000  0.548001
      720000  0.552704
      721000  0.540604
      722000  0.552975
      723000  0.571453
      724000  0.554760
      725000  0.556578
      726000  0.553363
      727000  0.566205
      728000  0.565302
      729000  0.549293
      730000  0.544639
      731000  0.541952
      732000  0.550176
      733000  0.555685
      734000  0.556746
      735000  0.563327
      736000  0.557600
      737000  0.545161
      738000  0.547243
      739000  0.553992
      740000  0.557697
      741000  0.559138
      742000  0.542648
      743000  0.560976
      744000  0.549870
      745000  0.553807
      746000  0.553868
      747000  0.552594
      748000  0.551733
      749000  0.545117
      750000  0.556978
      751000  0.545176
      752000  0.559256
      753000  0.561522
      754000  0.549551
      755000  0.563581
      756000  0.555259
      757000  0.550546
      758000  0.566190
      759000  0.558298
      760000  0.565526
      761000  0.556456
      762000  0.542824
      763000  0.545649
      764000  0.554846
      765000  0.564971
      766000  0.553327
      767000  0.566119
      768000  0.548412
      769000  0.552003
      770000  0.553322
      771000  0.554410
      772000  0.543376
      773000  0.549898
      774000  0.545097
      775000  0.562409
      776000  0.551863
      777000  0.554448
      778000  0.542460
      779000  0.547084
      780000  0.546347
      781000  0.544403
      782000  0.553735
      783000  0.533795
      784000  0.568348
      785000  0.561934
      786000  0.548824
      787000  0.566266
      788000  0.547421
      789000  0.548148
      790000  0.552700
      791000  0.555145
      792000  0.549201
      793000  0.554091
      794000  0.567605
      795000  0.564496
      796000  0.551679
      797000  0.559956
      798000  0.561417
      799000  0.550061
      800000  0.545290
      801000  0.546740
      802000  0.566474
      803000  0.559271
      804000  0.548068
      805000  0.549984
      806000  0.564915
      807000  0.555764
      808000  0.562053
      809000  0.562744
      810000  0.559883
      811000  0.561574
      812000  0.551258
      813000  0.554972
      814000  0.556215
      815000  0.558144
      816000  0.547686
      817000  0.551098
      818000  0.553042
      819000  0.548060
      820000  0.544496
      821000  0.557362
      822000  0.552001
      823000  0.569157
      824000  0.576913
      825000  0.559403
      826000  0.558300
      827000  0.553188
      828000  0.547175
      829000  0.563773
      830000  0.549713
      831000  0.565287
      832000  0.555409
      833000  0.549154
      834000  0.540628
      835000  0.550652
      836000  0.560733
      837000  0.550574
      838000  0.557826
      839000  0.553943
      840000  0.566225
      841000  0.548384
      842000  0.548089
      843000  0.549635
      844000  0.561684
      845000  0.560613
      846000  0.548824
      847000  0.546991
      848000  0.557705
      849000  0.555103
      850000  0.558608
      851000  0.543031
      852000  0.548654
      853000  0.549558
      854000  0.552113
      855000  0.556569
      856000  0.561667
      857000  0.555603
      858000  0.547760
      859000  0.548283
      860000  0.554682
      861000  0.560456
      862000  0.550677
      863000  0.543715
      864000  0.549280
      865000  0.552641
      866000  0.554957
      867000  0.552663
      868000  0.565266
      869000  0.556114
      870000  0.559499
      871000  0.550429
      872000  0.564420
      873000  0.551617
      874000  0.550469
      875000  0.545638
      876000  0.552091
      877000  0.565090
      878000  0.565664
      879000  0.551976
      880000  0.550571
      881000  0.558706
      882000  0.554636
      883000  0.549019
      884000  0.540764
      885000  0.553822
      886000  0.550021
      887000  0.565538
      888000  0.549494
      889000  0.556921
      890000  0.560493
      891000  0.562093
      892000  0.548306
      893000  0.560212
      894000  0.558671
      895000  0.555971
      896000  0.562346
      897000  0.552605
      898000  0.557939
      899000  0.561310
      900000  0.558365
      901000  0.550338
      902000  0.543307
      903000  0.553496
      904000  0.548203
      905000  0.558218
      906000  0.553466
      907000  0.552326
      908000  0.560489
      909000  0.554076
      910000  0.557293
      911000  0.556102
      912000  0.551200
      913000  0.558796
      914000  0.546265
      915000  0.543322
      916000  0.548288
      917000  0.553478
      918000  0.557398
      919000  0.556569
      920000  0.545362
      921000  0.553261
      922000  0.556611
      923000  0.553981
      924000  0.553294
      925000  0.548194
      926000  0.558891
      927000  0.556237
      928000  0.557723
      929000  0.554872
      930000  0.580451
      931000  0.540288
      932000  0.559682
      933000  0.549502
      934000  0.565213
      935000  0.566262
      936000  0.546588
      937000  0.562328
      938000  0.562766
      939000  0.551636
      940000  0.562223
      941000  0.544372
      942000  0.560399
      943000  0.560743
      944000  0.551210
      945000  0.566002
      946000  0.552055
      947000  0.561198
      948000  0.568591
      949000  0.558999
      950000  0.547857
      951000  0.559649
      952000  0.550649
      953000  0.557003
      954000  0.549009
      955000  0.550573
      956000  0.550799
      957000  0.558541
      958000  0.549095
      959000  0.552877
      960000  0.545393
      961000  0.567979
      962000  0.542263
      963000  0.566711
      964000  0.565703
      965000  0.552601
      966000  0.562169
      967000  0.557998
      968000  0.559911
      969000  0.551144
      970000  0.559895
      971000  0.550983
      972000  0.559106
      973000  0.550630
      974000  0.550523
      975000  0.558520
      976000  0.553706
      977000  0.564718
      978000  0.552859
      979000  0.557388
      980000  0.558682
      981000  0.551767
      982000  0.550284
      983000  0.554103
      984000  0.544991
      985000  0.557695
      986000  0.559883
      987000  0.570993
      988000  0.549192
      989000  0.558452
      990000  0.550050
      991000  0.558028
      992000  0.569353
      993000  0.555178
      994000  0.556296
      995000  0.576444
      996000  0.559854
      997000  0.547418
      998000  0.560631
      999000  0.554050
     1000000  0.559856
