       1000 -846.958533
       2000 -846.461568
       3000 -849.216174
       4000 -848.679542
       5000 -850.165329
       6000 -847.208690
       7000 -847.159665
       8000 -847.471040
       9000 -849.084204
      10000 -846.595780
      11000 -849.153016
      12000 -848.811363
      13000 -848.464418
      14000 -848.571009
      15000 -852.103670
      16000 -848.803684
      17000 -847.275313
      18000 -847.552151
      19000 -847.530984
      20000 -849.274384
      21000 -859.384901
      22000 -848.095713
      23000 -848.027952
      24000 -849.428996
      25000 -847.198749
      26000 -850.311371
      27000 -846.376544
      28000 -847.297228
      29000 -847.802484
      30000 -849.100667
      31000 -848.023055
      32000 -849.170684
      33000 -853.758237
      34000 -849.442767
      35000 -849.167050
      36000 -851.526122
      37000 -850.753700
      38000 -848.168110
      39000 -849.246698
      40000 -847.938366
      41000 -848.265202
      42000 -847.920876
      43000 -847.353984
      44000 -852.093482
      45000 -848.182341
      46000 -847.848135
      47000 -847.123788
      48000 -848.742669
      49000 -847.004054
      50000 -848.498032
      51000 -847.263227
      52000 -849.877611
      53000 -847.442230
      54000 -849.243347
      55000 -849.849110
      56000 -851.598268
      57000 -847.705321
      58000 -852.124670
      59000 -849.636998
      60000 -846.945521
      61000 -849.640057
      62000 -846.469038
      63000 -856.905408
      64000 -847.588983
      65000 -847.871980
      66000 -851.703253
      67000 -849.465103
      68000 -849.815259
      69000 -851.084159
      70000 -848.373762
      71000 -848.568655
      72000 -847.683896
      73000 -853.837825
      74000 -850.368514
      75000 -847.146817
      76000 -850.937198
      77000 -849.828439
      78000 -848.176664
      79000 -849.070966
      80000 -847.079955
      81000 -848.501880
      82000 -846.608387
      83000 -847.983797
      84000 -848.016169
      85000 -846.815201
      86000 -847.383110
      87000 -846.447412
      88000 -848.902923
      89000 -846.567629
      90000 -848.917701
      91000 -851.556999
      92000 -847.342624
      93000 -846.732372
      94000 -848.355349
      95000 -852.083078
      96000 -849.313642
      97000 -849.450368
      98000 -846.971341
      99000 -849.034339
     100000 -848.777593
     101000 -849.437201
     102000 -849.149852
     103000 -846.999298
     104000 -851.909201
     105000 -849.460730
     106000 -846.322655
     107000 -847.567359
     108000 -849.296950
     109000 -846.597685
     110000 -848.881723
     111000 -846.946235
     112000 -848.334493
     113000 -849.128302
     114000 -847.008278
     115000 -848.001139
     116000 -846.539034
     117000 -846.942286
     118000 -849.647056
     119000 -846.320832
     120000 -847.893324
     121000 -854.074292
     122000 -850.421579
     123000 -852.211090
     124000 -847.150875
     125000 -851.114246
     126000 -847.887366
     127000 -850.689448
     128000 -851.630352
     129000 -847.552111
     130000 -853.183519
     131000 -851.079429
     132000 -847.246288
     133000 -850.741817
     134000 -848.357033
     135000 -846.319848
     136000 -850.014663
     137000 -847.379236
     138000 -847.974203
     139000 -847.364897
     140000 -847.892364
     141000 -847.526591
     142000 -854.357042
     143000 -846.553061
     144000 -846.848178
     145000 -848.410787
     146000 -846.825366
     147000 -849.545477
     148000 -847.982434
     149000 -847.155773
     150000 -847.670889
     151000 -848.267898
     152000 -854.030786
     153000 -846.970712
     154000 -847.052047
     155000 -850.658685
     156000 -859.472872
     157000 -851.111139
     158000 -847.065285
     159000 -848.996182
     160000 -847.803559
     161000 -846.543221
     162000 -851.552428
     163000 -846.653876
     164000 -846.529751
     165000 -846.648656
     166000 -850.363775
     167000 -852.145892
     168000 -846.975737
     169000 -851.036149
     170000 -850.301305
     171000 -846.977268
     172000 -846.724955
     173000 -848.695265
     174000 -848.861261
     175000 -847.201343
     176000 -847.240409
     177000 -848.715144
     178000 -853.016034
     179000 -848.649012
     180000 -846.851802
     181000 -848.224990
     182000 -852.449649
     183000 -848.450882
     184000 -851.006841
     185000 -847.494100
     186000 -854.134079
     187000 -850.497796
     188000 -847.481078
     189000 -852.173654
     190000 -848.080796
     191000 -847.618951
     192000 -848.037611
     193000 -849.606198
     194000 -848.012500
     195000 -848.086163
     196000 -847.264169
     197000 -846.862318
     198000 -851.127208
     199000 -846.489889
     200000 -849.134242
     201000 -849.920748
     202000 -850.741781
     203000 -852.501273
     204000 -846.594258
     205000 -853.611333
     206000 -850.122306
     207000 -846.622407
     208000 -848.113420
     209000 -846.385635
     210000 -856.389677
     211000 -848.334801
     212000 -847.846039
     213000 -846.954786
     214000 -846.819322
     215000 -847.092556
     216000 -847.284840
     217000 -846.883570
     218000 -847.261375
     219000 -847.235768
     220000 -847.524672
     221000 -846.726656
     222000 -846.366228
     223000 -848.219524
     224000 -852.922111
     225000 -848.807966
     226000 -849.445379
     227000 -849.312900
     228000 -848.805347
     229000 -846.506120
     230000 -848.057587
     231000 -850.858591
     232000 -846.447996
     233000 -850.720136
     234000 -850.985371
     235000 -850.784374
     236000 -846.405459
     237000 -849.250336
     238000 -847.427243
     239000 -850.360981
     240000 -846.379895
     241000 -846.814573
     242000 -848.504640
     243000 -846.898634
     244000 -850.193573
     245000 -847.057950
     246000 -849.983490
     247000 -847.384891
     248000 -848.926115
     249000 -853.953677
     250000 -848.883563
     251000 -848.330080
     252000 -847.969268
     253000 -847.084605
     254000 -848.427272
     255000 -848.879421
     256000 -849.524349
     257000 -846.444690
     258000 -847.092903
     259000 -848.027476
     260000 -851.283845
     261000 -847.353208
     262000 -847.798998
     263000 -847.469271
     264000 -854.022845
     265000 -849.157248
     266000 -847.019336
     267000 -850.133258
     268000 -846.705835
     269000 -849.414304
     270000 -857.196418
     271000 -846.878574
     272000 -848.890632
     273000 -849.090940
     274000 -847.571361
     275000 -849.933452
     276000 -848.825197
     277000 -847.476120
     278000 -848.372278
     279000 -847.066274
     280000 -848.156756
     281000 -847.886312
     282000 -847.866265
     283000 -854.949457
     284000 -848.625113
     285000 -848.251612
     286000 -853.043548
     287000 -850.585813
     288000 -849.647450
     289000 -846.458507
     290000 -846.854015
     291000 -848.314969
     292000 -847.670825
     293000 -848.717177
     294000 -847.223429
     295000 -847.415847
     296000 -849.051862
     297000 -847.730929
     298000 -846.616384
     299000 -847.280859
     300000 -847.465299
     301000 -847.603136
     302000 -851.342473
     303000 -849.043367
     304000 -847.451632
     305000 -850.115496
     306000 -847.033242
     307000 -847.028634
     308000 -846.585616
     309000 -847.392932
     310000 -850.841914
     311000 -847.313997
     312000 -848.245617
     313000 -847.241180
     314000 -847.827286
     315000 -852.402607
     316000 -852.204463
     317000 -850.395267
     318000 -847.371285
     319000 -846.974155
     320000 -848.029124
     321000 -848.497475
     322000 -850.340358
     323000 -846.476662
     324000 -849.488044
     325000 -850.584798
     326000 -848.363030
     327000 -846.809821
     328000 -849.098132
     329000 -850.342190
     330000 -852.180671
     331000 -848.097456
     332000 -847.991991
     333000 -848.651176
     334000 -850.985513
     335000 -848.985264
     336000 -850.970861
     337000 -847.973218
     338000 -854.332017
     339000 -849.079038
     340000 -846.825174
     341000 -852.078487
     342000 -848.247457
     343000 -846.934154
     344000 -854.528072
     345000 -847.497298
     346000 -849.666917
     347000 -846.901076
     348000 -847.297399
     349000 -848.755701
     350000 -847.731043
     351000 -849.491786
     352000 -848.133866
     353000 -851.463517
     354000 -853.828551
     355000 -849.153307
     356000 -848.464442
     357000 -850.555781
     358000 -847.934698
     359000 -846.845026
     360000 -850.041822
     361000 -848.407576
     362000 -847.807556
     363000 -847.449441
     364000 -848.929382
     365000 -846.565223
     366000 -847.009803
     367000 -847.803109
     368000 -856.749779
     369000 -847.986095
     370000 -847.765948
     371000 -858.084732
     372000 -850.124153
     373000 -848.297640
     374000 -848.516451
     375000 -850.446421
     376000 -854.291591
     377000 -848.012947
     378000 -847.048449
     379000 -848.554695
     380000 -846.460983
     381000 -856.344846
     382000 -854.407620
     383000 -861.764426
     384000 -846.602452
     385000 -846.674943
     386000 -846.756281
     387000 -852.695883
     388000 -848.958430
     389000 -848.306536
     390000 -851.391125
     391000 -851.676510
     392000 -850.943794
     393000 -848.388025
     394000 -855.570346
     395000 -849.722867
     396000 -851.063616
     397000 -854.967520
     398000 -847.857222
     399000 -847.301744
     400000 -847.150349
     401000 -852.884965
     402000 -846.695595
     403000 -847.597655
     404000 -847.149462
     405000 -848.278556
     406000 -846.785550
     407000 -855.428928
     408000 -852.320827
     409000 -849.478814
     410000 -846.543719
     411000 -847.032946
     412000 -849.492389
     413000 -847.906119
     414000 -847.319631
     415000 -847.171838
     416000 -850.771096
     417000 -848.239825
     418000 -854.136764
     419000 -849.191398
     420000 -848.298695
     421000 -846.639972
     422000 -859.891637
     423000 -848.492534
     424000 -847.650354
     425000 -846.939684
     426000 -846.761758
     427000 -846.447875
     428000 -846.938039
     429000 -849.502198
     430000 -851.527194
     431000 -848.413624
     432000 -848.292432
     433000 -850.111153
     434000 -849.152351
     435000 -848.581969
     436000 -856.568613
     437000 -852.745452
     438000 -849.064786
     439000 -850.814161
     440000 -846.823429
     441000 -848.068010
     442000 -846.532296
     443000 -847.241129
     444000 -849.256919
     445000 -849.025375
     446000 -847.882966
     447000 -847.032162
     448000 -852.264902
     449000 -848.277172
     450000 -851.203821
     451000 -848.417103
     452000 -848.950755
     453000 -847.425167
     454000 -848.126718
     455000 -848.416704
     456000 -847.270717
     457000 -853.703168
     458000 -848.103792
     459000 -850.919378
     460000 -846.809793
     461000 -849.899525
     462000 -849.633616
     463000 -848.921915
     464000 -848.516480
     465000 -847.878450
     466000 -849.180557
     467000 -846.999061
     468000 -846.463794
     469000 -851.395936
     470000 -847.951879
     471000 -853.764512
     472000 -852.048341
     473000 -856.608169
     474000 -846.462177
     475000 -846.539618
     476000 -847.956694
     477000 -847.176287
     478000 -848.334872
     479000 -850.241635
     480000 -848.360480
     481000 -847.743494
     482000 -846.753546
     483000 -848.605724
     484000 -848.985269
     485000 -850.036266
     486000 -850.609053
     487000 -849.198437
     488000 -846.335121
     489000 -848.361887
     490000 -849.981052
     491000 -846.344512
     492000 -847.336081
     493000 -849.779311
     494000 -847.068895
     495000 -846.677372
     496000 -852.037475
     497000 -847.584868
     498000 -849.663095
     499000 -850.927020
     500000 -846.999085
     501000 -846.447677
     502000 -846.978868
     503000 -847.149406
     504000 -847.235137
     505000 -847.530982
     506000 -848.216020
     507000 -846.565599
     508000 -849.218215
     509000 -847.132157
     510000 -851.100493
     511000 -846.969256
     512000 -848.009190
     513000 -847.168821
     514000 -849.597988
     515000 -849.806041
     516000 -846.641849
     517000 -848.570490
     518000 -846.469977
     519000 -846.514831
     520000 -846.668417
     521000 -852.033737
     522000 -846.319163
     523000 -846.999176
     524000 -846.835227
     525000 -852.245974
     526000 -846.373762
     527000 -847.144985
     528000 -852.574495
     529000 -849.172191
     530000 -848.061514
     531000 -848.747027
     532000 -851.730121
     533000 -849.867858
     534000 -854.160999
     535000 -847.471817
     536000 -846.455230
     537000 -848.566518
     538000 -848.027040
     539000 -851.341239
     540000 -850.884803
     541000 -851.648300
     542000 -849.924362
     543000 -846.562942
     544000 -846.483955
     545000 -851.989014
     546000 -847.235830
     547000 -855.660118
     548000 -850.406972
     549000 -848.698355
     550000 -851.141563
     551000 -847.779232
     552000 -852.681106
     553000 -847.143574
     554000 -846.578824
     555000 -850.116641
     556000 -847.683308
     557000 -851.960399
     558000 -849.303768
     559000 -848.979964
     560000 -850.378368
     561000 -847.985038
     562000 -856.180056
     563000 -847.788860
     564000 -846.464903
     565000 -848.961351
     566000 -849.525385
     567000 -848.794257
     568000 -846.771651
     569000 -847.706395
     570000 -848.768712
     571000 -852.111041
     572000 -846.499085
     573000 -846.439655
     574000 -850.653547
     575000 -851.056867
     576000 -847.241452
     577000 -849.192725
     578000 -847.579669
     579000 -848.539789
     580000 -847.646792
     581000 -847.196465
     582000 -848.062954
     583000 -849.683733
     584000 -850.422500
     585000 -849.367932
     586000 -847.025060
     587000 -849.275291
     588000 -848.953580
     589000 -849.056045
     590000 -848.364333
     591000 -850.326132
     592000 -854.318179
     593000 -852.503255
     594000 -848.038585
     595000 -847.733211
     596000 -847.883146
     597000 -847.234738
     598000 -848.968581
     599000 -846.979304
     600000 -853.629576
     601000 -849.602662
     602000 -846.843734
     603000 -847.010848
     604000 -847.857648
     605000 -849.039570
     606000 -848.475959
     607000 -854.439485
     608000 -847.854775
     609000 -847.412444
     610000 -849.348852
     611000 -847.605563
     612000 -847.756746
     613000 -848.310885
     614000 -850.761918
     615000 -848.746973
     616000 -848.067344
     617000 -848.455548
     618000 -846.975345
     619000 -854.523921
     620000 -848.265854
     621000 -848.214086
     622000 -848.228728
     623000 -853.109765
     624000 -847.008651
     625000 -846.447712
     626000 -846.433210
     627000 -846.645550
     628000 -848.641635
     629000 -847.728628
     630000 -846.845946
     631000 -851.991095
     632000 -847.068158
     633000 -851.840521
     634000 -848.111634
     635000 -848.111318
     636000 -847.289294
     637000 -847.952302
     638000 -846.530206
     639000 -847.605762
     640000 -850.686444
     641000 -848.716649
     642000 -847.144886
     643000 -848.414145
     644000 -847.382144
     645000 -849.973676
     646000 -847.091753
     647000 -849.001582
     648000 -847.129215
     649000 -848.490224
     650000 -847.454316
     651000 -848.821722
     652000 -849.662672
     653000 -846.849409
     654000 -849.396918
     655000 -847.113342
     656000 -847.285181
     657000 -847.980207
     658000 -847.923653
     659000 -848.970500
     660000 -849.615810
     661000 -850.532047
     662000 -849.368822
     663000 -848.950811
     664000 -847.079530
     665000 -847.975505
     666000 -846.748984
     667000 -848.085484
     668000 -847.097194
     669000 -847.412544
     670000 -847.305057
     671000 -847.901464
     672000 -847.754450
     673000 -846.425845
     674000 -846.965061
     675000 -849.165906
     676000 -848.246785
     677000 -848.060312
     678000 -847.973814
     679000 -851.347040
     680000 -849.695113
     681000 -848.176654
     682000 -846.772039
     683000 -849.602210
     684000 -851.908767
     685000 -850.984498
     686000 -847.180392
     687000 -851.891608
     688000 -847.788301
     689000 -854.072420
     690000 -851.222750
     691000 -849.878918
     692000 -847.653862
     693000 -854.855949
     694000 -848.345015
     695000 -849.810579
     696000 -854.167652
     697000 -849.088409
     698000 -847.059450
     699000 -846.954645
     700000 -847.143275
     701000 -847.244271
     702000 -850.543744
     703000 -849.569439
     704000 -849.263494
     705000 -848.007112
     706000 -848.951612
     707000 -846.726756
     708000 -848.606636
     709000 -847.794604
     710000 -846.320686
     711000 -848.782625
     712000 -848.478086
     713000 -848.351204
     714000 -846.999135
     715000 -848.012779
     716000 -853.136070
     717000 -849.288280
     718000 -847.997850
     719000 -846.832803
     720000 -847.651127
     721000 -849.467265
     722000 -846.827003
     723000 -846.473022
     724000 -848.985208
     725000 -851.296916
     726000 -849.881164
     727000 -847.280746
     728000 -846.950478
     729000 -847.141654
     730000 -865.224833
     731000 -848.047367
     732000 -848.523110
     733000 -847.166161
     734000 -846.870545
     735000 -846.468542
     736000 -849.326578
     737000 -846.471086
     738000 -847.509006
     739000 -848.977866
     740000 -854.546703
     741000 -846.977806
     742000 -847.990938
     743000 -859.036460
     744000 -848.073538
     745000 -850.845044
     746000 -848.030985
     747000 -847.969663
     748000 -847.065208
     749000 -847.744456
     750000 -849.171155
     751000 -849.949235
     752000 -848.030108
     753000 -849.101033
     754000 -848.508062
     755000 -847.903035
     756000 -849.348457
     757000 -846.957940
     758000 -847.926333
     759000 -848.588067
     760000 -850.212086
     761000 -846.488761
     762000 -852.622321
     763000 -849.406825
     764000 -847.140757
     765000 -851.335841
     766000 -851.203435
     767000 -848.515423
     768000 -848.034163
     769000 -847.151484
     770000 -847.632804
     771000 -848.955854
     772000 -846.457264
     773000 -846.956505
     774000 -849.940703
     775000 -853.625363
     776000 -853.451354
     777000 -848.976120
     778000 -847.011681
     779000 -851.921316
     780000 -851.038608
     781000 -852.848205
     782000 -848.801149
     783000 -858.619724
     784000 -856.502933
     785000 -846.582746
     786000 -849.413018
     787000 -847.153831
     788000 -847.525533
     789000 -847.562559
     790000 -847.288052
     791000 -846.691165
     792000 -846.472094
     793000 -847.850607
     794000 -846.696996
     795000 -846.501473
     796000 -849.209230
     797000 -853.252574
     798000 -846.649598
     799000 -847.758358
     800000 -849.292221
     801000 -851.774657
     802000 -849.017682
     803000 -848.007298
     804000 -847.497180
     805000 -847.442628
     806000 -848.680547
     807000 -847.963081
     808000 -849.000190
     809000 -849.084307
     810000 -856.184074
     811000 -850.289805
     812000 -847.125807
     813000 -852.840395
     814000 -850.186402
     815000 -848.011922
     816000 -858.087905
     817000 -848.747466
     818000 -849.758839
     819000 -847.289550
     820000 -848.464864
     821000 -848.781983
     822000 -847.367474
     823000 -857.595158
     824000 -852.197990
     825000 -847.531709
     826000 -848.663075
     827000 -848.248398
     828000 -847.772412
     829000 -847.292976
     830000 -847.018650
     831000 -850.790796
     832000 -849.788266
     833000 -847.160887
     834000 -846.604168
     835000 -851.831899
     836000 -848.816966
     837000 -850.786396
     838000 -847.393984
     839000 -857.210500
     840000 -848.225625
     841000 -847.283286
     842000 -853.679173
     843000 -848.876000
     844000 -848.097758
     845000 -850.391348
     846000 -852.033298
     847000 -846.388184
     848000 -846.479570
     849000 -847.193966
     850000 -848.347987
     851000 -846.852745
     852000 -848.363997
     853000 -851.699209
     854000 -850.088690
     855000 -849.272570
     856000 -847.439537
     857000 -847.358737
     858000 -847.329426
     859000 -848.978789
     860000 -851.028794
     861000 -852.955754
     862000 -847.251963
     863000 -847.375017
     864000 -849.014455
     865000 -854.128557
     866000 -849.177387
     867000 -847.003056
     868000 -846.825906
     869000 -849.393825
     870000 -847.094270
     871000 -847.172455
     872000 -848.112061
     873000 -849.090997
     874000 -849.277361
     875000 -847.314674
     876000 -846.735839
     877000 -847.632141
     878000 -846.329008
     879000 -855.287321
     880000 -847.729557
     881000 -848.041388
     882000 -846.688326
     883000 -848.110270
     884000 -857.727626
     885000 -848.818887
     886000 -851.111987
     887000 -849.154569
     888000 -849.826785
     889000 -853.027650
     890000 -846.979044
     891000 -848.564751
     892000 -850.006573
     893000 -848.895794
     894000 -847.920763
     895000 -848.102117
     896000 -847.150748
     897000 -847.234908
     898000 -846.938735
     899000 -847.932601
     900000 -847.964805
     901000 -847.080939
     902000 -847.309447
     903000 -848.609056
     904000 -850.150273
     905000 -851.263050
     906000 -847.740094
     907000 -847.110743
     908000 -846.987573
     909000 -846.321842
     910000 -848.418122
     911000 -858.001272
     912000 -848.206446
     913000 -849.057220
     914000 -846.538038
     915000 -848.702495
     916000 -850.554686
     917000 -848.390607
     918000 -852.381215
     919000 -848.463087
     920000 -852.609026
     921000 -847.089766
     922000 -847.551608
     923000 -847.161214
     924000 -847.564548
     925000 -848.558944
     926000 -852.995895
     927000 -846.325278
     928000 -849.996679
     929000 -850.720932
     930000 -849.137280
     931000 -850.358386
     932000 -848.376316
     933000 -849.617909
     934000 -847.085004
     935000 -854.724660
     936000 -849.588440
     937000 -848.544691
     938000 -853.001491
     939000 -851.475909
     940000 -849.870975
     941000 -848.153519
     942000 -847.889175
     943000 -846.913133
     944000 -855.370654
     945000 -849.977537
     946000 -848.322960
     947000 -847.747017
     948000 -847.347021
     949000 -850.011041
     950000 -846.852941
     951000 -849.014385
     952000 -848.006655
     953000 -846.535911
     954000 -847.314825
     955000 -849.533043
     956000 -848.108631
     957000 -846.952206
     958000 -848.547722
     959000 -849.055823
     960000 -853.042156
     961000 -847.132995
     962000 -847.708424
     963000 -852.010089
     964000 -849.538061
     965000 -847.518947
     966000 -848.702775
     967000 -847.327511
     968000 -849.658972
     969000 -846.952755
     970000 -850.860463
     971000 -855.534759
     972000 -851.685425
     973000 -849.773421
     974000 -852.010064
     975000 -848.771180
     976000 -846.837213
     977000 -847.801087
     978000 -847.040380
     979000 -847.405979
     980000 -847.966439
     981000 -849.023034
     982000 -847.731847
     983000 -851.738692
     984000 -848.560646
     985000 -848.614717
     986000 -848.018415
     987000 -850.757583
     988000 -847.016929
     989000 -846.994618
     990000 -846.748383
     991000 -846.469080
     992000 -847.995011
     993000 -848.742571
     994000 -847.855449
     995000 -856.168769
     996000 -848.131299
     997000 -855.558463
     998000 -855.475117
     999000 -847.515204
    1000000 -847.133744
