       1000 -26717.115276
       2000 -26717.567912
       3000 -26717.641368
       4000 -26719.798988
       5000 -26719.313921
       6000 -26716.643050
       7000 -26718.406897
       8000 -26716.766787
       9000 -26719.667462
      10000 -26719.238321
      11000 -26717.563321
      12000 -26718.677497
      13000 -26717.889101
      14000 -26718.804394
      15000 -26721.173794
      16000 -26719.118942
      17000 -26717.191047
      18000 -26717.529262
      19000 -26717.220895
      20000 -26719.549823
      21000 -26721.093525
      22000 -26716.827033
      23000 -26719.434616
      24000 -26717.477471
      25000 -26719.093480
      26000 -26721.067492
      27000 -26717.406732
      28000 -26716.726618
      29000 -26718.857038
      30000 -26718.372255
      31000 -26719.148040
      32000 -26716.648551
      33000 -26717.600780
      34000 -26716.762789
      35000 -26719.656721
      36000 -26719.675840
      37000 -26720.768471
      38000 -26718.439499
      39000 -26717.847447
      40000 -26716.687706
      41000 -26719.796910
      42000 -26717.593397
      43000 -26717.820512
      44000 -26717.130459
      45000 -26720.872899
      46000 -26716.915974
      47000 -26716.856634
      48000 -26718.406224
      49000 -26720.358798
      50000 -26719.254831
      51000 -26718.598891
      52000 -26719.442497
      53000 -26717.503587
      54000 -26719.235396
      55000 -26717.600159
      56000 -26717.712946
      57000 -26719.085436
      58000 -26717.659656
      59000 -26718.457429
      60000 -26717.583228
      61000 -26719.644911
      62000 -26719.181485
      63000 -26717.836865
      64000 -26720.194203
      65000 -26718.354891
      66000 -26718.828718
      67000 -26719.151950
      68000 -26718.353967
      69000 -26720.133934
      70000 -26717.538023
      71000 -26716.852684
      72000 -26719.923060
      73000 -26717.035949
      74000 -26718.044643
      75000 -26717.024907
      76000 -26720.366221
      77000 -26717.073962
      78000 -26720.518946
      79000 -26719.554291
      80000 -26716.655410
      81000 -26717.864121
      82000 -26720.511000
      83000 -26718.946835
      84000 -26719.130870
      85000 -26717.590406
      86000 -26720.372447
      87000 -26716.652525
      88000 -26722.595718
      89000 -26716.869199
      90000 -26718.219349
      91000 -26716.643856
      92000 -26717.009356
      93000 -26718.213819
      94000 -26716.919655
      95000 -26716.712164
      96000 -26719.147737
      97000 -26716.643075
      98000 -26719.075805
      99000 -26717.499521
     100000 -26718.605235
     101000 -26718.413230
     102000 -26719.594964
     103000 -26716.695666
     104000 -26721.222655
     105000 -26717.116210
     106000 -26719.648595
     107000 -26717.668799
     108000 -26717.660370
     109000 -26716.646998
     110000 -26717.329091
     111000 -26721.147947
     112000 -26719.157498
     113000 -26717.533890
     114000 -26717.623373
     115000 -26716.725908
     116000 -26719.573474
     117000 -26719.595446
     118000 -26716.912607
     119000 -26719.937246
     120000 -26718.962039
     121000 -26717.880555
     122000 -26719.226708
     123000 -26716.660513
     124000 -26717.885049
     125000 -26717.656703
     126000 -26718.390211
     127000 -26724.478034
     128000 -26717.526710
     129000 -26719.254187
     130000 -26720.097988
     131000 -26719.084612
     132000 -26716.695428
     133000 -26720.621382
     134000 -26716.721717
     135000 -26719.276581
     136000 -26716.694844
     137000 -26718.302699
     138000 -26717.473155
     139000 -26717.619838
     140000 -26718.230372
     141000 -26717.470868
     142000 -26718.018428
     143000 -26717.530326
     144000 -26718.826542
     145000 -26716.825870
     146000 -26716.943043
     147000 -26719.428369
     148000 -26717.172551
     149000 -26719.801871
     150000 -26719.946758
     151000 -26719.111487
     152000 -26717.750332
     153000 -26719.073599
     154000 -26718.617249
     155000 -26720.002129
     156000 -26719.165998
     157000 -26717.607770
     158000 -26716.643057
     159000 -26717.904989
     160000 -26718.548657
     161000 -26720.286648
     162000 -26719.186255
     163000 -26716.827020
     164000 -26718.309117
     165000 -26720.684778
     166000 -26718.318318
     167000 -26717.598847
     168000 -26719.078244
     169000 -26716.643772
     170000 -26721.312577
     171000 -26718.448649
     172000 -26719.287709
     173000 -26720.765917
     174000 -26717.051328
     175000 -26717.066086
     176000 -26717.319942
     177000 -26716.757382
     178000 -26718.252304
     179000 -26716.882717
     180000 -26719.614902
     181000 -26718.302744
     182000 -26717.493741
     183000 -26719.135413
     184000 -26718.412290
     185000 -26720.956473
     186000 -26719.848531
     187000 -26718.539996
     188000 -26719.134302
     189000 -26717.146666
     190000 -26717.639634
     191000 -26720.824579
     192000 -26720.026515
     193000 -26717.709969
     194000 -26719.124773
     195000 -26716.881723
     196000 -26717.217012
     197000 -26721.226438
     198000 -26719.209625
     199000 -26719.709574
     200000 -26717.272676
     201000 -26719.273546
     202000 -26720.097785
     203000 -26716.650684
     204000 -26722.254004
     205000 -26720.377379
     206000 -26718.409450
     207000 -26718.012160
     208000 -26716.830139
     209000 -26716.643356
     210000 -26718.072291
     211000 -26717.894844
     212000 -26720.949838
     213000 -26716.761290
     214000 -26719.084751
     215000 -26716.819239
     216000 -26717.690382
     217000 -26716.951936
     218000 -26717.164528
     219000 -26721.912079
     220000 -26719.760272
     221000 -26718.073381
     222000 -26720.150772
     223000 -26716.748155
     224000 -26720.651598
     225000 -26717.846987
     226000 -26721.990542
     227000 -26718.413148
     228000 -26717.737044
     229000 -26719.332254
     230000 -26716.923992
     231000 -26717.589713
     232000 -26717.572415
     233000 -26718.857162
     234000 -26722.870410
     235000 -26717.286442
     236000 -26721.442387
     237000 -26720.473699
     238000 -26717.490240
     239000 -26718.780480
     240000 -26716.814342
     241000 -26717.481797
     242000 -26717.594880
     243000 -26717.608370
     244000 -26719.437790
     245000 -26720.109932
     246000 -26717.487068
     247000 -26717.474073
     248000 -26719.092488
     249000 -26719.183231
     250000 -26717.530838
     251000 -26717.129915
     252000 -26717.506416
     253000 -26718.441170
     254000 -26718.943863
     255000 -26719.236024
     256000 -26718.352877
     257000 -26717.890446
     258000 -26719.517353
     259000 -26721.414768
     260000 -26716.697215
     261000 -26718.488351
     262000 -26722.014101
     263000 -26718.023207
     264000 -26720.798672
     265000 -26719.132227
     266000 -26720.242960
     267000 -26717.478468
     268000 -26720.639668
     269000 -26719.133125
     270000 -26721.108013
     271000 -26716.643717
     272000 -26716.782460
     273000 -26718.228358
     274000 -26716.737783
     275000 -26720.747533
     276000 -26716.838491
     277000 -26719.088081
     278000 -26716.693165
     279000 -26717.923593
     280000 -26719.125276
     281000 -26716.722641
     282000 -26717.394729
     283000 -26716.751384
     284000 -26719.957237
     285000 -26717.520545
     286000 -26719.105607
     287000 -26717.513279
     288000 -26717.886985
     289000 -26718.708174
     290000 -26719.960324
     291000 -26717.006485
     292000 -26721.098376
     293000 -26719.159155
     294000 -26717.832089
     295000 -26717.723926
     296000 -26720.991095
     297000 -26719.189479
     298000 -26721.230034
     299000 -26718.883718
     300000 -26719.131898
     301000 -26719.184810
     302000 -26717.691167
     303000 -26717.488549
     304000 -26717.789591
     305000 -26719.491979
     306000 -26717.434095
     307000 -26720.142065
     308000 -26718.265707
     309000 -26719.094616
     310000 -26719.303409
     311000 -26718.910279
     312000 -26720.574460
     313000 -26719.472592
     314000 -26719.329054
     315000 -26717.514915
     316000 -26719.995763
     317000 -26716.983573
     318000 -26717.795074
     319000 -26716.722059
     320000 -26717.690405
     321000 -26717.093557
     322000 -26716.750226
     323000 -26719.073579
     324000 -26718.596710
     325000 -26720.147551
     326000 -26719.120738
     327000 -26720.033606
     328000 -26718.370756
     329000 -26717.632579
     330000 -26719.084807
     331000 -26718.840975
     332000 -26719.525189
     333000 -26717.917406
     334000 -26719.073824
     335000 -26719.164686
     336000 -26719.149790
     337000 -26717.734928
     338000 -26719.829037
     339000 -26716.818296
     340000 -26716.698356
     341000 -26716.874525
     342000 -26720.945466
     343000 -26718.520894
     344000 -26717.558590
     345000 -26717.877277
     346000 -26718.525218
     347000 -26716.702942
     348000 -26719.125742
     349000 -26718.303003
     350000 -26719.283798
     351000 -26716.939547
     352000 -26717.580812
     353000 -26716.660707
     354000 -26721.010411
     355000 -26716.741190
     356000 -26718.298007
     357000 -26719.223205
     358000 -26719.356263
     359000 -26719.744221
     360000 -26717.491919
     361000 -26717.003057
     362000 -26718.300304
     363000 -26719.872317
     364000 -26717.400455
     365000 -26717.607545
     366000 -26717.670466
     367000 -26718.349526
     368000 -26717.888771
     369000 -26718.727677
     370000 -26716.833924
     371000 -26716.892631
     372000 -26717.007289
     373000 -26722.333081
     374000 -26716.809066
     375000 -26716.661025
     376000 -26716.664909
     377000 -26717.513021
     378000 -26717.809516
     379000 -26719.138078
     380000 -26720.353517
     381000 -26719.188043
     382000 -26717.798770
     383000 -26721.303458
     384000 -26717.490234
     385000 -26717.653023
     386000 -26716.643103
     387000 -26717.600165
     388000 -26717.018004
     389000 -26717.166666
     390000 -26716.643355
     391000 -26717.680570
     392000 -26717.895459
     393000 -26720.237122
     394000 -26718.450809
     395000 -26717.520476
     396000 -26718.983725
     397000 -26716.704829
     398000 -26717.787354
     399000 -26721.397754
     400000 -26719.882703
     401000 -26719.224049
     402000 -26719.639863
     403000 -26719.836355
     404000 -26717.651370
     405000 -26719.074228
     406000 -26718.610149
     407000 -26719.136546
     408000 -26716.940695
     409000 -26716.653792
     410000 -26719.156250
     411000 -26719.581926
     412000 -26719.177998
     413000 -26719.279842
     414000 -26717.063319
     415000 -26721.846544
     416000 -26717.759160
     417000 -26717.539979
     418000 -26719.918130
     419000 -26717.988746
     420000 -26717.584504
     421000 -26717.471608
     422000 -26718.870818
     423000 -26717.481849
     424000 -26717.472391
     425000 -26719.086855
     426000 -26717.497306
     427000 -26718.810734
     428000 -26719.934247
     429000 -26716.662415
     430000 -26717.728248
     431000 -26719.109192
     432000 -26716.979926
     433000 -26717.752397
     434000 -26719.677934
     435000 -26716.671534
     436000 -26717.505303
     437000 -26719.744098
     438000 -26720.368345
     439000 -26717.042366
     440000 -26717.446008
     441000 -26717.344376
     442000 -26716.663383
     443000 -26718.649837
     444000 -26716.659156
     445000 -26716.714105
     446000 -26718.386319
     447000 -26720.930185
     448000 -26717.472629
     449000 -26720.289745
     450000 -26717.429101
     451000 -26716.852560
     452000 -26717.956271
     453000 -26718.465324
     454000 -26722.646678
     455000 -26720.308508
     456000 -26718.516342
     457000 -26720.027100
     458000 -26718.336422
     459000 -26717.571689
     460000 -26719.415057
     461000 -26720.697841
     462000 -26716.841380
     463000 -26717.587220
     464000 -26720.718948
     465000 -26716.653666
     466000 -26716.653048
     467000 -26719.384510
     468000 -26717.383546
     469000 -26718.352741
     470000 -26719.426623
     471000 -26719.983473
     472000 -26717.748040
     473000 -26717.134736
     474000 -26719.125899
     475000 -26719.514295
     476000 -26717.926498
     477000 -26716.887387
     478000 -26716.671822
     479000 -26719.504452
     480000 -26716.787066
     481000 -26717.491575
     482000 -26719.297610
     483000 -26721.927759
     484000 -26716.705149
     485000 -26719.924834
     486000 -26720.789489
     487000 -26719.536150
     488000 -26718.457144
     489000 -26720.905300
     490000 -26717.532299
     491000 -26717.469260
     492000 -26719.544455
     493000 -26716.685659
     494000 -26716.824511
     495000 -26717.501639
     496000 -26716.896809
     497000 -26716.997157
     498000 -26721.630538
     499000 -26716.753215
     500000 -26718.034932
     501000 -26719.904998
     502000 -26719.215449
     503000 -26719.493512
     504000 -26719.209228
     505000 -26718.790073
     506000 -26718.972772
     507000 -26717.601741
     508000 -26716.789935
     509000 -26718.061899
     510000 -26717.592980
     511000 -26717.890859
     512000 -26718.391059
     513000 -26719.278004
     514000 -26717.558034
     515000 -26719.737264
     516000 -26719.671740
     517000 -26717.932491
     518000 -26717.486995
     519000 -26719.083702
     520000 -26720.802306
     521000 -26717.227241
     522000 -26716.672594
     523000 -26720.924518
     524000 -26716.655909
     525000 -26716.870553
     526000 -26719.130052
     527000 -26718.432507
     528000 -26717.575447
     529000 -26717.475093
     530000 -26720.054859
     531000 -26718.422957
     532000 -26719.476867
     533000 -26717.492127
     534000 -26718.953623
     535000 -26720.205037
     536000 -26719.176074
     537000 -26717.547784
     538000 -26717.592703
     539000 -26716.643586
     540000 -26719.565344
     541000 -26718.774736
     542000 -26719.080155
     543000 -26716.844240
     544000 -26718.372258
     545000 -26716.682121
     546000 -26719.130062
     547000 -26716.738155
     548000 -26716.659444
     549000 -26718.751567
     550000 -26717.763193
     551000 -26717.475562
     552000 -26719.092433
     553000 -26721.415271
     554000 -26717.243866
     555000 -26717.637463
     556000 -26718.550505
     557000 -26720.067728
     558000 -26719.975723
     559000 -26717.480101
     560000 -26717.656618
     561000 -26718.265665
     562000 -26720.240215
     563000 -26719.101748
     564000 -26717.844570
     565000 -26721.556847
     566000 -26718.370651
     567000 -26717.471558
     568000 -26720.160090
     569000 -26716.726089
     570000 -26717.189927
     571000 -26716.644849
     572000 -26716.840096
     573000 -26720.317664
     574000 -26718.309304
     575000 -26716.646764
     576000 -26719.345991
     577000 -26722.539789
     578000 -26721.613164
     579000 -26716.642863
     580000 -26717.497612
     581000 -26724.905194
     582000 -26717.743993
     583000 -26719.139830
     584000 -26719.079704
     585000 -26718.304040
     586000 -26717.491875
     587000 -26718.822433
     588000 -26719.134516
     589000 -26723.356931
     590000 -26716.643483
     591000 -26718.399530
     592000 -26719.565888
     593000 -26718.933940
     594000 -26717.498224
     595000 -26722.378840
     596000 -26717.752509
     597000 -26720.202951
     598000 -26719.118731
     599000 -26716.660883
     600000 -26719.095269
     601000 -26720.401258
     602000 -26719.191290
     603000 -26717.052019
     604000 -26717.508165
     605000 -26717.101766
     606000 -26720.173969
     607000 -26717.659736
     608000 -26718.427272
     609000 -26720.871972
     610000 -26716.645536
     611000 -26716.680116
     612000 -26717.734991
     613000 -26719.177081
     614000 -26719.203636
     615000 -26719.686782
     616000 -26716.931220
     617000 -26717.801957
     618000 -26717.514878
     619000 -26717.559898
     620000 -26719.074035
     621000 -26716.831209
     622000 -26717.477693
     623000 -26719.997228
     624000 -26717.295784
     625000 -26719.093085
     626000 -26720.875419
     627000 -26717.703940
     628000 -26717.686343
     629000 -26719.969513
     630000 -26719.806506
     631000 -26721.619574
     632000 -26719.104082
     633000 -26716.841053
     634000 -26721.833292
     635000 -26718.175425
     636000 -26717.851731
     637000 -26717.479231
     638000 -26719.387437
     639000 -26716.644496
     640000 -26719.262062
     641000 -26720.340318
     642000 -26720.364728
     643000 -26719.842505
     644000 -26721.117947
     645000 -26716.684986
     646000 -26717.074583
     647000 -26718.144567
     648000 -26718.047962
     649000 -26717.471903
     650000 -26718.569584
     651000 -26717.526607
     652000 -26719.502875
     653000 -26719.704993
     654000 -26720.023848
     655000 -26721.147898
     656000 -26717.562143
     657000 -26718.690144
     658000 -26718.544680
     659000 -26717.604566
     660000 -26718.422789
     661000 -26717.579295
     662000 -26719.265651
     663000 -26719.453873
     664000 -26721.839136
     665000 -26718.010708
     666000 -26719.167804
     667000 -26719.634257
     668000 -26719.447527
     669000 -26716.832803
     670000 -26716.775852
     671000 -26719.115931
     672000 -26718.609361
     673000 -26718.333315
     674000 -26717.227675
     675000 -26719.160089
     676000 -26716.804605
     677000 -26720.765728
     678000 -26717.706060
     679000 -26721.472219
     680000 -26718.449166
     681000 -26716.647595
     682000 -26718.364556
     683000 -26717.412000
     684000 -26717.596740
     685000 -26718.442359
     686000 -26717.484064
     687000 -26718.330147
     688000 -26719.484343
     689000 -26719.131595
     690000 -26717.046686
     691000 -26719.322269
     692000 -26719.366136
     693000 -26716.665434
     694000 -26716.928296
     695000 -26719.202187
     696000 -26717.490897
     697000 -26717.054786
     698000 -26719.075889
     699000 -26719.506689
     700000 -26717.002779
     701000 -26717.149047
     702000 -26719.782843
     703000 -26717.501881
     704000 -26719.141305
     705000 -26718.160214
     706000 -26716.643143
     707000 -26723.104691
     708000 -26717.471279
     709000 -26718.586945
     710000 -26716.856591
     711000 -26717.079726
     712000 -26718.329327
     713000 -26719.171478
     714000 -26719.136382
     715000 -26718.510897
     716000 -26721.498229
     717000 -26719.138998
     718000 -26716.647319
     719000 -26717.474794
     720000 -26719.823918
     721000 -26718.033005
     722000 -26722.577754
     723000 -26719.145676
     724000 -26719.080583
     725000 -26719.444418
     726000 -26719.101333
     727000 -26718.299642
     728000 -26719.752512
     729000 -26719.269277
     730000 -26717.761669
     731000 -26719.105701
     732000 -26716.860996
     733000 -26717.564825
     734000 -26717.502833
     735000 -26719.900590
     736000 -26721.445413
     737000 -26716.642734
     738000 -26717.226855
     739000 -26717.191110
     740000 -26716.921285
     741000 -26719.371438
     742000 -26718.343985
     743000 -26717.655497
     744000 -26716.866004
     745000 -26717.519966
     746000 -26717.862435
     747000 -26720.044181
     748000 -26716.806616
     749000 -26719.793056
     750000 -26719.346213
     751000 -26717.558595
     752000 -26716.865770
     753000 -26717.477721
     754000 -26719.722357
     755000 -26718.973437
     756000 -26719.208985
     757000 -26719.212778
     758000 -26717.983810
     759000 -26723.458446
     760000 -26720.182534
     761000 -26716.670055
     762000 -26716.773276
     763000 -26719.998345
     764000 -26718.166106
     765000 -26716.716040
     766000 -26717.667422
     767000 -26718.303336
     768000 -26717.974378
     769000 -26717.614767
     770000 -26719.302870
     771000 -26718.657822
     772000 -26722.429333
     773000 -26720.092643
     774000 -26718.298935
     775000 -26718.331154
     776000 -26719.998305
     777000 -26719.328607
     778000 -26718.592509
     779000 -26719.556403
     780000 -26719.018951
     781000 -26717.554001
     782000 -26720.091584
     783000 -26717.063877
     784000 -26718.745751
     785000 -26718.298670
     786000 -26718.845286
     787000 -26720.751743
     788000 -26716.802779
     789000 -26719.769876
     790000 -26717.475038
     791000 -26720.508626
     792000 -26717.111078
     793000 -26719.219546
     794000 -26720.729194
     795000 -26720.114718
     796000 -26716.647390
     797000 -26716.973508
     798000 -26719.237102
     799000 -26719.273002
     800000 -26720.378427
     801000 -26717.512829
     802000 -26717.512140
     803000 -26717.001312
     804000 -26717.596973
     805000 -26721.472636
     806000 -26716.709661
     807000 -26719.261922
     808000 -26718.307425
     809000 -26719.673038
     810000 -26718.351975
     811000 -26717.169552
     812000 -26717.330818
     813000 -26719.324145
     814000 -26717.514697
     815000 -26719.106322
     816000 -26716.720137
     817000 -26716.643564
     818000 -26720.757919
     819000 -26717.507793
     820000 -26717.630236
     821000 -26719.309613
     822000 -26719.467978
     823000 -26716.661369
     824000 -26716.649567
     825000 -26718.179324
     826000 -26717.525554
     827000 -26719.601254
     828000 -26717.477221
     829000 -26719.910687
     830000 -26720.464741
     831000 -26719.168302
     832000 -26717.543775
     833000 -26719.319219
     834000 -26716.745220
     835000 -26716.880069
     836000 -26717.281258
     837000 -26718.452758
     838000 -26720.111333
     839000 -26719.616343
     840000 -26719.297485
     841000 -26718.618945
     842000 -26717.610343
     843000 -26717.764132
     844000 -26722.768382
     845000 -26719.182487
     846000 -26717.304986
     847000 -26718.302147
     848000 -26717.907823
     849000 -26717.535694
     850000 -26718.298148
     851000 -26719.396965
     852000 -26721.521948
     853000 -26719.317043
     854000 -26716.840818
     855000 -26716.720903
     856000 -26721.671193
     857000 -26720.981798
     858000 -26718.681382
     859000 -26720.208875
     860000 -26719.254056
     861000 -26721.392937
     862000 -26719.674389
     863000 -26716.826498
     864000 -26718.070413
     865000 -26716.722476
     866000 -26719.664607
     867000 -26720.159214
     868000 -26716.657765
     869000 -26719.433576
     870000 -26718.141878
     871000 -26721.338600
     872000 -26717.615899
     873000 -26717.523318
     874000 -26717.097243
     875000 -26716.690401
     876000 -26717.308037
     877000 -26718.482963
     878000 -26718.576393
     879000 -26718.736852
     880000 -26718.321281
     881000 -26719.364109
     882000 -26722.541722
     883000 -26718.071288
     884000 -26718.225527
     885000 -26717.287427
     886000 -26717.484522
     887000 -26718.255520
     888000 -26719.335936
     889000 -26716.648269
     890000 -26720.357882
     891000 -26719.733094
     892000 -26718.130032
     893000 -26716.680903
     894000 -26719.214521
     895000 -26718.317265
     896000 -26716.690889
     897000 -26716.658516
     898000 -26717.799628
     899000 -26717.914202
     900000 -26718.712153
     901000 -26718.327831
     902000 -26717.670011
     903000 -26719.163819
     904000 -26717.512522
     905000 -26718.624628
     906000 -26717.560582
     907000 -26717.472935
     908000 -26716.671395
     909000 -26718.357557
     910000 -26719.500523
     911000 -26716.777920
     912000 -26718.670290
     913000 -26723.092743
     914000 -26717.289904
     915000 -26719.073653
     916000 -26720.172132
     917000 -26718.092925
     918000 -26719.118845
     919000 -26719.963850
     920000 -26716.648261
     921000 -26716.678604
     922000 -26716.760554
     923000 -26716.646738
     924000 -26718.061225
     925000 -26720.888697
     926000 -26716.643541
     927000 -26719.090043
     928000 -26722.421587
     929000 -26718.091903
     930000 -26719.147636
     931000 -26718.321521
     932000 -26719.140484
     933000 -26716.796905
     934000 -26716.772919
     935000 -26718.301678
     936000 -26718.594771
     937000 -26717.472310
     938000 -26717.587028
     939000 -26716.904170
     940000 -26720.893238
     941000 -26716.649085
     942000 -26719.207590
     943000 -26717.573759
     944000 -26720.230833
     945000 -26717.978629
     946000 -26717.589998
     947000 -26719.543355
     948000 -26717.986484
     949000 -26721.910385
     950000 -26718.313265
     951000 -26716.683532
     952000 -26716.776893
     953000 -26718.430306
     954000 -26716.796142
     955000 -26717.520190
     956000 -26719.204101
     957000 -26718.582069
     958000 -26716.762587
     959000 -26717.222104
     960000 -26717.368135
     961000 -26716.695282
     962000 -26717.569304
     963000 -26717.598835
     964000 -26717.811952
     965000 -26719.073942
     966000 -26717.014820
     967000 -26718.385763
     968000 -26717.572223
     969000 -26719.643702
     970000 -26717.503296
     971000 -26718.308483
     972000 -26721.622855
     973000 -26718.381323
     974000 -26718.298092
     975000 -26717.492780
     976000 -26716.801962
     977000 -26717.574044
     978000 -26716.949218
     979000 -26718.564353
     980000 -26719.186005
     981000 -26717.843943
     982000 -26719.074077
     983000 -26719.308719
     984000 -26718.359901
     985000 -26722.295389
     986000 -26718.393792
     987000 -26719.101581
     988000 -26718.280932
     989000 -26716.792626
     990000 -26716.789725
     991000 -26718.521697
     992000 -26717.103613
     993000 -26718.855309
     994000 -26717.512873
     995000 -26719.853446
     996000 -26722.676615
     997000 -26719.193810
     998000 -26717.627319
     999000 -26716.704644
    1000000 -26719.818878
    1001000 -26716.682455
    1002000 -26719.747889
    1003000 -26716.643454
    1004000 -26718.401341
    1005000 -26716.718744
    1006000 -26718.215209
    1007000 -26718.298003
    1008000 -26717.503456
    1009000 -26716.868879
    1010000 -26719.116273
    1011000 -26719.075461
    1012000 -26719.873503
    1013000 -26719.457458
    1014000 -26720.270384
    1015000 -26721.663046
    1016000 -26719.415180
    1017000 -26719.188470
    1018000 -26717.525336
    1019000 -26716.895243
    1020000 -26716.795605
    1021000 -26717.572508
    1022000 -26719.259191
    1023000 -26716.655172
    1024000 -26717.476978
    1025000 -26717.563950
    1026000 -26723.895431
    1027000 -26719.095913
    1028000 -26719.129840
    1029000 -26719.124398
    1030000 -26719.243613
    1031000 -26719.272641
    1032000 -26719.118500
    1033000 -26719.523805
    1034000 -26719.099679
    1035000 -26719.430139
    1036000 -26720.866117
    1037000 -26719.141135
    1038000 -26718.323568
    1039000 -26719.928632
    1040000 -26726.035057
    1041000 -26716.775085
    1042000 -26717.559917
    1043000 -26719.199162
    1044000 -26717.488485
    1045000 -26717.058555
    1046000 -26717.472653
    1047000 -26719.568578
    1048000 -26716.887746
    1049000 -26718.004977
    1050000 -26717.146710
    1051000 -26718.341544
    1052000 -26717.518165
    1053000 -26716.649969
    1054000 -26719.814383
    1055000 -26718.248782
    1056000 -26718.678555
    1057000 -26719.586512
    1058000 -26719.932356
    1059000 -26724.245129
    1060000 -26719.867208
    1061000 -26717.516530
    1062000 -26716.870529
    1063000 -26717.812560
    1064000 -26718.329287
    1065000 -26718.311232
    1066000 -26718.299971
    1067000 -26721.214395
    1068000 -26716.642732
    1069000 -26719.930355
    1070000 -26718.429300
    1071000 -26721.423553
    1072000 -26716.819476
    1073000 -26718.134854
    1074000 -26717.687714
    1075000 -26718.378974
    1076000 -26717.729062
    1077000 -26719.928225
    1078000 -26719.994829
    1079000 -26721.507768
    1080000 -26716.966201
    1081000 -26717.480861
    1082000 -26717.998698
    1083000 -26716.684915
    1084000 -26717.477907
    1085000 -26720.137435
    1086000 -26717.252361
    1087000 -26717.192581
    1088000 -26718.103802
    1089000 -26723.049604
    1090000 -26718.445513
    1091000 -26719.599105
    1092000 -26719.273718
    1093000 -26718.089747
    1094000 -26719.372139
    1095000 -26716.906574
    1096000 -26719.579413
    1097000 -26721.429223
    1098000 -26719.763452
    1099000 -26719.135670
    1100000 -26719.218504
    1101000 -26717.890877
    1102000 -26720.950886
    1103000 -26719.522766
    1104000 -26717.842820
    1105000 -26720.403594
    1106000 -26719.792807
    1107000 -26720.156110
    1108000 -26717.481100
    1109000 -26717.661315
    1110000 -26717.453861
    1111000 -26716.643709
    1112000 -26719.138419
    1113000 -26721.851734
    1114000 -26717.471553
    1115000 -26717.992652
    1116000 -26719.900654
    1117000 -26717.736370
    1118000 -26718.299722
    1119000 -26719.238732
    1120000 -26718.894901
    1121000 -26719.351581
    1122000 -26720.050528
    1123000 -26719.296673
    1124000 -26722.484131
    1125000 -26719.430877
    1126000 -26724.526348
    1127000 -26719.427716
    1128000 -26719.831572
    1129000 -26717.696519
    1130000 -26717.471981
    1131000 -26717.827859
    1132000 -26719.628258
    1133000 -26720.249929
    1134000 -26716.690357
    1135000 -26716.926319
    1136000 -26718.175462
    1137000 -26716.804488
    1138000 -26717.602514
    1139000 -26721.837859
    1140000 -26716.717569
    1141000 -26720.786310
    1142000 -26717.632284
    1143000 -26717.480558
    1144000 -26723.758716
    1145000 -26719.092814
    1146000 -26716.670261
    1147000 -26719.236821
    1148000 -26720.086369
    1149000 -26716.887182
    1150000 -26717.473577
    1151000 -26721.498741
    1152000 -26717.748879
    1153000 -26717.709503
    1154000 -26721.151829
    1155000 -26716.885337
    1156000 -26716.677559
    1157000 -26717.194809
    1158000 -26719.151903
    1159000 -26723.589102
    1160000 -26716.666645
    1161000 -26719.097234
    1162000 -26717.742071
    1163000 -26716.688019
    1164000 -26721.668359
    1165000 -26717.741149
    1166000 -26723.126216
    1167000 -26717.225356
    1168000 -26717.527517
    1169000 -26716.673766
    1170000 -26716.687865
    1171000 -26717.833478
    1172000 -26718.437462
    1173000 -26716.959666
    1174000 -26719.126260
    1175000 -26719.280566
    1176000 -26718.330212
    1177000 -26719.175608
    1178000 -26719.085464
    1179000 -26718.474972
    1180000 -26720.660757
    1181000 -26718.968656
    1182000 -26719.069103
    1183000 -26717.472736
    1184000 -26716.998480
    1185000 -26716.877997
    1186000 -26719.175061
    1187000 -26717.091244
    1188000 -26716.912085
    1189000 -26720.728157
    1190000 -26718.739181
    1191000 -26719.376427
    1192000 -26716.648135
    1193000 -26717.444135
    1194000 -26719.429466
    1195000 -26719.495849
    1196000 -26716.758281
    1197000 -26716.856094
    1198000 -26716.914560
    1199000 -26719.407802
    1200000 -26716.799196
    1201000 -26718.306983
    1202000 -26718.304975
    1203000 -26717.473486
    1204000 -26719.260624
    1205000 -26716.653523
    1206000 -26717.782474
    1207000 -26719.791616
    1208000 -26717.988203
    1209000 -26720.007041
    1210000 -26719.844425
    1211000 -26720.058672
    1212000 -26721.485696
    1213000 -26717.631416
    1214000 -26720.726848
    1215000 -26717.983651
    1216000 -26717.546450
    1217000 -26717.480038
    1218000 -26719.867420
    1219000 -26719.159041
    1220000 -26717.443155
    1221000 -26717.243791
    1222000 -26719.119419
    1223000 -26717.477668
    1224000 -26717.588104
    1225000 -26719.352520
    1226000 -26721.433269
    1227000 -26720.930359
    1228000 -26723.318226
    1229000 -26719.546079
    1230000 -26716.657776
    1231000 -26717.003684
    1232000 -26718.390647
    1233000 -26717.530671
    1234000 -26717.026060
    1235000 -26717.548311
    1236000 -26719.649220
    1237000 -26717.512814
    1238000 -26721.595131
    1239000 -26720.203231
    1240000 -26719.247512
    1241000 -26717.149674
    1242000 -26721.053068
    1243000 -26717.474984
    1244000 -26716.836161
    1245000 -26722.232264
    1246000 -26717.470976
    1247000 -26717.843977
    1248000 -26719.302746
    1249000 -26720.450271
    1250000 -26716.843443
    1251000 -26719.981069
    1252000 -26718.001928
    1253000 -26718.411179
    1254000 -26718.837179
    1255000 -26719.084659
    1256000 -26719.521711
    1257000 -26720.132754
    1258000 -26719.092407
    1259000 -26718.381242
    1260000 -26716.662205
    1261000 -26717.519402
    1262000 -26720.957279
    1263000 -26720.770396
    1264000 -26719.125132
    1265000 -26717.332479
    1266000 -26717.648984
    1267000 -26719.375523
    1268000 -26717.628924
    1269000 -26719.143556
    1270000 -26716.953353
    1271000 -26718.070398
    1272000 -26718.636419
    1273000 -26721.321600
    1274000 -26719.195642
    1275000 -26718.298215
    1276000 -26716.866393
    1277000 -26720.432029
    1278000 -26717.961436
    1279000 -26718.786418
    1280000 -26717.656876
    1281000 -26719.085643
    1282000 -26716.680296
    1283000 -26716.763614
    1284000 -26719.699242
    1285000 -26716.762744
    1286000 -26717.918866
    1287000 -26719.955861
    1288000 -26719.501582
    1289000 -26719.009471
    1290000 -26718.419334
    1291000 -26719.396968
    1292000 -26719.511039
    1293000 -26718.037820
    1294000 -26721.247677
    1295000 -26722.430408
    1296000 -26719.110554
    1297000 -26717.792853
    1298000 -26719.560997
    1299000 -26717.156190
    1300000 -26719.221171
    1301000 -26720.267745
    1302000 -26717.778931
    1303000 -26719.107103
    1304000 -26717.580501
    1305000 -26717.498801
    1306000 -26716.756299
    1307000 -26720.014817
    1308000 -26719.374534
    1309000 -26718.311545
    1310000 -26719.149439
    1311000 -26718.887791
    1312000 -26716.655456
    1313000 -26716.926981
    1314000 -26719.140719
    1315000 -26716.645340
    1316000 -26719.304769
    1317000 -26717.476282
    1318000 -26717.472610
    1319000 -26717.787246
    1320000 -26717.480948
    1321000 -26719.491785
    1322000 -26719.123738
    1323000 -26717.500232
    1324000 -26717.504518
    1325000 -26720.095459
    1326000 -26718.414364
    1327000 -26717.497435
    1328000 -26717.749460
    1329000 -26716.681359
    1330000 -26721.523043
    1331000 -26719.356169
    1332000 -26717.239092
    1333000 -26723.575868
    1334000 -26717.261364
    1335000 -26719.530923
    1336000 -26717.477375
    1337000 -26717.500685
    1338000 -26721.136231
    1339000 -26720.935935
    1340000 -26720.650538
    1341000 -26717.609832
    1342000 -26718.037137
    1343000 -26719.659816
    1344000 -26719.080930
    1345000 -26717.730476
    1346000 -26720.043967
    1347000 -26720.809968
    1348000 -26716.797504
    1349000 -26719.346154
    1350000 -26718.563640
    1351000 -26717.764484
    1352000 -26718.308165
    1353000 -26716.652036
    1354000 -26718.130159
    1355000 -26722.254399
    1356000 -26717.479418
    1357000 -26717.473458
    1358000 -26718.518193
    1359000 -26718.442520
    1360000 -26717.883011
    1361000 -26716.659535
    1362000 -26717.223445
    1363000 -26716.725847
    1364000 -26717.297937
    1365000 -26717.478378
    1366000 -26716.997081
    1367000 -26718.469088
    1368000 -26718.110720
    1369000 -26717.944363
    1370000 -26717.489149
    1371000 -26716.664132
    1372000 -26717.630048
    1373000 -26716.668187
    1374000 -26719.131093
    1375000 -26717.694839
    1376000 -26717.736388
    1377000 -26716.703485
    1378000 -26719.569196
    1379000 -26718.393242
    1380000 -26718.131292
    1381000 -26719.133618
    1382000 -26719.901604
    1383000 -26716.883420
    1384000 -26719.500081
    1385000 -26719.085068
    1386000 -26717.751476
    1387000 -26717.559901
    1388000 -26717.687260
    1389000 -26718.705830
    1390000 -26719.127438
    1391000 -26717.795313
    1392000 -26718.199947
    1393000 -26718.298596
    1394000 -26716.941501
    1395000 -26720.573684
    1396000 -26720.681775
    1397000 -26717.040102
    1398000 -26718.981120
    1399000 -26716.645163
    1400000 -26716.648394
    1401000 -26718.586593
    1402000 -26717.081976
    1403000 -26716.658563
    1404000 -26717.596823
    1405000 -26716.774413
    1406000 -26719.624894
    1407000 -26719.103142
    1408000 -26720.621756
    1409000 -26718.717554
    1410000 -26721.430712
    1411000 -26716.721756
    1412000 -26722.870866
    1413000 -26719.328141
    1414000 -26719.524302
    1415000 -26717.476166
    1416000 -26718.447094
    1417000 -26716.719844
    1418000 -26718.315904
    1419000 -26719.128550
    1420000 -26719.307542
    1421000 -26720.690973
    1422000 -26717.499652
    1423000 -26721.145196
    1424000 -26717.635218
    1425000 -26716.656558
    1426000 -26717.842851
    1427000 -26717.319976
    1428000 -26720.134662
    1429000 -26717.523088
    1430000 -26717.523403
    1431000 -26720.108956
    1432000 -26716.646155
    1433000 -26723.589994
    1434000 -26718.682748
    1435000 -26718.395749
    1436000 -26718.175279
    1437000 -26717.498365
    1438000 -26716.853438
    1439000 -26719.078613
    1440000 -26721.565389
    1441000 -26719.785052
    1442000 -26719.195636
    1443000 -26717.624731
    1444000 -26716.889853
    1445000 -26718.299728
    1446000 -26716.716643
    1447000 -26719.481750
    1448000 -26717.564085
    1449000 -26718.179100
    1450000 -26719.435097
    1451000 -26721.359595
    1452000 -26716.651157
    1453000 -26717.656872
    1454000 -26717.721014
    1455000 -26720.307356
    1456000 -26716.730135
    1457000 -26716.749303
    1458000 -26719.167715
    1459000 -26717.588576
    1460000 -26720.176358
    1461000 -26719.016223
    1462000 -26718.455017
    1463000 -26717.477521
    1464000 -26717.141332
    1465000 -26717.530812
    1466000 -26717.482399
    1467000 -26717.477939
    1468000 -26719.677814
    1469000 -26717.515095
    1470000 -26716.713853
    1471000 -26718.010380
    1472000 -26716.998376
    1473000 -26719.219657
    1474000 -26720.145264
    1475000 -26717.089262
    1476000 -26718.199224
    1477000 -26719.517457
    1478000 -26719.207748
    1479000 -26716.857293
    1480000 -26720.733669
    1481000 -26719.248042
    1482000 -26719.974032
    1483000 -26719.201776
    1484000 -26716.783844
    1485000 -26717.475314
    1486000 -26719.136413
    1487000 -26718.531634
    1488000 -26719.915721
    1489000 -26716.645381
    1490000 -26717.635817
    1491000 -26719.863345
    1492000 -26717.554873
    1493000 -26719.106184
    1494000 -26717.077503
    1495000 -26717.489187
    1496000 -26717.471531
    1497000 -26717.672382
    1498000 -26720.345113
    1499000 -26724.135763
    1500000 -26716.998592
    1501000 -26716.649649
    1502000 -26718.110419
    1503000 -26719.456773
    1504000 -26720.028830
    1505000 -26718.573483
    1506000 -26716.784885
    1507000 -26718.575713
    1508000 -26717.632688
    1509000 -26718.425701
    1510000 -26720.869235
    1511000 -26717.523941
    1512000 -26719.287368
    1513000 -26716.879211
    1514000 -26721.389510
    1515000 -26717.501616
    1516000 -26717.471603
    1517000 -26716.700207
    1518000 -26716.838021
    1519000 -26717.720353
    1520000 -26717.647721
    1521000 -26716.980665
    1522000 -26720.171043
    1523000 -26719.077246
    1524000 -26716.744062
    1525000 -26720.106309
    1526000 -26719.077600
    1527000 -26717.470853
    1528000 -26717.120478
    1529000 -26717.289241
    1530000 -26718.367722
    1531000 -26717.836250
    1532000 -26716.657934
    1533000 -26716.699213
    1534000 -26721.046203
    1535000 -26718.233192
    1536000 -26720.749683
    1537000 -26717.784906
    1538000 -26716.648639
    1539000 -26717.844853
    1540000 -26719.148209
    1541000 -26719.603741
    1542000 -26717.892703
    1543000 -26716.650706
    1544000 -26720.783701
    1545000 -26717.582085
    1546000 -26716.660485
    1547000 -26719.074205
    1548000 -26717.484516
    1549000 -26718.322671
    1550000 -26716.983477
    1551000 -26719.268102
    1552000 -26718.370962
    1553000 -26719.577823
    1554000 -26717.517575
    1555000 -26716.916156
    1556000 -26719.520588
    1557000 -26717.280826
    1558000 -26718.950403
    1559000 -26716.655513
    1560000 -26718.041071
    1561000 -26721.034846
    1562000 -26717.568662
    1563000 -26718.261494
    1564000 -26718.459853
    1565000 -26719.139985
    1566000 -26716.788789
    1567000 -26716.659147
    1568000 -26718.458330
    1569000 -26718.806467
    1570000 -26718.526916
    1571000 -26718.995746
    1572000 -26719.420265
    1573000 -26719.346133
    1574000 -26720.888141
    1575000 -26718.627814
    1576000 -26718.861236
    1577000 -26718.402958
    1578000 -26717.585984
    1579000 -26717.472655
    1580000 -26716.868509
    1581000 -26720.733565
    1582000 -26717.608827
    1583000 -26717.597462
    1584000 -26720.102432
    1585000 -26716.971070
    1586000 -26720.321579
    1587000 -26718.334298
    1588000 -26719.083049
    1589000 -26718.319955
    1590000 -26716.680300
    1591000 -26717.473179
    1592000 -26716.644245
    1593000 -26717.607913
    1594000 -26720.016491
    1595000 -26717.773062
    1596000 -26721.725133
    1597000 -26716.807426
    1598000 -26720.127092
    1599000 -26720.044125
    1600000 -26716.659528
    1601000 -26717.100081
    1602000 -26717.567813
    1603000 -26717.395100
    1604000 -26717.532261
    1605000 -26717.583266
    1606000 -26718.501171
    1607000 -26716.655756
    1608000 -26719.124970
    1609000 -26716.674821
    1610000 -26720.016974
    1611000 -26717.683608
    1612000 -26717.479492
    1613000 -26718.557394
    1614000 -26718.289952
    1615000 -26716.655291
    1616000 -26718.369189
    1617000 -26716.899447
    1618000 -26718.316760
    1619000 -26716.961330
    1620000 -26721.640716
    1621000 -26717.540326
    1622000 -26718.377533
    1623000 -26718.895761
    1624000 -26719.473006
    1625000 -26718.044638
    1626000 -26721.621498
    1627000 -26717.701460
    1628000 -26719.073850
    1629000 -26719.464657
    1630000 -26717.120026
    1631000 -26717.471757
    1632000 -26719.074704
    1633000 -26717.614278
    1634000 -26718.371551
    1635000 -26717.716362
    1636000 -26716.643015
    1637000 -26716.916456
    1638000 -26718.005456
    1639000 -26717.621240
    1640000 -26717.548007
    1641000 -26720.102335
    1642000 -26717.289470
    1643000 -26717.204855
    1644000 -26722.276647
    1645000 -26717.717696
    1646000 -26720.140796
    1647000 -26720.785747
    1648000 -26719.173282
    1649000 -26717.480158
    1650000 -26719.270112
    1651000 -26720.222939
    1652000 -26717.489060
    1653000 -26719.124349
    1654000 -26717.444473
    1655000 -26719.108682
    1656000 -26717.653910
    1657000 -26719.110804
    1658000 -26719.124351
    1659000 -26717.686453
    1660000 -26718.856266
    1661000 -26716.642824
    1662000 -26718.772727
    1663000 -26721.286050
    1664000 -26717.662805
    1665000 -26720.905102
    1666000 -26716.649767
    1667000 -26717.762127
    1668000 -26719.747466
    1669000 -26717.831501
    1670000 -26718.404304
    1671000 -26720.434006
    1672000 -26716.657121
    1673000 -26719.085340
    1674000 -26719.861942
    1675000 -26716.990300
    1676000 -26717.682433
    1677000 -26717.680213
    1678000 -26717.473120
    1679000 -26718.040271
    1680000 -26716.823944
    1681000 -26718.176788
    1682000 -26718.261556
    1683000 -26716.695999
    1684000 -26722.732913
    1685000 -26717.847927
    1686000 -26720.870300
    1687000 -26717.599977
    1688000 -26717.477931
    1689000 -26719.276590
    1690000 -26716.656413
    1691000 -26716.701036
    1692000 -26717.324271
    1693000 -26719.909829
    1694000 -26718.756131
    1695000 -26719.289411
    1696000 -26719.233768
    1697000 -26717.676282
    1698000 -26717.487151
    1699000 -26719.492446
    1700000 -26720.012803
    1701000 -26719.103035
    1702000 -26719.164859
    1703000 -26719.427368
    1704000 -26717.729918
    1705000 -26716.941895
    1706000 -26719.641518
    1707000 -26718.305092
    1708000 -26717.773885
    1709000 -26721.923593
    1710000 -26721.286882
    1711000 -26717.473780
    1712000 -26717.786922
    1713000 -26719.604221
    1714000 -26718.349161
    1715000 -26718.664507
    1716000 -26716.692828
    1717000 -26719.842588
    1718000 -26716.732278
    1719000 -26717.780266
    1720000 -26716.860662
    1721000 -26718.549307
    1722000 -26717.651856
    1723000 -26717.412688
    1724000 -26719.236752
    1725000 -26719.092052
    1726000 -26724.261628
    1727000 -26717.417459
    1728000 -26718.359358
    1729000 -26719.078606
    1730000 -26718.584348
    1731000 -26720.831337
    1732000 -26723.038410
    1733000 -26719.185297
    1734000 -26719.074410
    1735000 -26717.011626
    1736000 -26722.578432
    1737000 -26719.174750
    1738000 -26717.952026
    1739000 -26717.141714
    1740000 -26717.504602
    1741000 -26717.643324
    1742000 -26718.884039
    1743000 -26719.996608
    1744000 -26716.958132
    1745000 -26718.300864
    1746000 -26717.857812
    1747000 -26716.711519
    1748000 -26719.179579
    1749000 -26719.113658
    1750000 -26716.997355
    1751000 -26716.646019
    1752000 -26717.186440
    1753000 -26717.584466
    1754000 -26716.643783
    1755000 -26721.767104
    1756000 -26717.554076
    1757000 -26717.502859
    1758000 -26716.843811
    1759000 -26717.396337
    1760000 -26717.557872
    1761000 -26717.017313
    1762000 -26717.478171
    1763000 -26717.369994
    1764000 -26720.766334
    1765000 -26720.783606
    1766000 -26719.125196
    1767000 -26716.733008
    1768000 -26716.891457
    1769000 -26719.944599
    1770000 -26717.271734
    1771000 -26719.630057
    1772000 -26719.196014
    1773000 -26722.951428
    1774000 -26716.959273
    1775000 -26719.353519
    1776000 -26716.669592
    1777000 -26719.570201
    1778000 -26717.454854
    1779000 -26717.866328
    1780000 -26717.773198
    1781000 -26718.767565
    1782000 -26718.979925
    1783000 -26716.683131
    1784000 -26720.735895
    1785000 -26717.526645
    1786000 -26717.635908
    1787000 -26717.558012
    1788000 -26717.537776
    1789000 -26718.334997
    1790000 -26719.044929
    1791000 -26717.067235
    1792000 -26718.842968
    1793000 -26717.740123
    1794000 -26718.299420
    1795000 -26720.257158
    1796000 -26716.881015
    1797000 -26719.102068
    1798000 -26718.870908
    1799000 -26718.082617
    1800000 -26717.520526
    1801000 -26719.274008
    1802000 -26719.171490
    1803000 -26719.317824
    1804000 -26717.830213
    1805000 -26719.132084
    1806000 -26716.716202
    1807000 -26716.693605
    1808000 -26717.557995
    1809000 -26716.826591
    1810000 -26717.700395
    1811000 -26719.197263
    1812000 -26717.453695
    1813000 -26717.480909
    1814000 -26719.937755
    1815000 -26720.503551
    1816000 -26719.452497
    1817000 -26720.621798
    1818000 -26718.360304
    1819000 -26717.027553
    1820000 -26716.757371
    1821000 -26721.186829
    1822000 -26717.505513
    1823000 -26719.076423
    1824000 -26717.503018
    1825000 -26719.906597
    1826000 -26719.258650
    1827000 -26717.527224
    1828000 -26719.981239
    1829000 -26719.197589
    1830000 -26718.900130
    1831000 -26719.866147
    1832000 -26716.712826
    1833000 -26717.365484
    1834000 -26719.907731
    1835000 -26723.412545
    1836000 -26719.169208
    1837000 -26719.214759
    1838000 -26719.594950
    1839000 -26717.007519
    1840000 -26719.450183
    1841000 -26719.295844
    1842000 -26718.081890
    1843000 -26716.675536
    1844000 -26716.644150
    1845000 -26716.701664
    1846000 -26721.503883
    1847000 -26717.550580
    1848000 -26717.368391
    1849000 -26716.657686
    1850000 -26716.647321
    1851000 -26718.838304
    1852000 -26719.488953
    1853000 -26718.843759
    1854000 -26719.253214
    1855000 -26724.128240
    1856000 -26716.643930
    1857000 -26718.323641
    1858000 -26719.176002
    1859000 -26717.057830
    1860000 -26719.082321
    1861000 -26717.579435
    1862000 -26717.097137
    1863000 -26717.210070
    1864000 -26716.756453
    1865000 -26719.444510
    1866000 -26721.085598
    1867000 -26717.680355
    1868000 -26719.222371
    1869000 -26717.530762
    1870000 -26717.589731
    1871000 -26717.108552
    1872000 -26717.473994
    1873000 -26719.215313
    1874000 -26719.200380
    1875000 -26719.652288
    1876000 -26717.683902
    1877000 -26719.073865
    1878000 -26724.451515
    1879000 -26719.330473
    1880000 -26718.398051
    1881000 -26719.804008
    1882000 -26719.262838
    1883000 -26716.737343
    1884000 -26717.908097
    1885000 -26718.790304
    1886000 -26717.684867
    1887000 -26718.301528
    1888000 -26720.113343
    1889000 -26717.533877
    1890000 -26721.668018
    1891000 -26716.643105
    1892000 -26719.507761
    1893000 -26717.923203
    1894000 -26718.451288
    1895000 -26716.961417
    1896000 -26718.027255
    1897000 -26717.472818
    1898000 -26716.764626
    1899000 -26717.688772
    1900000 -26716.965305
    1901000 -26717.875772
    1902000 -26716.904721
    1903000 -26716.825737
    1904000 -26719.093462
    1905000 -26716.915244
    1906000 -26720.264473
    1907000 -26718.879729
    1908000 -26716.685491
    1909000 -26718.481823
    1910000 -26717.740244
    1911000 -26716.761472
    1912000 -26717.717830
    1913000 -26716.702749
    1914000 -26717.091774
    1915000 -26718.531945
    1916000 -26720.171412
    1917000 -26717.525998
    1918000 -26718.318244
    1919000 -26719.645280
    1920000 -26717.540570
    1921000 -26719.517227
    1922000 -26719.124264
    1923000 -26719.081211
    1924000 -26716.684026
    1925000 -26717.569171
    1926000 -26719.124270
    1927000 -26717.488261
    1928000 -26719.073578
    1929000 -26716.837248
    1930000 -26718.391678
    1931000 -26722.061533
    1932000 -26716.644602
    1933000 -26717.477204
    1934000 -26719.910700
    1935000 -26720.047041
    1936000 -26718.242413
    1937000 -26721.396114
    1938000 -26719.303625
    1939000 -26717.196924
    1940000 -26719.817712
    1941000 -26717.525334
    1942000 -26718.314494
    1943000 -26716.854558
    1944000 -26717.832953
    1945000 -26716.930446
    1946000 -26718.263139
    1947000 -26719.397893
    1948000 -26716.982821
    1949000 -26717.937855
    1950000 -26721.427480
    1951000 -26717.221382
    1952000 -26719.623281
    1953000 -26720.733841
    1954000 -26720.004803
    1955000 -26719.088018
    1956000 -26716.667415
    1957000 -26719.929119
    1958000 -26722.099499
    1959000 -26718.642720
    1960000 -26716.659163
    1961000 -26718.342590
    1962000 -26721.358327
    1963000 -26722.348991
    1964000 -26716.743643
    1965000 -26717.435802
    1966000 -26718.369167
    1967000 -26717.820554
    1968000 -26719.625031
    1969000 -26718.342669
    1970000 -26719.317207
    1971000 -26719.081651
    1972000 -26720.075977
    1973000 -26718.298244
    1974000 -26717.520316
    1975000 -26716.822797
    1976000 -26718.718703
    1977000 -26719.674187
    1978000 -26719.091660
    1979000 -26718.571892
    1980000 -26716.657886
    1981000 -26717.836052
    1982000 -26719.298469
    1983000 -26717.786351
    1984000 -26720.635784
    1985000 -26719.170263
    1986000 -26719.192328
    1987000 -26719.232087
    1988000 -26719.104296
    1989000 -26716.801745
    1990000 -26719.144698
    1991000 -26716.660088
    1992000 -26717.077427
    1993000 -26723.068582
    1994000 -26717.922325
    1995000 -26717.848230
    1996000 -26718.157913
    1997000 -26720.742508
    1998000 -26720.173192
    1999000 -26716.657588
    2000000 -26718.803138
