       1000 -800.121161
       2000 -802.458047
       3000 -802.575757
       4000 -801.526361
       5000 -799.580029
       6000 -798.125700
       7000 -801.788497
       8000 -801.222995
       9000 -798.239134
      10000 -798.266824
      11000 -798.259676
      12000 -799.100703
      13000 -798.676039
      14000 -798.190116
      15000 -798.163371
      16000 -798.395864
      17000 -799.661862
      18000 -802.014742
      19000 -802.560033
      20000 -798.186514
      21000 -798.890976
      22000 -798.136327
      23000 -798.907585
      24000 -798.130895
      25000 -801.908195
      26000 -798.462032
      27000 -798.119737
      28000 -799.106911
      29000 -802.483455
      30000 -798.561759
      31000 -799.350876
      32000 -798.234053
      33000 -798.292493
      34000 -801.043622
      35000 -798.257191
      36000 -801.080632
      37000 -800.080535
      38000 -798.121894
      39000 -801.191238
      40000 -798.860437
      41000 -798.454303
      42000 -798.725131
      43000 -798.647388
      44000 -801.782273
      45000 -799.007837
      46000 -798.624736
      47000 -798.407338
      48000 -801.767225
      49000 -798.285425
      50000 -798.137982
      51000 -798.434795
      52000 -798.138546
      53000 -798.127138
      54000 -798.157201
      55000 -799.025704
      56000 -798.635283
      57000 -798.135235
      58000 -802.345655
      59000 -802.880847
      60000 -798.931621
      61000 -800.958346
      62000 -802.278988
      63000 -798.348245
      64000 -802.851581
      65000 -799.334972
      66000 -801.804625
      67000 -799.666785
      68000 -798.820999
      69000 -798.151572
      70000 -802.370896
      71000 -800.749832
      72000 -798.121264
      73000 -799.322874
      74000 -799.202913
      75000 -799.381309
      76000 -801.804099
      77000 -798.297000
      78000 -801.570564
      79000 -800.976260
      80000 -798.750218
      81000 -798.121201
      82000 -805.068126
      83000 -798.488377
      84000 -798.692885
      85000 -799.284878
      86000 -799.457667
      87000 -798.791589
      88000 -810.134750
      89000 -798.540841
      90000 -798.134594
      91000 -799.529501
      92000 -798.307725
      93000 -798.142950
      94000 -799.025372
      95000 -802.426761
      96000 -798.445640
      97000 -798.129966
      98000 -798.738346
      99000 -798.765645
     100000 -800.997534
     101000 -798.196549
     102000 -799.295555
     103000 -798.221942
     104000 -801.012557
     105000 -798.441441
     106000 -798.863994
     107000 -799.650850
     108000 -798.128874
     109000 -798.542151
     110000 -798.139318
     111000 -804.883804
     112000 -798.903038
     113000 -798.495515
     114000 -798.163689
     115000 -801.083059
     116000 -799.136412
     117000 -798.195221
     118000 -798.178010
     119000 -798.185906
     120000 -798.120702
     121000 -798.405031
     122000 -798.120528
     123000 -801.069239
     124000 -798.634436
     125000 -798.299883
     126000 -799.221282
     127000 -798.628591
     128000 -798.342567
     129000 -799.824855
     130000 -800.578269
     131000 -798.127600
     132000 -798.985230
     133000 -798.213822
     134000 -798.305148
     135000 -798.214124
     136000 -798.351641
     137000 -804.717751
     138000 -798.455143
     139000 -798.475788
     140000 -798.207997
     141000 -798.204813
     142000 -798.119711
     143000 -800.987480
     144000 -798.188048
     145000 -798.366325
     146000 -798.120853
     147000 -799.222000
     148000 -801.751704
     149000 -798.504048
     150000 -798.816612
     151000 -798.207906
     152000 -798.392174
     153000 -800.380374
     154000 -798.129790
     155000 -798.760979
     156000 -798.119748
     157000 -798.136632
     158000 -798.482008
     159000 -799.703762
     160000 -798.499076
     161000 -798.209052
     162000 -798.125448
     163000 -799.314138
     164000 -798.605385
     165000 -800.982745
     166000 -803.390135
     167000 -798.549908
     168000 -798.843601
     169000 -801.209773
     170000 -801.064903
     171000 -799.432282
     172000 -799.128725
     173000 -802.156973
     174000 -799.492343
     175000 -799.074291
     176000 -798.384470
     177000 -799.221195
     178000 -799.434920
     179000 -798.141165
     180000 -798.406442
     181000 -798.411884
     182000 -798.145458
     183000 -798.123615
     184000 -798.193323
     185000 -798.271567
     186000 -798.144786
     187000 -799.438026
     188000 -801.924881
     189000 -798.411401
     190000 -801.112413
     191000 -801.708769
     192000 -798.498876
     193000 -799.908324
     194000 -798.303423
     195000 -798.125731
     196000 -798.126776
     197000 -798.262951
     198000 -798.622913
     199000 -798.575581
     200000 -798.136665
     201000 -798.345228
     202000 -798.220003
     203000 -798.421288
     204000 -798.474011
     205000 -798.910181
     206000 -802.112956
     207000 -798.144621
     208000 -798.244724
     209000 -798.545017
     210000 -802.931534
     211000 -798.768166
     212000 -798.124889
     213000 -802.249472
     214000 -798.567093
     215000 -798.181852
     216000 -798.120796
     217000 -798.484060
     218000 -798.399328
     219000 -799.151705
     220000 -798.334921
     221000 -798.470410
     222000 -801.510168
     223000 -801.107199
     224000 -798.512878
     225000 -798.121421
     226000 -798.479973
     227000 -798.750920
     228000 -798.225073
     229000 -798.213777
     230000 -799.401123
     231000 -798.147616
     232000 -798.653115
     233000 -798.205373
     234000 -798.120416
     235000 -798.523149
     236000 -799.014419
     237000 -798.747395
     238000 -798.132533
     239000 -799.034232
     240000 -798.239821
     241000 -798.178017
     242000 -801.021399
     243000 -799.074135
     244000 -801.183574
     245000 -801.532642
     246000 -798.120309
     247000 -799.265274
     248000 -798.169067
     249000 -798.234701
     250000 -798.126671
     251000 -798.426400
     252000 -798.119874
     253000 -798.119926
     254000 -798.130937
     255000 -799.978429
     256000 -798.119606
     257000 -798.385358
     258000 -799.433574
     259000 -805.473635
     260000 -804.098973
     261000 -798.329821
     262000 -799.124235
     263000 -798.163913
     264000 -798.185048
     265000 -798.530796
     266000 -802.780662
     267000 -798.207010
     268000 -798.471457
     269000 -798.147176
     270000 -799.769544
     271000 -798.290041
     272000 -798.762131
     273000 -798.363897
     274000 -801.627899
     275000 -804.998271
     276000 -798.248223
     277000 -800.496801
     278000 -798.756945
     279000 -798.143509
     280000 -798.557755
     281000 -798.121681
     282000 -801.594450
     283000 -798.245751
     284000 -798.462661
     285000 -801.764595
     286000 -802.114596
     287000 -798.483720
     288000 -801.014402
     289000 -798.258140
     290000 -798.376693
     291000 -798.202099
     292000 -798.216312
     293000 -801.242462
     294000 -802.869190
     295000 -798.195895
     296000 -798.638174
     297000 -798.308370
     298000 -801.706344
     299000 -798.186894
     300000 -798.141634
     301000 -798.314396
     302000 -798.309170
     303000 -799.014634
     304000 -798.588944
     305000 -800.985702
     306000 -798.180099
     307000 -801.811654
     308000 -798.706299
     309000 -802.285075
     310000 -801.366360
     311000 -798.443764
     312000 -798.263270
     313000 -801.393604
     314000 -798.414502
     315000 -799.434467
     316000 -798.156988
     317000 -798.438237
     318000 -798.917670
     319000 -798.336848
     320000 -798.155595
     321000 -798.245057
     322000 -798.407269
     323000 -798.297507
     324000 -801.047816
     325000 -798.453706
     326000 -798.366157
     327000 -798.664505
     328000 -799.359558
     329000 -798.134131
     330000 -798.553049
     331000 -800.963529
     332000 -798.159626
     333000 -804.683405
     334000 -798.119667
     335000 -798.662068
     336000 -798.184495
     337000 -798.369408
     338000 -800.071154
     339000 -798.321526
     340000 -799.431990
     341000 -798.415487
     342000 -798.297622
     343000 -798.122770
     344000 -801.014367
     345000 -800.264355
     346000 -798.141345
     347000 -798.139018
     348000 -800.965047
     349000 -798.119637
     350000 -798.494975
     351000 -798.122336
     352000 -798.128890
     353000 -798.444872
     354000 -798.956574
     355000 -799.475781
     356000 -799.136739
     357000 -799.035702
     358000 -798.567255
     359000 -798.621628
     360000 -798.421042
     361000 -798.330710
     362000 -798.131302
     363000 -799.411171
     364000 -801.625049
     365000 -798.197235
     366000 -799.315916
     367000 -801.424795
     368000 -800.975805
     369000 -798.156547
     370000 -798.211483
     371000 -801.459028
     372000 -802.624507
     373000 -798.792176
     374000 -798.809350
     375000 -801.622993
     376000 -798.219114
     377000 -798.124841
     378000 -798.120309
     379000 -798.939799
     380000 -802.170879
     381000 -802.793112
     382000 -803.448137
     383000 -799.256186
     384000 -799.432673
     385000 -802.213751
     386000 -798.762340
     387000 -798.145857
     388000 -798.122398
     389000 -798.142509
     390000 -798.122882
     391000 -798.142847
     392000 -798.479380
     393000 -798.283599
     394000 -801.417579
     395000 -804.021504
     396000 -798.618894
     397000 -798.244467
     398000 -801.864490
     399000 -798.209230
     400000 -798.121440
     401000 -801.372549
     402000 -798.795737
     403000 -803.506506
     404000 -798.459168
     405000 -798.686035
     406000 -798.688753
     407000 -799.768239
     408000 -798.176650
     409000 -798.177174
     410000 -798.127926
     411000 -800.955526
     412000 -804.814036
     413000 -798.227108
     414000 -798.785043
     415000 -798.805259
     416000 -798.207057
     417000 -801.673350
     418000 -800.949998
     419000 -798.697904
     420000 -799.223733
     421000 -798.120460
     422000 -798.596358
     423000 -799.920907
     424000 -798.143140
     425000 -798.119604
     426000 -798.469675
     427000 -798.966459
     428000 -799.100875
     429000 -798.795098
     430000 -798.701346
     431000 -798.370722
     432000 -798.422209
     433000 -800.955155
     434000 -798.225200
     435000 -798.123239
     436000 -799.255131
     437000 -801.885196
     438000 -798.342173
     439000 -798.320695
     440000 -798.170904
     441000 -803.082064
     442000 -798.492251
     443000 -798.156000
     444000 -798.967754
     445000 -798.569515
     446000 -804.525484
     447000 -798.285904
     448000 -801.120711
     449000 -798.159965
     450000 -798.120953
     451000 -798.563555
     452000 -798.700120
     453000 -798.519969
     454000 -801.066979
     455000 -798.343873
     456000 -798.300010
     457000 -798.724724
     458000 -798.273934
     459000 -798.441956
     460000 -798.526234
     461000 -798.124875
     462000 -802.612180
     463000 -798.131990
     464000 -798.120554
     465000 -801.577400
     466000 -798.223048
     467000 -799.070002
     468000 -798.399379
     469000 -798.941743
     470000 -798.134453
     471000 -801.015276
     472000 -798.126032
     473000 -798.135739
     474000 -798.134347
     475000 -798.225511
     476000 -798.129984
     477000 -799.592401
     478000 -801.754310
     479000 -799.361620
     480000 -798.127134
     481000 -798.131530
     482000 -800.955488
     483000 -805.831182
     484000 -805.093590
     485000 -798.458196
     486000 -801.526953
     487000 -798.325991
     488000 -802.311343
     489000 -798.186642
     490000 -802.468478
     491000 -798.312666
     492000 -799.406943
     493000 -798.147926
     494000 -798.228745
     495000 -798.839223
     496000 -798.126865
     497000 -799.450119
     498000 -798.741043
     499000 -798.278559
     500000 -799.058749
     501000 -798.192948
     502000 -798.772412
     503000 -801.108592
     504000 -798.302906
     505000 -798.205279
     506000 -799.498923
     507000 -798.617218
     508000 -798.137790
     509000 -798.187583
     510000 -798.472222
     511000 -801.599814
     512000 -798.561825
     513000 -798.259077
     514000 -800.889570
     515000 -799.627429
     516000 -798.376488
     517000 -798.148922
     518000 -798.216248
     519000 -798.119614
     520000 -800.081416
     521000 -804.821895
     522000 -801.005952
     523000 -798.121005
     524000 -798.120746
     525000 -801.768586
     526000 -800.713588
     527000 -798.171521
     528000 -798.119708
     529000 -798.125614
     530000 -798.148916
     531000 -798.178292
     532000 -798.121791
     533000 -798.255524
     534000 -798.120161
     535000 -798.493165
     536000 -798.169290
     537000 -801.761410
     538000 -798.827118
     539000 -800.961421
     540000 -798.161880
     541000 -798.568128
     542000 -798.181096
     543000 -801.738801
     544000 -798.212663
     545000 -798.225782
     546000 -801.678799
     547000 -799.849188
     548000 -798.639157
     549000 -803.775164
     550000 -798.121410
     551000 -800.404004
     552000 -798.228070
     553000 -798.124356
     554000 -798.545508
     555000 -800.965055
     556000 -798.885638
     557000 -798.268935
     558000 -798.187601
     559000 -799.441773
     560000 -798.178132
     561000 -798.128096
     562000 -801.573309
     563000 -798.231292
     564000 -799.709308
     565000 -798.231279
     566000 -801.604200
     567000 -798.119953
     568000 -798.119899
     569000 -798.129347
     570000 -798.133435
     571000 -799.809792
     572000 -798.350867
     573000 -798.332795
     574000 -801.336610
     575000 -798.125366
     576000 -802.031091
     577000 -798.120133
     578000 -798.119835
     579000 -798.399491
     580000 -798.626318
     581000 -798.133174
     582000 -798.355217
     583000 -799.551246
     584000 -798.341436
     585000 -801.461020
     586000 -801.534576
     587000 -798.119752
     588000 -798.819642
     589000 -798.960737
     590000 -798.150620
     591000 -801.238625
     592000 -798.356129
     593000 -798.169011
     594000 -799.064783
     595000 -798.270996
     596000 -798.476099
     597000 -798.237990
     598000 -799.282520
     599000 -804.680082
     600000 -801.145699
     601000 -798.297456
     602000 -798.218118
     603000 -801.534952
     604000 -798.128852
     605000 -801.016644
     606000 -798.185164
     607000 -799.506976
     608000 -798.176258
     609000 -798.332144
     610000 -799.444908
     611000 -799.365738
     612000 -798.213739
     613000 -798.813423
     614000 -798.713794
     615000 -798.512465
     616000 -800.867125
     617000 -800.018310
     618000 -798.128230
     619000 -798.537957
     620000 -798.149762
     621000 -798.336737
     622000 -798.178730
     623000 -798.158418
     624000 -798.323231
     625000 -798.241475
     626000 -802.281269
     627000 -798.532237
     628000 -799.716154
     629000 -798.824325
     630000 -801.572683
     631000 -798.474068
     632000 -798.257099
     633000 -798.119689
     634000 -799.643852
     635000 -801.764763
     636000 -803.949551
     637000 -801.079031
     638000 -798.119800
     639000 -798.120869
     640000 -798.259945
     641000 -802.724062
     642000 -798.308345
     643000 -802.240108
     644000 -799.561458
     645000 -801.568114
     646000 -799.635658
     647000 -798.177016
     648000 -799.317547
     649000 -798.222422
     650000 -799.572419
     651000 -801.835308
     652000 -798.314926
     653000 -798.163648
     654000 -799.987732
     655000 -798.343030
     656000 -798.124636
     657000 -799.010637
     658000 -801.133171
     659000 -798.143260
     660000 -802.128123
     661000 -798.338278
     662000 -798.690783
     663000 -798.270156
     664000 -798.123020
     665000 -798.263349
     666000 -798.157449
     667000 -798.378980
     668000 -798.636258
     669000 -799.073152
     670000 -798.870224
     671000 -798.244391
     672000 -801.702116
     673000 -801.382659
     674000 -798.666394
     675000 -801.751569
     676000 -798.707429
     677000 -799.254215
     678000 -798.421925
     679000 -798.805977
     680000 -799.933161
     681000 -798.143166
     682000 -801.074997
     683000 -798.220965
     684000 -800.962048
     685000 -801.443948
     686000 -798.163320
     687000 -799.105624
     688000 -798.849152
     689000 -799.852195
     690000 -798.624704
     691000 -801.387197
     692000 -798.461356
     693000 -801.053365
     694000 -799.409626
     695000 -798.522724
     696000 -801.563376
     697000 -798.168708
     698000 -801.848524
     699000 -798.257858
     700000 -798.176111
     701000 -798.120203
     702000 -798.177807
     703000 -801.594773
     704000 -801.366984
     705000 -798.220196
     706000 -798.549719
     707000 -798.161465
     708000 -801.763806
     709000 -798.190459
     710000 -799.062311
     711000 -798.548201
     712000 -798.188654
     713000 -801.264961
     714000 -798.272271
     715000 -798.328780
     716000 -798.135786
     717000 -798.199114
     718000 -798.396590
     719000 -798.121962
     720000 -798.234140
     721000 -798.281560
     722000 -801.217664
     723000 -798.244207
     724000 -798.545437
     725000 -798.691285
     726000 -798.244527
     727000 -801.526847
     728000 -798.188682
     729000 -798.126860
     730000 -801.629593
     731000 -798.232268
     732000 -798.199108
     733000 -798.197995
     734000 -798.184192
     735000 -801.035278
     736000 -798.132962
     737000 -798.460511
     738000 -798.599377
     739000 -798.496004
     740000 -798.792990
     741000 -798.622842
     742000 -798.926922
     743000 -798.443460
     744000 -800.181794
     745000 -798.172529
     746000 -798.923068
     747000 -798.120585
     748000 -798.120274
     749000 -798.586350
     750000 -798.122880
     751000 -798.245421
     752000 -804.142521
     753000 -799.497117
     754000 -798.364594
     755000 -798.517554
     756000 -798.120875
     757000 -798.125743
     758000 -798.219550
     759000 -799.164112
     760000 -802.314979
     761000 -798.173193
     762000 -798.143561
     763000 -798.597983
     764000 -798.779156
     765000 -801.784573
     766000 -801.145772
     767000 -800.052238
     768000 -799.642864
     769000 -801.510767
     770000 -800.961864
     771000 -798.213453
     772000 -798.970714
     773000 -801.772988
     774000 -798.798343
     775000 -798.999300
     776000 -801.777405
     777000 -798.338091
     778000 -799.356741
     779000 -798.687669
     780000 -798.891582
     781000 -798.176232
     782000 -798.314319
     783000 -798.237819
     784000 -798.189413
     785000 -798.241251
     786000 -798.234458
     787000 -801.040771
     788000 -800.796736
     789000 -798.335388
     790000 -798.152860
     791000 -799.654602
     792000 -801.783492
     793000 -799.517413
     794000 -798.617171
     795000 -798.809666
     796000 -800.953626
     797000 -798.120015
     798000 -798.120095
     799000 -798.184284
     800000 -798.184693
     801000 -798.336610
     802000 -799.160861
     803000 -798.150706
     804000 -801.028520
     805000 -801.753168
     806000 -802.440741
     807000 -799.782499
     808000 -798.128539
     809000 -798.132079
     810000 -801.770946
     811000 -799.350585
     812000 -804.307790
     813000 -798.193769
     814000 -799.106228
     815000 -798.128420
     816000 -798.129606
     817000 -799.707853
     818000 -798.420866
     819000 -800.544955
     820000 -798.468264
     821000 -798.255093
     822000 -798.149713
     823000 -800.995162
     824000 -798.199466
     825000 -798.185306
     826000 -798.129774
     827000 -798.119645
     828000 -798.636141
     829000 -798.147841
     830000 -798.354044
     831000 -798.588044
     832000 -798.128613
     833000 -798.677870
     834000 -798.205503
     835000 -801.769323
     836000 -798.399962
     837000 -798.244646
     838000 -798.193852
     839000 -799.952662
     840000 -798.794177
     841000 -798.689364
     842000 -798.123141
     843000 -798.571150
     844000 -798.319964
     845000 -799.384785
     846000 -798.964207
     847000 -799.911499
     848000 -798.968038
     849000 -798.566884
     850000 -801.920946
     851000 -798.280686
     852000 -799.051620
     853000 -798.834638
     854000 -798.230054
     855000 -798.126784
     856000 -798.120086
     857000 -798.468491
     858000 -798.375029
     859000 -799.219506
     860000 -798.702669
     861000 -798.368867
     862000 -798.728865
     863000 -798.150372
     864000 -798.178511
     865000 -799.584864
     866000 -801.093329
     867000 -799.598685
     868000 -798.314287
     869000 -798.120242
     870000 -799.118338
     871000 -798.326639
     872000 -801.762990
     873000 -798.265066
     874000 -798.136149
     875000 -798.311694
     876000 -799.946843
     877000 -798.126531
     878000 -799.720236
     879000 -804.014506
     880000 -798.119604
     881000 -799.285782
     882000 -798.161901
     883000 -801.547999
     884000 -798.119776
     885000 -798.135316
     886000 -798.128583
     887000 -798.162899
     888000 -798.146629
     889000 -798.571214
     890000 -798.474258
     891000 -799.038806
     892000 -798.126707
     893000 -798.378225
     894000 -798.141480
     895000 -798.635281
     896000 -799.658993
     897000 -798.302681
     898000 -798.121567
     899000 -798.804570
     900000 -798.400620
     901000 -798.560590
     902000 -798.208566
     903000 -799.704341
     904000 -798.122577
     905000 -798.172222
     906000 -798.373419
     907000 -801.652774
     908000 -798.437310
     909000 -798.335382
     910000 -798.585030
     911000 -800.297114
     912000 -798.244907
     913000 -798.359904
     914000 -798.127202
     915000 -798.252433
     916000 -798.344874
     917000 -798.130881
     918000 -801.912943
     919000 -800.755050
     920000 -798.134090
     921000 -798.198371
     922000 -801.407409
     923000 -798.273251
     924000 -798.309282
     925000 -799.553294
     926000 -798.139280
     927000 -800.966025
     928000 -798.876718
     929000 -799.333317
     930000 -800.798407
     931000 -798.136456
     932000 -801.800838
     933000 -798.220031
     934000 -799.510031
     935000 -799.510198
     936000 -801.434272
     937000 -799.389947
     938000 -800.067297
     939000 -798.221909
     940000 -798.414352
     941000 -798.130186
     942000 -798.584725
     943000 -798.148284
     944000 -798.795802
     945000 -800.963791
     946000 -798.508898
     947000 -798.131948
     948000 -799.788153
     949000 -801.759217
     950000 -798.362601
     951000 -799.025504
     952000 -798.836678
     953000 -801.663957
     954000 -798.407138
     955000 -798.178194
     956000 -799.097650
     957000 -798.309627
     958000 -798.581861
     959000 -799.284563
     960000 -798.653555
     961000 -798.124530
     962000 -801.292428
     963000 -803.023707
     964000 -798.288180
     965000 -798.241322
     966000 -798.382636
     967000 -801.881189
     968000 -799.297034
     969000 -798.556464
     970000 -798.142998
     971000 -798.237146
     972000 -798.300229
     973000 -798.628901
     974000 -799.664277
     975000 -798.212268
     976000 -798.119792
     977000 -798.230270
     978000 -801.129699
     979000 -798.418189
     980000 -798.425362
     981000 -798.598019
     982000 -798.121473
     983000 -798.461059
     984000 -798.310874
     985000 -798.124937
     986000 -799.137959
     987000 -802.056620
     988000 -798.920507
     989000 -799.586740
     990000 -798.186999
     991000 -800.285432
     992000 -801.526209
     993000 -798.203191
     994000 -802.832088
     995000 -798.120237
     996000 -798.167001
     997000 -804.299631
     998000 -801.871324
     999000 -798.119647
    1000000 -801.118664
