    genPlus1     spaQ
        1000  0.464072
        2000  0.459558
        3000  0.464120
        4000  0.472831
        5000  0.451999
        6000  0.448705
        7000  0.475787
        8000  0.452126
        9000  0.467269
       10000  0.463930
       11000  0.463690
       12000  0.476300
       13000  0.460267
       14000  0.473938
       15000  0.463614
       16000  0.464719
       17000  0.466967
       18000  0.461875
       19000  0.452704
       20000  0.482997
       21000  0.432068
       22000  0.469337
       23000  0.458578
       24000  0.469059
       25000  0.440058
       26000  0.479108
       27000  0.483775
       28000  0.471276
       29000  0.458820
       30000  0.458716
       31000  0.456823
       32000  0.465368
       33000  0.451690
       34000  0.465196
       35000  0.461613
       36000  0.450168
       37000  0.460889
       38000  0.469629
       39000  0.450730
       40000  0.476414
       41000  0.472832
       42000  0.453138
       43000  0.458312
       44000  0.447725
       45000  0.457844
       46000  0.464679
       47000  0.456055
       48000  0.455033
       49000  0.469791
       50000  0.454394
       51000  0.465707
       52000  0.451489
       53000  0.460214
       54000  0.435111
       55000  0.488400
       56000  0.455823
       57000  0.447422
       58000  0.448254
       59000  0.460116
       60000  0.460693
       61000  0.459768
       62000  0.471016
       63000  0.476800
       64000  0.486377
       65000  0.462910
       66000  0.484427
       67000  0.463263
       68000  0.450485
       69000  0.451685
       70000  0.479876
       71000  0.461136
       72000  0.473808
       73000  0.462321
       74000  0.462888
       75000  0.458444
       76000  0.458301
       77000  0.474177
       78000  0.465548
       79000  0.456202
       80000  0.459446
       81000  0.470408
       82000  0.461341
       83000  0.463675
       84000  0.461880
       85000  0.469465
       86000  0.420638
       87000  0.481496
       88000  0.462637
       89000  0.484585
       90000  0.464573
       91000  0.461472
       92000  0.444160
       93000  0.443744
       94000  0.468665
       95000  0.451339
       96000  0.463989
       97000  0.453839
       98000  0.478197
       99000  0.462663
      100000  0.462032
      101000  0.460206
      102000  0.447304
      103000  0.453914
      104000  0.469139
      105000  0.472210
      106000  0.476361
      107000  0.459661
      108000  0.456761
      109000  0.470271
      110000  0.462416
      111000  0.431229
      112000  0.470830
      113000  0.466850
      114000  0.461052
      115000  0.480825
      116000  0.465193
      117000  0.451391
      118000  0.454859
      119000  0.479914
      120000  0.465223
      121000  0.454904
      122000  0.458737
      123000  0.454326
      124000  0.448047
      125000  0.474382
      126000  0.478810
      127000  0.474085
      128000  0.441898
      129000  0.467781
      130000  0.456782
      131000  0.469338
      132000  0.459423
      133000  0.453946
      134000  0.457102
      135000  0.458923
      136000  0.468007
      137000  0.451947
      138000  0.474867
      139000  0.465119
      140000  0.466852
      141000  0.481066
      142000  0.464042
      143000  0.457984
      144000  0.461629
      145000  0.457542
      146000  0.470424
      147000  0.467327
      148000  0.470090
      149000  0.461413
      150000  0.470151
      151000  0.457883
      152000  0.408319
      153000  0.475191
      154000  0.456968
      155000  0.469720
      156000  0.451666
      157000  0.472874
      158000  0.475007
      159000  0.446605
      160000  0.466500
      161000  0.459651
      162000  0.448394
      163000  0.475427
      164000  0.460853
      165000  0.463202
      166000  0.461456
      167000  0.448638
      168000  0.468304
      169000  0.455347
      170000  0.465120
      171000  0.456469
      172000  0.457626
      173000  0.473079
      174000  0.480497
      175000  0.448519
      176000  0.461722
      177000  0.467095
      178000  0.460866
      179000  0.450717
      180000  0.424339
      181000  0.456711
      182000  0.459436
      183000  0.481359
      184000  0.459511
      185000  0.484138
      186000  0.440375
      187000  0.471758
      188000  0.451678
      189000  0.461800
      190000  0.460391
      191000  0.458871
      192000  0.467973
      193000  0.463545
      194000  0.463489
      195000  0.449041
      196000  0.474583
      197000  0.453300
      198000  0.461033
      199000  0.478960
      200000  0.459472
      201000  0.422304
      202000  0.474651
      203000  0.437573
      204000  0.442805
      205000  0.459452
      206000  0.449323
      207000  0.429702
      208000  0.461552
      209000  0.466500
      210000  0.456499
      211000  0.474978
      212000  0.451824
      213000  0.460523
      214000  0.423826
      215000  0.477170
      216000  0.443039
      217000  0.455939
      218000  0.467624
      219000  0.465651
      220000  0.460926
      221000  0.458908
      222000  0.462572
      223000  0.478707
      224000  0.463563
      225000  0.470914
      226000  0.476834
      227000  0.466082
      228000  0.466797
      229000  0.460288
      230000  0.477673
      231000  0.454166
      232000  0.439621
      233000  0.458026
      234000  0.467186
      235000  0.465164
      236000  0.474000
      237000  0.457455
      238000  0.448078
      239000  0.448943
      240000  0.474566
      241000  0.465671
      242000  0.451127
      243000  0.469488
      244000  0.474469
      245000  0.450923
      246000  0.456093
      247000  0.452658
      248000  0.477175
      249000  0.469712
      250000  0.473882
      251000  0.457076
      252000  0.473716
      253000  0.457336
      254000  0.456711
      255000  0.436018
      256000  0.433352
      257000  0.460811
      258000  0.451249
      259000  0.461217
      260000  0.458846
      261000  0.476435
      262000  0.462461
      263000  0.469698
      264000  0.454230
      265000  0.472810
      266000  0.465483
      267000  0.444446
      268000  0.446585
      269000  0.472421
      270000  0.469164
      271000  0.465604
      272000  0.446247
      273000  0.481117
      274000  0.456603
      275000  0.466273
      276000  0.450309
      277000  0.460751
      278000  0.449759
      279000  0.471044
      280000  0.457485
      281000  0.458775
      282000  0.457900
      283000  0.463187
      284000  0.455071
      285000  0.467859
      286000  0.442968
      287000  0.480695
      288000  0.469264
      289000  0.449390
      290000  0.475417
      291000  0.465100
      292000  0.453942
      293000  0.487653
      294000  0.458505
      295000  0.454619
      296000  0.465170
      297000  0.457090
      298000  0.462231
      299000  0.465828
      300000  0.478376
      301000  0.458472
      302000  0.465750
      303000  0.486021
      304000  0.451768
      305000  0.468509
      306000  0.459027
      307000  0.467324
      308000  0.476374
      309000  0.476166
      310000  0.467133
      311000  0.464083
      312000  0.467687
      313000  0.470316
      314000  0.462561
      315000  0.458322
      316000  0.438742
      317000  0.448962
      318000  0.469657
      319000  0.458425
      320000  0.475625
      321000  0.461200
      322000  0.453700
      323000  0.449164
      324000  0.457250
      325000  0.458418
      326000  0.460223
      327000  0.456513
      328000  0.468424
      329000  0.456456
      330000  0.457670
      331000  0.455534
      332000  0.468261
      333000  0.462215
      334000  0.466856
      335000  0.471444
      336000  0.463879
      337000  0.470975
      338000  0.443908
      339000  0.444856
      340000  0.466189
      341000  0.438804
      342000  0.491913
      343000  0.455800
      344000  0.452874
      345000  0.452005
      346000  0.464810
      347000  0.447614
      348000  0.478398
      349000  0.464729
      350000  0.473507
      351000  0.458189
      352000  0.462987
      353000  0.461848
      354000  0.462696
      355000  0.462851
      356000  0.449089
      357000  0.443670
      358000  0.462684
      359000  0.463048
      360000  0.460654
      361000  0.478111
      362000  0.458279
      363000  0.439916
      364000  0.472938
      365000  0.464167
      366000  0.450510
      367000  0.467094
      368000  0.464321
      369000  0.472909
      370000  0.467648
      371000  0.464457
      372000  0.480203
      373000  0.467046
      374000  0.448644
      375000  0.466763
      376000  0.471957
      377000  0.449245
      378000  0.450679
      379000  0.462233
      380000  0.445206
      381000  0.458191
      382000  0.447199
      383000  0.434580
      384000  0.455103
      385000  0.474657
      386000  0.452802
      387000  0.450090
      388000  0.454413
      389000  0.467290
      390000  0.453149
      391000  0.459785
      392000  0.472240
      393000  0.465813
      394000  0.458508
      395000  0.458142
      396000  0.454448
      397000  0.448222
      398000  0.459819
      399000  0.469229
      400000  0.470821
      401000  0.453757
      402000  0.467099
      403000  0.463939
      404000  0.461904
      405000  0.453181
      406000  0.448091
      407000  0.458936
      408000  0.474468
      409000  0.471581
      410000  0.462895
      411000  0.450176
      412000  0.482607
      413000  0.469961
      414000  0.464899
      415000  0.454700
      416000  0.456753
      417000  0.465441
      418000  0.465401
      419000  0.467797
      420000  0.469135
      421000  0.468184
      422000  0.462222
      423000  0.476406
      424000  0.459839
      425000  0.433432
      426000  0.463936
      427000  0.462210
      428000  0.445383
      429000  0.482936
      430000  0.469991
      431000  0.453126
      432000  0.467250
      433000  0.456749
      434000  0.469940
      435000  0.465547
      436000  0.465612
      437000  0.453465
      438000  0.464642
      439000  0.463587
      440000  0.468917
      441000  0.453734
      442000  0.453196
      443000  0.459482
      444000  0.455501
      445000  0.469872
      446000  0.470345
      447000  0.465437
      448000  0.470706
      449000  0.460539
      450000  0.461451
      451000  0.454873
      452000  0.450455
      453000  0.471119
      454000  0.466288
      455000  0.443268
      456000  0.449539
      457000  0.454661
      458000  0.485366
      459000  0.458320
      460000  0.445076
      461000  0.440302
      462000  0.466167
      463000  0.467212
      464000  0.467998
      465000  0.446895
      466000  0.470479
      467000  0.454291
      468000  0.458852
      469000  0.431807
      470000  0.458243
      471000  0.473605
      472000  0.463310
      473000  0.456379
      474000  0.467072
      475000  0.457664
      476000  0.469504
      477000  0.453066
      478000  0.468728
      479000  0.475794
      480000  0.454778
      481000  0.462233
      482000  0.462287
      483000  0.459828
      484000  0.471170
      485000  0.427218
      486000  0.459019
      487000  0.452069
      488000  0.448419
      489000  0.470941
      490000  0.476311
      491000  0.471311
      492000  0.472853
      493000  0.461025
      494000  0.459448
      495000  0.481330
      496000  0.478221
      497000  0.449944
      498000  0.463844
      499000  0.449996
      500000  0.451661
      501000  0.477644
      502000  0.461801
      503000  0.446350
      504000  0.455073
      505000  0.485874
      506000  0.450106
      507000  0.464277
      508000  0.458698
      509000  0.466551
      510000  0.474508
      511000  0.462287
      512000  0.465339
      513000  0.465873
      514000  0.451841
      515000  0.465292
      516000  0.475070
      517000  0.451041
      518000  0.454586
      519000  0.468229
      520000  0.456380
      521000  0.449455
      522000  0.458010
      523000  0.455792
      524000  0.447969
      525000  0.433140
      526000  0.464844
      527000  0.466084
      528000  0.469842
      529000  0.447525
      530000  0.457299
      531000  0.456103
      532000  0.454840
      533000  0.451585
      534000  0.456995
      535000  0.463606
      536000  0.455378
      537000  0.448730
      538000  0.462734
      539000  0.482100
      540000  0.468065
      541000  0.436028
      542000  0.462626
      543000  0.441158
      544000  0.462818
      545000  0.463432
      546000  0.470835
      547000  0.460217
      548000  0.462697
      549000  0.467903
      550000  0.472939
      551000  0.466724
      552000  0.448080
      553000  0.454962
      554000  0.429699
      555000  0.462884
      556000  0.443855
      557000  0.466673
      558000  0.457225
      559000  0.453483
      560000  0.459816
      561000  0.480350
      562000  0.459674
      563000  0.464502
      564000  0.467585
      565000  0.472583
      566000  0.475736
      567000  0.441542
      568000  0.456860
      569000  0.430678
      570000  0.474666
      571000  0.465558
      572000  0.470970
      573000  0.472808
      574000  0.461964
      575000  0.438461
      576000  0.466994
      577000  0.464751
      578000  0.434140
      579000  0.480630
      580000  0.477629
      581000  0.467718
      582000  0.476652
      583000  0.449693
      584000  0.481077
      585000  0.451079
      586000  0.473737
      587000  0.462366
      588000  0.473087
      589000  0.464785
      590000  0.478448
      591000  0.443961
      592000  0.453110
      593000  0.460536
      594000  0.418568
      595000  0.466540
      596000  0.444393
      597000  0.454201
      598000  0.470033
      599000  0.446365
      600000  0.462623
      601000  0.421077
      602000  0.463737
      603000  0.457335
      604000  0.462117
      605000  0.468425
      606000  0.453398
      607000  0.456638
      608000  0.450688
      609000  0.457117
      610000  0.485369
      611000  0.419244
      612000  0.450536
      613000  0.445296
      614000  0.467917
      615000  0.459179
      616000  0.483190
      617000  0.458799
      618000  0.449605
      619000  0.471146
      620000  0.461098
      621000  0.455312
      622000  0.472415
      623000  0.456048
      624000  0.468335
      625000  0.447307
      626000  0.434064
      627000  0.481862
      628000  0.461155
      629000  0.459818
      630000  0.469462
      631000  0.451829
      632000  0.461939
      633000  0.457145
      634000  0.468924
      635000  0.455733
      636000  0.441934
      637000  0.447505
      638000  0.450055
      639000  0.450631
      640000  0.444978
      641000  0.450692
      642000  0.470156
      643000  0.456554
      644000  0.467289
      645000  0.458785
      646000  0.453900
      647000  0.466760
      648000  0.439897
      649000  0.457739
      650000  0.460378
      651000  0.470824
      652000  0.453810
      653000  0.437051
      654000  0.466872
      655000  0.465323
      656000  0.456315
      657000  0.465932
      658000  0.466164
      659000  0.464938
      660000  0.451237
      661000  0.466017
      662000  0.457267
      663000  0.458139
      664000  0.460899
      665000  0.453367
      666000  0.464494
      667000  0.466677
      668000  0.453694
      669000  0.472846
      670000  0.461147
      671000  0.449709
      672000  0.478601
      673000  0.430960
      674000  0.468897
      675000  0.453111
      676000  0.461707
      677000  0.479640
      678000  0.460203
      679000  0.469533
      680000  0.450693
      681000  0.446557
      682000  0.448532
      683000  0.476101
      684000  0.459305
      685000  0.470994
      686000  0.476787
      687000  0.452502
      688000  0.468692
      689000  0.461038
      690000  0.467376
      691000  0.458110
      692000  0.432481
      693000  0.455379
      694000  0.458355
      695000  0.457994
      696000  0.468920
      697000  0.455534
      698000  0.476723
      699000  0.453437
      700000  0.456426
      701000  0.445991
      702000  0.448562
      703000  0.458404
      704000  0.466391
      705000  0.463245
      706000  0.472588
      707000  0.458990
      708000  0.474636
      709000  0.459541
      710000  0.470119
      711000  0.466796
      712000  0.466537
      713000  0.462763
      714000  0.464998
      715000  0.469729
      716000  0.451818
      717000  0.463400
      718000  0.462003
      719000  0.445026
      720000  0.462709
      721000  0.462218
      722000  0.475420
      723000  0.473572
      724000  0.470161
      725000  0.448454
      726000  0.453220
      727000  0.457240
      728000  0.470728
      729000  0.460202
      730000  0.468505
      731000  0.452152
      732000  0.473106
      733000  0.471967
      734000  0.461357
      735000  0.456653
      736000  0.463514
      737000  0.472050
      738000  0.466915
      739000  0.438199
      740000  0.466393
      741000  0.464054
      742000  0.458538
      743000  0.453760
      744000  0.469294
      745000  0.453298
      746000  0.467245
      747000  0.472692
      748000  0.457122
      749000  0.456529
      750000  0.465560
      751000  0.451433
      752000  0.461740
      753000  0.464048
      754000  0.463599
      755000  0.465464
      756000  0.457372
      757000  0.461774
      758000  0.457364
      759000  0.467260
      760000  0.458394
      761000  0.459704
      762000  0.448862
      763000  0.457732
      764000  0.455510
      765000  0.454384
      766000  0.461191
      767000  0.452314
      768000  0.443418
      769000  0.458115
      770000  0.463937
      771000  0.480356
      772000  0.467603
      773000  0.488172
      774000  0.450099
      775000  0.458490
      776000  0.456563
      777000  0.475069
      778000  0.477560
      779000  0.459757
      780000  0.480038
      781000  0.459916
      782000  0.454671
      783000  0.477024
      784000  0.455492
      785000  0.454084
      786000  0.468863
      787000  0.451644
      788000  0.473668
      789000  0.468305
      790000  0.452531
      791000  0.451910
      792000  0.456643
      793000  0.443782
      794000  0.466314
      795000  0.452139
      796000  0.468657
      797000  0.452208
      798000  0.460034
      799000  0.449618
      800000  0.468363
      801000  0.467647
      802000  0.461458
      803000  0.464295
      804000  0.440604
      805000  0.450837
      806000  0.456710
      807000  0.469816
      808000  0.460958
      809000  0.476478
      810000  0.447305
      811000  0.434135
      812000  0.451082
      813000  0.426384
      814000  0.475843
      815000  0.459852
      816000  0.460224
      817000  0.452930
      818000  0.471407
      819000  0.458264
      820000  0.474084
      821000  0.448425
      822000  0.448647
      823000  0.474091
      824000  0.484144
      825000  0.457740
      826000  0.468541
      827000  0.456732
      828000  0.482672
      829000  0.440269
      830000  0.462479
      831000  0.430353
      832000  0.455733
      833000  0.462754
      834000  0.455207
      835000  0.453839
      836000  0.474858
      837000  0.470018
      838000  0.450505
      839000  0.462349
      840000  0.465478
      841000  0.444150
      842000  0.482495
      843000  0.428554
      844000  0.469837
      845000  0.473564
      846000  0.449533
      847000  0.453513
      848000  0.477595
      849000  0.419354
      850000  0.467517
      851000  0.449970
      852000  0.476072
      853000  0.461294
      854000  0.465267
      855000  0.460566
      856000  0.460107
      857000  0.464131
      858000  0.479020
      859000  0.478640
      860000  0.442004
      861000  0.461476
      862000  0.465021
      863000  0.458471
      864000  0.467927
      865000  0.456427
      866000  0.462891
      867000  0.458194
      868000  0.475094
      869000  0.469293
      870000  0.451522
      871000  0.474442
      872000  0.452329
      873000  0.464495
      874000  0.466439
      875000  0.465999
      876000  0.451344
      877000  0.474362
      878000  0.460464
      879000  0.468015
      880000  0.457391
      881000  0.463654
      882000  0.461984
      883000  0.464813
      884000  0.459721
      885000  0.470794
      886000  0.456559
      887000  0.455858
      888000  0.446387
      889000  0.417855
      890000  0.420948
      891000  0.470425
      892000  0.448926
      893000  0.444255
      894000  0.461209
      895000  0.454437
      896000  0.454968
      897000  0.456251
      898000  0.472071
      899000  0.466068
      900000  0.456423
      901000  0.458506
      902000  0.460012
      903000  0.471726
      904000  0.453210
      905000  0.477415
      906000  0.454459
      907000  0.462477
      908000  0.460282
      909000  0.462239
      910000  0.466767
      911000  0.471355
      912000  0.455449
      913000  0.458017
      914000  0.442214
      915000  0.473477
      916000  0.423268
      917000  0.464959
      918000  0.456615
      919000  0.450010
      920000  0.457536
      921000  0.464777
      922000  0.478769
      923000  0.455440
      924000  0.463071
      925000  0.469091
      926000  0.477104
      927000  0.465871
      928000  0.476088
      929000  0.473260
      930000  0.453326
      931000  0.461886
      932000  0.482149
      933000  0.440969
      934000  0.473145
      935000  0.467495
      936000  0.460681
      937000  0.454617
      938000  0.446705
      939000  0.464886
      940000  0.469960
      941000  0.447945
      942000  0.453802
      943000  0.455290
      944000  0.445057
      945000  0.455932
      946000  0.428770
      947000  0.470180
      948000  0.461707
      949000  0.477203
      950000  0.472192
      951000  0.458322
      952000  0.449607
      953000  0.473062
      954000  0.473493
      955000  0.461544
      956000  0.433437
      957000  0.477663
      958000  0.455477
      959000  0.472263
      960000  0.479730
      961000  0.469896
      962000  0.438920
      963000  0.482374
      964000  0.449360
      965000  0.453983
      966000  0.464209
      967000  0.457679
      968000  0.450637
      969000  0.467103
      970000  0.450405
      971000  0.464162
      972000  0.456910
      973000  0.465194
      974000  0.475808
      975000  0.454483
      976000  0.462304
      977000  0.453391
      978000  0.477486
      979000  0.474599
      980000  0.442482
      981000  0.458320
      982000  0.471015
      983000  0.447685
      984000  0.448326
      985000  0.468995
      986000  0.465493
      987000  0.454223
      988000  0.460853
      989000  0.469096
      990000  0.476956
      991000  0.462629
      992000  0.463762
      993000  0.464159
      994000  0.461050
      995000  0.458103
      996000  0.443478
      997000  0.459476
      998000  0.452951
      999000  0.454554
     1000000  0.459262
