       1000 -26589.493043
       2000 -26588.709459
       3000 -26592.479916
       4000 -26588.831008
       5000 -26588.725733
       6000 -26589.009814
       7000 -26588.817490
       8000 -26589.722154
       9000 -26588.702102
      10000 -26589.135009
      11000 -26588.803116
      12000 -26588.729975
      13000 -26588.718273
      14000 -26589.176003
      15000 -26590.618650
      16000 -26588.797123
      17000 -26589.095245
      18000 -26589.015972
      19000 -26588.806094
      20000 -26589.407064
      21000 -26588.707151
      22000 -26589.433278
      23000 -26589.176147
      24000 -26588.707353
      25000 -26588.878823
      26000 -26588.724154
      27000 -26589.000201
      28000 -26588.844174
      29000 -26589.709316
      30000 -26589.562938
      31000 -26588.827801
      32000 -26591.231361
      33000 -26590.127623
      34000 -26590.267059
      35000 -26588.702117
      36000 -26589.394092
      37000 -26588.989026
      38000 -26589.150414
      39000 -26588.796156
      40000 -26589.104825
      41000 -26589.432127
      42000 -26588.734835
      43000 -26589.421931
      44000 -26588.892562
      45000 -26588.792394
      46000 -26590.281497
      47000 -26588.900210
      48000 -26590.289934
      49000 -26589.837164
      50000 -26588.767637
      51000 -26588.756296
      52000 -26588.706439
      53000 -26588.835851
      54000 -26589.914655
      55000 -26588.846132
      56000 -26588.724016
      57000 -26588.726880
      58000 -26589.011998
      59000 -26588.956187
      60000 -26588.736962
      61000 -26588.777681
      62000 -26588.855954
      63000 -26588.801850
      64000 -26590.447259
      65000 -26590.002089
      66000 -26588.999610
      67000 -26588.872738
      68000 -26588.726386
      69000 -26589.869120
      70000 -26589.491711
      71000 -26588.761642
      72000 -26589.248239
      73000 -26588.702012
      74000 -26588.956156
      75000 -26589.786091
      76000 -26589.052721
      77000 -26588.860216
      78000 -26588.775944
      79000 -26588.854120
      80000 -26589.775534
      81000 -26589.058870
      82000 -26590.672744
      83000 -26588.833163
      84000 -26588.750822
      85000 -26588.734125
      86000 -26589.224725
      87000 -26588.865273
      88000 -26593.356886
      89000 -26588.705043
      90000 -26589.779909
      91000 -26588.995950
      92000 -26590.492875
      93000 -26588.732094
      94000 -26588.730007
      95000 -26588.861675
      96000 -26588.712144
      97000 -26588.853365
      98000 -26588.773339
      99000 -26588.717849
     100000 -26588.706773
     101000 -26588.859736
     102000 -26589.218431
     103000 -26589.018573
     104000 -26588.782773
     105000 -26588.702974
     106000 -26591.094863
     107000 -26588.705825
     108000 -26590.937045
     109000 -26590.574234
     110000 -26589.315345
     111000 -26588.815582
     112000 -26591.248444
     113000 -26588.976573
     114000 -26588.718261
     115000 -26588.722303
     116000 -26588.768514
     117000 -26588.705184
     118000 -26588.797566
     119000 -26588.708098
     120000 -26590.968137
     121000 -26590.613681
     122000 -26589.805743
     123000 -26589.649199
     124000 -26589.096535
     125000 -26588.825847
     126000 -26588.703492
     127000 -26589.665210
     128000 -26588.843074
     129000 -26588.853285
     130000 -26588.819398
     131000 -26588.717965
     132000 -26593.568618
     133000 -26588.998029
     134000 -26589.669228
     135000 -26591.659514
     136000 -26589.469959
     137000 -26588.949650
     138000 -26594.515099
     139000 -26590.735614
     140000 -26588.704291
     141000 -26591.377187
     142000 -26588.834050
     143000 -26590.718287
     144000 -26590.210818
     145000 -26590.063214
     146000 -26589.452687
     147000 -26589.378306
     148000 -26588.757976
     149000 -26589.192463
     150000 -26589.187469
     151000 -26588.907818
     152000 -26588.885796
     153000 -26589.261908
     154000 -26590.078008
     155000 -26589.168724
     156000 -26591.397401
     157000 -26589.053393
     158000 -26589.049638
     159000 -26590.292980
     160000 -26591.310883
     161000 -26588.759665
     162000 -26594.504525
     163000 -26588.811587
     164000 -26588.818091
     165000 -26590.044634
     166000 -26591.421897
     167000 -26588.706711
     168000 -26589.601492
     169000 -26588.750704
     170000 -26588.748781
     171000 -26589.278297
     172000 -26589.648635
     173000 -26588.704516
     174000 -26588.722830
     175000 -26588.702420
     176000 -26593.195491
     177000 -26588.890767
     178000 -26588.807128
     179000 -26588.834952
     180000 -26588.705280
     181000 -26588.702227
     182000 -26588.863558
     183000 -26589.030039
     184000 -26591.625528
     185000 -26592.423027
     186000 -26591.647490
     187000 -26588.701936
     188000 -26589.747768
     189000 -26588.704913
     190000 -26588.798020
     191000 -26589.504488
     192000 -26588.801000
     193000 -26589.881337
     194000 -26589.559648
     195000 -26590.553030
     196000 -26588.837455
     197000 -26589.955424
     198000 -26588.704828
     199000 -26589.187220
     200000 -26588.820209
     201000 -26588.749398
     202000 -26589.160034
     203000 -26588.702092
     204000 -26588.701937
     205000 -26589.274818
     206000 -26591.737889
     207000 -26588.719175
     208000 -26588.842790
     209000 -26588.785061
     210000 -26588.848157
     211000 -26588.711312
     212000 -26591.777142
     213000 -26588.703904
     214000 -26588.754305
     215000 -26589.193960
     216000 -26590.079103
     217000 -26589.227864
     218000 -26589.186512
     219000 -26589.452238
     220000 -26588.786757
     221000 -26588.819876
     222000 -26590.492555
     223000 -26588.727069
     224000 -26588.766870
     225000 -26588.776890
     226000 -26588.736123
     227000 -26588.701936
     228000 -26589.477388
     229000 -26588.847166
     230000 -26589.809109
     231000 -26588.873232
     232000 -26590.769985
     233000 -26588.955318
     234000 -26588.834421
     235000 -26590.042335
     236000 -26589.924928
     237000 -26589.375353
     238000 -26588.823122
     239000 -26589.134748
     240000 -26589.572800
     241000 -26591.806692
     242000 -26588.833810
     243000 -26590.335537
     244000 -26588.847046
     245000 -26588.717942
     246000 -26589.311951
     247000 -26589.152642
     248000 -26588.727590
     249000 -26589.185245
     250000 -26588.827741
     251000 -26590.001818
     252000 -26588.805781
     253000 -26589.692305
     254000 -26588.766182
     255000 -26588.749730
     256000 -26590.641984
     257000 -26588.907721
     258000 -26589.030314
     259000 -26588.830561
     260000 -26589.223102
     261000 -26589.429685
     262000 -26588.732208
     263000 -26591.581391
     264000 -26589.312204
     265000 -26588.818341
     266000 -26588.865111
     267000 -26588.780620
     268000 -26588.887890
     269000 -26588.736236
     270000 -26588.800911
     271000 -26588.809625
     272000 -26588.815771
     273000 -26589.413087
     274000 -26589.102214
     275000 -26588.709576
     276000 -26588.987385
     277000 -26588.776033
     278000 -26588.933163
     279000 -26588.740859
     280000 -26588.706332
     281000 -26588.727830
     282000 -26589.039664
     283000 -26589.327597
     284000 -26590.086185
     285000 -26588.812867
     286000 -26588.988508
     287000 -26588.703145
     288000 -26589.726273
     289000 -26590.199308
     290000 -26588.947027
     291000 -26589.132203
     292000 -26588.738119
     293000 -26589.316950
     294000 -26588.965731
     295000 -26590.589762
     296000 -26589.409247
     297000 -26590.879587
     298000 -26588.709535
     299000 -26588.713147
     300000 -26588.709015
     301000 -26589.582227
     302000 -26589.515046
     303000 -26589.332512
     304000 -26588.835332
     305000 -26588.744831
     306000 -26589.495376
     307000 -26589.136135
     308000 -26589.955713
     309000 -26588.735411
     310000 -26588.740214
     311000 -26588.744998
     312000 -26588.791305
     313000 -26588.707690
     314000 -26589.274520
     315000 -26588.928537
     316000 -26589.406035
     317000 -26590.024408
     318000 -26588.880999
     319000 -26590.534693
     320000 -26590.122682
     321000 -26589.679922
     322000 -26588.702031
     323000 -26591.488043
     324000 -26588.876010
     325000 -26588.782663
     326000 -26588.779724
     327000 -26589.082369
     328000 -26589.442637
     329000 -26589.495009
     330000 -26589.333631
     331000 -26588.868676
     332000 -26589.304833
     333000 -26591.427985
     334000 -26589.381957
     335000 -26591.171005
     336000 -26588.710997
     337000 -26591.522812
     338000 -26588.801275
     339000 -26589.238583
     340000 -26589.191346
     341000 -26589.489335
     342000 -26589.176919
     343000 -26588.921967
     344000 -26588.885737
     345000 -26588.728043
     346000 -26589.850158
     347000 -26588.820977
     348000 -26589.123480
     349000 -26588.799327
     350000 -26588.716202
     351000 -26589.087364
     352000 -26589.369858
     353000 -26589.076384
     354000 -26588.826798
     355000 -26588.916774
     356000 -26588.886370
     357000 -26590.723996
     358000 -26588.717752
     359000 -26589.562698
     360000 -26590.307246
     361000 -26588.953787
     362000 -26588.723611
     363000 -26589.111479
     364000 -26589.293956
     365000 -26591.270960
     366000 -26588.714230
     367000 -26588.916030
     368000 -26588.740520
     369000 -26588.708794
     370000 -26588.748191
     371000 -26588.809318
     372000 -26589.048469
     373000 -26588.913504
     374000 -26589.418960
     375000 -26589.047450
     376000 -26588.815762
     377000 -26588.762441
     378000 -26588.722420
     379000 -26588.708842
     380000 -26588.707798
     381000 -26589.605232
     382000 -26589.984673
     383000 -26588.792713
     384000 -26588.900321
     385000 -26588.735899
     386000 -26590.890710
     387000 -26588.779167
     388000 -26588.801337
     389000 -26589.194133
     390000 -26588.743937
     391000 -26590.141840
     392000 -26589.443061
     393000 -26588.706314
     394000 -26588.739413
     395000 -26588.731014
     396000 -26589.043242
     397000 -26588.701939
     398000 -26588.723288
     399000 -26588.776238
     400000 -26588.702658
     401000 -26589.010149
     402000 -26588.702698
     403000 -26588.747793
     404000 -26590.854353
     405000 -26588.800306
     406000 -26588.841105
     407000 -26588.711161
     408000 -26588.722103
     409000 -26588.773019
     410000 -26589.287377
     411000 -26591.216847
     412000 -26588.775437
     413000 -26588.739520
     414000 -26589.556895
     415000 -26588.732041
     416000 -26588.718346
     417000 -26588.943522
     418000 -26588.822820
     419000 -26588.957845
     420000 -26589.777526
     421000 -26590.484479
     422000 -26589.481189
     423000 -26588.918476
     424000 -26590.728320
     425000 -26588.987459
     426000 -26589.464433
     427000 -26588.766556
     428000 -26590.723994
     429000 -26589.125664
     430000 -26589.104923
     431000 -26588.821878
     432000 -26590.985409
     433000 -26588.949554
     434000 -26591.252707
     435000 -26588.712647
     436000 -26588.947617
     437000 -26588.749097
     438000 -26589.194623
     439000 -26588.704211
     440000 -26588.702753
     441000 -26588.721607
     442000 -26588.718499
     443000 -26588.701952
     444000 -26588.906137
     445000 -26588.725912
     446000 -26588.822825
     447000 -26588.769716
     448000 -26588.701926
     449000 -26591.924458
     450000 -26591.298623
     451000 -26589.012221
     452000 -26589.316380
     453000 -26589.853246
     454000 -26589.308943
     455000 -26588.760874
     456000 -26588.855186
     457000 -26589.822413
     458000 -26589.035393
     459000 -26588.707465
     460000 -26589.873621
     461000 -26591.626539
     462000 -26589.082734
     463000 -26589.710383
     464000 -26591.828195
     465000 -26589.185750
     466000 -26589.296321
     467000 -26588.739806
     468000 -26588.901906
     469000 -26588.749079
     470000 -26588.767723
     471000 -26588.710979
     472000 -26593.316302
     473000 -26589.165389
     474000 -26588.719716
     475000 -26588.800919
     476000 -26589.117754
     477000 -26591.268104
     478000 -26588.790303
     479000 -26588.795931
     480000 -26589.139874
     481000 -26589.968083
     482000 -26588.860284
     483000 -26593.085445
     484000 -26588.854830
     485000 -26590.270437
     486000 -26589.041138
     487000 -26588.729951
     488000 -26588.724420
     489000 -26588.704704
     490000 -26589.130409
     491000 -26589.491961
     492000 -26589.170599
     493000 -26594.731230
     494000 -26588.930566
     495000 -26588.768989
     496000 -26588.870773
     497000 -26588.710288
     498000 -26588.886735
     499000 -26589.098404
     500000 -26589.519625
     501000 -26588.860045
     502000 -26588.731249
     503000 -26588.960648
     504000 -26588.723867
     505000 -26590.014089
     506000 -26589.058473
     507000 -26592.110103
     508000 -26588.858658
     509000 -26588.702933
     510000 -26588.702176
     511000 -26588.705407
     512000 -26590.072703
     513000 -26589.365524
     514000 -26589.230010
     515000 -26589.601380
     516000 -26588.737591
     517000 -26588.705113
     518000 -26588.819813
     519000 -26589.171716
     520000 -26588.849072
     521000 -26588.712389
     522000 -26589.995949
     523000 -26588.704801
     524000 -26589.189579
     525000 -26588.741886
     526000 -26588.812418
     527000 -26588.745074
     528000 -26588.874307
     529000 -26588.992526
     530000 -26588.740131
     531000 -26591.305586
     532000 -26588.780831
     533000 -26590.072928
     534000 -26588.824851
     535000 -26588.748556
     536000 -26588.848964
     537000 -26588.748635
     538000 -26589.435602
     539000 -26589.186922
     540000 -26589.699315
     541000 -26588.932611
     542000 -26589.474041
     543000 -26588.705249
     544000 -26588.705048
     545000 -26589.266009
     546000 -26588.702196
     547000 -26588.824139
     548000 -26588.894243
     549000 -26588.810110
     550000 -26588.834880
     551000 -26588.741211
     552000 -26589.300279
     553000 -26588.882121
     554000 -26588.798881
     555000 -26589.800503
     556000 -26589.965580
     557000 -26588.719072
     558000 -26588.733225
     559000 -26591.619389
     560000 -26589.061453
     561000 -26588.746146
     562000 -26589.185644
     563000 -26589.748942
     564000 -26588.932080
     565000 -26588.708542
     566000 -26588.708795
     567000 -26589.164845
     568000 -26593.357696
     569000 -26589.308344
     570000 -26589.474946
     571000 -26588.725576
     572000 -26592.105447
     573000 -26588.706082
     574000 -26588.702095
     575000 -26588.713652
     576000 -26589.817562
     577000 -26588.800255
     578000 -26588.725905
     579000 -26589.370670
     580000 -26588.957354
     581000 -26589.483102
     582000 -26591.777280
     583000 -26588.820590
     584000 -26588.912596
     585000 -26589.986003
     586000 -26588.795874
     587000 -26589.182996
     588000 -26589.243767
     589000 -26590.470826
     590000 -26588.719650
     591000 -26588.702471
     592000 -26589.732419
     593000 -26589.072335
     594000 -26588.868532
     595000 -26588.704094
     596000 -26592.384645
     597000 -26588.730085
     598000 -26589.758185
     599000 -26588.702930
     600000 -26588.808815
     601000 -26590.159240
     602000 -26588.772965
     603000 -26588.791440
     604000 -26588.701968
     605000 -26588.711919
     606000 -26588.893110
     607000 -26589.407937
     608000 -26588.701927
     609000 -26589.973250
     610000 -26588.756507
     611000 -26589.104439
     612000 -26589.093259
     613000 -26588.830282
     614000 -26588.779216
     615000 -26590.681183
     616000 -26588.778698
     617000 -26594.669804
     618000 -26588.705210
     619000 -26588.906448
     620000 -26589.482764
     621000 -26588.725300
     622000 -26588.828965
     623000 -26588.879505
     624000 -26589.096311
     625000 -26588.861021
     626000 -26588.845560
     627000 -26590.077130
     628000 -26588.804945
     629000 -26591.584407
     630000 -26588.715286
     631000 -26591.302246
     632000 -26588.717215
     633000 -26588.729497
     634000 -26589.191841
     635000 -26589.011174
     636000 -26588.703144
     637000 -26589.317644
     638000 -26589.038611
     639000 -26589.040404
     640000 -26588.763507
     641000 -26588.935152
     642000 -26588.866264
     643000 -26588.741700
     644000 -26588.792703
     645000 -26589.705117
     646000 -26588.962981
     647000 -26589.634941
     648000 -26589.488949
     649000 -26588.812404
     650000 -26588.790327
     651000 -26589.748401
     652000 -26588.857117
     653000 -26590.480090
     654000 -26588.806478
     655000 -26588.702848
     656000 -26592.375403
     657000 -26589.653049
     658000 -26588.749750
     659000 -26589.076846
     660000 -26588.898845
     661000 -26588.791114
     662000 -26588.868761
     663000 -26588.706565
     664000 -26589.325676
     665000 -26588.920512
     666000 -26588.702622
     667000 -26588.717539
     668000 -26588.893072
     669000 -26588.713024
     670000 -26589.006064
     671000 -26588.729557
     672000 -26588.732792
     673000 -26589.190399
     674000 -26592.610541
     675000 -26588.788766
     676000 -26589.727839
     677000 -26590.303343
     678000 -26589.912691
     679000 -26589.501267
     680000 -26588.703019
     681000 -26588.840074
     682000 -26588.806168
     683000 -26588.862763
     684000 -26588.757689
     685000 -26591.570953
     686000 -26592.105917
     687000 -26588.953675
     688000 -26590.554213
     689000 -26588.709255
     690000 -26589.278250
     691000 -26588.707742
     692000 -26589.486826
     693000 -26588.766057
     694000 -26588.713865
     695000 -26590.801205
     696000 -26588.740983
     697000 -26589.366313
     698000 -26588.725626
     699000 -26591.271740
     700000 -26588.753056
     701000 -26589.088677
     702000 -26590.165640
     703000 -26588.912754
     704000 -26589.133262
     705000 -26588.716656
     706000 -26589.172339
     707000 -26588.823657
     708000 -26588.843821
     709000 -26588.871468
     710000 -26588.800477
     711000 -26588.974964
     712000 -26588.964103
     713000 -26588.761934
     714000 -26589.515938
     715000 -26588.727650
     716000 -26589.959588
     717000 -26588.804964
     718000 -26589.437700
     719000 -26589.380743
     720000 -26589.127867
     721000 -26589.700009
     722000 -26588.803951
     723000 -26588.796088
     724000 -26588.883732
     725000 -26588.720420
     726000 -26590.324887
     727000 -26588.706668
     728000 -26591.475688
     729000 -26589.283900
     730000 -26589.079743
     731000 -26589.435870
     732000 -26589.552833
     733000 -26588.755896
     734000 -26589.133492
     735000 -26590.361428
     736000 -26589.143450
     737000 -26588.871609
     738000 -26589.046857
     739000 -26588.844084
     740000 -26588.779408
     741000 -26588.869172
     742000 -26590.548584
     743000 -26588.726402
     744000 -26589.839964
     745000 -26589.061139
     746000 -26588.787370
     747000 -26588.933128
     748000 -26589.292225
     749000 -26588.977568
     750000 -26589.480808
     751000 -26589.478188
     752000 -26588.917119
     753000 -26588.708284
     754000 -26588.824446
     755000 -26590.848203
     756000 -26588.751010
     757000 -26589.254863
     758000 -26589.059212
     759000 -26589.149313
     760000 -26588.727294
     761000 -26588.789990
     762000 -26588.775482
     763000 -26590.329403
     764000 -26588.702023
     765000 -26589.154154
     766000 -26588.704734
     767000 -26591.247691
     768000 -26588.875432
     769000 -26589.635883
     770000 -26589.012370
     771000 -26588.866615
     772000 -26588.855464
     773000 -26589.017532
     774000 -26589.152134
     775000 -26588.836795
     776000 -26589.203569
     777000 -26588.713913
     778000 -26588.742473
     779000 -26591.030634
     780000 -26588.801321
     781000 -26588.723158
     782000 -26589.606021
     783000 -26589.656316
     784000 -26588.776336
     785000 -26588.763384
     786000 -26588.995632
     787000 -26588.752401
     788000 -26588.860030
     789000 -26588.703195
     790000 -26588.932236
     791000 -26588.868687
     792000 -26588.703565
     793000 -26588.791863
     794000 -26589.432179
     795000 -26588.716969
     796000 -26590.432531
     797000 -26588.854124
     798000 -26588.750015
     799000 -26591.245923
     800000 -26589.918296
     801000 -26588.867201
     802000 -26588.993496
     803000 -26589.164075
     804000 -26588.706092
     805000 -26588.871245
     806000 -26589.927559
     807000 -26589.799946
     808000 -26588.716829
     809000 -26588.750597
     810000 -26589.285312
     811000 -26588.864017
     812000 -26589.305641
     813000 -26588.731250
     814000 -26588.957613
     815000 -26588.728024
     816000 -26589.063392
     817000 -26589.685595
     818000 -26588.805869
     819000 -26588.844860
     820000 -26588.727513
     821000 -26588.740984
     822000 -26590.499304
     823000 -26588.862422
     824000 -26588.846914
     825000 -26588.798203
     826000 -26588.725849
     827000 -26588.782334
     828000 -26588.870307
     829000 -26588.741224
     830000 -26592.757736
     831000 -26588.928923
     832000 -26588.704408
     833000 -26591.327556
     834000 -26588.807437
     835000 -26589.404648
     836000 -26589.053049
     837000 -26589.304660
     838000 -26589.767809
     839000 -26588.776980
     840000 -26588.839775
     841000 -26589.646338
     842000 -26588.840573
     843000 -26588.944363
     844000 -26588.705770
     845000 -26589.217741
     846000 -26588.709636
     847000 -26588.706503
     848000 -26588.862913
     849000 -26589.165079
     850000 -26590.701581
     851000 -26589.427871
     852000 -26591.244445
     853000 -26588.886420
     854000 -26589.607676
     855000 -26588.703739
     856000 -26590.428596
     857000 -26588.727783
     858000 -26588.746865
     859000 -26588.705165
     860000 -26589.696033
     861000 -26588.887736
     862000 -26589.890204
     863000 -26588.878156
     864000 -26591.899833
     865000 -26588.911278
     866000 -26588.994277
     867000 -26588.706370
     868000 -26591.493277
     869000 -26588.827123
     870000 -26589.408561
     871000 -26588.735627
     872000 -26589.990323
     873000 -26588.703804
     874000 -26588.863938
     875000 -26589.122337
     876000 -26588.703005
     877000 -26588.769154
     878000 -26588.937476
     879000 -26589.289192
     880000 -26589.838235
     881000 -26588.842200
     882000 -26588.797974
     883000 -26588.982856
     884000 -26589.315373
     885000 -26588.884113
     886000 -26590.500528
     887000 -26588.748519
     888000 -26589.275205
     889000 -26589.374311
     890000 -26589.470830
     891000 -26588.834862
     892000 -26590.407094
     893000 -26588.761996
     894000 -26588.730792
     895000 -26588.703056
     896000 -26588.821011
     897000 -26588.878315
     898000 -26589.069696
     899000 -26590.476667
     900000 -26588.703051
     901000 -26588.743498
     902000 -26589.298070
     903000 -26588.702527
     904000 -26590.627396
     905000 -26588.715704
     906000 -26588.789180
     907000 -26591.668586
     908000 -26588.702068
     909000 -26588.714144
     910000 -26588.810858
     911000 -26589.233485
     912000 -26589.782364
     913000 -26590.498155
     914000 -26588.739740
     915000 -26590.151280
     916000 -26589.092737
     917000 -26589.458721
     918000 -26588.778161
     919000 -26589.575767
     920000 -26588.705661
     921000 -26588.701953
     922000 -26588.707717
     923000 -26589.621436
     924000 -26588.765452
     925000 -26589.994171
     926000 -26590.824812
     927000 -26588.803798
     928000 -26588.823313
     929000 -26588.703239
     930000 -26589.602277
     931000 -26588.885003
     932000 -26591.135185
     933000 -26589.286169
     934000 -26588.800623
     935000 -26589.043075
     936000 -26593.263878
     937000 -26588.779294
     938000 -26589.239987
     939000 -26588.716995
     940000 -26588.782294
     941000 -26589.550459
     942000 -26588.765086
     943000 -26588.748454
     944000 -26589.067925
     945000 -26589.013112
     946000 -26588.723716
     947000 -26588.830454
     948000 -26588.993071
     949000 -26588.950995
     950000 -26588.715762
     951000 -26588.960600
     952000 -26588.730978
     953000 -26589.068861
     954000 -26588.855630
     955000 -26588.783155
     956000 -26588.754059
     957000 -26590.390611
     958000 -26588.963249
     959000 -26588.783032
     960000 -26588.713683
     961000 -26589.496614
     962000 -26588.718624
     963000 -26589.847827
     964000 -26588.706464
     965000 -26588.721419
     966000 -26588.913477
     967000 -26589.008366
     968000 -26588.726483
     969000 -26588.826698
     970000 -26591.615422
     971000 -26589.733236
     972000 -26588.814783
     973000 -26589.726557
     974000 -26588.703778
     975000 -26588.864154
     976000 -26588.701961
     977000 -26588.921819
     978000 -26589.148320
     979000 -26591.639195
     980000 -26591.597747
     981000 -26590.170104
     982000 -26588.794479
     983000 -26589.026738
     984000 -26589.633128
     985000 -26589.771327
     986000 -26588.809486
     987000 -26588.748726
     988000 -26588.721929
     989000 -26588.743356
     990000 -26588.705971
     991000 -26589.132442
     992000 -26588.978909
     993000 -26589.083412
     994000 -26589.367949
     995000 -26589.223983
     996000 -26591.364078
     997000 -26589.236013
     998000 -26588.702138
     999000 -26589.236002
    1000000 -26588.737314
