       1000 -835.181613
       2000 -830.352390
       3000 -832.452382
       4000 -832.162078
       5000 -830.399565
       6000 -830.349397
       7000 -837.937111
       8000 -830.981634
       9000 -830.618704
      10000 -832.670933
      11000 -830.576655
      12000 -830.513924
      13000 -830.771767
      14000 -830.636773
      15000 -835.368817
      16000 -830.465666
      17000 -835.728245
      18000 -833.183253
      19000 -831.108456
      20000 -832.494201
      21000 -830.481849
      22000 -831.198526
      23000 -830.337822
      24000 -832.444455
      25000 -833.728329
      26000 -833.090201
      27000 -830.344546
      28000 -830.715907
      29000 -830.399151
      30000 -830.382941
      31000 -831.232067
      32000 -830.551091
      33000 -833.825058
      34000 -832.991932
      35000 -830.416042
      36000 -830.981208
      37000 -830.336603
      38000 -831.282586
      39000 -831.118202
      40000 -830.400196
      41000 -830.337724
      42000 -838.469500
      43000 -830.368196
      44000 -832.528869
      45000 -835.590988
      46000 -830.919506
      47000 -830.870156
      48000 -832.949053
      49000 -831.401139
      50000 -831.730113
      51000 -833.425080
      52000 -835.934583
      53000 -830.632655
      54000 -838.341818
      55000 -830.591796
      56000 -830.598504
      57000 -833.076474
      58000 -830.486682
      59000 -835.641228
      60000 -830.406886
      61000 -835.616846
      62000 -830.613377
      63000 -830.483700
      64000 -834.925889
      65000 -833.434531
      66000 -838.032109
      67000 -830.398907
      68000 -830.435774
      69000 -830.362757
      70000 -835.514620
      71000 -832.546188
      72000 -832.553960
      73000 -835.178989
      74000 -830.377712
      75000 -831.366906
      76000 -830.412666
      77000 -835.498795
      78000 -830.564379
      79000 -832.517872
      80000 -833.272339
      81000 -830.848725
      82000 -832.449865
      83000 -832.448996
      84000 -830.883106
      85000 -831.553670
      86000 -832.559837
      87000 -830.707132
      88000 -830.337272
      89000 -833.049683
      90000 -830.545158
      91000 -830.672264
      92000 -830.420511
      93000 -830.679490
      94000 -830.611515
      95000 -833.016910
      96000 -832.081762
      97000 -835.600150
      98000 -830.342786
      99000 -830.932721
     100000 -835.781160
     101000 -830.345684
     102000 -835.294957
     103000 -830.660303
     104000 -840.641809
     105000 -835.522462
     106000 -830.520291
     107000 -835.370475
     108000 -832.537783
     109000 -833.373827
     110000 -830.340199
     111000 -830.442048
     112000 -830.451049
     113000 -830.982725
     114000 -835.865479
     115000 -831.023044
     116000 -832.442747
     117000 -832.638971
     118000 -835.315836
     119000 -837.307179
     120000 -831.894526
     121000 -836.864475
     122000 -830.437856
     123000 -831.010237
     124000 -832.574919
     125000 -835.191487
     126000 -830.492488
     127000 -838.267770
     128000 -835.950096
     129000 -832.516487
     130000 -830.636834
     131000 -830.554090
     132000 -831.220283
     133000 -830.408474
     134000 -830.743058
     135000 -835.392575
     136000 -830.353292
     137000 -832.025185
     138000 -830.341549
     139000 -836.289773
     140000 -833.150266
     141000 -830.428669
     142000 -830.692426
     143000 -835.604764
     144000 -830.337907
     145000 -832.490942
     146000 -832.622913
     147000 -832.478753
     148000 -830.337921
     149000 -830.433061
     150000 -837.487386
     151000 -840.820592
     152000 -835.587725
     153000 -830.794453
     154000 -837.920752
     155000 -830.594234
     156000 -831.118327
     157000 -830.408940
     158000 -830.435383
     159000 -830.715525
     160000 -830.439807
     161000 -830.906124
     162000 -830.340221
     163000 -835.797650
     164000 -830.379832
     165000 -830.996657
     166000 -835.623921
     167000 -830.766165
     168000 -835.715996
     169000 -830.423514
     170000 -835.790925
     171000 -832.542832
     172000 -830.459777
     173000 -830.686631
     174000 -830.509308
     175000 -830.459369
     176000 -830.361733
     177000 -832.888727
     178000 -830.360126
     179000 -838.702105
     180000 -831.486420
     181000 -832.810627
     182000 -832.623029
     183000 -830.336151
     184000 -835.235445
     185000 -831.528642
     186000 -835.596830
     187000 -838.001634
     188000 -834.111323
     189000 -831.181904
     190000 -830.364721
     191000 -830.482335
     192000 -830.820832
     193000 -830.568287
     194000 -830.468112
     195000 -832.437799
     196000 -831.583375
     197000 -830.993615
     198000 -832.446436
     199000 -830.341057
     200000 -830.445841
     201000 -832.498733
     202000 -830.803795
     203000 -831.137918
     204000 -830.583394
     205000 -833.056720
     206000 -831.293959
     207000 -832.950898
     208000 -832.463345
     209000 -830.950504
     210000 -832.336488
     211000 -830.695422
     212000 -830.552423
     213000 -830.336161
     214000 -830.338823
     215000 -832.740989
     216000 -840.738424
     217000 -830.445222
     218000 -830.380428
     219000 -836.068446
     220000 -830.401414
     221000 -830.362174
     222000 -830.458190
     223000 -832.537585
     224000 -835.221336
     225000 -830.381752
     226000 -833.000239
     227000 -835.625528
     228000 -832.495774
     229000 -832.586565
     230000 -832.490717
     231000 -831.419936
     232000 -830.338379
     233000 -832.826465
     234000 -830.339721
     235000 -831.520626
     236000 -830.354569
     237000 -830.599273
     238000 -838.359999
     239000 -830.972697
     240000 -835.536819
     241000 -832.536227
     242000 -831.718238
     243000 -832.457106
     244000 -830.789721
     245000 -832.043456
     246000 -830.423624
     247000 -835.603027
     248000 -830.337819
     249000 -833.051460
     250000 -830.468491
     251000 -830.717161
     252000 -830.511517
     253000 -832.472232
     254000 -830.963961
     255000 -830.371189
     256000 -832.587713
     257000 -830.621912
     258000 -833.038095
     259000 -830.767054
     260000 -837.176728
     261000 -837.342248
     262000 -831.694995
     263000 -835.645210
     264000 -836.707040
     265000 -830.530394
     266000 -831.364063
     267000 -830.639752
     268000 -832.953341
     269000 -830.595881
     270000 -830.355449
     271000 -832.443363
     272000 -836.029961
     273000 -831.486590
     274000 -832.141454
     275000 -836.887137
     276000 -830.789091
     277000 -831.434357
     278000 -831.179820
     279000 -835.161775
     280000 -830.602191
     281000 -830.345951
     282000 -835.156972
     283000 -830.857981
     284000 -830.345710
     285000 -831.484800
     286000 -835.642726
     287000 -836.202730
     288000 -832.648986
     289000 -830.402987
     290000 -830.448789
     291000 -837.657984
     292000 -833.270085
     293000 -833.528483
     294000 -830.353375
     295000 -836.325740
     296000 -830.346784
     297000 -830.506383
     298000 -835.827290
     299000 -832.991935
     300000 -830.343389
     301000 -830.345880
     302000 -831.183158
     303000 -832.662712
     304000 -830.803079
     305000 -832.444416
     306000 -836.068177
     307000 -830.371320
     308000 -833.222971
     309000 -832.950471
     310000 -833.204393
     311000 -830.571905
     312000 -831.180882
     313000 -830.440913
     314000 -830.784941
     315000 -832.397606
     316000 -838.329051
     317000 -831.695571
     318000 -830.348648
     319000 -830.649960
     320000 -837.802982
     321000 -835.284816
     322000 -840.391600
     323000 -833.198379
     324000 -831.147458
     325000 -831.787698
     326000 -835.595435
     327000 -830.480070
     328000 -830.958540
     329000 -830.439558
     330000 -833.602673
     331000 -830.927680
     332000 -830.389466
     333000 -830.710474
     334000 -830.344012
     335000 -833.236170
     336000 -832.252736
     337000 -831.109693
     338000 -835.773106
     339000 -830.406906
     340000 -835.153512
     341000 -832.314977
     342000 -830.645857
     343000 -830.645252
     344000 -833.087945
     345000 -832.451924
     346000 -836.032397
     347000 -830.642340
     348000 -832.448889
     349000 -832.545129
     350000 -830.792616
     351000 -832.991834
     352000 -830.339741
     353000 -831.076650
     354000 -830.649992
     355000 -831.234871
     356000 -830.429945
     357000 -835.595627
     358000 -833.143226
     359000 -838.157973
     360000 -830.956540
     361000 -830.341205
     362000 -830.482238
     363000 -830.346606
     364000 -830.338390
     365000 -835.923715
     366000 -831.590820
     367000 -835.600167
     368000 -830.464105
     369000 -830.844951
     370000 -830.342904
     371000 -836.884396
     372000 -835.297756
     373000 -835.368176
     374000 -832.443699
     375000 -830.341748
     376000 -832.504860
     377000 -832.519393
     378000 -830.909949
     379000 -830.848582
     380000 -830.343993
     381000 -830.348351
     382000 -832.496287
     383000 -832.450707
     384000 -832.845588
     385000 -830.374928
     386000 -830.800624
     387000 -832.785559
     388000 -833.202542
     389000 -830.947763
     390000 -830.418549
     391000 -831.524374
     392000 -832.963120
     393000 -830.337341
     394000 -830.414415
     395000 -830.436637
     396000 -834.030744
     397000 -833.402099
     398000 -835.510961
     399000 -840.726494
     400000 -830.374962
     401000 -830.710257
     402000 -832.617889
     403000 -835.876049
     404000 -830.337405
     405000 -830.761445
     406000 -835.891745
     407000 -830.657151
     408000 -830.572352
     409000 -832.664170
     410000 -837.905577
     411000 -832.461278
     412000 -837.492676
     413000 -830.513731
     414000 -830.882466
     415000 -830.351898
     416000 -833.432079
     417000 -832.442883
     418000 -835.753119
     419000 -833.310591
     420000 -830.514868
     421000 -835.053472
     422000 -830.454015
     423000 -830.349622
     424000 -831.285327
     425000 -830.900411
     426000 -830.434408
     427000 -838.424337
     428000 -835.943126
     429000 -832.698161
     430000 -830.543783
     431000 -830.634228
     432000 -837.859929
     433000 -830.511760
     434000 -830.473973
     435000 -831.256529
     436000 -830.382899
     437000 -832.429876
     438000 -835.239975
     439000 -835.897932
     440000 -830.535602
     441000 -833.640023
     442000 -835.573643
     443000 -835.905781
     444000 -830.362790
     445000 -834.190278
     446000 -833.074250
     447000 -831.078337
     448000 -830.359298
     449000 -830.636232
     450000 -833.286471
     451000 -830.340980
     452000 -835.152132
     453000 -830.736770
     454000 -830.422927
     455000 -830.390700
     456000 -830.340737
     457000 -834.253151
     458000 -830.405173
     459000 -830.690894
     460000 -830.780283
     461000 -835.241824
     462000 -835.667203
     463000 -830.353425
     464000 -831.376292
     465000 -830.426393
     466000 -830.373239
     467000 -832.470204
     468000 -831.496501
     469000 -830.706804
     470000 -835.595609
     471000 -835.161755
     472000 -830.780421
     473000 -838.017005
     474000 -830.338499
     475000 -831.255962
     476000 -830.361841
     477000 -835.325065
     478000 -836.106518
     479000 -830.815229
     480000 -830.357121
     481000 -830.381189
     482000 -830.842138
     483000 -833.073330
     484000 -836.250924
     485000 -830.534834
     486000 -830.401003
     487000 -830.453091
     488000 -833.767175
     489000 -831.089333
     490000 -846.707317
     491000 -832.606294
     492000 -831.212521
     493000 -831.209635
     494000 -834.731619
     495000 -833.820832
     496000 -832.556283
     497000 -832.714907
     498000 -830.435975
     499000 -832.227894
     500000 -830.336184
     501000 -830.556330
     502000 -832.902147
     503000 -830.402785
     504000 -832.051423
     505000 -831.328124
     506000 -830.637934
     507000 -838.128642
     508000 -835.988377
     509000 -830.492479
     510000 -830.927434
     511000 -830.373275
     512000 -837.396269
     513000 -830.342855
     514000 -836.129013
     515000 -830.739298
     516000 -830.357478
     517000 -838.437601
     518000 -832.607730
     519000 -835.602587
     520000 -835.501518
     521000 -832.264426
     522000 -831.050773
     523000 -835.402115
     524000 -835.323164
     525000 -830.344971
     526000 -833.029252
     527000 -835.283868
     528000 -835.163407
     529000 -838.824070
     530000 -831.455193
     531000 -830.404610
     532000 -830.550932
     533000 -832.484787
     534000 -830.367667
     535000 -831.303670
     536000 -831.599096
     537000 -835.721145
     538000 -835.431495
     539000 -830.921458
     540000 -830.485687
     541000 -835.459119
     542000 -834.125777
     543000 -830.434011
     544000 -833.794765
     545000 -835.203405
     546000 -831.589326
     547000 -835.597174
     548000 -832.468279
     549000 -832.816481
     550000 -830.354260
     551000 -832.785046
     552000 -833.443225
     553000 -830.336720
     554000 -830.566930
     555000 -832.493030
     556000 -830.713386
     557000 -832.509857
     558000 -830.883369
     559000 -835.433387
     560000 -830.485940
     561000 -833.653080
     562000 -832.629157
     563000 -830.586065
     564000 -830.510890
     565000 -830.625238
     566000 -830.435461
     567000 -832.698702
     568000 -835.681985
     569000 -830.613193
     570000 -835.347496
     571000 -831.180134
     572000 -833.206475
     573000 -830.403852
     574000 -830.409885
     575000 -830.440219
     576000 -832.443977
     577000 -835.920806
     578000 -832.032770
     579000 -830.443312
     580000 -830.571147
     581000 -830.354704
     582000 -833.005795
     583000 -831.054433
     584000 -830.894315
     585000 -830.662165
     586000 -835.722776
     587000 -830.337089
     588000 -830.472673
     589000 -832.782743
     590000 -830.560321
     591000 -830.650996
     592000 -830.345463
     593000 -831.677290
     594000 -832.462812
     595000 -830.417753
     596000 -830.344281
     597000 -830.580102
     598000 -830.418908
     599000 -830.651135
     600000 -833.171706
     601000 -834.027178
     602000 -835.149685
     603000 -835.549662
     604000 -830.873428
     605000 -830.539688
     606000 -831.319414
     607000 -830.356102
     608000 -830.902133
     609000 -830.405493
     610000 -831.229152
     611000 -835.316546
     612000 -833.672873
     613000 -844.005946
     614000 -833.127554
     615000 -831.247917
     616000 -830.609675
     617000 -830.836386
     618000 -830.384107
     619000 -834.344299
     620000 -830.998590
     621000 -832.759157
     622000 -830.347600
     623000 -830.456147
     624000 -830.694357
     625000 -832.267874
     626000 -833.315706
     627000 -830.667324
     628000 -831.046199
     629000 -835.620799
     630000 -830.348796
     631000 -832.530005
     632000 -834.255204
     633000 -830.341267
     634000 -830.366604
     635000 -835.609862
     636000 -832.344289
     637000 -830.384679
     638000 -830.893409
     639000 -830.356399
     640000 -830.492712
     641000 -835.661230
     642000 -830.336149
     643000 -830.774253
     644000 -831.513357
     645000 -830.652664
     646000 -831.632338
     647000 -830.348015
     648000 -830.373086
     649000 -830.429010
     650000 -835.161167
     651000 -834.425122
     652000 -832.455128
     653000 -830.393031
     654000 -830.768471
     655000 -830.926371
     656000 -830.344889
     657000 -831.778930
     658000 -832.733218
     659000 -831.032448
     660000 -834.267600
     661000 -831.055701
     662000 -836.632585
     663000 -830.400817
     664000 -833.126945
     665000 -830.346328
     666000 -831.699449
     667000 -835.861951
     668000 -830.337575
     669000 -832.207180
     670000 -830.408690
     671000 -830.811304
     672000 -835.573973
     673000 -835.441993
     674000 -835.256415
     675000 -832.910493
     676000 -835.602364
     677000 -830.958684
     678000 -830.395634
     679000 -835.275716
     680000 -830.928259
     681000 -830.346460
     682000 -834.236132
     683000 -830.733950
     684000 -830.795183
     685000 -835.241580
     686000 -831.093274
     687000 -831.116647
     688000 -831.608994
     689000 -835.677057
     690000 -833.571220
     691000 -831.755949
     692000 -830.574088
     693000 -830.338232
     694000 -830.461242
     695000 -836.054610
     696000 -835.161557
     697000 -830.393976
     698000 -830.411577
     699000 -830.789823
     700000 -832.498732
     701000 -831.357124
     702000 -835.596554
     703000 -830.394998
     704000 -832.604239
     705000 -830.980996
     706000 -830.743680
     707000 -837.013730
     708000 -831.628250
     709000 -830.347732
     710000 -830.727581
     711000 -830.354600
     712000 -832.051731
     713000 -835.477668
     714000 -830.653166
     715000 -832.462463
     716000 -832.445443
     717000 -830.640518
     718000 -831.046679
     719000 -830.339620
     720000 -830.337632
     721000 -830.726266
     722000 -833.131983
     723000 -835.934914
     724000 -833.854359
     725000 -830.864768
     726000 -832.811007
     727000 -831.029555
     728000 -830.356111
     729000 -830.337405
     730000 -830.338822
     731000 -836.046764
     732000 -835.595878
     733000 -831.272285
     734000 -832.448291
     735000 -830.772018
     736000 -830.684742
     737000 -835.355220
     738000 -830.743914
     739000 -831.279866
     740000 -830.896554
     741000 -830.337842
     742000 -831.036070
     743000 -835.879877
     744000 -832.097464
     745000 -835.679098
     746000 -833.448288
     747000 -838.164005
     748000 -830.398374
     749000 -830.538411
     750000 -830.839698
     751000 -830.475171
     752000 -830.707218
     753000 -830.338733
     754000 -835.159282
     755000 -832.444243
     756000 -830.594045
     757000 -832.466998
     758000 -830.580844
     759000 -832.673161
     760000 -830.620888
     761000 -830.407980
     762000 -833.099566
     763000 -831.151765
     764000 -830.376154
     765000 -830.551278
     766000 -830.877364
     767000 -830.372927
     768000 -833.962805
     769000 -833.043175
     770000 -831.790305
     771000 -843.596810
     772000 -830.336245
     773000 -831.668392
     774000 -831.046762
     775000 -832.663992
     776000 -830.600926
     777000 -837.586866
     778000 -835.598983
     779000 -830.995573
     780000 -833.004445
     781000 -835.396230
     782000 -835.176909
     783000 -832.557072
     784000 -832.798588
     785000 -845.729329
     786000 -830.356625
     787000 -835.208613
     788000 -831.540865
     789000 -830.587466
     790000 -830.357650
     791000 -830.407276
     792000 -830.588505
     793000 -830.439387
     794000 -831.046899
     795000 -838.028709
     796000 -830.809643
     797000 -830.481919
     798000 -830.384913
     799000 -835.595227
     800000 -830.349778
     801000 -833.356302
     802000 -832.797892
     803000 -830.387429
     804000 -830.457624
     805000 -836.318616
     806000 -835.625343
     807000 -832.167541
     808000 -835.024047
     809000 -831.839663
     810000 -830.528215
     811000 -831.303790
     812000 -830.624216
     813000 -833.830561
     814000 -830.764795
     815000 -836.892684
     816000 -832.672695
     817000 -830.515096
     818000 -835.226080
     819000 -830.426485
     820000 -836.014502
     821000 -830.457378
     822000 -835.874239
     823000 -830.447777
     824000 -830.522735
     825000 -833.013472
     826000 -835.810688
     827000 -830.346525
     828000 -830.336150
     829000 -831.609230
     830000 -832.207984
     831000 -831.444098
     832000 -830.531311
     833000 -836.263106
     834000 -830.340415
     835000 -832.554446
     836000 -831.749712
     837000 -833.655165
     838000 -830.336905
     839000 -839.270266
     840000 -832.843111
     841000 -830.806924
     842000 -830.341294
     843000 -832.629853
     844000 -830.930381
     845000 -830.737758
     846000 -830.765193
     847000 -837.022878
     848000 -830.340184
     849000 -830.491262
     850000 -830.472795
     851000 -831.607601
     852000 -830.355606
     853000 -830.565584
     854000 -830.641579
     855000 -835.644038
     856000 -830.365124
     857000 -831.450363
     858000 -830.473066
     859000 -837.207680
     860000 -830.353651
     861000 -835.232935
     862000 -832.532398
     863000 -830.768002
     864000 -832.460041
     865000 -834.665097
     866000 -831.247867
     867000 -830.349403
     868000 -830.415881
     869000 -830.417842
     870000 -831.720246
     871000 -831.015530
     872000 -832.139354
     873000 -833.002138
     874000 -830.709200
     875000 -832.464953
     876000 -830.755385
     877000 -832.672092
     878000 -830.624807
     879000 -830.357816
     880000 -830.801188
     881000 -835.369054
     882000 -834.185444
     883000 -830.452855
     884000 -830.427905
     885000 -830.630170
     886000 -831.693266
     887000 -832.450961
     888000 -830.338254
     889000 -838.052986
     890000 -830.344263
     891000 -834.253162
     892000 -830.338463
     893000 -835.814105
     894000 -830.395432
     895000 -830.621651
     896000 -834.250157
     897000 -832.772772
     898000 -835.152073
     899000 -830.481798
     900000 -832.489311
     901000 -830.964387
     902000 -831.003641
     903000 -830.737739
     904000 -831.507086
     905000 -830.468876
     906000 -832.579590
     907000 -830.397919
     908000 -830.364598
     909000 -830.394559
     910000 -830.347559
     911000 -830.466771
     912000 -835.516936
     913000 -831.112244
     914000 -837.239407
     915000 -833.075251
     916000 -830.844100
     917000 -830.341243
     918000 -830.665569
     919000 -834.093984
     920000 -832.462115
     921000 -830.337186
     922000 -833.710961
     923000 -830.346637
     924000 -831.220126
     925000 -833.504692
     926000 -831.398641
     927000 -830.519359
     928000 -830.699526
     929000 -838.147621
     930000 -830.339051
     931000 -831.547067
     932000 -830.689208
     933000 -830.370877
     934000 -830.607574
     935000 -832.534839
     936000 -831.156487
     937000 -835.155806
     938000 -830.472541
     939000 -830.420645
     940000 -831.265692
     941000 -830.525720
     942000 -830.743683
     943000 -831.773186
     944000 -830.437815
     945000 -830.429544
     946000 -830.356523
     947000 -830.337314
     948000 -830.710250
     949000 -835.330589
     950000 -835.875425
     951000 -831.171492
     952000 -833.238715
     953000 -830.447039
     954000 -830.967927
     955000 -831.139761
     956000 -832.100589
     957000 -830.450216
     958000 -830.341416
     959000 -835.511890
     960000 -831.819666
     961000 -832.475641
     962000 -830.349363
     963000 -832.992928
     964000 -830.468104
     965000 -831.221823
     966000 -831.749129
     967000 -832.577854
     968000 -837.576021
     969000 -832.268597
     970000 -832.478835
     971000 -840.818171
     972000 -831.048249
     973000 -830.340768
     974000 -830.975788
     975000 -830.342616
     976000 -835.878775
     977000 -830.427981
     978000 -835.454486
     979000 -830.362029
     980000 -831.335808
     981000 -836.617619
     982000 -832.212220
     983000 -838.416336
     984000 -831.648631
     985000 -835.612076
     986000 -830.556545
     987000 -832.516621
     988000 -835.732820
     989000 -835.161868
     990000 -830.523749
     991000 -830.968181
     992000 -830.616718
     993000 -830.499633
     994000 -830.463882
     995000 -831.261529
     996000 -830.432384
     997000 -830.789673
     998000 -831.181855
     999000 -830.567253
    1000000 -830.385473
    1001000 -833.169935
    1002000 -836.837279
    1003000 -831.098964
    1004000 -830.398122
    1005000 -830.651731
    1006000 -830.599059
    1007000 -833.019070
    1008000 -832.553630
    1009000 -830.519062
    1010000 -830.884734
    1011000 -832.506010
    1012000 -840.514627
    1013000 -830.886869
    1014000 -836.148255
    1015000 -832.942381
    1016000 -838.108340
    1017000 -832.519288
    1018000 -830.641439
    1019000 -830.377321
    1020000 -831.026143
    1021000 -830.338949
    1022000 -830.485817
    1023000 -843.310054
    1024000 -832.963629
    1025000 -830.807425
    1026000 -832.828833
    1027000 -830.336921
    1028000 -835.526847
    1029000 -830.362712
    1030000 -830.356290
    1031000 -836.045764
    1032000 -830.340845
    1033000 -832.482109
    1034000 -835.305706
    1035000 -830.395793
    1036000 -831.622142
    1037000 -832.529763
    1038000 -833.205407
    1039000 -832.286062
    1040000 -832.185202
    1041000 -839.903271
    1042000 -832.470843
    1043000 -830.923205
    1044000 -830.803288
    1045000 -830.424598
    1046000 -832.945928
    1047000 -830.903845
    1048000 -833.188544
    1049000 -835.423975
    1050000 -830.388201
    1051000 -835.601914
    1052000 -830.336260
    1053000 -830.343036
    1054000 -830.422862
    1055000 -830.835746
    1056000 -831.097399
    1057000 -830.376383
    1058000 -830.485627
    1059000 -830.336567
    1060000 -831.027194
    1061000 -831.061906
    1062000 -835.654653
    1063000 -832.525535
    1064000 -830.536421
    1065000 -832.457884
    1066000 -832.933291
    1067000 -832.426478
    1068000 -830.352651
    1069000 -831.874535
    1070000 -836.437387
    1071000 -830.368696
    1072000 -832.015624
    1073000 -830.358962
    1074000 -835.164413
    1075000 -830.461734
    1076000 -830.369969
    1077000 -830.343426
    1078000 -835.652660
    1079000 -830.355583
    1080000 -831.931187
    1081000 -830.431217
    1082000 -833.041559
    1083000 -830.410813
    1084000 -831.355106
    1085000 -830.487089
    1086000 -830.348704
    1087000 -832.655284
    1088000 -830.759964
    1089000 -832.996012
    1090000 -835.715587
    1091000 -830.653302
    1092000 -832.931457
    1093000 -831.881618
    1094000 -835.383711
    1095000 -835.861524
    1096000 -830.773030
    1097000 -835.965575
    1098000 -830.997317
    1099000 -830.417067
    1100000 -830.382849
    1101000 -836.734459
    1102000 -838.067015
    1103000 -830.373618
    1104000 -838.310765
    1105000 -830.852579
    1106000 -836.124721
    1107000 -835.790438
    1108000 -835.659558
    1109000 -830.336633
    1110000 -830.438663
    1111000 -830.493711
    1112000 -830.540812
    1113000 -835.148874
    1114000 -832.665146
    1115000 -835.619133
    1116000 -830.417121
    1117000 -831.160368
    1118000 -830.345062
    1119000 -830.719213
    1120000 -832.871659
    1121000 -831.393685
    1122000 -831.223266
    1123000 -833.101537
    1124000 -830.571518
    1125000 -832.964951
    1126000 -830.336512
    1127000 -835.232074
    1128000 -835.150365
    1129000 -832.333820
    1130000 -831.625613
    1131000 -830.340875
    1132000 -832.790307
    1133000 -830.337662
    1134000 -831.394449
    1135000 -831.371826
    1136000 -835.622185
    1137000 -834.252760
    1138000 -836.655332
    1139000 -831.096307
    1140000 -830.387835
    1141000 -832.076672
    1142000 -830.406093
    1143000 -830.812428
    1144000 -830.465411
    1145000 -833.478566
    1146000 -830.339949
    1147000 -833.138127
    1148000 -831.002222
    1149000 -830.337063
    1150000 -830.344243
    1151000 -833.056286
    1152000 -830.631617
    1153000 -830.406181
    1154000 -830.733516
    1155000 -835.378370
    1156000 -830.624856
    1157000 -830.384208
    1158000 -835.185314
    1159000 -832.519298
    1160000 -831.117344
    1161000 -833.113960
    1162000 -835.156937
    1163000 -830.340898
    1164000 -830.367266
    1165000 -831.099597
    1166000 -830.393619
    1167000 -831.483231
    1168000 -835.683006
    1169000 -830.518976
    1170000 -832.462102
    1171000 -832.646798
    1172000 -830.490549
    1173000 -835.600892
    1174000 -835.168014
    1175000 -833.025523
    1176000 -830.396736
    1177000 -832.565991
    1178000 -830.337502
    1179000 -833.600771
    1180000 -830.337809
    1181000 -832.000677
    1182000 -830.409791
    1183000 -837.439374
    1184000 -831.938564
    1185000 -830.999945
    1186000 -830.353062
    1187000 -830.434288
    1188000 -830.788331
    1189000 -830.339357
    1190000 -832.498119
    1191000 -830.496529
    1192000 -830.377367
    1193000 -830.611354
    1194000 -832.006431
    1195000 -830.916210
    1196000 -830.464540
    1197000 -830.600426
    1198000 -830.733764
    1199000 -840.811055
    1200000 -832.319846
    1201000 -830.999898
    1202000 -830.340623
    1203000 -830.362516
    1204000 -835.604403
    1205000 -831.348693
    1206000 -835.621078
    1207000 -831.580712
    1208000 -833.301322
    1209000 -830.634064
    1210000 -830.480279
    1211000 -832.475677
    1212000 -830.433919
    1213000 -835.725334
    1214000 -835.668555
    1215000 -830.377631
    1216000 -835.602403
    1217000 -830.713574
    1218000 -832.458294
    1219000 -831.673875
    1220000 -830.826757
    1221000 -835.959530
    1222000 -830.991245
    1223000 -832.992617
    1224000 -837.678498
    1225000 -835.598632
    1226000 -834.204792
    1227000 -836.192592
    1228000 -832.006705
    1229000 -835.234209
    1230000 -831.434609
    1231000 -834.129112
    1232000 -843.449931
    1233000 -830.790760
    1234000 -830.420377
    1235000 -830.344722
    1236000 -830.477069
    1237000 -843.482976
    1238000 -832.520991
    1239000 -837.003195
    1240000 -830.438162
    1241000 -830.381970
    1242000 -830.337786
    1243000 -833.488502
    1244000 -830.366383
    1245000 -832.510660
    1246000 -830.351297
    1247000 -833.486043
    1248000 -830.537320
    1249000 -835.255623
    1250000 -830.347200
    1251000 -830.353941
    1252000 -830.423291
    1253000 -830.540314
    1254000 -830.366105
    1255000 -835.992252
    1256000 -830.430070
    1257000 -835.596192
    1258000 -833.008608
    1259000 -830.631062
    1260000 -831.052585
    1261000 -832.514763
    1262000 -831.197259
    1263000 -835.003183
    1264000 -830.561376
    1265000 -833.094071
    1266000 -833.618763
    1267000 -830.336332
    1268000 -830.423487
    1269000 -830.460715
    1270000 -830.372410
    1271000 -835.474352
    1272000 -830.336279
    1273000 -832.745517
    1274000 -830.730212
    1275000 -831.973864
    1276000 -830.338173
    1277000 -830.336514
    1278000 -830.595008
    1279000 -830.459511
    1280000 -830.613251
    1281000 -831.184729
    1282000 -830.350299
    1283000 -833.153388
    1284000 -830.489244
    1285000 -830.378904
    1286000 -830.365075
    1287000 -835.547855
    1288000 -833.220453
    1289000 -836.360170
    1290000 -830.370863
    1291000 -830.452489
    1292000 -835.371486
    1293000 -830.925842
    1294000 -830.336884
    1295000 -836.641641
    1296000 -835.858731
    1297000 -843.233359
    1298000 -835.643296
    1299000 -830.628704
    1300000 -835.168974
    1301000 -837.832949
    1302000 -830.341277
    1303000 -830.535898
    1304000 -830.931730
    1305000 -830.336419
    1306000 -830.379869
    1307000 -833.727204
    1308000 -831.253446
    1309000 -831.394529
    1310000 -830.469360
    1311000 -835.997266
    1312000 -830.628219
    1313000 -832.490485
    1314000 -830.562724
    1315000 -837.081391
    1316000 -830.370355
    1317000 -830.698323
    1318000 -830.355960
    1319000 -835.356185
    1320000 -838.056934
    1321000 -830.429465
    1322000 -830.436767
    1323000 -830.579967
    1324000 -830.768395
    1325000 -833.537353
    1326000 -833.205608
    1327000 -831.780019
    1328000 -833.548023
    1329000 -832.139598
    1330000 -836.087328
    1331000 -830.336185
    1332000 -834.596454
    1333000 -836.434146
    1334000 -840.731706
    1335000 -842.004564
    1336000 -835.160584
    1337000 -831.352473
    1338000 -835.177314
    1339000 -837.156665
    1340000 -832.656033
    1341000 -832.669612
    1342000 -830.931872
    1343000 -832.010727
    1344000 -835.221234
    1345000 -831.460427
    1346000 -831.031628
    1347000 -830.356325
    1348000 -830.412439
    1349000 -831.454932
    1350000 -832.452188
    1351000 -838.805920
    1352000 -830.900586
    1353000 -830.366799
    1354000 -831.506356
    1355000 -830.475628
    1356000 -833.271893
    1357000 -830.528544
    1358000 -836.338035
    1359000 -830.364646
    1360000 -830.401698
    1361000 -830.435536
    1362000 -830.364079
    1363000 -831.195866
    1364000 -830.443542
    1365000 -830.336914
    1366000 -830.504667
    1367000 -835.596317
    1368000 -830.343940
    1369000 -836.291680
    1370000 -832.446737
    1371000 -830.369697
    1372000 -830.345660
    1373000 -830.862602
    1374000 -830.554580
    1375000 -830.358625
    1376000 -830.760141
    1377000 -836.123343
    1378000 -836.836910
    1379000 -835.597629
    1380000 -830.724350
    1381000 -835.618358
    1382000 -830.621761
    1383000 -830.656474
    1384000 -830.615695
    1385000 -830.490030
    1386000 -831.927281
    1387000 -837.055638
    1388000 -835.728243
    1389000 -835.668275
    1390000 -830.339336
    1391000 -830.433647
    1392000 -832.618809
    1393000 -830.338837
    1394000 -830.807630
    1395000 -832.806452
    1396000 -830.674829
    1397000 -830.543838
    1398000 -837.321786
    1399000 -833.602183
    1400000 -830.336730
    1401000 -830.337290
    1402000 -830.949936
    1403000 -830.806028
    1404000 -830.597402
    1405000 -832.553089
    1406000 -830.427351
    1407000 -831.054015
    1408000 -830.612127
    1409000 -830.346325
    1410000 -835.598978
    1411000 -836.499850
    1412000 -830.352447
    1413000 -831.339632
    1414000 -830.429575
    1415000 -835.500048
    1416000 -831.202030
    1417000 -832.539924
    1418000 -831.294173
    1419000 -832.724281
    1420000 -834.838893
    1421000 -831.998411
    1422000 -832.444396
    1423000 -832.442872
    1424000 -832.690990
    1425000 -833.123638
    1426000 -832.452546
    1427000 -831.488851
    1428000 -832.478238
    1429000 -830.788307
    1430000 -832.702634
    1431000 -830.396163
    1432000 -830.408555
    1433000 -830.959348
    1434000 -836.463011
    1435000 -831.784393
    1436000 -832.873500
    1437000 -832.588855
    1438000 -835.152008
    1439000 -830.348865
    1440000 -830.336849
    1441000 -835.677867
    1442000 -835.849529
    1443000 -831.451621
    1444000 -833.583068
    1445000 -830.354633
    1446000 -833.703701
    1447000 -830.368476
    1448000 -835.750353
    1449000 -833.617858
    1450000 -830.837814
    1451000 -833.026012
    1452000 -830.508347
    1453000 -832.808362
    1454000 -830.673848
    1455000 -830.510049
    1456000 -832.999862
    1457000 -830.413302
    1458000 -830.654863
    1459000 -832.451433
    1460000 -831.100753
    1461000 -833.920688
    1462000 -835.340966
    1463000 -835.597274
    1464000 -831.831767
    1465000 -830.509741
    1466000 -832.601119
    1467000 -830.758020
    1468000 -835.772823
    1469000 -830.337006
    1470000 -830.464910
    1471000 -835.153680
    1472000 -837.450936
    1473000 -830.348584
    1474000 -830.879223
    1475000 -835.631096
    1476000 -830.336158
    1477000 -835.601328
    1478000 -835.727873
    1479000 -832.809319
    1480000 -830.378907
    1481000 -842.461919
    1482000 -830.407709
    1483000 -835.740365
    1484000 -830.342627
    1485000 -838.189220
    1486000 -830.375736
    1487000 -830.372688
    1488000 -830.357856
    1489000 -834.420107
    1490000 -830.432656
    1491000 -831.869155
    1492000 -830.441949
    1493000 -831.652366
    1494000 -830.525859
    1495000 -830.362653
    1496000 -832.861743
    1497000 -830.336401
    1498000 -830.391421
    1499000 -831.031267
    1500000 -832.739951
    1501000 -830.433416
    1502000 -830.428349
    1503000 -831.297338
    1504000 -831.050721
    1505000 -832.480159
    1506000 -834.270316
    1507000 -830.497236
    1508000 -831.153031
    1509000 -835.994316
    1510000 -833.027186
    1511000 -833.069036
    1512000 -833.147531
    1513000 -833.116142
    1514000 -835.619507
    1515000 -830.606954
    1516000 -830.600671
    1517000 -836.039210
    1518000 -830.423365
    1519000 -835.160152
    1520000 -830.717014
    1521000 -832.490871
    1522000 -830.336996
    1523000 -833.876213
    1524000 -831.009751
    1525000 -835.465986
    1526000 -832.994947
    1527000 -830.336164
    1528000 -830.751557
    1529000 -830.817506
    1530000 -832.486176
    1531000 -830.660155
    1532000 -840.744424
    1533000 -835.164050
    1534000 -830.598384
    1535000 -830.416517
    1536000 -831.064754
    1537000 -836.134611
    1538000 -832.868387
    1539000 -830.337313
    1540000 -831.116082
    1541000 -835.542165
    1542000 -832.650246
    1543000 -830.522943
    1544000 -830.379158
    1545000 -833.767047
    1546000 -830.944833
    1547000 -835.263034
    1548000 -830.674782
    1549000 -833.053813
    1550000 -835.629440
    1551000 -832.566142
    1552000 -830.928692
    1553000 -830.418388
    1554000 -830.412336
    1555000 -830.338318
    1556000 -830.698307
    1557000 -830.870603
    1558000 -830.420317
    1559000 -830.964955
    1560000 -830.701425
    1561000 -832.650717
    1562000 -832.638214
    1563000 -835.792976
    1564000 -833.507874
    1565000 -830.902540
    1566000 -831.002289
    1567000 -833.464155
    1568000 -832.675102
    1569000 -830.760091
    1570000 -833.441583
    1571000 -835.857932
    1572000 -830.336214
    1573000 -832.545337
    1574000 -830.404001
    1575000 -830.344266
    1576000 -830.336416
    1577000 -832.268223
    1578000 -831.788764
    1579000 -830.550142
    1580000 -830.670731
    1581000 -835.223203
    1582000 -830.371844
    1583000 -831.062252
    1584000 -830.441287
    1585000 -838.183794
    1586000 -832.644841
    1587000 -830.542461
    1588000 -834.121291
    1589000 -830.358273
    1590000 -830.337840
    1591000 -830.341074
    1592000 -830.340325
    1593000 -832.658697
    1594000 -837.593909
    1595000 -840.446686
    1596000 -834.345941
    1597000 -832.514775
    1598000 -835.322527
    1599000 -830.762918
    1600000 -830.562929
    1601000 -830.513485
    1602000 -830.766498
    1603000 -835.245136
    1604000 -830.412216
    1605000 -830.373225
    1606000 -831.093992
    1607000 -834.632163
    1608000 -830.540422
    1609000 -831.747989
    1610000 -830.365783
    1611000 -830.523468
    1612000 -840.945785
    1613000 -831.170020
    1614000 -832.500328
    1615000 -833.362957
    1616000 -830.840945
    1617000 -833.217333
    1618000 -830.893435
    1619000 -830.572234
    1620000 -831.403225
    1621000 -830.449582
    1622000 -830.337049
    1623000 -830.740847
    1624000 -830.338107
    1625000 -830.927814
    1626000 -830.343029
    1627000 -840.141438
    1628000 -830.559125
    1629000 -830.791869
    1630000 -836.796654
    1631000 -834.577504
    1632000 -832.445164
    1633000 -830.580971
    1634000 -830.352318
    1635000 -830.336263
    1636000 -830.775694
    1637000 -830.469779
    1638000 -835.650974
    1639000 -830.341049
    1640000 -832.807959
    1641000 -835.854311
    1642000 -838.575766
    1643000 -830.794297
    1644000 -832.918166
    1645000 -830.341406
    1646000 -830.362348
    1647000 -830.407995
    1648000 -835.927031
    1649000 -831.564091
    1650000 -830.340960
    1651000 -830.336522
    1652000 -832.581093
    1653000 -830.793784
    1654000 -830.337636
    1655000 -835.599088
    1656000 -837.236179
    1657000 -833.120461
    1658000 -830.715731
    1659000 -830.974755
    1660000 -835.259627
    1661000 -833.131088
    1662000 -839.012465
    1663000 -832.392671
    1664000 -830.593033
    1665000 -835.895542
    1666000 -830.388503
    1667000 -832.979896
    1668000 -830.721502
    1669000 -830.415179
    1670000 -830.383933
    1671000 -830.876230
    1672000 -832.653020
    1673000 -833.129938
    1674000 -830.409788
    1675000 -835.490974
    1676000 -830.392878
    1677000 -831.242206
    1678000 -835.345244
    1679000 -835.569218
    1680000 -833.027828
    1681000 -832.173807
    1682000 -830.522831
    1683000 -830.466439
    1684000 -832.031077
    1685000 -833.006522
    1686000 -832.455756
    1687000 -830.786749
    1688000 -831.362866
    1689000 -837.205875
    1690000 -830.827622
    1691000 -840.058580
    1692000 -835.339340
    1693000 -832.540309
    1694000 -831.338179
    1695000 -835.837105
    1696000 -831.181251
    1697000 -832.902342
    1698000 -830.373642
    1699000 -830.673845
    1700000 -830.658896
    1701000 -830.489936
    1702000 -830.354918
    1703000 -830.390922
    1704000 -836.309153
    1705000 -840.826292
    1706000 -830.349691
    1707000 -837.340735
    1708000 -830.786927
    1709000 -830.513773
    1710000 -830.364691
    1711000 -833.249367
    1712000 -833.104435
    1713000 -832.495912
    1714000 -830.458038
    1715000 -830.389772
    1716000 -830.424250
    1717000 -831.236218
    1718000 -830.578297
    1719000 -833.637138
    1720000 -835.955949
    1721000 -833.113424
    1722000 -832.513784
    1723000 -831.519080
    1724000 -830.395505
    1725000 -831.255603
    1726000 -830.336423
    1727000 -830.490638
    1728000 -832.995134
    1729000 -830.396855
    1730000 -835.275451
    1731000 -830.336482
    1732000 -830.371371
    1733000 -835.597794
    1734000 -830.340663
    1735000 -832.781655
    1736000 -830.531762
    1737000 -830.667337
    1738000 -832.445288
    1739000 -830.357533
    1740000 -832.475130
    1741000 -831.423899
    1742000 -830.461713
    1743000 -830.551217
    1744000 -830.907516
    1745000 -830.666577
    1746000 -830.365559
    1747000 -830.901321
    1748000 -830.982015
    1749000 -830.747026
    1750000 -830.373422
    1751000 -830.454200
    1752000 -830.513061
    1753000 -830.430316
    1754000 -830.850546
    1755000 -830.487947
    1756000 -831.727293
    1757000 -835.624142
    1758000 -830.371274
    1759000 -831.377162
    1760000 -830.875971
    1761000 -830.379070
    1762000 -830.339757
    1763000 -830.363522
    1764000 -832.454836
    1765000 -832.930065
    1766000 -830.368757
    1767000 -830.891969
    1768000 -830.337935
    1769000 -830.476428
    1770000 -830.467234
    1771000 -835.602948
    1772000 -830.336339
    1773000 -832.706611
    1774000 -835.174963
    1775000 -830.578167
    1776000 -830.442906
    1777000 -830.336774
    1778000 -836.420795
    1779000 -836.427540
    1780000 -831.213510
    1781000 -832.879219
    1782000 -830.479069
    1783000 -832.488319
    1784000 -830.336575
    1785000 -830.336942
    1786000 -830.540435
    1787000 -830.986184
    1788000 -832.140615
    1789000 -830.729362
    1790000 -830.934361
    1791000 -830.348406
    1792000 -830.347897
    1793000 -830.604800
    1794000 -835.605077
    1795000 -830.578712
    1796000 -830.553278
    1797000 -830.339581
    1798000 -830.488115
    1799000 -836.083906
    1800000 -831.669562
    1801000 -831.898914
    1802000 -835.949715
    1803000 -832.744782
    1804000 -837.053586
    1805000 -833.125001
    1806000 -831.902240
    1807000 -830.356244
    1808000 -830.747886
    1809000 -830.430167
    1810000 -830.757335
    1811000 -835.308467
    1812000 -830.546434
    1813000 -830.961503
    1814000 -830.349836
    1815000 -835.481346
    1816000 -830.345416
    1817000 -836.320074
    1818000 -830.600847
    1819000 -830.937707
    1820000 -835.181476
    1821000 -833.233060
    1822000 -832.163284
    1823000 -837.900982
    1824000 -830.354648
    1825000 -832.461219
    1826000 -830.341976
    1827000 -830.380127
    1828000 -830.435335
    1829000 -830.459802
    1830000 -832.670305
    1831000 -830.575483
    1832000 -832.551386
    1833000 -835.370172
    1834000 -831.352940
    1835000 -832.992334
    1836000 -835.654904
    1837000 -833.008970
    1838000 -830.398961
    1839000 -830.508343
    1840000 -832.316704
    1841000 -835.946249
    1842000 -833.937234
    1843000 -830.806657
    1844000 -830.336228
    1845000 -832.464628
    1846000 -830.455446
    1847000 -832.951433
    1848000 -832.506073
    1849000 -836.836798
    1850000 -831.050647
    1851000 -830.397098
    1852000 -831.076778
    1853000 -831.259021
    1854000 -835.647554
    1855000 -830.354765
    1856000 -830.395429
    1857000 -832.676735
    1858000 -830.655955
    1859000 -833.001688
    1860000 -830.429587
    1861000 -838.536124
    1862000 -830.821053
    1863000 -835.667953
    1864000 -832.309606
    1865000 -830.347495
    1866000 -840.572504
    1867000 -831.759204
    1868000 -830.338500
    1869000 -832.105186
    1870000 -833.909630
    1871000 -835.940182
    1872000 -830.888171
    1873000 -831.094067
    1874000 -830.428333
    1875000 -835.595436
    1876000 -835.869422
    1877000 -831.594659
    1878000 -831.329353
    1879000 -831.133445
    1880000 -832.738053
    1881000 -830.336162
    1882000 -830.513949
    1883000 -830.569071
    1884000 -832.511478
    1885000 -830.437184
    1886000 -830.338039
    1887000 -831.425092
    1888000 -832.696734
    1889000 -830.961004
    1890000 -830.791637
    1891000 -835.089518
    1892000 -830.444022
    1893000 -833.231054
    1894000 -831.060899
    1895000 -835.613791
    1896000 -831.715035
    1897000 -836.791281
    1898000 -830.489320
    1899000 -830.586338
    1900000 -830.817678
    1901000 -831.053280
    1902000 -830.398806
    1903000 -830.502132
    1904000 -830.485327
    1905000 -834.840112
    1906000 -830.558560
    1907000 -830.829138
    1908000 -832.662426
    1909000 -832.455087
    1910000 -830.432060
    1911000 -831.025384
    1912000 -832.528020
    1913000 -832.594124
    1914000 -833.222273
    1915000 -830.396632
    1916000 -832.498905
    1917000 -830.373687
    1918000 -830.431554
    1919000 -832.660569
    1920000 -830.520644
    1921000 -831.750650
    1922000 -830.338931
    1923000 -831.715241
    1924000 -835.648610
    1925000 -830.508317
    1926000 -830.338356
    1927000 -830.644798
    1928000 -830.337947
    1929000 -835.860606
    1930000 -830.336768
    1931000 -834.001082
    1932000 -833.974651
    1933000 -831.050121
    1934000 -835.189251
    1935000 -830.339833
    1936000 -831.713441
    1937000 -830.894996
    1938000 -838.454313
    1939000 -830.828685
    1940000 -832.523711
    1941000 -831.006647
    1942000 -830.429324
    1943000 -832.519073
    1944000 -836.217992
    1945000 -843.000339
    1946000 -830.710277
    1947000 -830.580307
    1948000 -835.601303
    1949000 -833.015201
    1950000 -832.485996
    1951000 -832.442795
    1952000 -831.882007
    1953000 -837.810701
    1954000 -830.411648
    1955000 -835.149177
    1956000 -833.141134
    1957000 -831.711170
    1958000 -832.622338
    1959000 -830.843015
    1960000 -830.931952
    1961000 -833.224732
    1962000 -832.459192
    1963000 -832.458324
    1964000 -833.787998
    1965000 -832.569505
    1966000 -830.362381
    1967000 -830.555805
    1968000 -833.663201
    1969000 -830.672558
    1970000 -833.511484
    1971000 -835.268714
    1972000 -832.899377
    1973000 -830.338170
    1974000 -830.484036
    1975000 -831.190572
    1976000 -832.510080
    1977000 -835.158954
    1978000 -836.541587
    1979000 -833.765366
    1980000 -830.461384
    1981000 -835.332525
    1982000 -830.596809
    1983000 -830.451308
    1984000 -832.479997
    1985000 -835.428144
    1986000 -830.865894
    1987000 -835.194818
    1988000 -830.554905
    1989000 -830.346982
    1990000 -832.697594
    1991000 -832.651917
    1992000 -830.336160
    1993000 -836.386855
    1994000 -830.404881
    1995000 -830.946143
    1996000 -832.517944
    1997000 -836.558699
    1998000 -832.460828
    1999000 -835.750425
    2000000 -835.149896
