       1000 -764.232977
       2000 -764.928007
       3000 -764.288649
       4000 -764.169394
       5000 -764.192103
       6000 -769.106287
       7000 -765.042696
       8000 -764.154576
       9000 -764.985761
      10000 -764.884683
      11000 -766.059471
      12000 -764.323031
      13000 -764.288638
      14000 -764.919569
      15000 -765.563092
      16000 -764.120689
      17000 -764.905795
      18000 -766.565009
      19000 -765.017260
      20000 -767.416362
      21000 -764.897969
      22000 -764.246109
      23000 -765.217982
      24000 -764.287225
      25000 -764.555029
      26000 -768.719927
      27000 -764.877590
      28000 -764.129838
      29000 -766.739340
      30000 -764.192474
      31000 -766.001341
      32000 -764.191286
      33000 -764.212897
      34000 -764.257702
      35000 -764.989450
      36000 -764.126997
      37000 -765.128085
      38000 -764.868971
      39000 -765.635103
      40000 -764.971508
      41000 -766.056076
      42000 -764.126745
      43000 -765.543658
      44000 -764.163522
      45000 -764.262119
      46000 -764.344226
      47000 -764.971462
      48000 -764.610704
      49000 -764.882183
      50000 -764.994233
      51000 -764.874783
      52000 -765.290508
      53000 -766.641289
      54000 -764.893508
      55000 -764.194111
      56000 -766.946839
      57000 -764.287041
      58000 -765.025873
      59000 -764.166269
      60000 -764.440793
      61000 -764.151248
      62000 -765.217119
      63000 -764.114418
      64000 -765.009845
      65000 -765.167415
      66000 -764.182395
      67000 -764.941270
      68000 -764.879372
      69000 -764.458817
      70000 -764.148362
      71000 -766.105454
      72000 -765.237946
      73000 -764.688109
      74000 -764.181670
      75000 -764.170989
      76000 -764.124013
      77000 -764.137365
      78000 -768.095798
      79000 -765.731538
      80000 -765.664004
      81000 -764.585828
      82000 -766.316122
      83000 -764.871215
      84000 -764.869077
      85000 -765.534369
      86000 -764.141150
      87000 -764.264357
      88000 -764.791015
      89000 -764.778323
      90000 -765.020201
      91000 -765.960207
      92000 -764.555367
      93000 -765.964733
      94000 -764.889081
      95000 -764.927815
      96000 -764.784883
      97000 -764.810073
      98000 -764.948541
      99000 -766.233259
     100000 -765.167400
     101000 -764.111297
     102000 -764.987437
     103000 -764.383372
     104000 -764.152938
     105000 -764.659348
     106000 -764.911858
     107000 -764.275507
     108000 -765.686922
     109000 -765.043666
     110000 -764.868695
     111000 -764.375666
     112000 -764.122622
     113000 -764.762458
     114000 -765.052035
     115000 -765.285395
     116000 -764.879410
     117000 -765.126642
     118000 -764.712863
     119000 -764.317475
     120000 -765.214289
     121000 -764.871283
     122000 -766.097323
     123000 -765.163067
     124000 -764.130478
     125000 -764.204890
     126000 -765.129867
     127000 -764.122515
     128000 -764.148949
     129000 -764.734637
     130000 -764.484127
     131000 -764.878572
     132000 -764.110808
     133000 -764.110190
     134000 -765.217657
     135000 -764.283228
     136000 -764.897762
     137000 -764.867629
     138000 -764.281684
     139000 -764.220017
     140000 -764.899669
     141000 -764.940287
     142000 -764.186126
     143000 -765.859368
     144000 -764.136464
     145000 -764.216746
     146000 -764.908892
     147000 -764.712448
     148000 -764.320607
     149000 -765.052042
     150000 -764.952020
     151000 -765.460714
     152000 -764.553906
     153000 -765.324834
     154000 -765.197127
     155000 -764.167945
     156000 -764.109989
     157000 -764.979605
     158000 -764.109987
     159000 -764.110002
     160000 -765.483759
     161000 -765.114351
     162000 -765.219782
     163000 -764.887924
     164000 -765.084369
     165000 -765.241793
     166000 -764.876524
     167000 -765.063544
     168000 -764.384001
     169000 -764.972816
     170000 -764.345922
     171000 -764.110033
     172000 -764.495994
     173000 -765.074505
     174000 -764.921317
     175000 -765.622777
     176000 -764.666080
     177000 -764.609939
     178000 -764.161725
     179000 -764.488180
     180000 -765.432837
     181000 -764.112999
     182000 -764.181906
     183000 -765.256650
     184000 -767.721067
     185000 -765.907085
     186000 -764.919058
     187000 -764.868106
     188000 -764.814318
     189000 -764.331714
     190000 -764.295229
     191000 -765.013097
     192000 -764.871253
     193000 -764.111271
     194000 -764.122731
     195000 -765.679742
     196000 -764.220907
     197000 -765.607322
     198000 -765.490098
     199000 -764.894437
     200000 -764.925195
     201000 -765.102884
     202000 -764.152937
     203000 -764.420952
     204000 -764.975530
     205000 -765.516491
     206000 -764.141791
     207000 -764.201710
     208000 -764.880396
     209000 -764.377410
     210000 -764.158818
     211000 -765.294928
     212000 -764.450897
     213000 -765.293979
     214000 -764.393437
     215000 -764.291550
     216000 -764.420380
     217000 -764.907698
     218000 -764.414219
     219000 -765.287929
     220000 -765.056107
     221000 -764.484091
     222000 -764.876257
     223000 -764.546541
     224000 -765.642034
     225000 -765.193278
     226000 -764.112542
     227000 -764.848951
     228000 -764.970752
     229000 -764.246282
     230000 -765.550586
     231000 -764.192440
     232000 -764.428654
     233000 -764.453950
     234000 -765.629009
     235000 -764.306923
     236000 -765.802881
     237000 -765.227737
     238000 -764.457672
     239000 -764.875751
     240000 -764.181002
     241000 -765.164381
     242000 -764.600627
     243000 -764.156956
     244000 -764.953147
     245000 -764.872943
     246000 -764.874380
     247000 -765.175340
     248000 -764.831011
     249000 -766.421916
     250000 -765.385939
     251000 -764.168070
     252000 -765.072698
     253000 -765.104818
     254000 -764.314742
     255000 -765.130427
     256000 -764.888875
     257000 -764.110714
     258000 -764.179591
     259000 -764.983886
     260000 -765.108315
     261000 -765.676192
     262000 -765.017002
     263000 -764.925656
     264000 -764.147932
     265000 -765.170931
     266000 -764.240849
     267000 -764.348696
     268000 -764.881870
     269000 -764.208839
     270000 -764.688556
     271000 -767.724484
     272000 -764.163452
     273000 -765.490278
     274000 -766.162040
     275000 -764.911447
     276000 -765.064323
     277000 -764.418055
     278000 -764.509053
     279000 -765.003923
     280000 -764.978220
     281000 -764.954916
     282000 -766.082471
     283000 -764.144287
     284000 -764.111702
     285000 -764.109993
     286000 -764.994614
     287000 -764.713274
     288000 -764.792849
     289000 -764.959277
     290000 -766.029313
     291000 -765.439695
     292000 -765.033182
     293000 -765.068643
     294000 -765.390841
     295000 -764.262771
     296000 -765.453149
     297000 -765.055397
     298000 -765.663603
     299000 -765.953591
     300000 -765.121719
     301000 -765.508568
     302000 -764.126225
     303000 -764.237420
     304000 -764.962622
     305000 -764.987735
     306000 -764.127097
     307000 -765.437295
     308000 -764.381816
     309000 -764.782162
     310000 -765.485757
     311000 -764.437867
     312000 -764.872194
     313000 -766.382156
     314000 -765.106125
     315000 -764.156628
     316000 -766.103769
     317000 -764.917993
     318000 -764.424426
     319000 -764.138737
     320000 -771.510476
     321000 -764.311053
     322000 -764.939263
     323000 -764.880194
     324000 -764.866995
     325000 -764.129934
     326000 -764.965025
     327000 -764.490947
     328000 -764.878392
     329000 -764.371253
     330000 -764.823348
     331000 -764.529060
     332000 -764.768272
     333000 -764.869919
     334000 -766.762931
     335000 -764.935475
     336000 -765.602177
     337000 -764.161628
     338000 -765.068733
     339000 -764.145487
     340000 -764.189642
     341000 -766.146913
     342000 -764.166887
     343000 -764.937367
     344000 -764.123374
     345000 -764.989850
     346000 -764.229554
     347000 -764.507776
     348000 -765.702269
     349000 -764.887718
     350000 -765.535173
     351000 -764.110218
     352000 -766.552493
     353000 -764.406963
     354000 -764.896294
     355000 -764.965262
     356000 -765.360943
     357000 -766.120981
     358000 -767.750072
     359000 -768.003848
     360000 -765.263023
     361000 -764.242829
     362000 -764.977769
     363000 -764.303349
     364000 -764.165498
     365000 -765.129648
     366000 -764.238308
     367000 -764.878663
     368000 -765.696723
     369000 -764.892727
     370000 -765.284122
     371000 -764.907060
     372000 -764.163430
     373000 -766.199054
     374000 -764.750610
     375000 -764.122087
     376000 -764.716525
     377000 -765.183124
     378000 -765.026615
     379000 -764.871550
     380000 -764.299602
     381000 -764.113830
     382000 -764.111165
     383000 -764.940540
     384000 -765.915733
     385000 -764.287508
     386000 -764.877607
     387000 -764.173181
     388000 -764.300434
     389000 -764.508262
     390000 -764.967856
     391000 -764.163305
     392000 -765.007551
     393000 -765.471485
     394000 -764.139083
     395000 -765.172506
     396000 -764.155989
     397000 -765.163601
     398000 -765.523955
     399000 -764.372416
     400000 -766.027058
     401000 -764.986353
     402000 -765.271453
     403000 -764.316467
     404000 -764.194094
     405000 -765.105193
     406000 -765.125751
     407000 -764.820272
     408000 -766.289247
     409000 -765.275907
     410000 -764.362682
     411000 -764.293488
     412000 -765.160678
     413000 -764.946641
     414000 -765.853796
     415000 -764.177477
     416000 -764.461515
     417000 -766.768760
     418000 -766.195249
     419000 -765.802469
     420000 -764.962156
     421000 -764.243352
     422000 -764.157574
     423000 -764.124908
     424000 -764.871247
     425000 -764.144454
     426000 -764.133122
     427000 -766.470000
     428000 -765.100757
     429000 -764.646504
     430000 -765.568726
     431000 -764.871858
     432000 -764.119230
     433000 -764.898076
     434000 -764.906699
     435000 -764.330014
     436000 -764.334039
     437000 -765.912011
     438000 -764.363446
     439000 -765.034318
     440000 -764.113901
     441000 -765.146341
     442000 -764.161901
     443000 -766.065147
     444000 -765.652506
     445000 -764.164990
     446000 -764.189441
     447000 -764.110958
     448000 -765.136070
     449000 -764.891690
     450000 -765.236973
     451000 -764.870477
     452000 -764.308823
     453000 -764.113112
     454000 -764.113038
     455000 -765.513459
     456000 -764.397676
     457000 -764.200366
     458000 -765.309140
     459000 -764.241345
     460000 -765.600363
     461000 -765.461349
     462000 -764.188308
     463000 -764.133994
     464000 -764.935242
     465000 -764.123214
     466000 -764.868362
     467000 -764.166169
     468000 -764.876384
     469000 -764.768321
     470000 -764.266866
     471000 -764.113992
     472000 -764.375042
     473000 -764.954730
     474000 -764.255507
     475000 -764.138454
     476000 -764.345284
     477000 -767.334712
     478000 -765.506919
     479000 -764.557159
     480000 -767.552233
     481000 -764.207225
     482000 -765.951824
     483000 -764.911298
     484000 -764.111174
     485000 -764.202267
     486000 -764.869984
     487000 -764.157348
     488000 -764.996618
     489000 -764.158885
     490000 -765.158795
     491000 -764.135934
     492000 -764.190395
     493000 -764.880421
     494000 -764.987225
     495000 -765.358550
     496000 -766.683873
     497000 -764.926193
     498000 -767.588535
     499000 -764.205419
     500000 -764.787802
     501000 -764.876999
     502000 -764.175169
     503000 -765.395208
     504000 -764.114306
     505000 -765.438941
     506000 -764.123553
     507000 -764.193689
     508000 -765.228858
     509000 -764.947819
     510000 -764.165887
     511000 -764.543662
     512000 -765.696304
     513000 -764.202509
     514000 -764.906332
     515000 -764.125921
     516000 -765.184975
     517000 -764.896993
     518000 -766.268925
     519000 -764.128346
     520000 -765.475785
     521000 -764.869764
     522000 -764.409871
     523000 -766.733911
     524000 -764.119241
     525000 -766.238220
     526000 -764.892569
     527000 -764.876651
     528000 -764.118153
     529000 -764.868040
     530000 -764.429047
     531000 -764.960193
     532000 -764.921640
     533000 -764.296583
     534000 -764.188740
     535000 -765.543506
     536000 -765.526515
     537000 -764.124925
     538000 -764.632152
     539000 -764.143040
     540000 -764.924351
     541000 -764.917342
     542000 -764.860846
     543000 -765.470172
     544000 -764.111841
     545000 -764.867478
     546000 -764.542032
     547000 -765.609765
     548000 -764.218714
     549000 -764.932661
     550000 -764.195444
     551000 -764.901207
     552000 -764.133911
     553000 -764.289053
     554000 -764.199243
     555000 -765.748365
     556000 -765.434640
     557000 -764.287020
     558000 -765.694579
     559000 -764.493846
     560000 -765.003763
     561000 -764.750544
     562000 -764.591077
     563000 -764.932780
     564000 -764.867144
     565000 -765.602154
     566000 -765.789427
     567000 -764.867612
     568000 -765.898978
     569000 -764.925737
     570000 -764.403977
     571000 -765.107833
     572000 -764.209770
     573000 -765.214344
     574000 -764.867241
     575000 -764.975234
     576000 -764.881875
     577000 -764.454936
     578000 -764.526521
     579000 -764.110394
     580000 -764.881261
     581000 -764.867058
     582000 -764.885991
     583000 -764.228777
     584000 -764.895941
     585000 -766.091073
     586000 -766.679531
     587000 -765.441494
     588000 -765.182398
     589000 -764.544011
     590000 -764.289945
     591000 -764.151475
     592000 -764.272566
     593000 -764.249560
     594000 -765.382604
     595000 -764.448064
     596000 -765.826161
     597000 -764.867663
     598000 -765.000441
     599000 -765.022929
     600000 -764.514703
     601000 -764.170701
     602000 -766.300921
     603000 -765.402245
     604000 -764.929956
     605000 -765.749345
     606000 -764.711738
     607000 -765.907154
     608000 -766.888675
     609000 -764.874498
     610000 -764.976254
     611000 -764.127269
     612000 -764.917817
     613000 -765.637995
     614000 -764.313662
     615000 -765.070392
     616000 -764.157899
     617000 -764.148728
     618000 -764.118477
     619000 -764.675625
     620000 -764.116206
     621000 -764.338072
     622000 -764.900644
     623000 -766.160474
     624000 -765.273580
     625000 -765.101607
     626000 -766.999273
     627000 -764.542965
     628000 -765.219710
     629000 -764.283277
     630000 -764.871500
     631000 -764.935539
     632000 -764.562471
     633000 -765.229039
     634000 -764.919414
     635000 -764.113020
     636000 -764.450930
     637000 -764.110021
     638000 -764.285551
     639000 -764.838692
     640000 -764.875004
     641000 -765.047053
     642000 -764.879296
     643000 -764.127081
     644000 -764.666057
     645000 -764.934446
     646000 -764.947819
     647000 -765.044308
     648000 -764.874154
     649000 -764.928829
     650000 -765.149587
     651000 -764.873854
     652000 -767.000920
     653000 -764.183831
     654000 -764.110011
     655000 -765.624090
     656000 -766.994256
     657000 -766.063335
     658000 -764.993455
     659000 -765.003259
     660000 -765.368921
     661000 -765.686323
     662000 -765.293499
     663000 -765.095130
     664000 -764.874570
     665000 -764.895597
     666000 -764.902843
     667000 -765.743011
     668000 -766.585211
     669000 -764.515135
     670000 -764.866995
     671000 -764.878646
     672000 -764.110117
     673000 -764.121304
     674000 -764.129766
     675000 -764.188203
     676000 -764.197026
     677000 -765.275447
     678000 -764.877050
     679000 -764.986562
     680000 -764.441856
     681000 -764.881021
     682000 -764.870170
     683000 -764.127226
     684000 -764.147100
     685000 -767.495157
     686000 -764.352575
     687000 -764.245029
     688000 -764.335892
     689000 -764.277965
     690000 -764.890282
     691000 -767.014753
     692000 -766.964033
     693000 -765.343720
     694000 -764.520829
     695000 -765.309908
     696000 -764.387022
     697000 -764.332796
     698000 -764.467748
     699000 -765.239475
     700000 -764.436339
     701000 -765.945370
     702000 -765.316620
     703000 -766.856180
     704000 -766.999436
     705000 -765.343164
     706000 -764.113306
     707000 -765.744366
     708000 -765.083189
     709000 -764.396212
     710000 -765.381795
     711000 -765.066186
     712000 -766.220348
     713000 -764.741396
     714000 -765.474467
     715000 -764.600120
     716000 -764.922343
     717000 -764.255328
     718000 -764.905752
     719000 -764.955085
     720000 -764.518932
     721000 -764.288227
     722000 -765.038025
     723000 -764.979583
     724000 -765.433173
     725000 -764.372138
     726000 -764.845801
     727000 -765.173060
     728000 -764.111249
     729000 -765.102062
     730000 -772.429884
     731000 -765.024684
     732000 -764.422219
     733000 -765.135569
     734000 -764.488019
     735000 -765.153625
     736000 -764.304629
     737000 -764.879737
     738000 -764.119964
     739000 -764.458489
     740000 -765.301664
     741000 -764.958685
     742000 -765.550649
     743000 -765.424411
     744000 -764.111211
     745000 -764.253478
     746000 -764.217971
     747000 -764.437342
     748000 -764.738762
     749000 -764.977357
     750000 -764.112382
     751000 -764.886602
     752000 -764.686171
     753000 -765.328012
     754000 -764.881547
     755000 -765.078127
     756000 -764.977804
     757000 -764.920009
     758000 -764.916325
     759000 -764.999092
     760000 -764.912518
     761000 -764.255691
     762000 -765.673880
     763000 -764.837018
     764000 -764.291614
     765000 -764.192811
     766000 -764.111600
     767000 -764.755209
     768000 -764.112692
     769000 -766.672580
     770000 -764.440979
     771000 -764.994022
     772000 -764.992748
     773000 -766.304969
     774000 -765.133624
     775000 -764.970133
     776000 -765.678447
     777000 -764.117299
     778000 -764.255966
     779000 -764.124659
     780000 -764.109991
     781000 -764.400741
     782000 -764.707637
     783000 -764.994511
     784000 -764.330074
     785000 -765.695896
     786000 -764.957632
     787000 -765.022084
     788000 -765.100218
     789000 -764.483697
     790000 -766.121221
     791000 -764.529078
     792000 -764.136380
     793000 -764.193698
     794000 -764.486478
     795000 -765.558461
     796000 -765.286423
     797000 -764.889241
     798000 -764.115881
     799000 -764.948167
     800000 -765.075700
     801000 -764.889958
     802000 -765.105726
     803000 -764.867176
     804000 -764.867558
     805000 -766.942722
     806000 -765.095932
     807000 -765.525531
     808000 -764.120948
     809000 -765.176095
     810000 -765.420727
     811000 -765.785000
     812000 -765.041524
     813000 -764.268282
     814000 -766.893652
     815000 -764.874395
     816000 -764.936434
     817000 -764.919394
     818000 -764.166070
     819000 -765.778774
     820000 -768.165517
     821000 -764.939442
     822000 -765.922071
     823000 -764.328450
     824000 -765.741356
     825000 -764.891053
     826000 -765.223063
     827000 -765.258308
     828000 -764.173172
     829000 -764.539488
     830000 -764.898154
     831000 -764.867026
     832000 -764.112694
     833000 -765.021530
     834000 -765.284342
     835000 -765.884733
     836000 -764.260815
     837000 -765.799444
     838000 -764.870683
     839000 -766.063952
     840000 -764.113659
     841000 -764.900457
     842000 -765.350896
     843000 -765.034333
     844000 -764.502758
     845000 -765.163036
     846000 -764.898530
     847000 -765.040663
     848000 -764.531320
     849000 -765.160824
     850000 -764.990487
     851000 -764.983869
     852000 -765.131582
     853000 -764.897011
     854000 -765.221018
     855000 -765.093808
     856000 -765.319487
     857000 -764.203095
     858000 -766.039999
     859000 -765.202982
     860000 -765.237358
     861000 -764.216011
     862000 -764.442754
     863000 -765.206333
     864000 -765.010186
     865000 -764.448663
     866000 -764.570052
     867000 -764.351054
     868000 -764.111688
     869000 -765.158632
     870000 -765.485711
     871000 -764.512426
     872000 -764.886856
     873000 -765.468634
     874000 -764.172880
     875000 -764.109986
     876000 -764.152692
     877000 -765.351141
     878000 -764.170928
     879000 -765.640776
     880000 -767.245928
     881000 -764.872321
     882000 -765.039017
     883000 -766.574899
     884000 -764.199234
     885000 -764.817648
     886000 -764.874710
     887000 -766.332996
     888000 -764.872469
     889000 -767.829778
     890000 -765.131829
     891000 -766.419395
     892000 -765.265510
     893000 -764.928486
     894000 -764.116509
     895000 -764.664403
     896000 -765.109536
     897000 -764.152565
     898000 -764.111869
     899000 -764.901967
     900000 -765.022175
     901000 -764.873914
     902000 -764.869015
     903000 -765.029671
     904000 -764.910325
     905000 -765.225296
     906000 -764.894088
     907000 -767.060801
     908000 -764.365123
     909000 -764.156762
     910000 -764.938131
     911000 -764.942078
     912000 -765.158769
     913000 -764.112215
     914000 -766.132047
     915000 -768.203732
     916000 -764.868447
     917000 -764.503447
     918000 -764.945445
     919000 -764.878262
     920000 -764.110718
     921000 -764.223727
     922000 -766.520891
     923000 -764.445071
     924000 -764.543383
     925000 -764.740676
     926000 -766.184602
     927000 -764.884701
     928000 -765.592539
     929000 -766.745094
     930000 -764.987505
     931000 -764.144972
     932000 -764.191047
     933000 -764.254966
     934000 -765.190642
     935000 -764.893874
     936000 -764.892592
     937000 -764.259021
     938000 -764.120985
     939000 -766.432217
     940000 -764.609375
     941000 -764.874632
     942000 -764.488275
     943000 -764.134609
     944000 -766.780310
     945000 -764.245818
     946000 -764.132642
     947000 -764.153800
     948000 -764.982177
     949000 -764.194406
     950000 -764.271211
     951000 -765.025140
     952000 -766.574475
     953000 -764.249728
     954000 -765.756826
     955000 -764.963882
     956000 -765.097316
     957000 -765.137896
     958000 -766.039871
     959000 -765.148169
     960000 -764.183856
     961000 -764.197849
     962000 -765.233290
     963000 -764.112348
     964000 -765.031704
     965000 -765.034867
     966000 -764.174098
     967000 -765.097085
     968000 -764.356927
     969000 -766.550064
     970000 -764.252658
     971000 -765.016860
     972000 -764.322915
     973000 -764.522142
     974000 -767.860675
     975000 -765.165306
     976000 -765.206193
     977000 -764.439200
     978000 -765.426416
     979000 -764.945055
     980000 -764.486305
     981000 -765.108652
     982000 -764.137103
     983000 -765.434227
     984000 -764.965283
     985000 -764.165725
     986000 -764.341582
     987000 -764.456984
     988000 -764.871043
     989000 -764.300075
     990000 -765.691280
     991000 -764.359704
     992000 -765.048015
     993000 -764.625622
     994000 -764.613395
     995000 -764.875423
     996000 -766.165555
     997000 -764.780140
     998000 -764.351822
     999000 -764.867268
    1000000 -765.334059
