    genPlus1     spaQ
        1000  0.359359
        2000  0.268284
        3000  0.284700
        4000  0.261638
        5000  0.300023
        6000  0.262509
        7000  0.202942
        8000  0.196735
        9000  0.288395
       10000  0.326543
       11000  0.314699
       12000  0.259079
       13000  0.200571
       14000  0.235525
       15000  0.242345
       16000  0.229746
       17000  0.304521
       18000  0.288618
       19000  0.274649
       20000  0.242120
       21000  0.184318
       22000  0.337819
       23000  0.199829
       24000  0.271826
       25000  0.256314
       26000  0.190547
       27000  0.227117
       28000  0.239242
       29000  0.197459
       30000  0.340328
       31000  0.247791
       32000  0.354956
       33000  0.288321
       34000  0.303815
       35000  0.208004
       36000  0.269043
       37000  0.318138
       38000  0.263724
       39000  0.241366
       40000  0.259940
       41000  0.203511
       42000  0.295021
       43000  0.276742
       44000  0.256321
       45000  0.240920
       46000  0.233385
       47000  0.219400
       48000  0.280520
       49000  0.272999
       50000  0.219118
       51000  0.222525
       52000  0.251656
       53000  0.270464
       54000  0.208775
       55000  0.218780
       56000  0.310729
       57000  0.232672
       58000  0.305345
       59000  0.293380
       60000  0.259752
       61000  0.202097
       62000  0.233471
       63000  0.187369
       64000  0.227218
       65000  0.342418
       66000  0.195918
       67000  0.312653
       68000  0.218629
       69000  0.244931
       70000  0.185319
       71000  0.275536
       72000  0.293288
       73000  0.265237
       74000  0.275222
       75000  0.241266
       76000  0.276212
       77000  0.212746
       78000  0.215828
       79000  0.241256
       80000  0.293304
       81000  0.216368
       82000  0.272954
       83000  0.232889
       84000  0.168647
       85000  0.281492
       86000  0.339159
       87000  0.260840
       88000  0.268863
       89000  0.274907
       90000  0.191367
       91000  0.230976
       92000  0.238802
       93000  0.235078
       94000  0.240381
       95000  0.239250
       96000  0.310090
       97000  0.298765
       98000  0.207734
       99000  0.218729
      100000  0.239733
      101000  0.300983
      102000  0.274317
      103000  0.221232
      104000  0.289036
      105000  0.310465
      106000  0.260004
      107000  0.276811
      108000  0.321155
      109000  0.208121
      110000  0.187682
      111000  0.312992
      112000  0.343465
      113000  0.208606
      114000  0.244923
      115000  0.291966
      116000  0.304939
      117000  0.268072
      118000  0.277052
      119000  0.302084
      120000  0.238625
      121000  0.308782
      122000  0.243115
      123000  0.282124
      124000  0.308554
      125000  0.225720
      126000  0.254279
      127000  0.302521
      128000  0.226488
      129000  0.244714
      130000  0.245960
      131000  0.309166
      132000  0.221324
      133000  0.253087
      134000  0.309928
      135000  0.310651
      136000  0.279517
      137000  0.258518
      138000  0.262916
      139000  0.265267
      140000  0.264158
      141000  0.274470
      142000  0.195657
      143000  0.222115
      144000  0.305169
      145000  0.282846
      146000  0.317791
      147000  0.246791
      148000  0.341408
      149000  0.321008
      150000  0.244669
      151000  0.222023
      152000  0.267694
      153000  0.281122
      154000  0.273628
      155000  0.224310
      156000  0.336478
      157000  0.188529
      158000  0.286860
      159000  0.296316
      160000  0.282248
      161000  0.283085
      162000  0.206959
      163000  0.312148
      164000  0.293213
      165000  0.222982
      166000  0.223482
      167000  0.321761
      168000  0.293517
      169000  0.238792
      170000  0.274848
      171000  0.250538
      172000  0.241570
      173000  0.233432
      174000  0.246434
      175000  0.283693
      176000  0.270504
      177000  0.266116
      178000  0.279764
      179000  0.276727
      180000  0.267287
      181000  0.317864
      182000  0.275527
      183000  0.354876
      184000  0.235557
      185000  0.288036
      186000  0.250486
      187000  0.233096
      188000  0.253342
      189000  0.300411
      190000  0.203632
      191000  0.230778
      192000  0.289508
      193000  0.293376
      194000  0.220742
      195000  0.267433
      196000  0.243177
      197000  0.307150
      198000  0.178882
      199000  0.251459
      200000  0.265446
      201000  0.239132
      202000  0.279861
      203000  0.194649
      204000  0.272023
      205000  0.183045
      206000  0.278933
      207000  0.252823
      208000  0.284111
      209000  0.212748
      210000  0.221992
      211000  0.271680
      212000  0.260286
      213000  0.296726
      214000  0.247707
      215000  0.247667
      216000  0.272443
      217000  0.230095
      218000  0.261833
      219000  0.238628
      220000  0.264584
      221000  0.228246
      222000  0.247895
      223000  0.301954
      224000  0.267392
      225000  0.279966
      226000  0.296562
      227000  0.211712
      228000  0.272866
      229000  0.213059
      230000  0.255717
      231000  0.314118
      232000  0.344182
      233000  0.228340
      234000  0.273486
      235000  0.259750
      236000  0.235721
      237000  0.279388
      238000  0.243528
      239000  0.284068
      240000  0.243458
      241000  0.311455
      242000  0.242677
      243000  0.290595
      244000  0.245361
      245000  0.203122
      246000  0.195666
      247000  0.330414
      248000  0.275015
      249000  0.246051
      250000  0.360500
      251000  0.236770
      252000  0.223175
      253000  0.283162
      254000  0.280579
      255000  0.328217
      256000  0.252979
      257000  0.240292
      258000  0.262127
      259000  0.225771
      260000  0.236489
      261000  0.232538
      262000  0.297009
      263000  0.311074
      264000  0.251724
      265000  0.269318
      266000  0.230343
      267000  0.234468
      268000  0.215332
      269000  0.300238
      270000  0.238083
      271000  0.200929
      272000  0.318462
      273000  0.299681
      274000  0.295013
      275000  0.218041
      276000  0.218795
      277000  0.283269
      278000  0.187859
      279000  0.259262
      280000  0.218166
      281000  0.312013
      282000  0.330361
      283000  0.282314
      284000  0.234738
      285000  0.228853
      286000  0.299202
      287000  0.205198
      288000  0.219349
      289000  0.271881
      290000  0.312071
      291000  0.248812
      292000  0.265219
      293000  0.259995
      294000  0.269730
      295000  0.278891
      296000  0.220945
      297000  0.253264
      298000  0.279886
      299000  0.224475
      300000  0.278020
      301000  0.254454
      302000  0.242533
      303000  0.292579
      304000  0.230367
      305000  0.278644
      306000  0.310136
      307000  0.262316
      308000  0.153350
      309000  0.275300
      310000  0.202337
      311000  0.278229
      312000  0.257867
      313000  0.220239
      314000  0.279142
      315000  0.244456
      316000  0.237108
      317000  0.226465
      318000  0.242488
      319000  0.212109
      320000  0.277982
      321000  0.308725
      322000  0.314467
      323000  0.305896
      324000  0.233998
      325000  0.290044
      326000  0.205344
      327000  0.227340
      328000  0.237455
      329000  0.284492
      330000  0.305411
      331000  0.294343
      332000  0.267921
      333000  0.289054
      334000  0.299948
      335000  0.283185
      336000  0.342911
      337000  0.228148
      338000  0.161885
      339000  0.261299
      340000  0.246712
      341000  0.334401
      342000  0.282976
      343000  0.267345
      344000  0.245190
      345000  0.199211
      346000  0.291943
      347000  0.288893
      348000  0.195985
      349000  0.218102
      350000  0.208115
      351000  0.291810
      352000  0.255114
      353000  0.192122
      354000  0.266092
      355000  0.204184
      356000  0.208749
      357000  0.240522
      358000  0.228100
      359000  0.256097
      360000  0.247485
      361000  0.160811
      362000  0.320950
      363000  0.297906
      364000  0.199769
      365000  0.278458
      366000  0.263695
      367000  0.330947
      368000  0.363284
      369000  0.223796
      370000  0.235062
      371000  0.293130
      372000  0.222845
      373000  0.282727
      374000  0.260991
      375000  0.250550
      376000  0.189258
      377000  0.249313
      378000  0.282211
      379000  0.295029
      380000  0.318020
      381000  0.241623
      382000  0.222712
      383000  0.204654
      384000  0.219652
      385000  0.282391
      386000  0.202425
      387000  0.266290
      388000  0.225895
      389000  0.238109
      390000  0.238537
      391000  0.221638
      392000  0.344337
      393000  0.243488
      394000  0.208869
      395000  0.196736
      396000  0.212103
      397000  0.266496
      398000  0.351531
      399000  0.212102
      400000  0.253812
      401000  0.275332
      402000  0.304138
      403000  0.274531
      404000  0.306269
      405000  0.234976
      406000  0.307028
      407000  0.339344
      408000  0.261250
      409000  0.233791
      410000  0.252360
      411000  0.248940
      412000  0.253468
      413000  0.264245
      414000  0.369522
      415000  0.257095
      416000  0.193031
      417000  0.321321
      418000  0.210467
      419000  0.241828
      420000  0.298644
      421000  0.213816
      422000  0.270137
      423000  0.237978
      424000  0.264443
      425000  0.221720
      426000  0.245450
      427000  0.233038
      428000  0.253549
      429000  0.232647
      430000  0.218823
      431000  0.263024
      432000  0.203049
      433000  0.299199
      434000  0.217388
      435000  0.278855
      436000  0.210604
      437000  0.217064
      438000  0.344745
      439000  0.195543
      440000  0.214840
      441000  0.278003
      442000  0.268709
      443000  0.262626
      444000  0.202202
      445000  0.263943
      446000  0.233423
      447000  0.289380
      448000  0.267198
      449000  0.245965
      450000  0.331802
      451000  0.328143
      452000  0.287717
      453000  0.294321
      454000  0.191817
      455000  0.275698
      456000  0.204028
      457000  0.269857
      458000  0.308027
      459000  0.288600
      460000  0.299801
      461000  0.269508
      462000  0.217839
      463000  0.276340
      464000  0.291973
      465000  0.254574
      466000  0.273241
      467000  0.254185
      468000  0.277268
      469000  0.273168
      470000  0.174024
      471000  0.346699
      472000  0.296865
      473000  0.325957
      474000  0.275052
      475000  0.259720
      476000  0.229293
      477000  0.273475
      478000  0.230789
      479000  0.241058
      480000  0.256836
      481000  0.277362
      482000  0.234435
      483000  0.305052
      484000  0.236431
      485000  0.254732
      486000  0.253708
      487000  0.230929
      488000  0.289899
      489000  0.234240
      490000  0.282827
      491000  0.301941
      492000  0.300696
      493000  0.198170
      494000  0.245480
      495000  0.227447
      496000  0.247233
      497000  0.244589
      498000  0.281695
      499000  0.294381
      500000  0.206980
      501000  0.304867
      502000  0.312012
      503000  0.257762
      504000  0.227078
      505000  0.297012
      506000  0.249708
      507000  0.268648
      508000  0.207385
      509000  0.225955
      510000  0.334719
      511000  0.278130
      512000  0.319303
      513000  0.239065
      514000  0.291338
      515000  0.252332
      516000  0.300299
      517000  0.335281
      518000  0.238809
      519000  0.311787
      520000  0.286477
      521000  0.268169
      522000  0.205357
      523000  0.242967
      524000  0.281190
      525000  0.201672
      526000  0.197296
      527000  0.263887
      528000  0.283998
      529000  0.246349
      530000  0.268997
      531000  0.290129
      532000  0.236562
      533000  0.241934
      534000  0.252080
      535000  0.243058
      536000  0.292466
      537000  0.189598
      538000  0.217494
      539000  0.231491
      540000  0.247895
      541000  0.290400
      542000  0.256560
      543000  0.212151
      544000  0.301053
      545000  0.277288
      546000  0.264715
      547000  0.253161
      548000  0.257752
      549000  0.295641
      550000  0.205900
      551000  0.249850
      552000  0.350430
      553000  0.271088
      554000  0.293350
      555000  0.240671
      556000  0.213862
      557000  0.259907
      558000  0.297006
      559000  0.377560
      560000  0.196774
      561000  0.258544
      562000  0.258839
      563000  0.200466
      564000  0.261502
      565000  0.256782
      566000  0.239244
      567000  0.196594
      568000  0.259415
      569000  0.207892
      570000  0.234012
      571000  0.209629
      572000  0.296289
      573000  0.233522
      574000  0.244284
      575000  0.261019
      576000  0.232109
      577000  0.280333
      578000  0.214187
      579000  0.224781
      580000  0.243147
      581000  0.228076
      582000  0.214276
      583000  0.216761
      584000  0.215573
      585000  0.245312
      586000  0.269523
      587000  0.271561
      588000  0.233242
      589000  0.319733
      590000  0.195858
      591000  0.315823
      592000  0.256575
      593000  0.238198
      594000  0.289208
      595000  0.254254
      596000  0.247825
      597000  0.326248
      598000  0.197854
      599000  0.284961
      600000  0.312267
      601000  0.254844
      602000  0.284331
      603000  0.273421
      604000  0.283227
      605000  0.284391
      606000  0.287425
      607000  0.239519
      608000  0.229160
      609000  0.231623
      610000  0.281498
      611000  0.247095
      612000  0.333341
      613000  0.234018
      614000  0.308421
      615000  0.312605
      616000  0.229067
      617000  0.229041
      618000  0.263248
      619000  0.214739
      620000  0.189005
      621000  0.296992
      622000  0.306421
      623000  0.258782
      624000  0.245968
      625000  0.295053
      626000  0.198046
      627000  0.296389
      628000  0.220479
      629000  0.259267
      630000  0.191124
      631000  0.263246
      632000  0.214100
      633000  0.238522
      634000  0.170908
      635000  0.207171
      636000  0.295712
      637000  0.226848
      638000  0.284464
      639000  0.240307
      640000  0.288324
      641000  0.245448
      642000  0.284807
      643000  0.291465
      644000  0.271029
      645000  0.214376
      646000  0.250180
      647000  0.252302
      648000  0.252985
      649000  0.284673
      650000  0.247841
      651000  0.277086
      652000  0.200208
      653000  0.279637
      654000  0.237402
      655000  0.323332
      656000  0.328258
      657000  0.311511
      658000  0.241402
      659000  0.238360
      660000  0.255067
      661000  0.241114
      662000  0.295333
      663000  0.263619
      664000  0.276502
      665000  0.278924
      666000  0.199111
      667000  0.321506
      668000  0.204803
      669000  0.271493
      670000  0.293723
      671000  0.256168
      672000  0.316584
      673000  0.202643
      674000  0.251713
      675000  0.199722
      676000  0.256094
      677000  0.240331
      678000  0.241719
      679000  0.222675
      680000  0.286602
      681000  0.275916
      682000  0.243834
      683000  0.281778
      684000  0.215205
      685000  0.247538
      686000  0.333443
      687000  0.214741
      688000  0.290044
      689000  0.282426
      690000  0.252185
      691000  0.283047
      692000  0.194371
      693000  0.322225
      694000  0.256997
      695000  0.293760
      696000  0.304239
      697000  0.356470
      698000  0.208205
      699000  0.179705
      700000  0.216403
      701000  0.204338
      702000  0.308661
      703000  0.261767
      704000  0.256257
      705000  0.289612
      706000  0.301310
      707000  0.299551
      708000  0.345620
      709000  0.216088
      710000  0.331191
      711000  0.296943
      712000  0.351034
      713000  0.263569
      714000  0.255031
      715000  0.223842
      716000  0.292049
      717000  0.223988
      718000  0.227591
      719000  0.210564
      720000  0.273874
      721000  0.217383
      722000  0.321253
      723000  0.255079
      724000  0.186425
      725000  0.252209
      726000  0.270569
      727000  0.245688
      728000  0.226124
      729000  0.244962
      730000  0.199262
      731000  0.269863
      732000  0.271799
      733000  0.253989
      734000  0.268863
      735000  0.259411
      736000  0.319496
      737000  0.308009
      738000  0.221564
      739000  0.252955
      740000  0.251978
      741000  0.179776
      742000  0.257119
      743000  0.270708
      744000  0.235872
      745000  0.248747
      746000  0.263938
      747000  0.241384
      748000  0.228643
      749000  0.226431
      750000  0.225830
      751000  0.211739
      752000  0.254173
      753000  0.263951
      754000  0.290180
      755000  0.242492
      756000  0.232189
      757000  0.233589
      758000  0.206225
      759000  0.306591
      760000  0.279985
      761000  0.303841
      762000  0.256701
      763000  0.290499
      764000  0.219143
      765000  0.314589
      766000  0.216324
      767000  0.251788
      768000  0.261215
      769000  0.310860
      770000  0.269592
      771000  0.255141
      772000  0.265627
      773000  0.219790
      774000  0.180481
      775000  0.304377
      776000  0.254778
      777000  0.266345
      778000  0.272532
      779000  0.190284
      780000  0.242977
      781000  0.295821
      782000  0.282399
      783000  0.268741
      784000  0.155401
      785000  0.232341
      786000  0.349697
      787000  0.226742
      788000  0.283110
      789000  0.283600
      790000  0.312035
      791000  0.216105
      792000  0.205839
      793000  0.191913
      794000  0.208833
      795000  0.235607
      796000  0.338530
      797000  0.226589
      798000  0.351700
      799000  0.261419
      800000  0.179056
      801000  0.275644
      802000  0.228077
      803000  0.309775
      804000  0.255476
      805000  0.267261
      806000  0.242130
      807000  0.205884
      808000  0.236063
      809000  0.275498
      810000  0.292299
      811000  0.277117
      812000  0.221629
      813000  0.272553
      814000  0.232467
      815000  0.247371
      816000  0.289507
      817000  0.244710
      818000  0.302920
      819000  0.321457
      820000  0.351722
      821000  0.302932
      822000  0.293265
      823000  0.251618
      824000  0.241845
      825000  0.295478
      826000  0.344231
      827000  0.283053
      828000  0.265819
      829000  0.279473
      830000  0.284682
      831000  0.218145
      832000  0.301392
      833000  0.210265
      834000  0.288711
      835000  0.331145
      836000  0.285725
      837000  0.280219
      838000  0.225173
      839000  0.288747
      840000  0.294990
      841000  0.212164
      842000  0.293621
      843000  0.325696
      844000  0.324927
      845000  0.261530
      846000  0.225821
      847000  0.266719
      848000  0.298869
      849000  0.249761
      850000  0.237476
      851000  0.264883
      852000  0.167159
      853000  0.272646
      854000  0.270755
      855000  0.322151
      856000  0.286073
      857000  0.187342
      858000  0.208642
      859000  0.213525
      860000  0.305598
      861000  0.250392
      862000  0.222785
      863000  0.263205
      864000  0.305384
      865000  0.185670
      866000  0.294992
      867000  0.217853
      868000  0.247042
      869000  0.241721
      870000  0.174007
      871000  0.291704
      872000  0.264641
      873000  0.286229
      874000  0.257734
      875000  0.303848
      876000  0.254322
      877000  0.234856
      878000  0.267303
      879000  0.267968
      880000  0.234941
      881000  0.297411
      882000  0.260761
      883000  0.170063
      884000  0.261867
      885000  0.326951
      886000  0.252626
      887000  0.219665
      888000  0.279868
      889000  0.236327
      890000  0.294926
      891000  0.205472
      892000  0.283510
      893000  0.304492
      894000  0.227805
      895000  0.258128
      896000  0.349892
      897000  0.287948
      898000  0.222351
      899000  0.260351
      900000  0.270505
      901000  0.248305
      902000  0.328772
      903000  0.255447
      904000  0.213740
      905000  0.241403
      906000  0.277995
      907000  0.267064
      908000  0.282096
      909000  0.302640
      910000  0.236720
      911000  0.259838
      912000  0.244769
      913000  0.209553
      914000  0.258864
      915000  0.226907
      916000  0.188496
      917000  0.295183
      918000  0.235230
      919000  0.228634
      920000  0.301846
      921000  0.264709
      922000  0.222189
      923000  0.221736
      924000  0.315941
      925000  0.309825
      926000  0.299646
      927000  0.289329
      928000  0.281874
      929000  0.219371
      930000  0.260565
      931000  0.189400
      932000  0.218610
      933000  0.237210
      934000  0.281198
      935000  0.252864
      936000  0.227176
      937000  0.237018
      938000  0.220268
      939000  0.258820
      940000  0.266538
      941000  0.277590
      942000  0.313329
      943000  0.293461
      944000  0.234346
      945000  0.230618
      946000  0.253569
      947000  0.294969
      948000  0.258304
      949000  0.241417
      950000  0.311108
      951000  0.267448
      952000  0.203563
      953000  0.306346
      954000  0.279425
      955000  0.320115
      956000  0.239196
      957000  0.224673
      958000  0.208307
      959000  0.232041
      960000  0.327288
      961000  0.236744
      962000  0.265695
      963000  0.317375
      964000  0.231537
      965000  0.285115
      966000  0.271336
      967000  0.246915
      968000  0.227123
      969000  0.270824
      970000  0.256867
      971000  0.257767
      972000  0.255544
      973000  0.223259
      974000  0.315471
      975000  0.248300
      976000  0.255094
      977000  0.288369
      978000  0.311800
      979000  0.272858
      980000  0.232267
      981000  0.341894
      982000  0.235999
      983000  0.329265
      984000  0.244505
      985000  0.289764
      986000  0.283598
      987000  0.274705
      988000  0.227074
      989000  0.298762
      990000  0.257588
      991000  0.187446
      992000  0.251346
      993000  0.210823
      994000  0.236119
      995000  0.234342
      996000  0.220237
      997000  0.249974
      998000  0.221413
      999000  0.299932
     1000000  0.256725
