    genPlus1     spaQ
        1000  0.154072
        2000  0.162010
        3000  0.119429
        4000  0.133789
        5000  0.179525
        6000  0.166245
        7000  0.115745
        8000  0.082814
        9000  0.150552
       10000  0.086522
       11000  0.179800
       12000  0.117298
       13000  0.114285
       14000  0.122392
       15000  0.169274
       16000  0.135246
       17000  0.155926
       18000  0.131603
       19000  0.123919
       20000  0.127680
       21000  0.136996
       22000  0.126685
       23000  0.173935
       24000  0.114260
       25000  0.097885
       26000  0.165252
       27000  0.087798
       28000  0.147574
       29000  0.159862
       30000  0.145328
       31000  0.087352
       32000  0.092848
       33000  0.129845
       34000  0.158952
       35000  0.114807
       36000  0.107403
       37000  0.111336
       38000  0.069877
       39000  0.124538
       40000  0.083003
       41000  0.154637
       42000  0.106559
       43000  0.119467
       44000  0.111279
       45000  0.199447
       46000  0.074237
       47000  0.124340
       48000  0.166876
       49000  0.122618
       50000  0.079754
       51000  0.106822
       52000  0.142159
       53000  0.121232
       54000  0.148108
       55000  0.117426
       56000  0.139457
       57000  0.050585
       58000  0.101580
       59000  0.092839
       60000  0.083839
       61000  0.099024
       62000  0.127915
       63000  0.125349
       64000  0.122084
       65000  0.135051
       66000  0.118558
       67000  0.123584
       68000  0.129021
       69000  0.128326
       70000  0.166614
       71000  0.194431
       72000  0.128927
       73000  0.165166
       74000  0.091210
       75000  0.100014
       76000  0.143353
       77000  0.120281
       78000  0.137376
       79000  0.111275
       80000  0.081132
       81000  0.089293
       82000  0.155125
       83000  0.084860
       84000  0.141624
       85000  0.129083
       86000  0.076593
       87000  0.102617
       88000  0.104123
       89000  0.086632
       90000  0.116027
       91000  0.063087
       92000  0.120771
       93000  0.117715
       94000  0.148540
       95000  0.232258
       96000  0.147998
       97000  0.077344
       98000  0.045358
       99000  0.142352
      100000  0.145902
      101000  0.111172
      102000  0.059202
      103000  0.177418
      104000  0.138188
      105000  0.142526
      106000  0.140809
      107000  0.146374
      108000  0.184606
      109000  0.100544
      110000  0.081149
      111000  0.104990
      112000  0.156443
      113000  0.141986
      114000  0.106830
      115000  0.136566
      116000  0.181659
      117000  0.098786
      118000  0.080305
      119000  0.098537
      120000  0.131799
      121000  0.132394
      122000  0.130181
      123000  0.112933
      124000  0.081046
      125000  0.089638
      126000  0.078366
      127000  0.066040
      128000  0.119399
      129000  0.118346
      130000  0.123712
      131000  0.115834
      132000  0.115829
      133000  0.108516
      134000  0.100837
      135000  0.094038
      136000  0.109524
      137000  0.126222
      138000  0.149026
      139000  0.128456
      140000  0.137538
      141000  0.110666
      142000  0.087984
      143000  0.142052
      144000  0.145987
      145000  0.142601
      146000  0.052704
      147000  0.078446
      148000  0.141448
      149000  0.123654
      150000  0.128330
      151000  0.150665
      152000  0.165107
      153000  0.189488
      154000  0.119357
      155000  0.117495
      156000  0.148073
      157000  0.130554
      158000  0.109749
      159000  0.106484
      160000  0.089291
      161000  0.151414
      162000  0.173290
      163000  0.135071
      164000  0.097572
      165000  0.110993
      166000  0.144812
      167000  0.100915
      168000  0.098494
      169000  0.086209
      170000  0.112530
      171000  0.100437
      172000  0.131236
      173000  0.132136
      174000  0.098768
      175000  0.093601
      176000  0.123054
      177000  0.089789
      178000  0.093503
      179000  0.090767
      180000  0.161311
      181000  0.084630
      182000  0.174890
      183000  0.114183
      184000  0.123666
      185000  0.154117
      186000  0.158580
      187000  0.095837
      188000  0.135828
      189000  0.153668
      190000  0.070556
      191000  0.107786
      192000  0.105806
      193000  0.148359
      194000  0.103434
      195000  0.146127
      196000  0.185903
      197000  0.132338
      198000  0.177525
      199000  0.182020
      200000  0.123574
      201000  0.093990
      202000  0.123602
      203000  0.108735
      204000  0.068696
      205000  0.076300
      206000  0.109065
      207000  0.133952
      208000  0.106783
      209000  0.151341
      210000  0.125862
      211000  0.106539
      212000  0.137922
      213000  0.096389
      214000  0.120198
      215000  0.145988
      216000  0.095180
      217000  0.122745
      218000  0.095177
      219000  0.146814
      220000  0.127965
      221000  0.151868
      222000  0.107553
      223000  0.095515
      224000  0.128408
      225000  0.099080
      226000  0.157030
      227000  0.073512
      228000  0.113326
      229000  0.185731
      230000  0.173267
      231000  0.120153
      232000  0.090324
      233000  0.130192
      234000  0.137367
      235000  0.086485
      236000  0.108958
      237000  0.141374
      238000  0.109798
      239000  0.085189
      240000  0.139058
      241000  0.078982
      242000  0.117476
      243000  0.122553
      244000  0.179375
      245000  0.097768
      246000  0.131564
      247000  0.134749
      248000  0.093334
      249000  0.104232
      250000  0.155331
      251000  0.117797
      252000  0.101727
      253000  0.154977
      254000  0.120504
      255000  0.100359
      256000  0.082439
      257000  0.098857
      258000  0.072264
      259000  0.078872
      260000  0.123219
      261000  0.099864
      262000  0.093226
      263000  0.100189
      264000  0.162361
      265000  0.155523
      266000  0.104676
      267000  0.126518
      268000  0.113477
      269000  0.115589
      270000  0.063057
      271000  0.140787
      272000  0.111185
      273000  0.129076
      274000  0.108802
      275000  0.104925
      276000  0.161220
      277000  0.112031
      278000  0.129705
      279000  0.114799
      280000  0.116632
      281000  0.118866
      282000  0.101532
      283000  0.091927
      284000  0.108706
      285000  0.114106
      286000  0.171206
      287000  0.107173
      288000  0.179811
      289000  0.150411
      290000  0.075839
      291000  0.121470
      292000  0.111324
      293000  0.128765
      294000  0.090376
      295000  0.079488
      296000  0.129289
      297000  0.094673
      298000  0.108394
      299000  0.133950
      300000  0.122318
      301000  0.130241
      302000  0.124650
      303000  0.135940
      304000  0.137191
      305000  0.110897
      306000  0.073492
      307000  0.151148
      308000  0.103019
      309000  0.102870
      310000  0.129333
      311000  0.117964
      312000  0.088553
      313000  0.103717
      314000  0.125010
      315000  0.139897
      316000  0.137904
      317000  0.120369
      318000  0.119452
      319000  0.118737
      320000  0.074345
      321000  0.123150
      322000  0.081181
      323000  0.100820
      324000  0.180221
      325000  0.093349
      326000  0.112659
      327000  0.118897
      328000  0.105098
      329000  0.096409
      330000  0.114959
      331000  0.105406
      332000  0.112791
      333000  0.099560
      334000  0.110943
      335000  0.111961
      336000  0.170435
      337000  0.135376
      338000  0.131176
      339000  0.104485
      340000  0.149223
      341000  0.153313
      342000  0.147201
      343000  0.108956
      344000  0.124842
      345000  0.198621
      346000  0.168954
      347000  0.072086
      348000  0.131357
      349000  0.104837
      350000  0.107365
      351000  0.107609
      352000  0.099601
      353000  0.060700
      354000  0.110245
      355000  0.099505
      356000  0.164643
      357000  0.150319
      358000  0.118100
      359000  0.097797
      360000  0.122049
      361000  0.194431
      362000  0.064763
      363000  0.175579
      364000  0.156144
      365000  0.180634
      366000  0.098163
      367000  0.086885
      368000  0.151334
      369000  0.139599
      370000  0.060187
      371000  0.177968
      372000  0.123568
      373000  0.097894
      374000  0.098576
      375000  0.146227
      376000  0.084778
      377000  0.100122
      378000  0.138531
      379000  0.139736
      380000  0.153914
      381000  0.143612
      382000  0.137083
      383000  0.103918
      384000  0.127824
      385000  0.142735
      386000  0.105275
      387000  0.097226
      388000  0.138228
      389000  0.112171
      390000  0.131348
      391000  0.152744
      392000  0.087352
      393000  0.179291
      394000  0.099450
      395000  0.112816
      396000  0.090035
      397000  0.135500
      398000  0.111018
      399000  0.063100
      400000  0.141118
      401000  0.092657
      402000  0.142097
      403000  0.126986
      404000  0.101248
      405000  0.091929
      406000  0.121612
      407000  0.136153
      408000  0.157795
      409000  0.113165
      410000  0.117921
      411000  0.157886
      412000  0.102784
      413000  0.085002
      414000  0.073165
      415000  0.130423
      416000  0.089588
      417000  0.152325
      418000  0.098418
      419000  0.178460
      420000  0.119099
      421000  0.125296
      422000  0.151461
      423000  0.121943
      424000  0.138784
      425000  0.114149
      426000  0.102752
      427000  0.130752
      428000  0.085571
      429000  0.125524
      430000  0.095821
      431000  0.096824
      432000  0.101674
      433000  0.162904
      434000  0.152154
      435000  0.078930
      436000  0.115322
      437000  0.102055
      438000  0.173118
      439000  0.095738
      440000  0.138665
      441000  0.070761
      442000  0.163487
      443000  0.126317
      444000  0.093932
      445000  0.104235
      446000  0.162660
      447000  0.122278
      448000  0.086118
      449000  0.131377
      450000  0.146796
      451000  0.130178
      452000  0.112347
      453000  0.129547
      454000  0.084081
      455000  0.090186
      456000  0.071126
      457000  0.154715
      458000  0.177244
      459000  0.091176
      460000  0.100450
      461000  0.144610
      462000  0.114206
      463000  0.168876
      464000  0.100719
      465000  0.133396
      466000  0.098469
      467000  0.094470
      468000  0.155238
      469000  0.109841
      470000  0.210214
      471000  0.119711
      472000  0.074978
      473000  0.115257
      474000  0.184758
      475000  0.085819
      476000  0.124939
      477000  0.209706
      478000  0.137474
      479000  0.118617
      480000  0.102798
      481000  0.140693
      482000  0.108725
      483000  0.125875
      484000  0.112772
      485000  0.151719
      486000  0.110542
      487000  0.134810
      488000  0.118944
      489000  0.089973
      490000  0.214762
      491000  0.181699
      492000  0.143481
      493000  0.174200
      494000  0.101605
      495000  0.137435
      496000  0.142902
      497000  0.119051
      498000  0.105619
      499000  0.082349
      500000  0.125902
      501000  0.174041
      502000  0.074727
      503000  0.129670
      504000  0.093931
      505000  0.101045
      506000  0.133483
      507000  0.148044
      508000  0.154902
      509000  0.181913
      510000  0.125898
      511000  0.110985
      512000  0.122250
      513000  0.097182
      514000  0.146681
      515000  0.098071
      516000  0.102316
      517000  0.178938
      518000  0.077615
      519000  0.142595
      520000  0.117284
      521000  0.173062
      522000  0.093156
      523000  0.123443
      524000  0.083287
      525000  0.106034
      526000  0.139187
      527000  0.117507
      528000  0.127857
      529000  0.146844
      530000  0.155815
      531000  0.130447
      532000  0.210187
      533000  0.156304
      534000  0.112166
      535000  0.129495
      536000  0.104800
      537000  0.112279
      538000  0.168732
      539000  0.104539
      540000  0.176818
      541000  0.073065
      542000  0.132820
      543000  0.118886
      544000  0.143268
      545000  0.103716
      546000  0.107612
      547000  0.128010
      548000  0.117489
      549000  0.141696
      550000  0.074896
      551000  0.122872
      552000  0.115041
      553000  0.144401
      554000  0.097908
      555000  0.139006
      556000  0.107122
      557000  0.103841
      558000  0.125572
      559000  0.188964
      560000  0.119085
      561000  0.125311
      562000  0.135745
      563000  0.112412
      564000  0.141824
      565000  0.115262
      566000  0.101116
      567000  0.139204
      568000  0.051347
      569000  0.100353
      570000  0.113109
      571000  0.113145
      572000  0.093419
      573000  0.100081
      574000  0.098281
      575000  0.135181
      576000  0.070985
      577000  0.163452
      578000  0.159429
      579000  0.072664
      580000  0.158717
      581000  0.102185
      582000  0.137776
      583000  0.093906
      584000  0.077412
      585000  0.163952
      586000  0.089739
      587000  0.132569
      588000  0.112687
      589000  0.037284
      590000  0.111790
      591000  0.132538
      592000  0.123356
      593000  0.136639
      594000  0.146103
      595000  0.108987
      596000  0.166608
      597000  0.110292
      598000  0.145551
      599000  0.096792
      600000  0.150947
      601000  0.147131
      602000  0.094776
      603000  0.121307
      604000  0.121962
      605000  0.103081
      606000  0.114437
      607000  0.086817
      608000  0.134956
      609000  0.149554
      610000  0.101149
      611000  0.120970
      612000  0.126184
      613000  0.137781
      614000  0.076057
      615000  0.149324
      616000  0.096494
      617000  0.140289
      618000  0.103785
      619000  0.118613
      620000  0.112965
      621000  0.131108
      622000  0.068631
      623000  0.086107
      624000  0.143760
      625000  0.127746
      626000  0.137660
      627000  0.105554
      628000  0.158847
      629000  0.146451
      630000  0.141865
      631000  0.106111
      632000  0.078478
      633000  0.128870
      634000  0.119791
      635000  0.108122
      636000  0.146076
      637000  0.076602
      638000  0.114625
      639000  0.085321
      640000  0.130998
      641000  0.145071
      642000  0.058259
      643000  0.111952
      644000  0.092179
      645000  0.123911
      646000  0.086300
      647000  0.101881
      648000  0.104492
      649000  0.087277
      650000  0.154610
      651000  0.130290
      652000  0.109458
      653000  0.172910
      654000  0.126572
      655000  0.152569
      656000  0.078913
      657000  0.135755
      658000  0.073361
      659000  0.088317
      660000  0.169630
      661000  0.104415
      662000  0.064969
      663000  0.146737
      664000  0.119733
      665000  0.101825
      666000  0.158111
      667000  0.168374
      668000  0.139854
      669000  0.138215
      670000  0.123442
      671000  0.169683
      672000  0.095880
      673000  0.097975
      674000  0.095315
      675000  0.138100
      676000  0.091510
      677000  0.134109
      678000  0.091018
      679000  0.099090
      680000  0.103639
      681000  0.109814
      682000  0.120719
      683000  0.102730
      684000  0.212026
      685000  0.108991
      686000  0.153992
      687000  0.184241
      688000  0.110252
      689000  0.086509
      690000  0.158643
      691000  0.125553
      692000  0.102152
      693000  0.101147
      694000  0.149760
      695000  0.123825
      696000  0.081978
      697000  0.084514
      698000  0.119407
      699000  0.096747
      700000  0.092509
      701000  0.083296
      702000  0.106063
      703000  0.110383
      704000  0.125943
      705000  0.155012
      706000  0.134478
      707000  0.150909
      708000  0.175839
      709000  0.164215
      710000  0.130468
      711000  0.106849
      712000  0.085836
      713000  0.181157
      714000  0.094754
      715000  0.172786
      716000  0.169002
      717000  0.100051
      718000  0.122219
      719000  0.112566
      720000  0.113655
      721000  0.104317
      722000  0.107771
      723000  0.118875
      724000  0.097194
      725000  0.081686
      726000  0.161621
      727000  0.135681
      728000  0.132235
      729000  0.108056
      730000  0.075175
      731000  0.120008
      732000  0.111373
      733000  0.131724
      734000  0.128451
      735000  0.123629
      736000  0.117641
      737000  0.123469
      738000  0.119931
      739000  0.135902
      740000  0.164372
      741000  0.087080
      742000  0.139997
      743000  0.104360
      744000  0.173150
      745000  0.115070
      746000  0.131337
      747000  0.132384
      748000  0.065966
      749000  0.113916
      750000  0.115172
      751000  0.096899
      752000  0.152911
      753000  0.102876
      754000  0.117941
      755000  0.104170
      756000  0.050966
      757000  0.141066
      758000  0.070051
      759000  0.148513
      760000  0.103407
      761000  0.047878
      762000  0.110773
      763000  0.085245
      764000  0.096230
      765000  0.127694
      766000  0.138036
      767000  0.162961
      768000  0.102978
      769000  0.148100
      770000  0.159919
      771000  0.124436
      772000  0.090985
      773000  0.089365
      774000  0.128107
      775000  0.088576
      776000  0.078418
      777000  0.092250
      778000  0.082027
      779000  0.139394
      780000  0.107887
      781000  0.115948
      782000  0.113529
      783000  0.135016
      784000  0.095624
      785000  0.111611
      786000  0.102095
      787000  0.148589
      788000  0.092048
      789000  0.094147
      790000  0.115356
      791000  0.119689
      792000  0.142827
      793000  0.133778
      794000  0.129441
      795000  0.108758
      796000  0.094582
      797000  0.135284
      798000  0.143005
      799000  0.173444
      800000  0.059879
      801000  0.150740
      802000  0.114748
      803000  0.157515
      804000  0.071266
      805000  0.125162
      806000  0.120969
      807000  0.148314
      808000  0.112723
      809000  0.104667
      810000  0.107018
      811000  0.145205
      812000  0.163188
      813000  0.147336
      814000  0.146710
      815000  0.121432
      816000  0.094103
      817000  0.132636
      818000  0.086056
      819000  0.085687
      820000  0.128965
      821000  0.141151
      822000  0.116501
      823000  0.138792
      824000  0.109539
      825000  0.168262
      826000  0.082781
      827000  0.096091
      828000  0.079585
      829000  0.109262
      830000  0.099790
      831000  0.136328
      832000  0.077504
      833000  0.116790
      834000  0.126858
      835000  0.141572
      836000  0.133435
      837000  0.096250
      838000  0.117107
      839000  0.111328
      840000  0.092066
      841000  0.096723
      842000  0.196719
      843000  0.113444
      844000  0.073764
      845000  0.078930
      846000  0.134224
      847000  0.087458
      848000  0.133068
      849000  0.152501
      850000  0.168687
      851000  0.089545
      852000  0.137104
      853000  0.125319
      854000  0.137637
      855000  0.056744
      856000  0.229555
      857000  0.089332
      858000  0.104454
      859000  0.121258
      860000  0.098344
      861000  0.215889
      862000  0.178645
      863000  0.066757
      864000  0.124001
      865000  0.112091
      866000  0.127568
      867000  0.117060
      868000  0.143568
      869000  0.155572
      870000  0.093149
      871000  0.116224
      872000  0.123623
      873000  0.117601
      874000  0.095419
      875000  0.139768
      876000  0.120418
      877000  0.157059
      878000  0.107581
      879000  0.198318
      880000  0.079297
      881000  0.149637
      882000  0.143203
      883000  0.152674
      884000  0.137052
      885000  0.101913
      886000  0.106778
      887000  0.133605
      888000  0.162826
      889000  0.150335
      890000  0.135676
      891000  0.107940
      892000  0.209244
      893000  0.071791
      894000  0.167634
      895000  0.080763
      896000  0.102681
      897000  0.111634
      898000  0.120367
      899000  0.081070
      900000  0.124746
      901000  0.150087
      902000  0.099614
      903000  0.091059
      904000  0.128355
      905000  0.125035
      906000  0.179651
      907000  0.128709
      908000  0.132784
      909000  0.114374
      910000  0.128463
      911000  0.103416
      912000  0.159870
      913000  0.123730
      914000  0.144329
      915000  0.110240
      916000  0.086001
      917000  0.165807
      918000  0.128649
      919000  0.149418
      920000  0.116468
      921000  0.054015
      922000  0.152642
      923000  0.187245
      924000  0.113142
      925000  0.154555
      926000  0.134163
      927000  0.173571
      928000  0.107629
      929000  0.081872
      930000  0.125277
      931000  0.143932
      932000  0.055721
      933000  0.127891
      934000  0.090938
      935000  0.141199
      936000  0.129158
      937000  0.111969
      938000  0.113348
      939000  0.110058
      940000  0.132929
      941000  0.097234
      942000  0.123393
      943000  0.118027
      944000  0.138961
      945000  0.111915
      946000  0.090059
      947000  0.131776
      948000  0.081573
      949000  0.081420
      950000  0.174639
      951000  0.140065
      952000  0.146136
      953000  0.125159
      954000  0.143970
      955000  0.101329
      956000  0.133316
      957000  0.081226
      958000  0.114637
      959000  0.124356
      960000  0.115593
      961000  0.132766
      962000  0.111540
      963000  0.107627
      964000  0.136757
      965000  0.110537
      966000  0.124983
      967000  0.107970
      968000  0.158435
      969000  0.108770
      970000  0.166516
      971000  0.148981
      972000  0.139008
      973000  0.174280
      974000  0.120255
      975000  0.142755
      976000  0.183122
      977000  0.114698
      978000  0.141859
      979000  0.152490
      980000  0.090216
      981000  0.103077
      982000  0.129688
      983000  0.145712
      984000  0.210922
      985000  0.093362
      986000  0.056194
      987000  0.118120
      988000  0.182457
      989000  0.139175
      990000  0.076352
      991000  0.154543
      992000  0.152900
      993000  0.121500
      994000  0.131660
      995000  0.124475
      996000  0.139403
      997000  0.108490
      998000  0.100440
      999000  0.067108
     1000000  0.144567
