       1000 -837.823093
       2000 -837.799252
       3000 -837.798905
       4000 -838.250192
       5000 -837.799233
       6000 -837.813926
       7000 -845.493081
       8000 -839.104562
       9000 -838.160110
      10000 -838.576518
      11000 -837.881460
      12000 -840.429361
      13000 -837.934847
      14000 -838.739495
      15000 -838.937606
      16000 -838.156133
      17000 -841.083487
      18000 -838.829658
      19000 -840.394154
      20000 -841.216312
      21000 -837.798418
      22000 -840.663886
      23000 -841.738601
      24000 -837.923658
      25000 -844.175056
      26000 -840.530547
      27000 -837.804627
      28000 -843.179059
      29000 -838.526723
      30000 -840.626995
      31000 -838.841632
      32000 -851.372586
      33000 -838.708273
      34000 -838.154652
      35000 -845.609534
      36000 -839.463733
      37000 -841.083441
      38000 -838.302981
      39000 -837.850217
      40000 -841.560475
      41000 -839.886852
      42000 -838.419125
      43000 -842.462567
      44000 -840.510024
      45000 -837.817194
      46000 -838.545382
      47000 -837.842143
      48000 -838.246994
      49000 -838.621698
      50000 -840.544315
      51000 -837.802514
      52000 -837.834956
      53000 -841.004112
      54000 -838.755509
      55000 -842.831309
      56000 -838.041946
      57000 -841.233627
      58000 -840.495036
      59000 -837.890109
      60000 -839.743269
      61000 -838.382705
      62000 -840.469929
      63000 -841.062279
      64000 -839.964784
      65000 -841.069689
      66000 -840.637333
      67000 -840.646324
      68000 -846.120782
      69000 -839.801806
      70000 -839.277821
      71000 -838.148352
      72000 -843.107371
      73000 -839.484373
      74000 -838.708646
      75000 -840.307717
      76000 -843.192853
      77000 -840.218110
      78000 -837.826221
      79000 -840.063280
      80000 -838.434079
      81000 -838.296354
      82000 -840.437257
      83000 -838.971461
      84000 -837.806520
      85000 -842.728529
      86000 -838.180104
      87000 -842.721415
      88000 -840.052044
      89000 -838.403773
      90000 -837.851806
      91000 -839.878878
      92000 -839.277084
      93000 -839.300223
      94000 -843.702753
      95000 -839.191552
      96000 -839.935681
      97000 -839.172643
      98000 -838.739837
      99000 -837.841481
     100000 -838.896681
     101000 -839.132854
     102000 -837.906580
     103000 -839.190716
     104000 -837.811742
     105000 -837.909731
     106000 -840.764250
     107000 -838.161459
     108000 -840.233277
     109000 -845.414621
     110000 -838.136003
     111000 -840.214326
     112000 -838.168965
     113000 -838.104361
     114000 -838.835247
     115000 -838.145246
     116000 -838.200780
     117000 -841.053468
     118000 -838.149102
     119000 -838.212138
     120000 -838.320591
     121000 -837.808067
     122000 -840.410541
     123000 -838.145710
     124000 -838.151145
     125000 -838.244069
     126000 -839.180220
     127000 -841.011460
     128000 -838.657680
     129000 -838.269622
     130000 -840.018169
     131000 -839.224693
     132000 -837.890896
     133000 -838.846245
     134000 -838.509218
     135000 -838.034872
     136000 -838.278099
     137000 -844.075114
     138000 -838.591182
     139000 -838.257728
     140000 -838.609874
     141000 -839.384478
     142000 -844.734064
     143000 -838.612126
     144000 -840.988322
     145000 -843.341858
     146000 -842.866791
     147000 -843.199761
     148000 -840.010701
     149000 -842.988823
     150000 -844.876620
     151000 -838.851478
     152000 -838.251278
     153000 -838.824888
     154000 -839.045264
     155000 -842.969505
     156000 -839.369449
     157000 -839.568070
     158000 -845.822354
     159000 -837.802206
     160000 -841.126337
     161000 -838.156042
     162000 -839.323689
     163000 -842.625512
     164000 -838.072580
     165000 -838.796799
     166000 -837.839577
     167000 -838.373508
     168000 -840.732237
     169000 -840.704446
     170000 -840.462663
     171000 -846.373748
     172000 -842.598731
     173000 -837.887946
     174000 -837.861723
     175000 -842.935097
     176000 -839.612572
     177000 -838.012687
     178000 -837.798480
     179000 -838.054320
     180000 -838.154533
     181000 -840.877159
     182000 -837.820864
     183000 -837.800676
     184000 -837.848159
     185000 -838.628608
     186000 -839.977101
     187000 -838.145220
     188000 -847.898336
     189000 -838.208522
     190000 -838.738186
     191000 -837.857182
     192000 -841.482503
     193000 -839.242880
     194000 -840.682733
     195000 -838.916766
     196000 -837.846014
     197000 -837.799203
     198000 -837.933684
     199000 -838.250153
     200000 -838.820683
     201000 -837.884520
     202000 -838.291420
     203000 -838.045408
     204000 -840.385582
     205000 -842.921969
     206000 -840.933053
     207000 -847.634728
     208000 -837.808338
     209000 -841.389086
     210000 -839.870596
     211000 -843.638096
     212000 -839.111946
     213000 -840.394689
     214000 -838.330595
     215000 -838.307577
     216000 -838.158768
     217000 -838.345285
     218000 -841.192438
     219000 -840.466199
     220000 -838.266277
     221000 -838.197122
     222000 -838.146861
     223000 -838.750179
     224000 -839.771205
     225000 -837.847103
     226000 -837.843830
     227000 -839.796055
     228000 -839.850519
     229000 -837.866879
     230000 -838.224110
     231000 -840.684936
     232000 -840.686063
     233000 -838.290957
     234000 -842.945930
     235000 -837.836238
     236000 -840.855091
     237000 -841.048476
     238000 -838.289965
     239000 -837.839094
     240000 -838.470470
     241000 -839.149342
     242000 -838.016375
     243000 -839.068358
     244000 -839.194367
     245000 -840.980618
     246000 -843.385812
     247000 -842.987939
     248000 -840.088653
     249000 -838.357270
     250000 -839.102231
     251000 -842.659902
     252000 -837.995843
     253000 -839.976438
     254000 -838.638244
     255000 -840.644075
     256000 -838.312600
     257000 -838.152336
     258000 -839.987664
     259000 -841.188026
     260000 -839.714908
     261000 -838.121088
     262000 -841.192021
     263000 -845.535902
     264000 -841.273770
     265000 -840.728223
     266000 -840.735755
     267000 -840.448988
     268000 -837.889491
     269000 -838.156609
     270000 -837.829675
     271000 -838.146444
     272000 -838.253097
     273000 -838.327450
     274000 -838.928829
     275000 -837.872579
     276000 -842.670222
     277000 -838.725706
     278000 -839.891730
     279000 -838.227284
     280000 -842.702851
     281000 -838.288899
     282000 -843.640636
     283000 -838.239302
     284000 -838.916871
     285000 -837.980992
     286000 -838.209593
     287000 -838.651176
     288000 -840.047570
     289000 -838.770568
     290000 -837.851975
     291000 -843.074942
     292000 -837.814804
     293000 -840.179577
     294000 -837.828930
     295000 -837.928565
     296000 -840.284147
     297000 -838.264909
     298000 -838.159722
     299000 -838.377922
     300000 -839.038591
     301000 -839.252219
     302000 -842.945596
     303000 -838.264399
     304000 -839.875961
     305000 -837.987824
     306000 -840.489392
     307000 -838.780011
     308000 -837.883335
     309000 -837.811180
     310000 -840.660525
     311000 -838.650954
     312000 -838.261423
     313000 -840.865678
     314000 -839.811110
     315000 -846.200397
     316000 -837.873019
     317000 -840.076196
     318000 -838.872535
     319000 -838.231233
     320000 -838.303655
     321000 -840.642114
     322000 -837.806882
     323000 -840.513601
     324000 -841.236585
     325000 -838.020884
     326000 -838.194258
     327000 -840.886540
     328000 -837.935411
     329000 -838.076884
     330000 -847.950723
     331000 -838.183041
     332000 -847.684214
     333000 -838.645575
     334000 -840.405920
     335000 -841.449719
     336000 -839.047990
     337000 -841.029688
     338000 -844.943465
     339000 -838.756915
     340000 -837.808795
     341000 -845.918323
     342000 -843.946427
     343000 -838.445000
     344000 -840.392731
     345000 -838.740286
     346000 -839.255173
     347000 -838.412624
     348000 -838.690035
     349000 -838.265340
     350000 -843.668102
     351000 -838.929178
     352000 -847.647312
     353000 -837.806499
     354000 -837.824071
     355000 -839.981139
     356000 -837.800430
     357000 -838.176702
     358000 -838.801308
     359000 -837.798900
     360000 -839.038861
     361000 -838.243409
     362000 -838.162151
     363000 -838.914784
     364000 -838.145238
     365000 -837.806990
     366000 -837.831004
     367000 -843.659775
     368000 -841.431860
     369000 -837.802773
     370000 -841.302691
     371000 -837.995418
     372000 -842.928412
     373000 -838.156048
     374000 -839.858095
     375000 -838.106151
     376000 -840.655644
     377000 -843.079768
     378000 -838.265745
     379000 -837.950368
     380000 -845.472094
     381000 -837.800433
     382000 -837.996706
     383000 -837.988044
     384000 -838.509915
     385000 -837.979372
     386000 -843.046127
     387000 -840.027974
     388000 -850.136379
     389000 -849.077505
     390000 -842.965576
     391000 -843.643149
     392000 -838.458073
     393000 -838.156252
     394000 -839.595980
     395000 -842.747509
     396000 -840.006788
     397000 -839.420208
     398000 -841.295267
     399000 -838.244086
     400000 -839.423116
     401000 -837.809885
     402000 -838.071221
     403000 -838.285338
     404000 -840.464402
     405000 -844.025410
     406000 -843.723501
     407000 -837.812777
     408000 -846.071178
     409000 -843.163959
     410000 -838.936112
     411000 -837.880022
     412000 -838.291810
     413000 -837.816032
     414000 -842.539417
     415000 -838.577343
     416000 -841.759632
     417000 -841.364756
     418000 -838.280377
     419000 -848.140157
     420000 -837.799268
     421000 -845.513166
     422000 -838.595916
     423000 -838.155632
     424000 -842.575178
     425000 -840.652789
     426000 -838.150206
     427000 -840.088543
     428000 -841.005687
     429000 -838.246983
     430000 -838.696555
     431000 -838.021095
     432000 -841.130307
     433000 -840.396960
     434000 -838.351634
     435000 -838.214005
     436000 -838.244334
     437000 -837.984267
     438000 -838.145278
     439000 -840.571591
     440000 -838.220444
     441000 -838.384760
     442000 -838.506045
     443000 -838.147659
     444000 -841.138101
     445000 -838.855324
     446000 -840.796588
     447000 -838.597125
     448000 -838.186763
     449000 -838.265392
     450000 -840.287282
     451000 -838.961299
     452000 -837.947353
     453000 -838.269066
     454000 -837.857298
     455000 -840.065867
     456000 -841.169864
     457000 -838.344624
     458000 -838.495332
     459000 -838.618671
     460000 -837.802144
     461000 -840.847774
     462000 -837.805996
     463000 -838.164273
     464000 -841.895572
     465000 -841.138326
     466000 -840.399434
     467000 -837.926090
     468000 -838.220657
     469000 -838.768928
     470000 -842.943349
     471000 -845.479529
     472000 -837.806124
     473000 -845.667140
     474000 -837.799656
     475000 -838.317640
     476000 -837.903781
     477000 -840.038935
     478000 -844.405500
     479000 -841.149726
     480000 -839.573145
     481000 -842.166404
     482000 -840.129751
     483000 -838.145460
     484000 -840.492123
     485000 -839.070271
     486000 -838.145610
     487000 -840.413502
     488000 -838.296053
     489000 -840.463412
     490000 -837.836682
     491000 -838.661784
     492000 -838.600055
     493000 -838.148447
     494000 -838.858920
     495000 -839.915825
     496000 -842.923302
     497000 -841.080085
     498000 -841.005377
     499000 -838.157223
     500000 -838.886648
     501000 -838.021524
     502000 -837.816924
     503000 -838.146722
     504000 -840.424812
     505000 -841.154180
     506000 -840.674934
     507000 -838.399606
     508000 -841.584141
     509000 -839.252968
     510000 -841.065006
     511000 -837.978685
     512000 -837.824589
     513000 -838.156706
     514000 -840.646419
     515000 -837.803814
     516000 -838.060479
     517000 -838.241620
     518000 -837.910482
     519000 -842.964433
     520000 -837.859849
     521000 -837.817583
     522000 -838.291518
     523000 -841.798397
     524000 -838.116039
     525000 -837.845387
     526000 -838.249569
     527000 -840.790730
     528000 -838.102356
     529000 -840.764443
     530000 -841.036548
     531000 -837.871161
     532000 -841.039637
     533000 -840.721423
     534000 -838.355317
     535000 -838.290185
     536000 -838.881753
     537000 -838.189198
     538000 -841.745659
     539000 -838.720672
     540000 -842.956918
     541000 -841.736355
     542000 -837.801977
     543000 -838.145242
     544000 -840.450512
     545000 -837.810833
     546000 -840.449293
     547000 -839.888757
     548000 -837.812705
     549000 -838.327095
     550000 -844.178968
     551000 -838.087597
     552000 -841.982929
     553000 -839.970062
     554000 -838.092608
     555000 -840.967999
     556000 -837.821955
     557000 -839.252045
     558000 -839.061043
     559000 -838.392354
     560000 -840.406448
     561000 -838.147115
     562000 -843.838208
     563000 -840.394330
     564000 -839.197548
     565000 -844.326453
     566000 -837.810948
     567000 -838.337661
     568000 -840.900963
     569000 -838.186167
     570000 -838.962308
     571000 -837.841777
     572000 -842.957707
     573000 -837.806029
     574000 -846.871943
     575000 -838.300397
     576000 -837.818679
     577000 -840.782927
     578000 -838.145830
     579000 -841.186866
     580000 -838.527414
     581000 -843.565503
     582000 -837.934531
     583000 -839.637645
     584000 -839.585986
     585000 -842.922784
     586000 -838.313022
     587000 -840.579533
     588000 -838.188508
     589000 -837.852181
     590000 -839.187883
     591000 -837.868140
     592000 -838.113904
     593000 -838.916233
     594000 -838.148898
     595000 -844.372379
     596000 -838.396869
     597000 -845.300408
     598000 -838.485421
     599000 -837.947953
     600000 -838.072567
     601000 -839.274652
     602000 -843.427609
     603000 -838.052056
     604000 -840.655429
     605000 -840.032024
     606000 -837.966741
     607000 -838.553427
     608000 -838.336763
     609000 -840.179974
     610000 -838.234750
     611000 -838.567135
     612000 -841.237197
     613000 -838.164389
     614000 -838.018142
     615000 -840.946850
     616000 -840.693438
     617000 -840.848948
     618000 -838.268751
     619000 -839.389077
     620000 -838.194847
     621000 -838.175957
     622000 -838.175698
     623000 -837.953285
     624000 -839.251287
     625000 -837.799784
     626000 -852.215206
     627000 -838.525536
     628000 -840.977697
     629000 -845.723482
     630000 -838.182738
     631000 -838.533800
     632000 -837.900918
     633000 -838.531310
     634000 -837.854206
     635000 -840.063212
     636000 -837.821361
     637000 -841.250484
     638000 -840.510303
     639000 -841.507279
     640000 -838.010484
     641000 -843.626664
     642000 -839.892012
     643000 -837.808035
     644000 -842.947602
     645000 -840.107385
     646000 -838.232835
     647000 -837.899199
     648000 -837.924067
     649000 -837.805546
     650000 -840.413797
     651000 -838.674132
     652000 -839.902883
     653000 -838.145481
     654000 -837.828041
     655000 -838.254053
     656000 -838.279537
     657000 -838.215376
     658000 -838.243454
     659000 -838.168373
     660000 -843.509363
     661000 -837.800601
     662000 -838.368970
     663000 -848.082431
     664000 -839.035899
     665000 -838.367471
     666000 -841.484145
     667000 -838.232341
     668000 -837.814524
     669000 -838.167697
     670000 -840.846991
     671000 -839.079351
     672000 -850.128115
     673000 -844.187656
     674000 -838.426791
     675000 -839.056627
     676000 -837.799352
     677000 -841.295715
     678000 -838.059158
     679000 -841.020207
     680000 -838.332140
     681000 -837.956741
     682000 -838.423640
     683000 -838.176642
     684000 -840.194976
     685000 -839.932004
     686000 -842.988704
     687000 -840.183859
     688000 -838.154432
     689000 -838.226708
     690000 -838.463143
     691000 -837.949553
     692000 -839.588081
     693000 -837.803418
     694000 -837.801232
     695000 -842.091685
     696000 -840.017448
     697000 -838.320573
     698000 -838.309936
     699000 -840.322430
     700000 -837.800643
     701000 -838.159836
     702000 -838.413202
     703000 -841.209884
     704000 -838.378873
     705000 -838.579675
     706000 -843.134318
     707000 -838.265385
     708000 -838.699541
     709000 -841.050655
     710000 -838.699143
     711000 -842.419071
     712000 -837.886154
     713000 -838.194701
     714000 -842.891240
     715000 -837.910357
     716000 -839.415576
     717000 -837.896758
     718000 -845.336021
     719000 -838.918285
     720000 -840.415975
     721000 -837.826736
     722000 -837.836099
     723000 -838.346443
     724000 -838.458652
     725000 -837.865480
     726000 -838.390291
     727000 -837.849423
     728000 -850.010066
     729000 -837.952537
     730000 -838.423836
     731000 -838.384435
     732000 -839.156063
     733000 -841.074542
     734000 -838.080868
     735000 -837.798435
     736000 -838.306429
     737000 -841.270529
     738000 -838.276030
     739000 -838.370622
     740000 -847.062538
     741000 -837.838048
     742000 -838.557365
     743000 -840.512296
     744000 -843.838596
     745000 -838.075155
     746000 -838.157116
     747000 -837.912388
     748000 -841.209891
     749000 -840.679256
     750000 -838.155392
     751000 -838.888135
     752000 -840.044027
     753000 -842.755723
     754000 -837.799646
     755000 -838.550988
     756000 -838.088385
     757000 -838.160937
     758000 -837.848471
     759000 -838.364410
     760000 -839.892499
     761000 -837.801759
     762000 -838.158000
     763000 -839.896530
     764000 -838.419214
     765000 -843.137331
     766000 -840.652663
     767000 -837.844732
     768000 -838.359222
     769000 -837.804780
     770000 -837.958352
     771000 -838.889680
     772000 -837.799174
     773000 -838.148139
     774000 -838.191606
     775000 -838.866700
     776000 -838.294103
     777000 -840.464200
     778000 -838.568340
     779000 -838.570138
     780000 -838.561157
     781000 -842.350752
     782000 -838.330735
     783000 -842.262980
     784000 -838.151239
     785000 -837.826447
     786000 -838.124906
     787000 -838.029503
     788000 -842.936987
     789000 -843.608503
     790000 -840.474819
     791000 -837.951347
     792000 -845.607655
     793000 -838.129894
     794000 -838.180428
     795000 -838.252466
     796000 -837.815864
     797000 -840.831066
     798000 -838.153426
     799000 -842.706084
     800000 -839.951253
     801000 -840.496963
     802000 -838.107910
     803000 -841.510402
     804000 -838.050076
     805000 -838.394126
     806000 -838.165984
     807000 -838.495989
     808000 -843.353185
     809000 -838.178916
     810000 -838.873588
     811000 -843.367272
     812000 -838.089400
     813000 -840.049408
     814000 -840.684576
     815000 -838.046222
     816000 -837.826829
     817000 -838.883253
     818000 -838.131744
     819000 -843.701426
     820000 -840.726136
     821000 -837.961440
     822000 -845.215178
     823000 -837.798406
     824000 -841.025446
     825000 -838.716888
     826000 -837.849827
     827000 -839.966148
     828000 -840.756330
     829000 -839.345271
     830000 -843.132721
     831000 -838.345924
     832000 -838.037229
     833000 -839.381575
     834000 -838.787736
     835000 -840.390648
     836000 -841.534415
     837000 -837.894060
     838000 -838.239307
     839000 -840.964273
     840000 -838.381715
     841000 -839.430771
     842000 -840.811412
     843000 -840.637278
     844000 -840.553518
     845000 -838.874274
     846000 -841.356413
     847000 -845.474991
     848000 -840.645721
     849000 -838.234819
     850000 -840.410715
     851000 -838.369138
     852000 -842.964499
     853000 -839.864013
     854000 -838.023691
     855000 -840.707670
     856000 -837.802228
     857000 -838.507027
     858000 -839.885277
     859000 -838.185858
     860000 -837.800977
     861000 -838.417908
     862000 -838.008933
     863000 -840.516973
     864000 -838.199906
     865000 -841.554363
     866000 -837.817576
     867000 -840.775650
     868000 -840.810259
     869000 -837.898413
     870000 -845.413588
     871000 -838.858286
     872000 -837.881613
     873000 -838.153521
     874000 -837.898027
     875000 -838.145937
     876000 -838.932935
     877000 -839.161849
     878000 -840.959099
     879000 -837.830807
     880000 -837.972080
     881000 -838.206218
     882000 -840.390339
     883000 -839.114042
     884000 -837.859020
     885000 -838.351936
     886000 -838.298111
     887000 -837.803825
     888000 -837.937632
     889000 -842.553581
     890000 -838.453250
     891000 -838.523635
     892000 -842.697895
     893000 -837.819585
     894000 -838.167840
     895000 -840.576697
     896000 -840.276854
     897000 -840.927545
     898000 -845.448794
     899000 -842.947127
     900000 -837.991019
     901000 -837.850663
     902000 -837.895387
     903000 -838.398732
     904000 -839.945799
     905000 -842.913581
     906000 -837.863988
     907000 -840.641392
     908000 -841.283513
     909000 -837.858427
     910000 -840.540048
     911000 -838.194151
     912000 -838.388546
     913000 -838.150751
     914000 -841.144617
     915000 -840.293504
     916000 -839.165449
     917000 -840.712205
     918000 -843.598625
     919000 -838.193445
     920000 -838.408211
     921000 -840.631133
     922000 -838.883118
     923000 -840.501130
     924000 -839.329529
     925000 -840.995159
     926000 -838.497063
     927000 -838.679310
     928000 -838.417823
     929000 -838.160350
     930000 -838.751567
     931000 -838.989612
     932000 -838.434185
     933000 -838.312285
     934000 -839.898395
     935000 -837.954830
     936000 -837.961495
     937000 -838.434246
     938000 -838.363436
     939000 -843.023993
     940000 -838.181064
     941000 -838.338551
     942000 -840.071102
     943000 -845.402415
     944000 -837.804969
     945000 -837.814497
     946000 -838.106351
     947000 -837.889071
     948000 -840.656139
     949000 -840.118237
     950000 -838.192102
     951000 -843.007205
     952000 -843.368313
     953000 -839.983690
     954000 -838.003554
     955000 -840.819789
     956000 -840.413821
     957000 -837.813758
     958000 -838.030271
     959000 -845.516894
     960000 -838.149712
     961000 -840.395362
     962000 -840.300622
     963000 -838.868533
     964000 -839.913111
     965000 -840.935498
     966000 -838.405949
     967000 -837.798480
     968000 -837.873179
     969000 -838.153131
     970000 -842.924338
     971000 -843.121699
     972000 -840.410359
     973000 -839.013236
     974000 -838.018264
     975000 -841.084059
     976000 -840.636175
     977000 -842.920593
     978000 -841.772197
     979000 -840.289945
     980000 -837.870759
     981000 -838.145881
     982000 -838.110605
     983000 -838.048273
     984000 -840.136743
     985000 -841.625235
     986000 -838.404343
     987000 -838.278569
     988000 -840.399622
     989000 -841.565912
     990000 -838.237404
     991000 -837.844023
     992000 -840.202081
     993000 -837.972610
     994000 -839.885458
     995000 -843.100914
     996000 -838.301615
     997000 -838.279324
     998000 -837.855558
     999000 -837.911712
    1000000 -838.151449
    1001000 -838.275177
    1002000 -838.306440
    1003000 -837.879232
    1004000 -839.992541
    1005000 -838.578958
    1006000 -838.164313
    1007000 -838.145539
    1008000 -838.311874
    1009000 -839.391499
    1010000 -841.427146
    1011000 -839.986226
    1012000 -840.651158
    1013000 -840.404643
    1014000 -840.745535
    1015000 -844.588909
    1016000 -839.684530
    1017000 -838.827813
    1018000 -837.895174
    1019000 -838.148456
    1020000 -837.957303
    1021000 -838.081540
    1022000 -839.356499
    1023000 -838.219870
    1024000 -840.680162
    1025000 -837.978248
    1026000 -837.869414
    1027000 -839.974917
    1028000 -837.845964
    1029000 -840.399913
    1030000 -845.602147
    1031000 -840.795441
    1032000 -842.541850
    1033000 -840.392129
    1034000 -839.906864
    1035000 -837.884445
    1036000 -838.771572
    1037000 -838.033125
    1038000 -837.843720
    1039000 -838.035308
    1040000 -841.001733
    1041000 -838.970028
    1042000 -838.772678
    1043000 -840.433147
    1044000 -846.040793
    1045000 -854.792674
    1046000 -838.158879
    1047000 -837.811665
    1048000 -837.807006
    1049000 -840.751135
    1050000 -838.040315
    1051000 -840.593731
    1052000 -839.784881
    1053000 -838.166366
    1054000 -840.389947
    1055000 -838.000589
    1056000 -842.606526
    1057000 -839.035034
    1058000 -845.804463
    1059000 -838.231387
    1060000 -838.408216
    1061000 -838.087046
    1062000 -837.851480
    1063000 -838.147233
    1064000 -843.288707
    1065000 -837.827743
    1066000 -839.002138
    1067000 -838.474344
    1068000 -837.826369
    1069000 -837.878499
    1070000 -839.295408
    1071000 -840.317169
    1072000 -843.181645
    1073000 -838.558628
    1074000 -841.632519
    1075000 -838.436748
    1076000 -838.048279
    1077000 -838.216660
    1078000 -838.145422
    1079000 -838.277022
    1080000 -838.303086
    1081000 -840.278476
    1082000 -841.006374
    1083000 -838.433235
    1084000 -838.117146
    1085000 -838.036321
    1086000 -840.740064
    1087000 -841.334405
    1088000 -838.364187
    1089000 -838.609848
    1090000 -840.760936
    1091000 -838.942541
    1092000 -840.770702
    1093000 -842.127431
    1094000 -837.851343
    1095000 -843.068804
    1096000 -837.822244
    1097000 -839.118141
    1098000 -843.778440
    1099000 -840.392691
    1100000 -838.662049
    1101000 -838.059969
    1102000 -837.817672
    1103000 -841.825351
    1104000 -838.149530
    1105000 -838.175729
    1106000 -837.824536
    1107000 -838.561932
    1108000 -843.461082
    1109000 -843.078432
    1110000 -839.315427
    1111000 -840.683886
    1112000 -837.883715
    1113000 -843.008713
    1114000 -840.640183
    1115000 -838.432543
    1116000 -837.815844
    1117000 -838.450763
    1118000 -837.839226
    1119000 -838.829410
    1120000 -838.201602
    1121000 -839.547597
    1122000 -842.988431
    1123000 -840.466522
    1124000 -843.075027
    1125000 -838.196822
    1126000 -847.916579
    1127000 -838.248304
    1128000 -838.742989
    1129000 -838.412700
    1130000 -840.655065
    1131000 -847.871576
    1132000 -838.256773
    1133000 -846.100462
    1134000 -837.803525
    1135000 -839.788012
    1136000 -839.164098
    1137000 -837.798791
    1138000 -839.930303
    1139000 -839.532827
    1140000 -841.422975
    1141000 -837.798413
    1142000 -837.958854
    1143000 -838.145415
    1144000 -837.823146
    1145000 -846.512971
    1146000 -838.530864
    1147000 -842.055998
    1148000 -840.257754
    1149000 -837.801509
    1150000 -841.564212
    1151000 -845.346140
    1152000 -838.155004
    1153000 -838.145334
    1154000 -838.151734
    1155000 -837.812283
    1156000 -837.870981
    1157000 -844.440473
    1158000 -838.157318
    1159000 -837.828531
    1160000 -837.806143
    1161000 -837.798413
    1162000 -844.540727
    1163000 -837.977712
    1164000 -838.526639
    1165000 -839.220589
    1166000 -838.488726
    1167000 -839.850878
    1168000 -838.728986
    1169000 -840.762245
    1170000 -841.774880
    1171000 -837.895993
    1172000 -843.839966
    1173000 -840.449217
    1174000 -838.023579
    1175000 -837.984812
    1176000 -837.896921
    1177000 -837.814024
    1178000 -843.003780
    1179000 -843.038240
    1180000 -839.448711
    1181000 -839.479073
    1182000 -837.839768
    1183000 -838.282292
    1184000 -840.290600
    1185000 -837.825606
    1186000 -840.266834
    1187000 -838.321769
    1188000 -839.909701
    1189000 -844.907338
    1190000 -838.152010
    1191000 -840.619647
    1192000 -838.242153
    1193000 -837.813505
    1194000 -838.221049
    1195000 -838.362901
    1196000 -843.093754
    1197000 -838.153113
    1198000 -837.810341
    1199000 -841.037842
    1200000 -839.122134
    1201000 -838.066118
    1202000 -838.696776
    1203000 -842.544530
    1204000 -839.099815
    1205000 -838.189750
    1206000 -840.717920
    1207000 -842.625906
    1208000 -845.714506
    1209000 -837.800359
    1210000 -837.798762
    1211000 -842.973210
    1212000 -838.395216
    1213000 -840.108862
    1214000 -842.310506
    1215000 -838.338854
    1216000 -839.392555
    1217000 -837.806303
    1218000 -837.851496
    1219000 -837.981279
    1220000 -838.156591
    1221000 -839.453104
    1222000 -837.955493
    1223000 -838.154394
    1224000 -839.175041
    1225000 -838.154924
    1226000 -837.802036
    1227000 -838.735041
    1228000 -842.446051
    1229000 -840.678657
    1230000 -838.099821
    1231000 -838.348089
    1232000 -838.295203
    1233000 -840.677174
    1234000 -838.827244
    1235000 -837.808407
    1236000 -839.609305
    1237000 -837.911567
    1238000 -840.127728
    1239000 -838.370174
    1240000 -838.297946
    1241000 -840.664193
    1242000 -842.947313
    1243000 -837.845659
    1244000 -839.885154
    1245000 -842.963806
    1246000 -838.064321
    1247000 -837.863135
    1248000 -838.641103
    1249000 -844.563165
    1250000 -838.203316
    1251000 -840.406316
    1252000 -838.275674
    1253000 -837.916868
    1254000 -837.858373
    1255000 -843.108202
    1256000 -840.422192
    1257000 -842.923102
    1258000 -838.171908
    1259000 -840.962687
    1260000 -839.757726
    1261000 -838.045582
    1262000 -837.799904
    1263000 -839.922550
    1264000 -837.905353
    1265000 -840.483244
    1266000 -838.855352
    1267000 -839.910176
    1268000 -838.156879
    1269000 -838.181370
    1270000 -837.798874
    1271000 -841.366833
    1272000 -837.923864
    1273000 -838.610750
    1274000 -839.591515
    1275000 -839.390761
    1276000 -845.079583
    1277000 -839.234362
    1278000 -838.152816
    1279000 -839.472206
    1280000 -840.514140
    1281000 -838.001786
    1282000 -837.965070
    1283000 -838.068562
    1284000 -838.201646
    1285000 -840.185648
    1286000 -840.225210
    1287000 -837.825301
    1288000 -838.265652
    1289000 -838.941308
    1290000 -839.096126
    1291000 -839.982044
    1292000 -838.390669
    1293000 -842.941149
    1294000 -840.803161
    1295000 -838.305311
    1296000 -838.048999
    1297000 -840.854922
    1298000 -842.848566
    1299000 -839.068951
    1300000 -839.648841
    1301000 -839.119596
    1302000 -838.480384
    1303000 -838.783801
    1304000 -837.856353
    1305000 -838.205017
    1306000 -840.015154
    1307000 -839.074554
    1308000 -838.242595
    1309000 -841.096225
    1310000 -844.243830
    1311000 -842.731112
    1312000 -837.926560
    1313000 -838.294221
    1314000 -842.054036
    1315000 -838.161804
    1316000 -840.298772
    1317000 -837.819861
    1318000 -843.112261
    1319000 -838.783677
    1320000 -838.368228
    1321000 -838.170151
    1322000 -840.487075
    1323000 -837.819769
    1324000 -838.837206
    1325000 -838.426895
    1326000 -837.934127
    1327000 -837.926411
    1328000 -837.955461
    1329000 -838.145587
    1330000 -838.700881
    1331000 -838.199198
    1332000 -838.152039
    1333000 -841.231701
    1334000 -840.466935
    1335000 -838.223817
    1336000 -838.150203
    1337000 -840.658665
    1338000 -839.300886
    1339000 -840.683965
    1340000 -840.973828
    1341000 -837.961322
    1342000 -837.975815
    1343000 -838.145123
    1344000 -837.995103
    1345000 -841.430185
    1346000 -847.819680
    1347000 -841.456093
    1348000 -839.271453
    1349000 -842.116162
    1350000 -838.517874
    1351000 -841.180432
    1352000 -840.523763
    1353000 -843.037302
    1354000 -837.858871
    1355000 -838.170571
    1356000 -839.140329
    1357000 -840.981835
    1358000 -837.913258
    1359000 -839.385892
    1360000 -840.641733
    1361000 -840.446622
    1362000 -838.410066
    1363000 -839.476491
    1364000 -837.856581
    1365000 -838.771870
    1366000 -838.350239
    1367000 -837.843331
    1368000 -838.756866
    1369000 -843.333692
    1370000 -838.292235
    1371000 -839.895218
    1372000 -838.239596
    1373000 -845.471070
    1374000 -837.841862
    1375000 -838.182565
    1376000 -838.145332
    1377000 -839.522379
    1378000 -838.890817
    1379000 -837.799018
    1380000 -837.977542
    1381000 -843.064943
    1382000 -838.734310
    1383000 -840.721080
    1384000 -838.051434
    1385000 -837.929347
    1386000 -840.559943
    1387000 -838.361494
    1388000 -847.667646
    1389000 -840.414739
    1390000 -837.951774
    1391000 -838.841878
    1392000 -837.798648
    1393000 -838.172640
    1394000 -844.286888
    1395000 -838.293087
    1396000 -837.867641
    1397000 -842.551708
    1398000 -840.390108
    1399000 -838.395633
    1400000 -838.636228
    1401000 -838.302252
    1402000 -843.173661
    1403000 -838.219487
    1404000 -842.428175
    1405000 -841.622396
    1406000 -844.125816
    1407000 -840.621079
    1408000 -840.450564
    1409000 -842.922842
    1410000 -841.238696
    1411000 -838.403245
    1412000 -838.552698
    1413000 -838.167409
    1414000 -838.954141
    1415000 -842.562811
    1416000 -838.285520
    1417000 -840.654024
    1418000 -837.830264
    1419000 -838.148629
    1420000 -837.918070
    1421000 -840.542547
    1422000 -838.153094
    1423000 -838.150485
    1424000 -840.798581
    1425000 -840.470067
    1426000 -838.196185
    1427000 -838.664652
    1428000 -840.995100
    1429000 -845.280241
    1430000 -838.369156
    1431000 -837.854364
    1432000 -838.621366
    1433000 -838.702569
    1434000 -839.940621
    1435000 -837.798451
    1436000 -840.582155
    1437000 -845.420365
    1438000 -837.802657
    1439000 -838.364741
    1440000 -837.799595
    1441000 -838.422047
    1442000 -842.936240
    1443000 -838.171518
    1444000 -842.927011
    1445000 -838.145631
    1446000 -840.391811
    1447000 -841.687714
    1448000 -840.504750
    1449000 -838.847681
    1450000 -837.798576
    1451000 -840.700414
    1452000 -839.265427
    1453000 -838.194195
    1454000 -838.460127
    1455000 -838.269994
    1456000 -840.637283
    1457000 -840.464241
    1458000 -840.462038
    1459000 -838.808697
    1460000 -838.564373
    1461000 -837.855385
    1462000 -838.166898
    1463000 -840.638419
    1464000 -841.172297
    1465000 -838.177268
    1466000 -837.824870
    1467000 -838.186332
    1468000 -837.829870
    1469000 -837.809784
    1470000 -838.491892
    1471000 -838.347640
    1472000 -842.642316
    1473000 -838.881390
    1474000 -837.879642
    1475000 -838.019842
    1476000 -838.300515
    1477000 -837.829329
    1478000 -839.885951
    1479000 -838.181096
    1480000 -842.536114
    1481000 -837.881798
    1482000 -843.003982
    1483000 -841.062740
    1484000 -838.195342
    1485000 -839.039611
    1486000 -843.502032
    1487000 -840.871687
    1488000 -842.361791
    1489000 -838.206419
    1490000 -843.110965
    1491000 -839.425754
    1492000 -840.390225
    1493000 -837.823475
    1494000 -838.683527
    1495000 -838.208317
    1496000 -839.048045
    1497000 -842.548198
    1498000 -838.325154
    1499000 -838.200646
    1500000 -837.827061
    1501000 -838.573790
    1502000 -842.744644
    1503000 -843.038183
    1504000 -840.664788
    1505000 -838.216284
    1506000 -841.057397
    1507000 -842.536074
    1508000 -839.360343
    1509000 -838.148958
    1510000 -838.764381
    1511000 -841.138268
    1512000 -839.923950
    1513000 -837.859524
    1514000 -840.462364
    1515000 -838.284500
    1516000 -846.149179
    1517000 -842.920398
    1518000 -839.352304
    1519000 -838.629753
    1520000 -838.873951
    1521000 -842.627106
    1522000 -838.154894
    1523000 -840.762030
    1524000 -838.293265
    1525000 -845.544765
    1526000 -841.098147
    1527000 -841.497027
    1528000 -838.561556
    1529000 -837.824274
    1530000 -838.858216
    1531000 -838.007282
    1532000 -837.836988
    1533000 -844.460496
    1534000 -838.532407
    1535000 -839.040261
    1536000 -847.693396
    1537000 -837.800043
    1538000 -838.269648
    1539000 -839.946503
    1540000 -837.811154
    1541000 -837.853231
    1542000 -838.043403
    1543000 -838.889880
    1544000 -840.929803
    1545000 -842.195292
    1546000 -841.500669
    1547000 -837.806289
    1548000 -837.886659
    1549000 -838.057421
    1550000 -837.833543
    1551000 -838.808043
    1552000 -838.124589
    1553000 -840.467814
    1554000 -838.308600
    1555000 -845.448500
    1556000 -838.018342
    1557000 -840.988700
    1558000 -838.177488
    1559000 -838.219140
    1560000 -846.120324
    1561000 -838.200313
    1562000 -838.356859
    1563000 -841.210239
    1564000 -838.238819
    1565000 -840.620169
    1566000 -837.798423
    1567000 -837.809867
    1568000 -837.878210
    1569000 -844.211209
    1570000 -838.145438
    1571000 -839.323022
    1572000 -840.624406
    1573000 -844.196721
    1574000 -841.845554
    1575000 -837.848247
    1576000 -838.264017
    1577000 -838.006550
    1578000 -838.409336
    1579000 -838.091049
    1580000 -837.814724
    1581000 -843.095648
    1582000 -842.563893
    1583000 -844.518754
    1584000 -838.145407
    1585000 -837.815479
    1586000 -844.122994
    1587000 -843.726482
    1588000 -840.777984
    1589000 -842.920643
    1590000 -838.362133
    1591000 -840.230088
    1592000 -838.120586
    1593000 -837.810243
    1594000 -843.020371
    1595000 -839.919906
    1596000 -837.800342
    1597000 -839.302712
    1598000 -839.398997
    1599000 -841.541522
    1600000 -840.390524
    1601000 -838.139083
    1602000 -837.798847
    1603000 -838.438823
    1604000 -838.200041
    1605000 -845.155757
    1606000 -838.465117
    1607000 -838.722726
    1608000 -837.805598
    1609000 -840.956803
    1610000 -840.867189
    1611000 -838.224197
    1612000 -842.567698
    1613000 -841.251556
    1614000 -837.872630
    1615000 -840.889693
    1616000 -842.930862
    1617000 -838.740250
    1618000 -839.822141
    1619000 -839.890068
    1620000 -837.957814
    1621000 -838.053349
    1622000 -841.260812
    1623000 -838.148788
    1624000 -842.177195
    1625000 -840.444485
    1626000 -837.800112
    1627000 -841.057669
    1628000 -838.620032
    1629000 -840.418524
    1630000 -838.612398
    1631000 -838.169284
    1632000 -838.563799
    1633000 -837.994855
    1634000 -840.407891
    1635000 -838.339130
    1636000 -838.269008
    1637000 -840.163029
    1638000 -842.847669
    1639000 -838.190836
    1640000 -837.841955
    1641000 -838.145530
    1642000 -837.905732
    1643000 -837.800341
    1644000 -838.702186
    1645000 -841.277112
    1646000 -840.679805
    1647000 -842.935837
    1648000 -838.208813
    1649000 -840.376727
    1650000 -843.155867
    1651000 -840.798452
    1652000 -841.368614
    1653000 -838.154017
    1654000 -838.284478
    1655000 -839.630693
    1656000 -840.389868
    1657000 -838.202004
    1658000 -846.291843
    1659000 -840.806305
    1660000 -838.162712
    1661000 -837.843893
    1662000 -839.286722
    1663000 -838.498242
    1664000 -843.241282
    1665000 -837.804564
    1666000 -837.864702
    1667000 -841.003441
    1668000 -838.499021
    1669000 -840.925879
    1670000 -837.819624
    1671000 -838.492201
    1672000 -837.798543
    1673000 -838.387127
    1674000 -837.935986
    1675000 -838.564215
    1676000 -838.548742
    1677000 -838.447770
    1678000 -841.195680
    1679000 -840.754253
    1680000 -839.586838
    1681000 -840.980566
    1682000 -837.956592
    1683000 -838.637301
    1684000 -842.953933
    1685000 -837.853339
    1686000 -838.287492
    1687000 -841.032532
    1688000 -837.984253
    1689000 -838.180801
    1690000 -838.167083
    1691000 -839.115137
    1692000 -846.886662
    1693000 -837.856177
    1694000 -840.887862
    1695000 -841.078427
    1696000 -837.815258
    1697000 -838.236280
    1698000 -838.179703
    1699000 -838.169409
    1700000 -838.452409
    1701000 -840.137592
    1702000 -840.643460
    1703000 -838.198791
    1704000 -840.390359
    1705000 -842.929639
    1706000 -838.635709
    1707000 -839.711271
    1708000 -839.206579
    1709000 -840.578439
    1710000 -840.852530
    1711000 -838.302059
    1712000 -837.805678
    1713000 -838.580340
    1714000 -838.127052
    1715000 -838.178958
    1716000 -838.174829
    1717000 -837.808333
    1718000 -839.701809
    1719000 -845.269379
    1720000 -838.445577
    1721000 -841.753599
    1722000 -840.773770
    1723000 -837.819932
    1724000 -837.834213
    1725000 -837.798672
    1726000 -838.594205
    1727000 -837.798413
    1728000 -842.815265
    1729000 -837.833784
    1730000 -837.856378
    1731000 -837.831424
    1732000 -845.701760
    1733000 -837.800332
    1734000 -843.181846
    1735000 -838.027923
    1736000 -839.041561
    1737000 -837.812440
    1738000 -838.037653
    1739000 -842.435418
    1740000 -842.872322
    1741000 -838.267606
    1742000 -839.885003
    1743000 -840.691658
    1744000 -838.240957
    1745000 -840.510899
    1746000 -838.280396
    1747000 -838.199088
    1748000 -838.171522
    1749000 -837.880251
    1750000 -838.592264
    1751000 -838.700411
    1752000 -838.736481
    1753000 -843.400944
    1754000 -839.164200
    1755000 -837.842821
    1756000 -837.819812
    1757000 -839.888289
    1758000 -837.836300
    1759000 -838.700441
    1760000 -838.788307
    1761000 -838.996336
    1762000 -838.163901
    1763000 -839.826851
    1764000 -842.925437
    1765000 -838.512738
    1766000 -838.303709
    1767000 -837.798517
    1768000 -841.423291
    1769000 -839.959557
    1770000 -845.777574
    1771000 -837.952679
    1772000 -839.201944
    1773000 -848.736629
    1774000 -839.149562
    1775000 -840.949073
    1776000 -840.801231
    1777000 -837.800554
    1778000 -838.560712
    1779000 -838.162708
    1780000 -840.688700
    1781000 -837.845107
    1782000 -843.360325
    1783000 -840.027866
    1784000 -840.722669
    1785000 -839.061138
    1786000 -838.841182
    1787000 -837.990741
    1788000 -839.668476
    1789000 -838.033258
    1790000 -843.975097
    1791000 -843.036358
    1792000 -837.801862
    1793000 -838.012346
    1794000 -837.824148
    1795000 -838.586938
    1796000 -838.614758
    1797000 -839.447393
    1798000 -841.096193
    1799000 -837.883691
    1800000 -838.145490
    1801000 -845.201001
    1802000 -840.815191
    1803000 -840.548736
    1804000 -838.209715
    1805000 -838.274414
    1806000 -842.924213
    1807000 -837.867193
    1808000 -841.046755
    1809000 -840.417276
    1810000 -840.489906
    1811000 -839.028254
    1812000 -841.807485
    1813000 -838.375392
    1814000 -837.828672
    1815000 -840.139949
    1816000 -840.445234
    1817000 -838.258438
    1818000 -838.440302
    1819000 -838.061119
    1820000 -837.963964
    1821000 -838.277158
    1822000 -839.491678
    1823000 -840.674428
    1824000 -840.806638
    1825000 -840.460724
    1826000 -848.504860
    1827000 -838.475088
    1828000 -839.959402
    1829000 -837.847568
    1830000 -838.934182
    1831000 -840.453985
    1832000 -838.172947
    1833000 -838.388366
    1834000 -837.920236
    1835000 -843.051844
    1836000 -837.807454
    1837000 -838.045910
    1838000 -838.161679
    1839000 -838.206006
    1840000 -838.708663
    1841000 -840.640187
    1842000 -838.385602
    1843000 -837.826089
    1844000 -838.768467
    1845000 -840.924640
    1846000 -838.282461
    1847000 -837.836027
    1848000 -838.270816
    1849000 -841.084152
    1850000 -839.361140
    1851000 -840.998256
    1852000 -838.226805
    1853000 -838.449962
    1854000 -838.683865
    1855000 -838.208525
    1856000 -837.851276
    1857000 -838.181014
    1858000 -838.146894
    1859000 -840.279884
    1860000 -837.908590
    1861000 -839.209980
    1862000 -839.593950
    1863000 -838.135326
    1864000 -838.115727
    1865000 -839.552992
    1866000 -842.498662
    1867000 -840.395349
    1868000 -838.178256
    1869000 -839.876287
    1870000 -840.392935
    1871000 -839.085449
    1872000 -838.489871
    1873000 -843.203220
    1874000 -843.152833
    1875000 -837.804586
    1876000 -837.881550
    1877000 -838.203656
    1878000 -838.186577
    1879000 -838.212508
    1880000 -838.510027
    1881000 -840.709633
    1882000 -837.807078
    1883000 -838.257069
    1884000 -837.863962
    1885000 -838.606434
    1886000 -837.854485
    1887000 -842.683930
    1888000 -841.127930
    1889000 -845.157364
    1890000 -839.054741
    1891000 -838.148426
    1892000 -844.514995
    1893000 -839.096101
    1894000 -838.147863
    1895000 -837.830639
    1896000 -846.861017
    1897000 -839.961779
    1898000 -837.906186
    1899000 -843.080329
    1900000 -840.198340
    1901000 -840.436440
    1902000 -840.944719
    1903000 -839.699379
    1904000 -839.752474
    1905000 -838.330607
    1906000 -840.853209
    1907000 -837.799979
    1908000 -838.425781
    1909000 -845.644523
    1910000 -841.133792
    1911000 -839.973901
    1912000 -845.296017
    1913000 -837.821388
    1914000 -838.147871
    1915000 -840.747640
    1916000 -840.638730
    1917000 -837.798702
    1918000 -843.174298
    1919000 -837.947568
    1920000 -838.199926
    1921000 -838.293870
    1922000 -837.808991
    1923000 -838.920278
    1924000 -837.876428
    1925000 -848.804805
    1926000 -845.218266
    1927000 -837.853166
    1928000 -838.024831
    1929000 -837.799522
    1930000 -840.680873
    1931000 -843.147700
    1932000 -840.585178
    1933000 -843.164622
    1934000 -838.733683
    1935000 -842.969888
    1936000 -837.915451
    1937000 -840.390427
    1938000 -837.855238
    1939000 -840.603619
    1940000 -841.526699
    1941000 -841.419144
    1942000 -837.914915
    1943000 -838.391889
    1944000 -837.831004
    1945000 -837.803983
    1946000 -838.001730
    1947000 -837.898139
    1948000 -838.300768
    1949000 -839.000277
    1950000 -837.800203
    1951000 -837.819364
    1952000 -840.395968
    1953000 -843.153324
    1954000 -839.914819
    1955000 -845.394821
    1956000 -838.165165
    1957000 -846.887670
    1958000 -838.155166
    1959000 -838.167214
    1960000 -845.447440
    1961000 -840.421973
    1962000 -837.902617
    1963000 -838.444872
    1964000 -843.056254
    1965000 -842.956787
    1966000 -839.890408
    1967000 -846.171746
    1968000 -838.147937
    1969000 -840.004728
    1970000 -840.633603
    1971000 -838.454732
    1972000 -848.368627
    1973000 -841.215685
    1974000 -842.199907
    1975000 -837.798967
    1976000 -838.202626
    1977000 -840.644101
    1978000 -838.055772
    1979000 -837.815946
    1980000 -837.913390
    1981000 -838.508615
    1982000 -839.476953
    1983000 -843.639311
    1984000 -838.150521
    1985000 -843.832379
    1986000 -837.930641
    1987000 -841.780585
    1988000 -838.506023
    1989000 -847.933576
    1990000 -840.769037
    1991000 -840.895308
    1992000 -842.927968
    1993000 -837.895280
    1994000 -840.066131
    1995000 -843.080119
    1996000 -838.221779
    1997000 -843.410001
    1998000 -837.932225
    1999000 -842.957674
    2000000 -837.926848
    2001000 -838.313908
    2002000 -838.713654
    2003000 -837.879205
    2004000 -840.389906
    2005000 -838.222563
    2006000 -843.549851
    2007000 -837.824567
    2008000 -838.401095
    2009000 -837.966048
    2010000 -843.127524
    2011000 -838.389992
    2012000 -840.780244
    2013000 -838.353916
    2014000 -843.612101
    2015000 -838.366052
    2016000 -837.819312
    2017000 -843.299985
    2018000 -838.519203
    2019000 -838.112947
    2020000 -838.040825
    2021000 -838.221899
    2022000 -842.923820
    2023000 -837.799733
    2024000 -840.645415
    2025000 -839.922890
    2026000 -838.571885
    2027000 -838.417492
    2028000 -838.811691
    2029000 -838.389376
    2030000 -837.847199
    2031000 -838.466924
    2032000 -838.751456
    2033000 -842.923232
    2034000 -840.473045
    2035000 -844.810364
    2036000 -838.098863
    2037000 -838.384448
    2038000 -839.941498
    2039000 -842.966608
    2040000 -838.905993
    2041000 -843.170212
    2042000 -838.047144
    2043000 -843.228151
    2044000 -839.992647
    2045000 -838.101929
    2046000 -838.060360
    2047000 -837.927916
    2048000 -839.171443
    2049000 -840.643695
    2050000 -837.883882
    2051000 -840.392341
    2052000 -840.396911
    2053000 -840.415022
    2054000 -837.801225
    2055000 -839.033394
    2056000 -837.799146
    2057000 -841.223642
    2058000 -840.976770
    2059000 -838.540546
    2060000 -842.931664
    2061000 -837.800861
    2062000 -840.392908
    2063000 -838.148883
    2064000 -837.804975
    2065000 -839.890332
    2066000 -838.848021
    2067000 -841.600489
    2068000 -840.638750
    2069000 -841.033466
    2070000 -838.156533
    2071000 -837.860975
    2072000 -837.829729
    2073000 -837.824421
    2074000 -842.920644
    2075000 -843.811161
    2076000 -838.147298
    2077000 -837.801434
    2078000 -840.170867
    2079000 -840.906804
    2080000 -838.175201
    2081000 -838.373829
    2082000 -837.836259
    2083000 -840.844290
    2084000 -845.929250
    2085000 -842.784635
    2086000 -841.134122
    2087000 -837.902015
    2088000 -840.447667
    2089000 -838.091455
    2090000 -838.649862
    2091000 -845.455816
    2092000 -840.335168
    2093000 -839.974535
    2094000 -837.828517
    2095000 -838.512834
    2096000 -843.264873
    2097000 -840.650866
    2098000 -838.182565
    2099000 -838.149046
    2100000 -838.877833
    2101000 -840.601722
    2102000 -837.830358
    2103000 -841.028398
    2104000 -838.621553
    2105000 -843.586236
    2106000 -841.070504
    2107000 -843.037887
    2108000 -838.148695
    2109000 -838.501028
    2110000 -843.098352
    2111000 -838.081219
    2112000 -840.826180
    2113000 -840.742267
    2114000 -841.787040
    2115000 -837.935957
    2116000 -838.241553
    2117000 -840.694361
    2118000 -838.179271
    2119000 -838.277360
    2120000 -844.025022
    2121000 -838.001283
    2122000 -840.389986
    2123000 -841.697026
    2124000 -838.176304
    2125000 -846.120642
    2126000 -837.909787
    2127000 -838.314316
    2128000 -839.889299
    2129000 -838.907279
    2130000 -838.253350
    2131000 -838.488719
    2132000 -837.838571
    2133000 -840.410998
    2134000 -838.146357
    2135000 -838.525267
    2136000 -842.934332
    2137000 -838.148660
    2138000 -838.387522
    2139000 -838.171382
    2140000 -839.100350
    2141000 -839.252583
    2142000 -838.198568
    2143000 -838.037928
    2144000 -837.813715
    2145000 -841.733118
    2146000 -839.346955
    2147000 -838.170327
    2148000 -839.739445
    2149000 -838.655640
    2150000 -840.700546
    2151000 -844.264663
    2152000 -840.760999
    2153000 -840.529128
    2154000 -839.097239
    2155000 -840.487158
    2156000 -837.846154
    2157000 -838.145124
    2158000 -837.799006
    2159000 -840.818045
    2160000 -838.230492
    2161000 -837.811386
    2162000 -840.789873
    2163000 -840.076401
    2164000 -838.248818
    2165000 -838.531284
    2166000 -842.974130
    2167000 -838.199358
    2168000 -839.942332
    2169000 -837.964874
    2170000 -844.287961
    2171000 -845.218259
    2172000 -837.859666
    2173000 -837.841963
    2174000 -840.631558
    2175000 -843.049699
    2176000 -838.108019
    2177000 -843.313735
    2178000 -843.209572
    2179000 -838.145285
    2180000 -838.828145
    2181000 -838.698611
    2182000 -839.079685
    2183000 -837.804100
    2184000 -840.672621
    2185000 -838.804987
    2186000 -838.208301
    2187000 -840.346439
    2188000 -837.933498
    2189000 -838.236663
    2190000 -841.167254
    2191000 -842.847899
    2192000 -837.798482
    2193000 -837.879010
    2194000 -838.504270
    2195000 -837.798407
    2196000 -838.729747
    2197000 -840.418178
    2198000 -838.388173
    2199000 -838.095580
    2200000 -838.176684
    2201000 -839.422150
    2202000 -837.962250
    2203000 -840.641611
    2204000 -837.841776
    2205000 -838.932280
    2206000 -838.148312
    2207000 -837.798439
    2208000 -838.790128
    2209000 -840.462370
    2210000 -843.052226
    2211000 -840.129454
    2212000 -840.791106
    2213000 -838.303439
    2214000 -845.794827
    2215000 -838.209200
    2216000 -840.673711
    2217000 -841.576122
    2218000 -843.271728
    2219000 -840.668646
    2220000 -838.375345
    2221000 -840.493268
    2222000 -838.716295
    2223000 -838.235493
    2224000 -840.096208
    2225000 -838.259443
    2226000 -843.090767
    2227000 -839.244788
    2228000 -840.666142
    2229000 -841.095283
    2230000 -837.836807
    2231000 -837.931764
    2232000 -844.589008
    2233000 -838.467586
    2234000 -842.987239
    2235000 -840.711019
    2236000 -838.131690
    2237000 -841.132848
    2238000 -841.960139
    2239000 -840.517177
    2240000 -839.979724
    2241000 -843.074846
    2242000 -838.253479
    2243000 -840.495922
    2244000 -838.164722
    2245000 -839.354964
    2246000 -843.141523
    2247000 -839.224280
    2248000 -838.340773
    2249000 -838.338725
    2250000 -838.260499
    2251000 -842.022042
    2252000 -837.805560
    2253000 -838.162493
    2254000 -838.165636
    2255000 -838.255929
    2256000 -839.074315
    2257000 -837.798895
    2258000 -840.243394
    2259000 -844.137542
    2260000 -844.982776
    2261000 -837.822935
    2262000 -838.009060
    2263000 -837.927368
    2264000 -841.001818
    2265000 -851.988171
    2266000 -838.344214
    2267000 -838.287772
    2268000 -840.153805
    2269000 -838.855988
    2270000 -838.911050
    2271000 -841.986981
    2272000 -839.331232
    2273000 -838.782745
    2274000 -837.859229
    2275000 -837.901952
    2276000 -839.061038
    2277000 -838.354783
    2278000 -838.846135
    2279000 -839.963250
    2280000 -840.014548
    2281000 -845.940315
    2282000 -839.501013
    2283000 -846.169877
    2284000 -840.769916
    2285000 -838.599897
    2286000 -838.192018
    2287000 -838.382017
    2288000 -840.438632
    2289000 -841.173943
    2290000 -839.831561
    2291000 -838.061708
    2292000 -837.966879
    2293000 -840.436520
    2294000 -837.892522
    2295000 -837.846844
    2296000 -837.949146
    2297000 -840.401501
    2298000 -837.971749
    2299000 -837.870039
    2300000 -840.218441
    2301000 -837.800951
    2302000 -838.530990
    2303000 -840.433654
    2304000 -837.967204
    2305000 -838.093991
    2306000 -840.417971
    2307000 -841.559286
    2308000 -839.747028
    2309000 -843.077886
    2310000 -840.377135
    2311000 -843.078466
    2312000 -837.925994
    2313000 -838.106610
    2314000 -839.180695
    2315000 -840.861000
    2316000 -837.962349
    2317000 -840.421490
    2318000 -839.614242
    2319000 -845.452379
    2320000 -838.248954
    2321000 -839.229126
    2322000 -838.171803
    2323000 -842.990161
    2324000 -837.864010
    2325000 -837.868649
    2326000 -840.480291
    2327000 -838.260064
    2328000 -840.949692
    2329000 -843.386151
    2330000 -838.377890
    2331000 -838.186747
    2332000 -837.825825
    2333000 -837.930895
    2334000 -845.388360
    2335000 -837.822501
    2336000 -838.178053
    2337000 -837.798921
    2338000 -842.536066
    2339000 -838.195965
    2340000 -838.806470
    2341000 -840.806357
    2342000 -840.650476
    2343000 -840.678610
    2344000 -837.800665
    2345000 -838.866858
    2346000 -840.446446
    2347000 -838.063992
    2348000 -837.980665
    2349000 -838.748774
    2350000 -840.600188
    2351000 -837.817854
    2352000 -838.145561
    2353000 -842.728330
    2354000 -839.898099
    2355000 -838.457763
    2356000 -838.338828
    2357000 -837.947255
    2358000 -837.818439
    2359000 -838.189200
    2360000 -838.463759
    2361000 -838.164752
    2362000 -838.154955
    2363000 -839.063817
    2364000 -845.424757
    2365000 -837.798651
    2366000 -838.247340
    2367000 -838.359925
    2368000 -838.394083
    2369000 -838.196699
    2370000 -842.060145
    2371000 -840.930455
    2372000 -837.800380
    2373000 -839.885650
    2374000 -843.371236
    2375000 -842.934270
    2376000 -842.964230
    2377000 -840.874864
    2378000 -838.163900
    2379000 -838.051392
    2380000 -837.994870
    2381000 -838.062010
    2382000 -840.655976
    2383000 -837.923015
    2384000 -838.501726
    2385000 -840.993256
    2386000 -837.867709
    2387000 -840.487131
    2388000 -839.728793
    2389000 -838.169083
    2390000 -840.518869
    2391000 -841.131657
    2392000 -843.635258
    2393000 -837.950203
    2394000 -838.435760
    2395000 -843.460762
    2396000 -837.890942
    2397000 -839.131529
    2398000 -838.148293
    2399000 -839.892432
    2400000 -838.053508
    2401000 -838.395271
    2402000 -839.638426
    2403000 -847.988855
    2404000 -841.352953
    2405000 -838.301221
    2406000 -840.145115
    2407000 -838.145261
    2408000 -842.935684
    2409000 -837.834758
    2410000 -843.389789
    2411000 -842.835223
    2412000 -840.822794
    2413000 -838.447340
    2414000 -841.041435
    2415000 -838.649673
    2416000 -841.300980
    2417000 -838.011989
    2418000 -838.687651
    2419000 -845.387433
    2420000 -838.954903
    2421000 -841.843299
    2422000 -837.831777
    2423000 -844.731434
    2424000 -838.146103
    2425000 -838.781014
    2426000 -837.884055
    2427000 -839.366441
    2428000 -842.750034
    2429000 -840.646028
    2430000 -838.234433
    2431000 -838.561053
    2432000 -839.464248
    2433000 -837.805945
    2434000 -837.900627
    2435000 -839.747746
    2436000 -849.514216
    2437000 -844.386525
    2438000 -838.064560
    2439000 -838.916097
    2440000 -842.983288
    2441000 -837.921631
    2442000 -838.577202
    2443000 -838.226576
    2444000 -839.925929
    2445000 -837.819725
    2446000 -838.208989
    2447000 -838.260224
    2448000 -838.497259
    2449000 -839.046173
    2450000 -842.936625
    2451000 -838.154269
    2452000 -838.388579
    2453000 -838.358682
    2454000 -838.549033
    2455000 -838.325999
    2456000 -840.993957
    2457000 -837.866807
    2458000 -840.901718
    2459000 -843.403588
    2460000 -841.135855
    2461000 -838.056948
    2462000 -838.185623
    2463000 -838.820911
    2464000 -841.044845
    2465000 -838.102948
    2466000 -839.522819
    2467000 -837.823073
    2468000 -837.911230
    2469000 -840.895428
    2470000 -838.124359
    2471000 -837.830962
    2472000 -838.526744
    2473000 -838.750090
    2474000 -838.593143
    2475000 -839.483796
    2476000 -839.447516
    2477000 -838.262098
    2478000 -840.640186
    2479000 -840.664518
    2480000 -838.381237
    2481000 -842.788729
    2482000 -838.218162
    2483000 -838.285961
    2484000 -837.975591
    2485000 -840.498577
    2486000 -837.798647
    2487000 -839.935801
    2488000 -838.189156
    2489000 -839.655157
    2490000 -838.798160
    2491000 -840.708794
    2492000 -839.469451
    2493000 -840.389931
    2494000 -838.205292
    2495000 -847.788770
    2496000 -838.013613
    2497000 -839.300466
    2498000 -838.248348
    2499000 -839.890821
    2500000 -838.002915
    2501000 -843.381397
    2502000 -837.947433
    2503000 -840.358350
    2504000 -841.554899
    2505000 -838.678583
    2506000 -841.326485
    2507000 -843.020803
    2508000 -838.165990
    2509000 -837.873405
    2510000 -837.976089
    2511000 -846.356934
    2512000 -838.297500
    2513000 -840.398515
    2514000 -840.998415
    2515000 -841.309385
    2516000 -842.998104
    2517000 -840.326298
    2518000 -837.806230
    2519000 -838.872023
    2520000 -838.256610
    2521000 -846.588774
    2522000 -845.549807
    2523000 -838.322991
    2524000 -838.708379
    2525000 -839.891477
    2526000 -838.043326
    2527000 -839.409443
    2528000 -837.814699
    2529000 -837.874760
    2530000 -837.808324
    2531000 -843.234210
    2532000 -838.212348
    2533000 -845.619347
    2534000 -838.360764
    2535000 -839.881124
    2536000 -838.152391
    2537000 -838.310859
    2538000 -838.152227
    2539000 -843.249917
    2540000 -837.801633
    2541000 -838.150863
    2542000 -838.211348
    2543000 -841.051308
    2544000 -840.592701
    2545000 -838.259660
    2546000 -840.249812
    2547000 -838.135780
    2548000 -845.061173
    2549000 -839.281735
    2550000 -839.440305
    2551000 -840.722734
    2552000 -840.430726
    2553000 -837.804076
    2554000 -838.272743
    2555000 -838.078333
    2556000 -838.304104
    2557000 -840.395679
    2558000 -838.153698
    2559000 -843.553748
    2560000 -838.357866
    2561000 -838.178971
    2562000 -840.638858
    2563000 -838.234247
    2564000 -840.224606
    2565000 -838.153309
    2566000 -840.678399
    2567000 -837.891696
    2568000 -837.855634
    2569000 -839.303174
    2570000 -837.917781
    2571000 -839.966543
    2572000 -838.174679
    2573000 -843.603268
    2574000 -840.563876
    2575000 -846.114583
    2576000 -840.037917
    2577000 -837.898034
    2578000 -839.299627
    2579000 -838.274069
    2580000 -838.193829
    2581000 -839.493998
    2582000 -837.844318
    2583000 -841.565261
    2584000 -838.580621
    2585000 -840.891593
    2586000 -838.487306
    2587000 -838.018873
    2588000 -837.821119
    2589000 -841.768609
    2590000 -841.068957
    2591000 -840.393449
    2592000 -845.492633
    2593000 -838.085731
    2594000 -838.640629
    2595000 -839.180280
    2596000 -837.857227
    2597000 -837.823350
    2598000 -843.649085
    2599000 -839.887160
    2600000 -840.856753
    2601000 -837.830481
    2602000 -838.422056
    2603000 -839.992001
    2604000 -840.409629
    2605000 -841.205725
    2606000 -837.964912
    2607000 -838.291537
    2608000 -837.816619
    2609000 -841.363323
    2610000 -838.353574
    2611000 -838.064829
    2612000 -840.393500
    2613000 -846.312950
    2614000 -840.209915
    2615000 -838.316304
    2616000 -837.799026
    2617000 -839.886609
    2618000 -838.073594
    2619000 -840.393380
    2620000 -840.400277
    2621000 -837.972154
    2622000 -840.730598
    2623000 -838.491955
    2624000 -838.989858
    2625000 -838.773113
    2626000 -841.278101
    2627000 -842.604637
    2628000 -841.010230
    2629000 -837.805759
    2630000 -838.424239
    2631000 -838.213310
    2632000 -841.116231
    2633000 -843.096935
    2634000 -838.867040
    2635000 -843.657201
    2636000 -837.927456
    2637000 -842.746161
    2638000 -838.100145
    2639000 -837.798413
    2640000 -840.165160
    2641000 -840.958846
    2642000 -840.735586
    2643000 -840.523717
    2644000 -842.761670
    2645000 -843.371301
    2646000 -838.205624
    2647000 -840.492384
    2648000 -837.839321
    2649000 -837.832824
    2650000 -838.051016
    2651000 -838.491521
    2652000 -837.940277
    2653000 -840.403003
    2654000 -839.734309
    2655000 -840.804509
    2656000 -838.202364
    2657000 -837.841805
    2658000 -837.915546
    2659000 -846.642026
    2660000 -838.138363
    2661000 -843.004446
    2662000 -840.578326
    2663000 -838.222825
    2664000 -840.470151
    2665000 -840.422954
    2666000 -838.242732
    2667000 -838.170274
    2668000 -837.820848
    2669000 -838.320028
    2670000 -847.972354
    2671000 -840.527021
    2672000 -840.733529
    2673000 -837.807163
    2674000 -843.694589
    2675000 -838.791317
    2676000 -841.351499
    2677000 -839.884845
    2678000 -840.095703
    2679000 -838.236201
    2680000 -837.798498
    2681000 -846.315222
    2682000 -839.352919
    2683000 -840.684203
    2684000 -838.061386
    2685000 -839.568566
    2686000 -838.454391
    2687000 -838.103086
    2688000 -840.928467
    2689000 -839.884826
    2690000 -837.807343
    2691000 -839.052168
    2692000 -837.874619
    2693000 -840.845881
    2694000 -840.123314
    2695000 -837.825652
    2696000 -838.319696
    2697000 -838.212250
    2698000 -841.593833
    2699000 -842.023720
    2700000 -839.384281
    2701000 -840.360447
    2702000 -837.824336
    2703000 -837.827263
    2704000 -837.832611
    2705000 -838.211772
    2706000 -837.905517
    2707000 -838.190405
    2708000 -838.471658
    2709000 -838.410073
    2710000 -840.561094
    2711000 -838.232154
    2712000 -838.801970
    2713000 -839.393365
    2714000 -838.530350
    2715000 -837.898855
    2716000 -837.814390
    2717000 -837.801238
    2718000 -837.863684
    2719000 -840.521723
    2720000 -838.549531
    2721000 -838.449221
    2722000 -838.279707
    2723000 -837.995957
    2724000 -840.009757
    2725000 -837.821231
    2726000 -840.600387
    2727000 -838.060040
    2728000 -839.016619
    2729000 -837.938913
    2730000 -843.426807
    2731000 -838.438966
    2732000 -839.829736
    2733000 -839.353483
    2734000 -840.802967
    2735000 -839.926380
    2736000 -840.401489
    2737000 -838.722770
    2738000 -838.790505
    2739000 -837.897316
    2740000 -839.387309
    2741000 -840.390158
    2742000 -838.007323
    2743000 -838.200195
    2744000 -842.319744
    2745000 -843.808422
    2746000 -838.265294
    2747000 -837.868107
    2748000 -840.172394
    2749000 -838.166680
    2750000 -839.516977
    2751000 -838.140592
    2752000 -838.286650
    2753000 -842.272153
    2754000 -841.192417
    2755000 -838.433870
    2756000 -840.523022
    2757000 -838.203380
    2758000 -845.262881
    2759000 -842.655569
    2760000 -837.809151
    2761000 -839.557925
    2762000 -839.947736
    2763000 -838.664516
    2764000 -838.510370
    2765000 -841.072113
    2766000 -838.265302
    2767000 -840.394730
    2768000 -840.529306
    2769000 -845.577031
    2770000 -838.327766
    2771000 -839.919198
    2772000 -838.388087
    2773000 -837.916881
    2774000 -838.889149
    2775000 -840.660236
    2776000 -838.158290
    2777000 -843.020332
    2778000 -837.820390
    2779000 -838.209834
    2780000 -840.446865
    2781000 -838.205784
    2782000 -838.146001
    2783000 -837.812629
    2784000 -838.708661
    2785000 -838.405647
    2786000 -838.826976
    2787000 -838.382996
    2788000 -838.050840
    2789000 -839.837093
    2790000 -847.209741
    2791000 -839.941907
    2792000 -838.194034
    2793000 -843.628675
    2794000 -838.193746
    2795000 -838.374575
    2796000 -839.971489
    2797000 -838.570095
    2798000 -841.176237
    2799000 -844.069045
    2800000 -845.448539
    2801000 -838.507677
    2802000 -837.815210
    2803000 -843.340870
    2804000 -838.824466
    2805000 -839.216446
    2806000 -838.145907
    2807000 -838.164728
    2808000 -845.389758
    2809000 -839.057718
    2810000 -839.176799
    2811000 -838.168859
    2812000 -843.048467
    2813000 -840.074535
    2814000 -838.178018
    2815000 -841.078469
    2816000 -840.161842
    2817000 -837.811207
    2818000 -837.957652
    2819000 -838.393961
    2820000 -844.278130
    2821000 -839.882564
    2822000 -838.801426
    2823000 -837.834163
    2824000 -843.181748
    2825000 -839.939690
    2826000 -843.477074
    2827000 -838.028654
    2828000 -838.480705
    2829000 -840.749640
    2830000 -839.917343
    2831000 -843.010901
    2832000 -841.286281
    2833000 -838.280308
    2834000 -839.911640
    2835000 -840.220078
    2836000 -838.629073
    2837000 -846.070403
    2838000 -839.512482
    2839000 -843.097757
    2840000 -840.403550
    2841000 -837.811135
    2842000 -841.554962
    2843000 -837.964130
    2844000 -838.146127
    2845000 -838.867506
    2846000 -837.819216
    2847000 -838.149508
    2848000 -838.647354
    2849000 -837.877075
    2850000 -848.310130
    2851000 -841.016333
    2852000 -840.261873
    2853000 -838.668206
    2854000 -843.802494
    2855000 -847.750129
    2856000 -838.071991
    2857000 -838.097840
    2858000 -837.950597
    2859000 -837.805175
    2860000 -837.878334
    2861000 -837.798736
    2862000 -840.672266
    2863000 -837.857699
    2864000 -839.884906
    2865000 -840.438389
    2866000 -839.970428
    2867000 -837.835734
    2868000 -840.158706
    2869000 -842.307353
    2870000 -837.883680
    2871000 -840.468071
    2872000 -843.609025
    2873000 -839.429091
    2874000 -838.374804
    2875000 -838.092790
    2876000 -838.376967
    2877000 -838.192386
    2878000 -839.069573
    2879000 -839.548539
    2880000 -842.920619
    2881000 -840.419402
    2882000 -837.836920
    2883000 -841.573704
    2884000 -840.500672
    2885000 -840.991874
    2886000 -838.339472
    2887000 -837.865901
    2888000 -837.800758
    2889000 -843.544139
    2890000 -838.060183
    2891000 -838.402792
    2892000 -839.946122
    2893000 -837.970623
    2894000 -839.131153
    2895000 -837.831503
    2896000 -837.798649
    2897000 -843.230163
    2898000 -837.841239
    2899000 -837.978995
    2900000 -838.306243
    2901000 -837.835455
    2902000 -844.566182
    2903000 -838.564125
    2904000 -837.917602
    2905000 -840.424625
    2906000 -840.392181
    2907000 -837.873528
    2908000 -838.193781
    2909000 -838.167573
    2910000 -838.174341
    2911000 -837.804002
    2912000 -840.694059
    2913000 -842.923179
    2914000 -841.427213
    2915000 -841.457612
    2916000 -840.601116
    2917000 -838.453821
    2918000 -838.147849
    2919000 -838.859831
    2920000 -837.840468
    2921000 -838.159903
    2922000 -840.674382
    2923000 -841.952374
    2924000 -837.877210
    2925000 -840.778313
    2926000 -838.550813
    2927000 -838.210471
    2928000 -839.894926
    2929000 -837.984288
    2930000 -837.986377
    2931000 -838.156592
    2932000 -838.150655
    2933000 -838.149926
    2934000 -841.217536
    2935000 -839.285488
    2936000 -841.135938
    2937000 -843.291220
    2938000 -838.568444
    2939000 -842.950442
    2940000 -842.252908
    2941000 -837.837845
    2942000 -840.509304
    2943000 -839.884830
    2944000 -839.931449
    2945000 -838.800418
    2946000 -837.945866
    2947000 -837.808485
    2948000 -848.561700
    2949000 -837.912534
    2950000 -837.798584
    2951000 -839.554173
    2952000 -839.296641
    2953000 -838.344883
    2954000 -842.928541
    2955000 -843.846607
    2956000 -839.245740
    2957000 -841.001317
    2958000 -838.260696
    2959000 -838.445679
    2960000 -841.084139
    2961000 -837.876938
    2962000 -840.733765
    2963000 -838.263838
    2964000 -837.839814
    2965000 -840.653688
    2966000 -838.151575
    2967000 -837.830211
    2968000 -840.622221
    2969000 -839.142182
    2970000 -840.649950
    2971000 -839.860048
    2972000 -840.856452
    2973000 -839.892203
    2974000 -838.235518
    2975000 -837.833877
    2976000 -838.965943
    2977000 -837.925846
    2978000 -838.201081
    2979000 -844.392941
    2980000 -838.225694
    2981000 -843.367629
    2982000 -841.334617
    2983000 -837.968617
    2984000 -838.237428
    2985000 -838.802298
    2986000 -838.262140
    2987000 -838.145978
    2988000 -838.172744
    2989000 -837.980628
    2990000 -840.807060
    2991000 -838.294371
    2992000 -838.230600
    2993000 -838.224302
    2994000 -842.080599
    2995000 -838.181302
    2996000 -840.876401
    2997000 -837.799126
    2998000 -838.282966
    2999000 -840.817397
    3000000 -837.977280
