       1000 -26750.360928
       2000 -26749.316332
       3000 -26750.817743
       4000 -26750.216256
       5000 -26749.313251
       6000 -26749.365555
       7000 -26749.263389
       8000 -26749.285145
       9000 -26749.257481
      10000 -26750.403805
      11000 -26749.274528
      12000 -26749.307081
      13000 -26749.617354
      14000 -26749.302096
      15000 -26749.430699
      16000 -26749.813436
      17000 -26749.414273
      18000 -26749.431201
      19000 -26749.361017
      20000 -26750.069398
      21000 -26751.584572
      22000 -26749.294315
      23000 -26749.927772
      24000 -26749.406389
      25000 -26749.811765
      26000 -26749.401832
      27000 -26749.419064
      28000 -26750.089766
      29000 -26749.669443
      30000 -26751.305946
      31000 -26751.567864
      32000 -26749.284915
      33000 -26749.298634
      34000 -26749.309377
      35000 -26750.302501
      36000 -26749.913611
      37000 -26750.332950
      38000 -26750.813067
      39000 -26751.262342
      40000 -26749.273490
      41000 -26756.202062
      42000 -26749.695635
      43000 -26750.748418
      44000 -26751.542246
      45000 -26749.858419
      46000 -26749.906425
      47000 -26750.733300
      48000 -26749.774666
      49000 -26749.936866
      50000 -26749.794229
      51000 -26749.266246
      52000 -26750.218386
      53000 -26753.688403
      54000 -26749.258142
      55000 -26749.548300
      56000 -26749.321097
      57000 -26750.284299
      58000 -26749.257378
      59000 -26749.260412
      60000 -26751.769551
      61000 -26749.579437
      62000 -26750.340093
      63000 -26749.260330
      64000 -26752.305415
      65000 -26749.383093
      66000 -26749.421868
      67000 -26749.745784
      68000 -26749.598907
      69000 -26749.271243
      70000 -26749.660135
      71000 -26749.598916
      72000 -26750.491190
      73000 -26749.337211
      74000 -26750.160771
      75000 -26749.800397
      76000 -26749.711273
      77000 -26750.217674
      78000 -26749.475432
      79000 -26750.279075
      80000 -26750.277346
      81000 -26749.554756
      82000 -26749.668371
      83000 -26751.401072
      84000 -26751.075808
      85000 -26750.016787
      86000 -26749.367645
      87000 -26749.820566
      88000 -26749.392991
      89000 -26749.300454
      90000 -26749.417869
      91000 -26749.257644
      92000 -26749.566231
      93000 -26750.512675
      94000 -26749.497291
      95000 -26750.218354
      96000 -26749.813376
      97000 -26750.997387
      98000 -26750.950255
      99000 -26749.257261
     100000 -26750.090054
     101000 -26749.441360
     102000 -26749.380898
     103000 -26749.280199
     104000 -26749.424174
     105000 -26751.505281
     106000 -26750.259262
     107000 -26749.266338
     108000 -26749.342901
     109000 -26749.257613
     110000 -26749.797934
     111000 -26749.362370
     112000 -26749.461563
     113000 -26749.924602
     114000 -26749.309756
     115000 -26749.705831
     116000 -26749.943616
     117000 -26749.278734
     118000 -26753.312639
     119000 -26749.265551
     120000 -26749.304791
     121000 -26749.359578
     122000 -26749.298003
     123000 -26749.272317
     124000 -26750.712014
     125000 -26749.749453
     126000 -26750.107891
     127000 -26749.309695
     128000 -26749.360377
     129000 -26749.259011
     130000 -26749.675315
     131000 -26749.305981
     132000 -26749.548996
     133000 -26749.646320
     134000 -26749.296941
     135000 -26749.441825
     136000 -26750.162053
     137000 -26755.271920
     138000 -26749.453150
     139000 -26749.280450
     140000 -26749.308881
     141000 -26749.812386
     142000 -26749.886347
     143000 -26750.633696
     144000 -26750.039362
     145000 -26753.707062
     146000 -26749.299808
     147000 -26750.078214
     148000 -26749.280397
     149000 -26750.155366
     150000 -26749.496732
     151000 -26750.637935
     152000 -26749.992535
     153000 -26749.263061
     154000 -26750.022906
     155000 -26749.410540
     156000 -26750.044471
     157000 -26749.846037
     158000 -26749.353674
     159000 -26749.819064
     160000 -26751.148627
     161000 -26749.317874
     162000 -26749.868835
     163000 -26750.607749
     164000 -26749.299184
     165000 -26749.818687
     166000 -26753.106215
     167000 -26750.311974
     168000 -26750.399013
     169000 -26749.292757
     170000 -26749.819496
     171000 -26749.258130
     172000 -26749.881709
     173000 -26749.645346
     174000 -26749.428225
     175000 -26749.703606
     176000 -26750.277499
     177000 -26750.863154
     178000 -26750.421366
     179000 -26749.476458
     180000 -26749.963313
     181000 -26749.813667
     182000 -26749.957175
     183000 -26749.356122
     184000 -26749.992942
     185000 -26749.259725
     186000 -26749.351044
     187000 -26750.675401
     188000 -26749.418072
     189000 -26749.273808
     190000 -26749.259385
     191000 -26749.414681
     192000 -26750.176451
     193000 -26749.266101
     194000 -26749.444428
     195000 -26749.438279
     196000 -26752.044134
     197000 -26749.326520
     198000 -26750.410958
     199000 -26749.839119
     200000 -26749.843512
     201000 -26749.564129
     202000 -26753.224250
     203000 -26749.595565
     204000 -26749.905606
     205000 -26749.858535
     206000 -26749.315115
     207000 -26749.942451
     208000 -26750.632234
     209000 -26749.819936
     210000 -26749.463876
     211000 -26749.392679
     212000 -26751.497814
     213000 -26749.843326
     214000 -26749.348815
     215000 -26749.614897
     216000 -26749.262421
     217000 -26750.220287
     218000 -26749.363699
     219000 -26749.277317
     220000 -26749.278022
     221000 -26749.268371
     222000 -26749.540545
     223000 -26749.303598
     224000 -26750.015868
     225000 -26749.463460
     226000 -26749.863102
     227000 -26749.528478
     228000 -26749.260495
     229000 -26750.506176
     230000 -26749.347023
     231000 -26749.555884
     232000 -26750.127489
     233000 -26749.833550
     234000 -26749.432097
     235000 -26753.054840
     236000 -26749.373072
     237000 -26749.738720
     238000 -26749.818792
     239000 -26751.315690
     240000 -26749.258019
     241000 -26749.710371
     242000 -26752.486020
     243000 -26750.869350
     244000 -26750.355896
     245000 -26750.013949
     246000 -26749.402123
     247000 -26750.473059
     248000 -26750.335243
     249000 -26749.721039
     250000 -26749.904800
     251000 -26749.711570
     252000 -26749.337085
     253000 -26749.405880
     254000 -26749.262292
     255000 -26749.814332
     256000 -26749.328902
     257000 -26749.394272
     258000 -26749.453349
     259000 -26749.777763
     260000 -26749.308391
     261000 -26750.355502
     262000 -26749.287813
     263000 -26749.601632
     264000 -26749.411915
     265000 -26749.460963
     266000 -26751.625620
     267000 -26749.713609
     268000 -26749.481219
     269000 -26751.321844
     270000 -26751.223522
     271000 -26749.571714
     272000 -26749.584480
     273000 -26749.991735
     274000 -26749.541875
     275000 -26749.481400
     276000 -26749.852420
     277000 -26749.811652
     278000 -26749.821227
     279000 -26749.894582
     280000 -26749.508338
     281000 -26749.498214
     282000 -26750.705512
     283000 -26749.560730
     284000 -26749.308179
     285000 -26749.260870
     286000 -26750.602451
     287000 -26749.352671
     288000 -26750.040581
     289000 -26749.285405
     290000 -26749.300234
     291000 -26749.264029
     292000 -26750.902929
     293000 -26749.483357
     294000 -26750.003429
     295000 -26750.550288
     296000 -26749.285550
     297000 -26750.740934
     298000 -26750.493741
     299000 -26749.814421
     300000 -26750.197972
     301000 -26749.487666
     302000 -26750.300129
     303000 -26749.271910
     304000 -26749.286424
     305000 -26749.885747
     306000 -26749.945541
     307000 -26749.885999
     308000 -26749.982949
     309000 -26749.788110
     310000 -26749.515107
     311000 -26749.461003
     312000 -26749.469161
     313000 -26749.297212
     314000 -26749.299904
     315000 -26749.793749
     316000 -26749.372750
     317000 -26749.398156
     318000 -26752.354645
     319000 -26749.569690
     320000 -26749.274194
     321000 -26750.499642
     322000 -26751.904606
     323000 -26749.889851
     324000 -26749.873917
     325000 -26750.353168
     326000 -26749.667917
     327000 -26753.096388
     328000 -26749.471159
     329000 -26749.851439
     330000 -26749.599451
     331000 -26749.442210
     332000 -26750.692364
     333000 -26749.263411
     334000 -26749.540470
     335000 -26752.097955
     336000 -26749.258260
     337000 -26749.288428
     338000 -26750.443106
     339000 -26749.347988
     340000 -26749.319731
     341000 -26750.091412
     342000 -26749.356649
     343000 -26750.387113
     344000 -26750.128339
     345000 -26749.320189
     346000 -26749.369954
     347000 -26750.687953
     348000 -26753.156244
     349000 -26749.916828
     350000 -26749.835180
     351000 -26749.333358
     352000 -26749.455756
     353000 -26749.288941
     354000 -26749.405547
     355000 -26749.908694
     356000 -26749.338528
     357000 -26749.468987
     358000 -26749.563843
     359000 -26750.700491
     360000 -26749.312602
     361000 -26749.385489
     362000 -26750.012214
     363000 -26749.298600
     364000 -26749.989312
     365000 -26749.257112
     366000 -26749.524840
     367000 -26749.619943
     368000 -26749.887350
     369000 -26749.629408
     370000 -26751.001981
     371000 -26749.271979
     372000 -26749.257107
     373000 -26749.267223
     374000 -26749.765569
     375000 -26752.368251
     376000 -26750.307553
     377000 -26749.285848
     378000 -26749.257536
     379000 -26749.447108
     380000 -26750.519418
     381000 -26749.277309
     382000 -26749.762898
     383000 -26749.821980
     384000 -26749.266513
     385000 -26750.093703
     386000 -26749.820846
     387000 -26753.462968
     388000 -26749.856069
     389000 -26749.827071
     390000 -26749.814312
     391000 -26749.352303
     392000 -26750.071109
     393000 -26749.298660
     394000 -26749.263032
     395000 -26749.748490
     396000 -26753.057789
     397000 -26749.258593
     398000 -26749.257481
     399000 -26749.957844
     400000 -26749.897217
     401000 -26749.333591
     402000 -26749.504544
     403000 -26749.271365
     404000 -26749.811202
     405000 -26750.244220
     406000 -26752.373814
     407000 -26750.050920
     408000 -26749.951801
     409000 -26749.603460
     410000 -26749.812032
     411000 -26750.183069
     412000 -26749.328748
     413000 -26751.598394
     414000 -26749.268643
     415000 -26749.835911
     416000 -26749.878288
     417000 -26750.145034
     418000 -26749.670965
     419000 -26749.756997
     420000 -26749.369532
     421000 -26749.813196
     422000 -26750.802233
     423000 -26750.262231
     424000 -26749.262905
     425000 -26749.295575
     426000 -26753.213271
     427000 -26750.569274
     428000 -26749.495354
     429000 -26749.996802
     430000 -26752.998270
     431000 -26750.261470
     432000 -26749.626453
     433000 -26750.870545
     434000 -26749.540288
     435000 -26749.300704
     436000 -26751.873173
     437000 -26750.566334
     438000 -26749.817242
     439000 -26749.374257
     440000 -26749.469568
     441000 -26749.668876
     442000 -26749.338580
     443000 -26749.489365
     444000 -26749.728904
     445000 -26750.029402
     446000 -26749.835459
     447000 -26750.294018
     448000 -26753.799591
     449000 -26749.769162
     450000 -26749.927814
     451000 -26749.763641
     452000 -26749.315605
     453000 -26750.623836
     454000 -26749.386591
     455000 -26749.313980
     456000 -26749.329419
     457000 -26749.662826
     458000 -26749.353709
     459000 -26749.885571
     460000 -26749.257169
     461000 -26749.684546
     462000 -26750.654391
     463000 -26749.912995
     464000 -26749.261524
     465000 -26750.560837
     466000 -26750.205033
     467000 -26750.054810
     468000 -26749.267144
     469000 -26749.812120
     470000 -26750.069390
     471000 -26749.268446
     472000 -26749.258093
     473000 -26749.284276
     474000 -26749.271269
     475000 -26749.494311
     476000 -26749.811855
     477000 -26750.511512
     478000 -26749.280720
     479000 -26749.300807
     480000 -26749.630388
     481000 -26749.274875
     482000 -26749.939474
     483000 -26751.750788
     484000 -26749.265094
     485000 -26749.830539
     486000 -26751.510177
     487000 -26750.591979
     488000 -26749.939465
     489000 -26750.819898
     490000 -26749.307037
     491000 -26749.853274
     492000 -26750.227999
     493000 -26749.811648
     494000 -26749.592491
     495000 -26749.980141
     496000 -26750.642332
     497000 -26750.571460
     498000 -26749.363073
     499000 -26749.278678
     500000 -26751.001548
     501000 -26749.816536
     502000 -26750.485275
     503000 -26749.435234
     504000 -26751.436476
     505000 -26749.956952
     506000 -26750.221649
     507000 -26749.272497
     508000 -26751.699260
     509000 -26749.257504
     510000 -26751.021577
     511000 -26749.813136
     512000 -26749.576371
     513000 -26749.275598
     514000 -26750.071498
     515000 -26749.851986
     516000 -26749.392031
     517000 -26749.366619
     518000 -26752.358931
     519000 -26750.328391
     520000 -26749.290870
     521000 -26750.192109
     522000 -26749.315558
     523000 -26750.418976
     524000 -26749.949868
     525000 -26749.296488
     526000 -26749.544461
     527000 -26750.384642
     528000 -26749.315020
     529000 -26751.939356
     530000 -26752.605607
     531000 -26749.268925
     532000 -26749.597030
     533000 -26752.081607
     534000 -26749.544475
     535000 -26749.579028
     536000 -26750.629539
     537000 -26749.328358
     538000 -26750.597524
     539000 -26749.318686
     540000 -26749.648278
     541000 -26749.342063
     542000 -26750.085116
     543000 -26749.260177
     544000 -26750.227783
     545000 -26749.383291
     546000 -26749.660458
     547000 -26750.026155
     548000 -26749.462884
     549000 -26749.394294
     550000 -26749.645732
     551000 -26749.490957
     552000 -26750.325667
     553000 -26749.414642
     554000 -26751.102129
     555000 -26750.266896
     556000 -26749.511002
     557000 -26749.891917
     558000 -26750.704196
     559000 -26749.387443
     560000 -26749.397347
     561000 -26749.328884
     562000 -26749.825381
     563000 -26749.820547
     564000 -26749.471608
     565000 -26749.257172
     566000 -26750.238902
     567000 -26749.388775
     568000 -26749.578311
     569000 -26749.654828
     570000 -26749.276694
     571000 -26753.009174
     572000 -26749.362209
     573000 -26750.541095
     574000 -26749.331663
     575000 -26749.924391
     576000 -26749.678378
     577000 -26749.997138
     578000 -26749.320306
     579000 -26749.454664
     580000 -26750.290782
     581000 -26749.303007
     582000 -26750.027089
     583000 -26749.307267
     584000 -26749.257751
     585000 -26751.146396
     586000 -26749.262269
     587000 -26749.799849
     588000 -26749.512408
     589000 -26751.540999
     590000 -26751.861598
     591000 -26749.730772
     592000 -26750.475091
     593000 -26749.434692
     594000 -26749.558447
     595000 -26749.627406
     596000 -26750.747733
     597000 -26749.289802
     598000 -26749.727022
     599000 -26749.285106
     600000 -26749.602277
     601000 -26749.814296
     602000 -26749.259604
     603000 -26750.859250
     604000 -26750.171345
     605000 -26749.902551
     606000 -26749.751187
     607000 -26750.292189
     608000 -26749.855466
     609000 -26749.887455
     610000 -26750.307394
     611000 -26749.668724
     612000 -26749.995793
     613000 -26749.412768
     614000 -26750.167362
     615000 -26749.281217
     616000 -26749.638269
     617000 -26749.280306
     618000 -26749.329544
     619000 -26750.030183
     620000 -26749.258705
     621000 -26749.330715
     622000 -26749.568801
     623000 -26749.276239
     624000 -26750.699097
     625000 -26749.382950
     626000 -26749.894591
     627000 -26749.993287
     628000 -26749.317101
     629000 -26749.827639
     630000 -26749.943551
     631000 -26749.868324
     632000 -26749.290055
     633000 -26749.257217
     634000 -26749.357950
     635000 -26749.553046
     636000 -26749.863325
     637000 -26749.816736
     638000 -26752.828225
     639000 -26749.361450
     640000 -26750.497385
     641000 -26749.641009
     642000 -26749.807863
     643000 -26749.523591
     644000 -26749.538872
     645000 -26749.898508
     646000 -26749.478475
     647000 -26749.658691
     648000 -26749.273106
     649000 -26750.160943
     650000 -26749.807997
     651000 -26749.679405
     652000 -26749.365024
     653000 -26750.525001
     654000 -26752.141708
     655000 -26749.723207
     656000 -26749.258520
     657000 -26755.321711
     658000 -26749.634259
     659000 -26750.102422
     660000 -26750.074376
     661000 -26750.424089
     662000 -26749.292033
     663000 -26750.156375
     664000 -26749.500667
     665000 -26754.003004
     666000 -26750.027728
     667000 -26750.290585
     668000 -26749.309340
     669000 -26750.463899
     670000 -26749.312319
     671000 -26749.813465
     672000 -26749.295159
     673000 -26749.479100
     674000 -26749.739117
     675000 -26749.257578
     676000 -26749.260953
     677000 -26749.393403
     678000 -26750.214265
     679000 -26749.259816
     680000 -26750.097979
     681000 -26749.302382
     682000 -26749.378768
     683000 -26751.283318
     684000 -26749.401158
     685000 -26750.618994
     686000 -26749.719422
     687000 -26749.779271
     688000 -26749.275709
     689000 -26750.971556
     690000 -26750.475363
     691000 -26749.967149
     692000 -26749.257235
     693000 -26749.319059
     694000 -26749.284460
     695000 -26749.817100
     696000 -26749.634627
     697000 -26749.314460
     698000 -26750.066804
     699000 -26749.579071
     700000 -26750.112605
     701000 -26750.045182
     702000 -26749.288812
     703000 -26750.435233
     704000 -26749.280285
     705000 -26750.620161
     706000 -26749.260300
     707000 -26749.306106
     708000 -26749.283275
     709000 -26749.372674
     710000 -26750.637735
     711000 -26749.498616
     712000 -26749.260988
     713000 -26749.840797
     714000 -26750.677337
     715000 -26749.605417
     716000 -26749.278806
     717000 -26749.882769
     718000 -26749.343253
     719000 -26749.257262
     720000 -26749.813431
     721000 -26749.306154
     722000 -26749.277054
     723000 -26749.839522
     724000 -26749.367855
     725000 -26749.451179
     726000 -26749.525593
     727000 -26749.573056
     728000 -26749.257118
     729000 -26749.262598
     730000 -26749.299006
     731000 -26749.957783
     732000 -26749.303842
     733000 -26755.522809
     734000 -26749.499008
     735000 -26750.866459
     736000 -26749.565193
     737000 -26749.259721
     738000 -26751.099574
     739000 -26749.257412
     740000 -26750.602402
     741000 -26749.264902
     742000 -26750.648784
     743000 -26749.279772
     744000 -26749.922073
     745000 -26749.321316
     746000 -26750.611631
     747000 -26749.929035
     748000 -26749.299582
     749000 -26750.268503
     750000 -26749.373705
     751000 -26749.865876
     752000 -26749.270865
     753000 -26750.294090
     754000 -26749.264340
     755000 -26750.701363
     756000 -26749.432828
     757000 -26749.257786
     758000 -26750.536980
     759000 -26749.791285
     760000 -26749.259355
     761000 -26749.261817
     762000 -26749.272490
     763000 -26750.277853
     764000 -26749.715796
     765000 -26749.809124
     766000 -26749.939024
     767000 -26749.423272
     768000 -26749.281413
     769000 -26749.359436
     770000 -26749.846608
     771000 -26749.294383
     772000 -26750.401828
     773000 -26749.384612
     774000 -26749.783141
     775000 -26749.276241
     776000 -26757.425162
     777000 -26750.312748
     778000 -26750.151067
     779000 -26750.614481
     780000 -26749.811571
     781000 -26750.163976
     782000 -26750.000113
     783000 -26749.271652
     784000 -26749.914938
     785000 -26749.788802
     786000 -26749.367899
     787000 -26749.816177
     788000 -26750.292952
     789000 -26749.337060
     790000 -26750.198375
     791000 -26750.469078
     792000 -26750.901341
     793000 -26752.129490
     794000 -26751.338345
     795000 -26750.147157
     796000 -26750.947545
     797000 -26749.477562
     798000 -26749.263377
     799000 -26750.004346
     800000 -26750.486472
     801000 -26750.914849
     802000 -26749.401912
     803000 -26749.376368
     804000 -26749.814006
     805000 -26749.943884
     806000 -26749.633125
     807000 -26750.129475
     808000 -26749.296637
     809000 -26749.929307
     810000 -26749.633759
     811000 -26750.138924
     812000 -26750.812491
     813000 -26749.916207
     814000 -26749.257187
     815000 -26749.352273
     816000 -26749.831603
     817000 -26749.540594
     818000 -26749.257718
     819000 -26749.882059
     820000 -26749.287764
     821000 -26749.408607
     822000 -26749.820900
     823000 -26749.680562
     824000 -26749.258288
     825000 -26749.285061
     826000 -26749.280861
     827000 -26749.319732
     828000 -26749.965655
     829000 -26750.255349
     830000 -26749.350798
     831000 -26749.297950
     832000 -26749.749313
     833000 -26749.828823
     834000 -26749.301521
     835000 -26749.258489
     836000 -26749.257418
     837000 -26749.318643
     838000 -26749.350177
     839000 -26749.382977
     840000 -26751.046017
     841000 -26749.924668
     842000 -26749.448339
     843000 -26749.488157
     844000 -26751.730379
     845000 -26750.445210
     846000 -26749.309081
     847000 -26750.193029
     848000 -26750.433100
     849000 -26749.699909
     850000 -26751.067547
     851000 -26749.826440
     852000 -26752.334412
     853000 -26750.359271
     854000 -26751.477371
     855000 -26749.438341
     856000 -26750.142809
     857000 -26750.986163
     858000 -26750.232616
     859000 -26751.139187
     860000 -26749.300120
     861000 -26749.257472
     862000 -26749.368417
     863000 -26750.310160
     864000 -26749.265797
     865000 -26749.624491
     866000 -26749.559533
     867000 -26750.921968
     868000 -26749.257615
     869000 -26749.288256
     870000 -26749.692828
     871000 -26753.908072
     872000 -26749.759946
     873000 -26753.706514
     874000 -26751.710265
     875000 -26749.503395
     876000 -26750.310044
     877000 -26749.478652
     878000 -26749.407719
     879000 -26749.802059
     880000 -26749.428797
     881000 -26749.724772
     882000 -26750.204751
     883000 -26754.725550
     884000 -26749.258470
     885000 -26750.389595
     886000 -26749.838781
     887000 -26749.524499
     888000 -26750.337421
     889000 -26749.960033
     890000 -26749.313961
     891000 -26749.347599
     892000 -26750.438058
     893000 -26749.308496
     894000 -26750.226907
     895000 -26750.494566
     896000 -26749.257106
     897000 -26749.819388
     898000 -26750.223884
     899000 -26749.819026
     900000 -26750.372505
     901000 -26752.995768
     902000 -26749.534068
     903000 -26749.829165
     904000 -26750.082675
     905000 -26750.821267
     906000 -26749.783843
     907000 -26750.122761
     908000 -26749.257573
     909000 -26749.340441
     910000 -26749.365710
     911000 -26749.318959
     912000 -26749.902100
     913000 -26749.891337
     914000 -26749.293785
     915000 -26750.493457
     916000 -26750.681151
     917000 -26749.723411
     918000 -26749.257379
     919000 -26749.591793
     920000 -26749.299839
     921000 -26749.316812
     922000 -26749.453253
     923000 -26750.623167
     924000 -26749.676245
     925000 -26750.048011
     926000 -26750.827605
     927000 -26750.225349
     928000 -26749.387513
     929000 -26749.404564
     930000 -26749.267176
     931000 -26750.209661
     932000 -26750.442553
     933000 -26749.257165
     934000 -26751.314724
     935000 -26749.257848
     936000 -26750.436771
     937000 -26749.266098
     938000 -26750.502580
     939000 -26749.465509
     940000 -26749.280377
     941000 -26749.259991
     942000 -26750.224288
     943000 -26749.797142
     944000 -26751.910843
     945000 -26749.448198
     946000 -26749.838132
     947000 -26749.723924
     948000 -26753.979692
     949000 -26750.028648
     950000 -26750.408030
     951000 -26749.694981
     952000 -26750.754214
     953000 -26749.313886
     954000 -26750.216843
     955000 -26749.601052
     956000 -26749.914849
     957000 -26750.226228
     958000 -26749.499465
     959000 -26750.091126
     960000 -26749.815216
     961000 -26749.833457
     962000 -26751.454258
     963000 -26750.656951
     964000 -26749.355279
     965000 -26749.704039
     966000 -26749.258871
     967000 -26749.804912
     968000 -26749.817446
     969000 -26752.224021
     970000 -26749.310104
     971000 -26749.876509
     972000 -26750.035274
     973000 -26750.277938
     974000 -26750.592778
     975000 -26751.378750
     976000 -26749.266120
     977000 -26749.267367
     978000 -26750.445719
     979000 -26750.418161
     980000 -26750.130691
     981000 -26750.664768
     982000 -26750.316925
     983000 -26749.992480
     984000 -26749.266609
     985000 -26750.325697
     986000 -26749.624669
     987000 -26749.408536
     988000 -26750.100641
     989000 -26749.360240
     990000 -26749.567110
     991000 -26750.458356
     992000 -26749.887692
     993000 -26749.558468
     994000 -26751.375117
     995000 -26749.381545
     996000 -26751.053667
     997000 -26749.358733
     998000 -26749.303670
     999000 -26749.436953
    1000000 -26749.920643
