       1000 -807.554377
       2000 -806.044036
       3000 -805.955481
       4000 -804.391033
       5000 -804.646114
       6000 -805.860802
       7000 -805.863751
       8000 -804.348347
       9000 -804.553550
      10000 -804.344014
      11000 -804.677824
      12000 -805.919131
      13000 -805.905974
      14000 -804.446042
      15000 -804.340503
      16000 -804.351990
      17000 -804.693357
      18000 -804.562874
      19000 -804.388468
      20000 -804.916468
      21000 -806.329769
      22000 -809.016493
      23000 -804.891071
      24000 -805.602378
      25000 -806.119933
      26000 -807.400089
      27000 -806.543044
      28000 -804.499188
      29000 -804.613006
      30000 -804.489143
      31000 -805.232269
      32000 -804.744291
      33000 -804.477136
      34000 -804.745648
      35000 -806.076262
      36000 -804.478750
      37000 -804.402959
      38000 -804.339293
      39000 -804.942508
      40000 -804.428744
      41000 -804.770965
      42000 -804.353360
      43000 -806.907476
      44000 -804.510599
      45000 -804.425782
      46000 -807.141761
      47000 -807.874068
      48000 -806.623931
      49000 -805.362987
      50000 -804.931768
      51000 -806.250015
      52000 -805.900645
      53000 -805.925145
      54000 -805.185993
      55000 -804.761840
      56000 -811.011809
      57000 -804.354709
      58000 -804.455585
      59000 -804.340659
      60000 -804.610762
      61000 -806.549298
      62000 -806.153854
      63000 -810.430141
      64000 -804.356945
      65000 -804.460423
      66000 -804.463756
      67000 -804.729790
      68000 -804.380707
      69000 -805.029492
      70000 -805.002066
      71000 -804.515538
      72000 -806.236025
      73000 -804.404584
      74000 -805.731529
      75000 -806.372461
      76000 -805.177492
      77000 -804.347722
      78000 -804.463037
      79000 -804.367481
      80000 -806.422049
      81000 -804.546196
      82000 -805.110175
      83000 -804.569471
      84000 -804.371523
      85000 -804.339324
      86000 -807.400180
      87000 -804.963152
      88000 -804.555418
      89000 -807.818965
      90000 -804.338973
      91000 -804.338871
      92000 -804.482447
      93000 -805.244981
      94000 -806.587707
      95000 -805.099619
      96000 -807.832811
      97000 -804.363952
      98000 -804.489629
      99000 -807.406220
     100000 -804.514784
     101000 -804.673924
     102000 -804.428818
     103000 -804.369538
     104000 -805.106317
     105000 -806.566755
     106000 -804.644971
     107000 -806.513718
     108000 -804.614701
     109000 -804.355040
     110000 -804.401267
     111000 -805.889576
     112000 -806.299269
     113000 -806.813383
     114000 -806.248516
     115000 -805.963621
     116000 -804.344010
     117000 -805.366778
     118000 -804.590187
     119000 -804.339650
     120000 -805.713829
     121000 -805.078178
     122000 -808.995840
     123000 -806.290435
     124000 -807.414769
     125000 -804.418550
     126000 -804.728128
     127000 -810.419275
     128000 -804.452116
     129000 -809.702353
     130000 -804.523994
     131000 -804.890840
     132000 -804.494479
     133000 -807.401014
     134000 -807.416950
     135000 -804.789573
     136000 -806.141184
     137000 -805.075967
     138000 -804.910082
     139000 -804.589656
     140000 -804.340741
     141000 -808.552618
     142000 -805.019835
     143000 -805.042722
     144000 -804.360768
     145000 -804.340134
     146000 -804.450832
     147000 -805.887864
     148000 -805.438171
     149000 -804.742076
     150000 -804.499449
     151000 -804.558092
     152000 -804.496904
     153000 -807.931819
     154000 -804.909719
     155000 -804.732907
     156000 -804.339172
     157000 -807.810154
     158000 -804.380359
     159000 -805.430532
     160000 -804.493635
     161000 -804.341234
     162000 -804.454350
     163000 -804.339983
     164000 -807.433825
     165000 -805.043527
     166000 -804.885278
     167000 -806.491965
     168000 -804.343051
     169000 -804.449194
     170000 -804.395491
     171000 -807.424707
     172000 -804.339013
     173000 -806.646036
     174000 -804.769150
     175000 -804.431298
     176000 -806.204711
     177000 -804.350398
     178000 -804.860217
     179000 -804.385448
     180000 -808.135076
     181000 -808.150877
     182000 -804.338845
     183000 -808.834616
     184000 -804.469450
     185000 -804.612445
     186000 -804.470538
     187000 -805.913330
     188000 -807.459222
     189000 -804.772439
     190000 -806.735183
     191000 -805.127961
     192000 -804.361468
     193000 -804.661375
     194000 -804.352534
     195000 -804.465058
     196000 -804.369322
     197000 -804.498604
     198000 -804.865696
     199000 -808.119497
     200000 -804.890981
     201000 -804.487601
     202000 -804.342355
     203000 -806.418632
     204000 -804.339180
     205000 -804.372141
     206000 -804.339821
     207000 -804.350779
     208000 -804.382181
     209000 -805.882836
     210000 -805.181005
     211000 -804.355579
     212000 -804.822252
     213000 -804.675621
     214000 -806.392839
     215000 -804.453761
     216000 -805.149867
     217000 -805.084007
     218000 -804.467093
     219000 -807.573512
     220000 -807.399181
     221000 -804.341686
     222000 -804.585310
     223000 -805.843345
     224000 -804.341665
     225000 -804.452465
     226000 -804.357214
     227000 -804.809443
     228000 -805.210549
     229000 -807.432208
     230000 -804.760529
     231000 -804.408007
     232000 -804.462516
     233000 -806.333482
     234000 -808.675533
     235000 -809.658938
     236000 -804.452277
     237000 -804.412339
     238000 -804.944533
     239000 -804.356267
     240000 -804.960343
     241000 -804.377326
     242000 -806.147171
     243000 -805.074000
     244000 -804.451465
     245000 -804.868249
     246000 -804.891245
     247000 -806.569640
     248000 -807.612472
     249000 -804.350975
     250000 -804.582542
     251000 -804.871502
     252000 -804.924677
     253000 -804.569891
     254000 -804.367313
     255000 -804.408521
     256000 -806.086108
     257000 -804.797803
     258000 -809.083107
     259000 -804.863209
     260000 -804.911263
     261000 -810.392110
     262000 -809.125968
     263000 -804.406913
     264000 -805.184470
     265000 -809.902519
     266000 -806.217952
     267000 -807.569629
     268000 -805.257891
     269000 -804.815149
     270000 -807.400985
     271000 -804.338842
     272000 -805.029503
     273000 -804.340674
     274000 -804.558772
     275000 -804.423527
     276000 -808.257348
     277000 -805.053214
     278000 -804.914963
     279000 -808.558554
     280000 -809.810615
     281000 -804.924433
     282000 -806.145794
     283000 -804.669278
     284000 -804.349657
     285000 -804.563187
     286000 -806.167542
     287000 -804.999290
     288000 -808.134408
     289000 -804.916519
     290000 -804.639968
     291000 -804.370083
     292000 -804.356049
     293000 -806.982103
     294000 -805.791300
     295000 -805.100033
     296000 -804.420666
     297000 -804.536170
     298000 -804.878237
     299000 -804.392737
     300000 -806.807991
     301000 -809.593769
     302000 -805.026527
     303000 -806.664995
     304000 -806.062659
     305000 -804.994795
     306000 -804.348309
     307000 -804.341289
     308000 -804.495724
     309000 -804.412816
     310000 -805.915293
     311000 -804.992623
     312000 -804.638066
     313000 -804.733257
     314000 -809.230304
     315000 -805.872889
     316000 -804.367469
     317000 -804.341605
     318000 -804.981406
     319000 -805.477094
     320000 -805.371827
     321000 -805.343738
     322000 -807.061556
     323000 -805.268776
     324000 -805.866337
     325000 -811.300154
     326000 -804.384478
     327000 -804.398226
     328000 -807.721781
     329000 -804.341547
     330000 -804.864860
     331000 -805.042321
     332000 -804.612027
     333000 -805.860763
     334000 -804.635167
     335000 -809.439473
     336000 -805.880735
     337000 -806.560107
     338000 -806.352329
     339000 -806.023231
     340000 -807.724457
     341000 -806.393957
     342000 -804.640099
     343000 -804.343239
     344000 -804.798310
     345000 -805.197238
     346000 -804.340038
     347000 -804.690905
     348000 -807.318705
     349000 -806.120669
     350000 -804.438144
     351000 -804.351590
     352000 -806.250199
     353000 -805.004733
     354000 -804.369108
     355000 -804.742367
     356000 -804.384186
     357000 -804.370836
     358000 -807.358902
     359000 -804.777996
     360000 -804.397955
     361000 -804.622394
     362000 -804.355473
     363000 -804.962336
     364000 -804.405195
     365000 -807.956206
     366000 -804.875497
     367000 -807.821806
     368000 -806.462353
     369000 -804.927941
     370000 -807.353032
     371000 -804.523201
     372000 -804.466144
     373000 -804.906725
     374000 -804.382845
     375000 -804.898963
     376000 -804.339026
     377000 -808.545713
     378000 -804.430633
     379000 -807.477801
     380000 -806.452392
     381000 -804.488429
     382000 -807.815387
     383000 -805.943665
     384000 -804.728158
     385000 -804.345198
     386000 -804.512694
     387000 -807.409016
     388000 -804.344026
     389000 -805.071183
     390000 -805.029265
     391000 -804.347292
     392000 -805.314260
     393000 -804.349297
     394000 -808.056209
     395000 -806.328544
     396000 -804.475537
     397000 -804.921948
     398000 -804.575406
     399000 -804.510634
     400000 -805.953416
     401000 -805.069339
     402000 -806.350753
     403000 -804.894027
     404000 -804.343829
     405000 -805.869567
     406000 -804.445277
     407000 -804.514810
     408000 -804.627990
     409000 -806.757055
     410000 -804.548538
     411000 -804.338847
     412000 -806.032162
     413000 -804.777115
     414000 -806.167591
     415000 -804.379661
     416000 -805.655970
     417000 -804.601158
     418000 -805.026436
     419000 -804.422608
     420000 -804.403524
     421000 -804.340287
     422000 -806.217304
     423000 -804.400376
     424000 -806.273182
     425000 -805.026092
     426000 -805.919306
     427000 -804.537191
     428000 -804.453523
     429000 -804.432628
     430000 -804.813198
     431000 -805.568251
     432000 -804.402927
     433000 -804.959781
     434000 -805.525739
     435000 -804.884553
     436000 -804.339245
     437000 -809.425082
     438000 -804.354023
     439000 -806.433492
     440000 -804.435044
     441000 -806.383262
     442000 -805.954986
     443000 -804.882080
     444000 -807.738334
     445000 -804.339575
     446000 -805.959716
     447000 -804.510281
     448000 -804.349280
     449000 -809.471929
     450000 -804.665265
     451000 -804.373235
     452000 -805.923548
     453000 -804.381264
     454000 -804.626841
     455000 -804.450257
     456000 -804.368631
     457000 -804.612883
     458000 -804.387681
     459000 -805.512318
     460000 -805.048416
     461000 -804.524642
     462000 -804.346406
     463000 -804.577024
     464000 -807.732645
     465000 -804.898916
     466000 -804.999025
     467000 -804.474111
     468000 -807.008947
     469000 -807.403370
     470000 -806.000281
     471000 -804.345728
     472000 -804.338840
     473000 -807.416704
     474000 -804.417894
     475000 -804.467325
     476000 -804.398901
     477000 -804.737727
     478000 -810.440514
     479000 -805.878626
     480000 -806.113005
     481000 -806.132291
     482000 -805.064004
     483000 -804.342759
     484000 -806.890365
     485000 -806.344385
     486000 -805.878402
     487000 -804.849579
     488000 -804.498224
     489000 -804.399877
     490000 -804.389794
     491000 -805.868821
     492000 -804.377662
     493000 -808.200257
     494000 -805.148586
     495000 -806.040669
     496000 -805.489401
     497000 -807.408186
     498000 -804.886708
     499000 -804.581586
     500000 -805.001325
     501000 -807.941237
     502000 -807.924376
     503000 -804.354906
     504000 -804.827708
     505000 -806.454576
     506000 -804.539980
     507000 -804.487163
     508000 -804.378116
     509000 -804.433456
     510000 -811.498113
     511000 -804.571970
     512000 -804.386807
     513000 -804.644200
     514000 -804.432129
     515000 -805.386417
     516000 -805.886471
     517000 -804.340682
     518000 -804.465295
     519000 -804.555689
     520000 -804.338959
     521000 -806.337152
     522000 -809.261525
     523000 -805.355971
     524000 -804.840002
     525000 -804.897878
     526000 -808.836852
     527000 -805.452459
     528000 -804.344285
     529000 -805.244317
     530000 -806.857060
     531000 -804.856541
     532000 -805.747419
     533000 -804.732797
     534000 -804.375850
     535000 -804.345328
     536000 -804.341294
     537000 -804.901805
     538000 -804.401920
     539000 -804.670450
     540000 -804.383504
     541000 -804.942735
     542000 -805.483699
     543000 -804.490557
     544000 -805.897642
     545000 -805.264334
     546000 -804.340182
     547000 -804.401135
     548000 -804.359230
     549000 -804.363246
     550000 -804.961390
     551000 -804.520199
     552000 -804.354789
     553000 -804.795612
     554000 -804.545543
     555000 -805.902587
     556000 -805.289497
     557000 -805.871302
     558000 -804.432033
     559000 -804.378834
     560000 -805.070238
     561000 -805.885867
     562000 -804.351739
     563000 -804.367302
     564000 -804.556457
     565000 -808.090730
     566000 -814.569399
     567000 -805.246845
     568000 -804.900198
     569000 -804.417700
     570000 -804.815395
     571000 -805.085083
     572000 -804.574716
     573000 -804.404310
     574000 -804.514345
     575000 -806.254442
     576000 -806.708217
     577000 -804.449651
     578000 -804.344180
     579000 -804.971105
     580000 -809.004943
     581000 -806.115987
     582000 -804.345609
     583000 -804.472399
     584000 -805.968263
     585000 -805.273467
     586000 -806.046433
     587000 -804.421478
     588000 -804.613798
     589000 -806.071763
     590000 -807.574770
     591000 -804.527936
     592000 -805.410250
     593000 -804.613307
     594000 -804.871734
     595000 -804.608170
     596000 -804.405425
     597000 -806.003305
     598000 -804.355256
     599000 -805.784194
     600000 -806.073041
     601000 -810.700253
     602000 -805.292772
     603000 -804.349475
     604000 -806.854530
     605000 -810.070587
     606000 -804.338848
     607000 -804.717174
     608000 -804.550740
     609000 -806.956512
     610000 -807.144951
     611000 -804.421284
     612000 -804.349841
     613000 -806.293911
     614000 -804.700087
     615000 -804.449627
     616000 -805.614078
     617000 -804.343753
     618000 -804.854803
     619000 -804.340670
     620000 -804.464123
     621000 -805.695534
     622000 -804.339060
     623000 -804.343384
     624000 -804.350130
     625000 -804.502328
     626000 -804.412877
     627000 -807.430063
     628000 -809.082863
     629000 -804.338877
     630000 -807.994859
     631000 -807.018583
     632000 -804.342808
     633000 -804.371831
     634000 -804.558097
     635000 -807.482677
     636000 -804.701908
     637000 -805.076048
     638000 -804.339446
     639000 -804.842115
     640000 -804.762131
     641000 -805.080490
     642000 -804.413610
     643000 -804.422675
     644000 -804.455084
     645000 -805.968842
     646000 -804.371367
     647000 -804.341115
     648000 -805.196409
     649000 -804.343598
     650000 -805.077239
     651000 -804.450370
     652000 -804.861527
     653000 -804.609369
     654000 -805.302435
     655000 -804.432641
     656000 -804.430196
     657000 -804.460307
     658000 -804.627194
     659000 -805.703247
     660000 -805.149530
     661000 -807.553954
     662000 -807.047143
     663000 -804.353629
     664000 -808.209179
     665000 -804.622481
     666000 -804.887516
     667000 -807.641705
     668000 -804.557258
     669000 -805.455194
     670000 -805.862465
     671000 -805.898867
     672000 -804.349744
     673000 -804.634454
     674000 -804.381099
     675000 -807.426799
     676000 -806.379618
     677000 -806.259311
     678000 -804.655606
     679000 -805.954230
     680000 -804.495226
     681000 -805.234066
     682000 -804.358759
     683000 -804.482082
     684000 -806.477208
     685000 -806.115419
     686000 -804.737294
     687000 -804.589145
     688000 -805.046236
     689000 -807.399694
     690000 -807.402122
     691000 -804.728151
     692000 -810.011459
     693000 -804.338872
     694000 -806.629776
     695000 -804.666008
     696000 -808.309399
     697000 -804.494898
     698000 -804.346594
     699000 -804.479098
     700000 -805.337817
     701000 -804.401429
     702000 -805.152437
     703000 -804.592723
     704000 -804.839694
     705000 -806.023922
     706000 -804.372505
     707000 -804.460359
     708000 -804.350141
     709000 -806.423591
     710000 -804.342830
     711000 -804.355806
     712000 -804.339362
     713000 -805.866322
     714000 -807.475106
     715000 -806.052540
     716000 -804.490974
     717000 -804.697143
     718000 -804.417581
     719000 -804.341125
     720000 -804.338889
     721000 -805.861283
     722000 -807.527487
     723000 -805.979941
     724000 -809.586768
     725000 -807.250137
     726000 -806.054092
     727000 -804.429762
     728000 -804.951357
     729000 -804.508771
     730000 -804.408915
     731000 -805.572463
     732000 -804.606722
     733000 -804.513029
     734000 -807.588381
     735000 -804.339324
     736000 -804.367321
     737000 -804.532267
     738000 -807.436672
     739000 -804.464969
     740000 -807.555550
     741000 -805.666648
     742000 -804.922193
     743000 -804.524683
     744000 -804.931780
     745000 -805.052300
     746000 -805.264832
     747000 -806.107622
     748000 -806.199124
     749000 -804.471161
     750000 -804.347169
     751000 -804.995937
     752000 -804.447847
     753000 -804.441684
     754000 -804.746669
     755000 -804.379585
     756000 -804.342684
     757000 -806.906541
     758000 -804.998334
     759000 -805.975961
     760000 -805.798163
     761000 -804.604997
     762000 -804.626946
     763000 -805.869469
     764000 -804.641275
     765000 -804.358859
     766000 -805.906256
     767000 -804.941577
     768000 -806.089123
     769000 -804.433624
     770000 -804.745357
     771000 -806.020907
     772000 -807.403850
     773000 -804.357632
     774000 -804.410363
     775000 -806.307137
     776000 -804.418435
     777000 -804.413931
     778000 -804.865213
     779000 -806.260676
     780000 -805.887451
     781000 -805.691275
     782000 -804.355473
     783000 -804.566853
     784000 -806.430833
     785000 -805.565734
     786000 -804.533169
     787000 -805.479904
     788000 -806.117210
     789000 -805.413886
     790000 -804.410556
     791000 -807.436124
     792000 -804.410883
     793000 -804.388332
     794000 -804.659894
     795000 -804.347010
     796000 -804.656411
     797000 -807.605570
     798000 -804.491850
     799000 -804.746489
     800000 -806.053945
     801000 -804.338850
     802000 -804.465256
     803000 -804.344256
     804000 -804.491322
     805000 -804.436622
     806000 -804.461964
     807000 -804.350253
     808000 -804.434395
     809000 -804.925062
     810000 -804.961530
     811000 -805.904642
     812000 -804.542888
     813000 -804.346521
     814000 -806.708438
     815000 -812.777258
     816000 -805.206198
     817000 -804.343092
     818000 -805.454564
     819000 -807.669615
     820000 -805.044624
     821000 -804.340926
     822000 -804.667919
     823000 -805.949221
     824000 -804.786358
     825000 -804.669780
     826000 -808.869786
     827000 -807.681777
     828000 -804.607902
     829000 -804.476280
     830000 -806.513666
     831000 -804.900105
     832000 -804.840217
     833000 -805.634551
     834000 -804.550690
     835000 -805.254588
     836000 -804.349263
     837000 -804.383625
     838000 -806.132465
     839000 -804.473760
     840000 -804.413883
     841000 -806.429277
     842000 -807.399377
     843000 -804.534008
     844000 -804.540663
     845000 -805.376459
     846000 -806.410365
     847000 -804.936388
     848000 -804.386158
     849000 -804.883537
     850000 -807.933057
     851000 -804.340760
     852000 -804.341773
     853000 -807.600957
     854000 -805.950639
     855000 -804.853247
     856000 -804.435931
     857000 -804.532363
     858000 -804.345002
     859000 -807.412846
     860000 -804.359828
     861000 -805.861666
     862000 -804.401115
     863000 -804.467281
     864000 -805.974702
     865000 -806.239044
     866000 -804.347650
     867000 -804.800781
     868000 -806.600045
     869000 -809.360671
     870000 -805.065817
     871000 -804.475825
     872000 -804.338852
     873000 -806.299947
     874000 -812.470022
     875000 -805.996095
     876000 -804.339422
     877000 -806.003645
     878000 -804.347791
     879000 -805.367833
     880000 -804.373289
     881000 -811.061030
     882000 -804.638654
     883000 -804.455599
     884000 -804.628938
     885000 -804.381139
     886000 -804.816714
     887000 -806.552650
     888000 -805.394296
     889000 -804.342557
     890000 -805.962872
     891000 -807.637533
     892000 -805.464836
     893000 -804.400688
     894000 -804.455598
     895000 -805.865230
     896000 -804.443677
     897000 -804.776294
     898000 -804.412608
     899000 -806.235044
     900000 -805.329063
     901000 -804.840888
     902000 -805.056090
     903000 -804.358965
     904000 -804.631860
     905000 -804.341246
     906000 -805.894643
     907000 -808.887191
     908000 -805.862275
     909000 -804.473479
     910000 -804.644588
     911000 -804.410853
     912000 -804.344050
     913000 -804.417753
     914000 -806.083431
     915000 -804.339030
     916000 -813.485658
     917000 -804.393040
     918000 -806.156065
     919000 -804.343282
     920000 -809.621330
     921000 -804.820649
     922000 -804.464327
     923000 -804.338857
     924000 -805.498109
     925000 -807.405989
     926000 -806.000430
     927000 -804.670486
     928000 -804.346052
     929000 -804.372724
     930000 -804.627650
     931000 -804.355865
     932000 -804.345574
     933000 -807.513497
     934000 -805.145609
     935000 -806.392987
     936000 -805.673837
     937000 -805.198674
     938000 -807.209083
     939000 -807.510484
     940000 -805.244669
     941000 -807.431230
     942000 -806.233715
     943000 -805.881782
     944000 -804.800159
     945000 -805.219059
     946000 -805.661991
     947000 -804.739022
     948000 -804.633952
     949000 -804.622858
     950000 -804.343357
     951000 -804.658654
     952000 -809.107455
     953000 -804.461120
     954000 -804.346617
     955000 -804.339498
     956000 -804.460438
     957000 -806.158530
     958000 -804.907709
     959000 -807.399639
     960000 -804.492363
     961000 -805.706655
     962000 -806.141912
     963000 -804.561978
     964000 -804.351139
     965000 -804.899156
     966000 -804.366013
     967000 -804.510585
     968000 -804.386611
     969000 -804.381456
     970000 -806.033005
     971000 -804.562929
     972000 -806.448276
     973000 -806.233449
     974000 -804.430270
     975000 -804.444481
     976000 -806.081093
     977000 -806.453413
     978000 -804.344444
     979000 -806.586613
     980000 -804.419423
     981000 -805.803466
     982000 -804.886100
     983000 -804.345842
     984000 -804.361206
     985000 -804.886693
     986000 -809.425896
     987000 -804.719814
     988000 -806.195746
     989000 -804.593620
     990000 -805.155038
     991000 -804.345549
     992000 -804.359279
     993000 -806.372729
     994000 -805.862415
     995000 -804.813416
     996000 -804.717760
     997000 -804.822705
     998000 -804.850735
     999000 -806.046701
    1000000 -804.356952
