    genPlus1     spaQ
        1000  0.397868
        2000  0.438516
        3000  0.414387
        4000  0.451423
        5000  0.412499
        6000  0.444048
        7000  0.445346
        8000  0.420848
        9000  0.412586
       10000  0.409049
       11000  0.454947
       12000  0.410077
       13000  0.410735
       14000  0.423716
       15000  0.425822
       16000  0.447543
       17000  0.436025
       18000  0.413819
       19000  0.441038
       20000  0.406962
       21000  0.421417
       22000  0.416923
       23000  0.415524
       24000  0.413459
       25000  0.402173
       26000  0.407196
       27000  0.446431
       28000  0.421741
       29000  0.419533
       30000  0.405537
       31000  0.422553
       32000  0.414861
       33000  0.402198
       34000  0.409135
       35000  0.421433
       36000  0.410318
       37000  0.445307
       38000  0.417578
       39000  0.372664
       40000  0.409931
       41000  0.421085
       42000  0.441139
       43000  0.454504
       44000  0.406450
       45000  0.423446
       46000  0.411138
       47000  0.408514
       48000  0.426324
       49000  0.413386
       50000  0.413276
       51000  0.424825
       52000  0.414876
       53000  0.450656
       54000  0.409206
       55000  0.451668
       56000  0.408577
       57000  0.409724
       58000  0.423063
       59000  0.403063
       60000  0.447075
       61000  0.398983
       62000  0.411783
       63000  0.419167
       64000  0.417333
       65000  0.424860
       66000  0.415097
       67000  0.413705
       68000  0.436316
       69000  0.442744
       70000  0.445849
       71000  0.440081
       72000  0.411356
       73000  0.451227
       74000  0.445223
       75000  0.439777
       76000  0.418287
       77000  0.417179
       78000  0.433781
       79000  0.443741
       80000  0.412357
       81000  0.425234
       82000  0.412151
       83000  0.453525
       84000  0.412672
       85000  0.442023
       86000  0.403640
       87000  0.419515
       88000  0.442479
       89000  0.393282
       90000  0.433620
       91000  0.414170
       92000  0.410655
       93000  0.420845
       94000  0.440408
       95000  0.457395
       96000  0.417886
       97000  0.399455
       98000  0.414998
       99000  0.417101
      100000  0.412038
      101000  0.415120
      102000  0.415432
      103000  0.434875
      104000  0.441744
      105000  0.413939
      106000  0.417134
      107000  0.414265
      108000  0.402487
      109000  0.447686
      110000  0.446527
      111000  0.371829
      112000  0.431020
      113000  0.416480
      114000  0.414705
      115000  0.440402
      116000  0.416320
      117000  0.415040
      118000  0.409112
      119000  0.405461
      120000  0.452659
      121000  0.404185
      122000  0.445927
      123000  0.409015
      124000  0.445291
      125000  0.456495
      126000  0.422834
      127000  0.408088
      128000  0.414359
      129000  0.411447
      130000  0.408384
      131000  0.443544
      132000  0.432893
      133000  0.454623
      134000  0.455586
      135000  0.453352
      136000  0.404455
      137000  0.414749
      138000  0.412804
      139000  0.431423
      140000  0.466111
      141000  0.415838
      142000  0.404889
      143000  0.449489
      144000  0.440308
      145000  0.420739
      146000  0.421137
      147000  0.413964
      148000  0.404190
      149000  0.449423
      150000  0.416754
      151000  0.411620
      152000  0.413786
      153000  0.452786
      154000  0.417038
      155000  0.411893
      156000  0.409239
      157000  0.440857
      158000  0.421698
      159000  0.408013
      160000  0.405639
      161000  0.444441
      162000  0.450924
      163000  0.439272
      164000  0.425855
      165000  0.390508
      166000  0.452362
      167000  0.445407
      168000  0.466122
      169000  0.449080
      170000  0.420037
      171000  0.413543
      172000  0.418935
      173000  0.394841
      174000  0.417298
      175000  0.407297
      176000  0.443223
      177000  0.440233
      178000  0.412053
      179000  0.416665
      180000  0.413073
      181000  0.435809
      182000  0.424135
      183000  0.449358
      184000  0.406122
      185000  0.398439
      186000  0.420761
      187000  0.399833
      188000  0.452024
      189000  0.404034
      190000  0.420944
      191000  0.422713
      192000  0.406835
      193000  0.452133
      194000  0.427218
      195000  0.445913
      196000  0.401992
      197000  0.413318
      198000  0.417718
      199000  0.434493
      200000  0.446356
      201000  0.415279
      202000  0.435015
      203000  0.440578
      204000  0.416617
      205000  0.436471
      206000  0.420041
      207000  0.446776
      208000  0.461498
      209000  0.449020
      210000  0.399960
      211000  0.417812
      212000  0.417455
      213000  0.417533
      214000  0.433498
      215000  0.442416
      216000  0.413009
      217000  0.412459
      218000  0.416417
      219000  0.421415
      220000  0.421306
      221000  0.411369
      222000  0.406111
      223000  0.411291
      224000  0.408458
      225000  0.414163
      226000  0.437271
      227000  0.419290
      228000  0.446618
      229000  0.447411
      230000  0.461827
      231000  0.423455
      232000  0.406768
      233000  0.415178
      234000  0.410289
      235000  0.445958
      236000  0.416734
      237000  0.414351
      238000  0.438129
      239000  0.407249
      240000  0.402838
      241000  0.452626
      242000  0.461716
      243000  0.453439
      244000  0.454157
      245000  0.406033
      246000  0.415959
      247000  0.445748
      248000  0.420547
      249000  0.405501
      250000  0.429050
      251000  0.419487
      252000  0.405986
      253000  0.412581
      254000  0.441174
      255000  0.428511
      256000  0.415237
      257000  0.460555
      258000  0.411150
      259000  0.413964
      260000  0.395630
      261000  0.408801
      262000  0.420865
      263000  0.413043
      264000  0.414448
      265000  0.403566
      266000  0.413541
      267000  0.453619
      268000  0.416579
      269000  0.414856
      270000  0.440689
      271000  0.411439
      272000  0.415866
      273000  0.468284
      274000  0.450097
      275000  0.420463
      276000  0.435115
      277000  0.417374
      278000  0.415706
      279000  0.410585
      280000  0.443407
      281000  0.454590
      282000  0.416723
      283000  0.407384
      284000  0.416815
      285000  0.444461
      286000  0.445630
      287000  0.410648
      288000  0.440144
      289000  0.419942
      290000  0.434241
      291000  0.417037
      292000  0.439254
      293000  0.404540
      294000  0.402997
      295000  0.422142
      296000  0.415965
      297000  0.421173
      298000  0.411482
      299000  0.414278
      300000  0.415127
      301000  0.450236
      302000  0.422551
      303000  0.414357
      304000  0.415423
      305000  0.400364
      306000  0.421762
      307000  0.406102
      308000  0.443522
      309000  0.409445
      310000  0.420963
      311000  0.402934
      312000  0.413392
      313000  0.405410
      314000  0.416508
      315000  0.395514
      316000  0.418646
      317000  0.443724
      318000  0.437906
      319000  0.413500
      320000  0.403721
      321000  0.444581
      322000  0.429231
      323000  0.411822
      324000  0.406544
      325000  0.452776
      326000  0.416955
      327000  0.416063
      328000  0.404241
      329000  0.424788
      330000  0.402829
      331000  0.411593
      332000  0.449916
      333000  0.400781
      334000  0.410883
      335000  0.418792
      336000  0.416316
      337000  0.411905
      338000  0.414820
      339000  0.449808
      340000  0.421352
      341000  0.416144
      342000  0.452565
      343000  0.408120
      344000  0.398073
      345000  0.406207
      346000  0.437250
      347000  0.448931
      348000  0.401044
      349000  0.404907
      350000  0.455715
      351000  0.421345
      352000  0.396841
      353000  0.454617
      354000  0.462099
      355000  0.422084
      356000  0.412391
      357000  0.418520
      358000  0.442497
      359000  0.409437
      360000  0.415771
      361000  0.411150
      362000  0.447235
      363000  0.447612
      364000  0.442020
      365000  0.451780
      366000  0.413450
      367000  0.444111
      368000  0.410234
      369000  0.415276
      370000  0.408951
      371000  0.416360
      372000  0.418749
      373000  0.408623
      374000  0.454111
      375000  0.431094
      376000  0.449854
      377000  0.414634
      378000  0.441138
      379000  0.409049
      380000  0.440034
      381000  0.416593
      382000  0.450444
      383000  0.451331
      384000  0.442431
      385000  0.454108
      386000  0.445802
      387000  0.441109
      388000  0.408300
      389000  0.417176
      390000  0.449763
      391000  0.443588
      392000  0.422155
      393000  0.445244
      394000  0.407251
      395000  0.402943
      396000  0.441754
      397000  0.420325
      398000  0.416840
      399000  0.448142
      400000  0.458569
      401000  0.406345
      402000  0.400803
      403000  0.448822
      404000  0.444615
      405000  0.420212
      406000  0.450771
      407000  0.436346
      408000  0.407241
      409000  0.449150
      410000  0.415449
      411000  0.408475
      412000  0.421922
      413000  0.416642
      414000  0.416697
      415000  0.420894
      416000  0.413729
      417000  0.445949
      418000  0.397016
      419000  0.405154
      420000  0.403636
      421000  0.430066
      422000  0.418992
      423000  0.432715
      424000  0.406819
      425000  0.416351
      426000  0.440273
      427000  0.431020
      428000  0.408139
      429000  0.413919
      430000  0.449027
      431000  0.427505
      432000  0.419507
      433000  0.448441
      434000  0.447818
      435000  0.410955
      436000  0.421957
      437000  0.418294
      438000  0.405161
      439000  0.440565
      440000  0.455554
      441000  0.425033
      442000  0.455412
      443000  0.451808
      444000  0.422900
      445000  0.449242
      446000  0.409201
      447000  0.443108
      448000  0.407375
      449000  0.409070
      450000  0.413773
      451000  0.417907
      452000  0.423179
      453000  0.454083
      454000  0.444815
      455000  0.402555
      456000  0.453901
      457000  0.449766
      458000  0.412985
      459000  0.422844
      460000  0.416480
      461000  0.414397
      462000  0.454626
      463000  0.442440
      464000  0.401721
      465000  0.447566
      466000  0.451513
      467000  0.445179
      468000  0.430884
      469000  0.450857
      470000  0.409813
      471000  0.447049
      472000  0.443136
      473000  0.423282
      474000  0.417996
      475000  0.446461
      476000  0.439478
      477000  0.418526
      478000  0.441034
      479000  0.436685
      480000  0.423404
      481000  0.421558
      482000  0.420758
      483000  0.415830
      484000  0.403032
      485000  0.403747
      486000  0.410025
      487000  0.413250
      488000  0.406403
      489000  0.428851
      490000  0.405834
      491000  0.407231
      492000  0.408686
      493000  0.417892
      494000  0.447707
      495000  0.418381
      496000  0.413122
      497000  0.408142
      498000  0.414524
      499000  0.408743
      500000  0.412904
      501000  0.409193
      502000  0.416985
      503000  0.415024
      504000  0.408952
      505000  0.403939
      506000  0.440029
      507000  0.441528
      508000  0.429974
      509000  0.381035
      510000  0.451242
      511000  0.442442
      512000  0.455186
      513000  0.415477
      514000  0.441639
      515000  0.438052
      516000  0.452139
      517000  0.409460
      518000  0.427845
      519000  0.417696
      520000  0.442148
      521000  0.419054
      522000  0.455415
      523000  0.420578
      524000  0.455617
      525000  0.446184
      526000  0.448330
      527000  0.418785
      528000  0.397453
      529000  0.448441
      530000  0.400031
      531000  0.446843
      532000  0.416970
      533000  0.449313
      534000  0.447390
      535000  0.444363
      536000  0.446025
      537000  0.415499
      538000  0.437749
      539000  0.412073
      540000  0.410526
      541000  0.428920
      542000  0.407892
      543000  0.457487
      544000  0.412483
      545000  0.443405
      546000  0.441520
      547000  0.425016
      548000  0.422943
      549000  0.443788
      550000  0.404726
      551000  0.415837
      552000  0.450179
      553000  0.449022
      554000  0.454184
      555000  0.410520
      556000  0.435892
      557000  0.443657
      558000  0.419588
      559000  0.418017
      560000  0.458388
      561000  0.443052
      562000  0.444955
      563000  0.435748
      564000  0.403029
      565000  0.403074
      566000  0.419500
      567000  0.414923
      568000  0.411735
      569000  0.460448
      570000  0.445883
      571000  0.437433
      572000  0.448491
      573000  0.408904
      574000  0.414363
      575000  0.416345
      576000  0.416575
      577000  0.410799
      578000  0.401872
      579000  0.421841
      580000  0.409493
      581000  0.452511
      582000  0.431673
      583000  0.445198
      584000  0.455372
      585000  0.410251
      586000  0.420500
      587000  0.410507
      588000  0.418049
      589000  0.433646
      590000  0.445324
      591000  0.448325
      592000  0.451568
      593000  0.412295
      594000  0.422300
      595000  0.412424
      596000  0.453509
      597000  0.412997
      598000  0.439847
      599000  0.406753
      600000  0.420855
      601000  0.438220
      602000  0.447762
      603000  0.404182
      604000  0.442474
      605000  0.405884
      606000  0.413666
      607000  0.415447
      608000  0.411304
      609000  0.443995
      610000  0.401267
      611000  0.412730
      612000  0.400378
      613000  0.405583
      614000  0.450533
      615000  0.414496
      616000  0.416963
      617000  0.413700
      618000  0.411522
      619000  0.414729
      620000  0.419949
      621000  0.416696
      622000  0.405690
      623000  0.436077
      624000  0.418960
      625000  0.444828
      626000  0.448588
      627000  0.418251
      628000  0.457732
      629000  0.420122
      630000  0.453439
      631000  0.455196
      632000  0.422698
      633000  0.392647
      634000  0.414457
      635000  0.419482
      636000  0.419086
      637000  0.408096
      638000  0.417831
      639000  0.422510
      640000  0.456766
      641000  0.405712
      642000  0.424127
      643000  0.397678
      644000  0.413653
      645000  0.420315
      646000  0.439366
      647000  0.445721
      648000  0.424437
      649000  0.417399
      650000  0.410116
      651000  0.419980
      652000  0.465206
      653000  0.414202
      654000  0.460500
      655000  0.447923
      656000  0.436501
      657000  0.418926
      658000  0.457302
      659000  0.415043
      660000  0.412665
      661000  0.413640
      662000  0.409107
      663000  0.410054
      664000  0.443886
      665000  0.461041
      666000  0.405413
      667000  0.441951
      668000  0.442789
      669000  0.412053
      670000  0.401572
      671000  0.411648
      672000  0.415881
      673000  0.449175
      674000  0.454370
      675000  0.453110
      676000  0.410400
      677000  0.450399
      678000  0.406006
      679000  0.414965
      680000  0.407682
      681000  0.442150
      682000  0.402048
      683000  0.424386
      684000  0.415693
      685000  0.419050
      686000  0.410455
      687000  0.409468
      688000  0.426374
      689000  0.446045
      690000  0.414586
      691000  0.411680
      692000  0.458725
      693000  0.424311
      694000  0.405066
      695000  0.444704
      696000  0.441240
      697000  0.415019
      698000  0.418478
      699000  0.424286
      700000  0.434419
      701000  0.455151
      702000  0.411138
      703000  0.417993
      704000  0.410100
      705000  0.448819
      706000  0.421011
      707000  0.442790
      708000  0.449029
      709000  0.440299
      710000  0.416680
      711000  0.447008
      712000  0.447665
      713000  0.447829
      714000  0.432278
      715000  0.417912
      716000  0.407775
      717000  0.413444
      718000  0.405300
      719000  0.402320
      720000  0.407479
      721000  0.414244
      722000  0.418141
      723000  0.386783
      724000  0.423893
      725000  0.439281
      726000  0.415407
      727000  0.407807
      728000  0.407972
      729000  0.456804
      730000  0.446053
      731000  0.412897
      732000  0.416003
      733000  0.406272
      734000  0.444713
      735000  0.462927
      736000  0.449159
      737000  0.404662
      738000  0.439231
      739000  0.394868
      740000  0.405920
      741000  0.428646
      742000  0.411824
      743000  0.410832
      744000  0.417144
      745000  0.454353
      746000  0.413126
      747000  0.409487
      748000  0.416340
      749000  0.439041
      750000  0.424472
      751000  0.413169
      752000  0.404955
      753000  0.447763
      754000  0.416332
      755000  0.419682
      756000  0.422061
      757000  0.403343
      758000  0.398362
      759000  0.458359
      760000  0.417285
      761000  0.409734
      762000  0.455545
      763000  0.443294
      764000  0.446453
      765000  0.410340
      766000  0.413980
      767000  0.406945
      768000  0.408519
      769000  0.411037
      770000  0.415379
      771000  0.455077
      772000  0.417136
      773000  0.410474
      774000  0.422262
      775000  0.411479
      776000  0.418099
      777000  0.451126
      778000  0.422892
      779000  0.466117
      780000  0.417706
      781000  0.405376
      782000  0.412830
      783000  0.448026
      784000  0.410185
      785000  0.450266
      786000  0.416220
      787000  0.410293
      788000  0.419099
      789000  0.423976
      790000  0.408321
      791000  0.423322
      792000  0.418371
      793000  0.417059
      794000  0.422898
      795000  0.408008
      796000  0.412061
      797000  0.434952
      798000  0.401253
      799000  0.450722
      800000  0.406432
      801000  0.403502
      802000  0.407969
      803000  0.411477
      804000  0.414746
      805000  0.406647
      806000  0.410497
      807000  0.451246
      808000  0.427079
      809000  0.454427
      810000  0.416267
      811000  0.405521
      812000  0.438953
      813000  0.398544
      814000  0.395149
      815000  0.418523
      816000  0.419932
      817000  0.450586
      818000  0.409606
      819000  0.449334
      820000  0.448728
      821000  0.411999
      822000  0.418447
      823000  0.399117
      824000  0.421667
      825000  0.401549
      826000  0.422314
      827000  0.423231
      828000  0.419577
      829000  0.420292
      830000  0.452752
      831000  0.401882
      832000  0.411624
      833000  0.407547
      834000  0.409212
      835000  0.406221
      836000  0.452266
      837000  0.418797
      838000  0.412905
      839000  0.418265
      840000  0.464371
      841000  0.442090
      842000  0.404052
      843000  0.409500
      844000  0.431350
      845000  0.442116
      846000  0.452671
      847000  0.452381
      848000  0.451285
      849000  0.422123
      850000  0.404384
      851000  0.407552
      852000  0.441577
      853000  0.406430
      854000  0.404646
      855000  0.410219
      856000  0.438821
      857000  0.440023
      858000  0.415638
      859000  0.432252
      860000  0.454252
      861000  0.420296
      862000  0.411480
      863000  0.410300
      864000  0.411376
      865000  0.388473
      866000  0.459069
      867000  0.409365
      868000  0.393206
      869000  0.400946
      870000  0.418161
      871000  0.409513
      872000  0.456377
      873000  0.441046
      874000  0.408447
      875000  0.412432
      876000  0.449152
      877000  0.403003
      878000  0.414881
      879000  0.463415
      880000  0.427204
      881000  0.414023
      882000  0.452133
      883000  0.405042
      884000  0.409268
      885000  0.452614
      886000  0.416938
      887000  0.422809
      888000  0.414936
      889000  0.410131
      890000  0.396017
      891000  0.402546
      892000  0.402397
      893000  0.457635
      894000  0.417212
      895000  0.441422
      896000  0.418874
      897000  0.416156
      898000  0.452565
      899000  0.413485
      900000  0.438816
      901000  0.402550
      902000  0.414398
      903000  0.455797
      904000  0.414337
      905000  0.411370
      906000  0.415127
      907000  0.413455
      908000  0.393190
      909000  0.460942
      910000  0.418146
      911000  0.450144
      912000  0.405597
      913000  0.409052
      914000  0.416508
      915000  0.412822
      916000  0.423849
      917000  0.410397
      918000  0.412126
      919000  0.411965
      920000  0.450284
      921000  0.441470
      922000  0.422228
      923000  0.415273
      924000  0.450998
      925000  0.442324
      926000  0.422914
      927000  0.445803
      928000  0.437219
      929000  0.420260
      930000  0.418926
      931000  0.410195
      932000  0.400246
      933000  0.410573
      934000  0.439779
      935000  0.405541
      936000  0.416221
      937000  0.404209
      938000  0.412349
      939000  0.405830
      940000  0.441564
      941000  0.448011
      942000  0.412203
      943000  0.399424
      944000  0.457698
      945000  0.445978
      946000  0.411326
      947000  0.422105
      948000  0.416092
      949000  0.437854
      950000  0.454061
      951000  0.407822
      952000  0.404812
      953000  0.447042
      954000  0.409551
      955000  0.415202
      956000  0.407359
      957000  0.420500
      958000  0.430486
      959000  0.454138
      960000  0.419354
      961000  0.423711
      962000  0.415127
      963000  0.410527
      964000  0.443828
      965000  0.439306
      966000  0.415838
      967000  0.419712
      968000  0.415213
      969000  0.410079
      970000  0.442372
      971000  0.447801
      972000  0.431231
      973000  0.416889
      974000  0.422878
      975000  0.407107
      976000  0.408080
      977000  0.419741
      978000  0.406101
      979000  0.419312
      980000  0.420709
      981000  0.416019
      982000  0.412090
      983000  0.416222
      984000  0.403185
      985000  0.462763
      986000  0.451428
      987000  0.445969
      988000  0.456369
      989000  0.417912
      990000  0.442488
      991000  0.430019
      992000  0.418156
      993000  0.411756
      994000  0.446777
      995000  0.423020
      996000  0.448690
      997000  0.447004
      998000  0.414289
      999000  0.442914
     1000000  0.445490
