    genPlus1     spaQ
        1000  0.415077
        2000  0.416764
        3000  0.416293
        4000  0.413192
        5000  0.407874
        6000  0.442765
        7000  0.411761
        8000  0.405431
        9000  0.403839
       10000  0.444326
       11000  0.412864
       12000  0.409842
       13000  0.410838
       14000  0.442279
       15000  0.421928
       16000  0.406202
       17000  0.413552
       18000  0.403034
       19000  0.408997
       20000  0.451267
       21000  0.416553
       22000  0.448985
       23000  0.453300
       24000  0.413596
       25000  0.412483
       26000  0.443547
       27000  0.440561
       28000  0.395578
       29000  0.416009
       30000  0.409932
       31000  0.414576
       32000  0.410337
       33000  0.404535
       34000  0.410721
       35000  0.423966
       36000  0.417951
       37000  0.410518
       38000  0.424365
       39000  0.453515
       40000  0.423374
       41000  0.445556
       42000  0.445555
       43000  0.453799
       44000  0.450932
       45000  0.420651
       46000  0.448096
       47000  0.415984
       48000  0.452337
       49000  0.452735
       50000  0.431535
       51000  0.437626
       52000  0.455112
       53000  0.407720
       54000  0.411637
       55000  0.442302
       56000  0.405847
       57000  0.407630
       58000  0.429847
       59000  0.453506
       60000  0.416939
       61000  0.418883
       62000  0.425806
       63000  0.456651
       64000  0.400721
       65000  0.435275
       66000  0.410788
       67000  0.436593
       68000  0.440256
       69000  0.410741
       70000  0.415767
       71000  0.409272
       72000  0.460682
       73000  0.408785
       74000  0.422060
       75000  0.409492
       76000  0.406144
       77000  0.417115
       78000  0.396545
       79000  0.444358
       80000  0.408769
       81000  0.440358
       82000  0.406305
       83000  0.447775
       84000  0.417097
       85000  0.416174
       86000  0.460863
       87000  0.464399
       88000  0.435856
       89000  0.425582
       90000  0.441908
       91000  0.430918
       92000  0.416947
       93000  0.447885
       94000  0.459989
       95000  0.429373
       96000  0.445279
       97000  0.403580
       98000  0.443416
       99000  0.442000
      100000  0.448079
      101000  0.443650
      102000  0.468430
      103000  0.441962
      104000  0.458762
      105000  0.446260
      106000  0.425264
      107000  0.413713
      108000  0.410202
      109000  0.421446
      110000  0.444102
      111000  0.420827
      112000  0.457080
      113000  0.420992
      114000  0.460223
      115000  0.417691
      116000  0.426665
      117000  0.414315
      118000  0.417602
      119000  0.422984
      120000  0.425462
      121000  0.407730
      122000  0.448699
      123000  0.418571
      124000  0.454372
      125000  0.438467
      126000  0.409179
      127000  0.417404
      128000  0.451495
      129000  0.403730
      130000  0.404398
      131000  0.409323
      132000  0.462390
      133000  0.448598
      134000  0.421151
      135000  0.415366
      136000  0.431135
      137000  0.442983
      138000  0.399943
      139000  0.421302
      140000  0.416558
      141000  0.448784
      142000  0.440017
      143000  0.454614
      144000  0.409930
      145000  0.401127
      146000  0.413593
      147000  0.440962
      148000  0.445089
      149000  0.411801
      150000  0.452362
      151000  0.418563
      152000  0.412745
      153000  0.379332
      154000  0.397221
      155000  0.454650
      156000  0.443518
      157000  0.457092
      158000  0.439657
      159000  0.419768
      160000  0.438049
      161000  0.446968
      162000  0.415642
      163000  0.419068
      164000  0.404367
      165000  0.411225
      166000  0.408687
      167000  0.418008
      168000  0.408152
      169000  0.402204
      170000  0.444450
      171000  0.423469
      172000  0.428601
      173000  0.457634
      174000  0.453312
      175000  0.412369
      176000  0.440124
      177000  0.403932
      178000  0.420286
      179000  0.402958
      180000  0.418557
      181000  0.418316
      182000  0.462541
      183000  0.410487
      184000  0.411269
      185000  0.407935
      186000  0.432177
      187000  0.426329
      188000  0.450206
      189000  0.414236
      190000  0.401350
      191000  0.398794
      192000  0.440832
      193000  0.447670
      194000  0.414645
      195000  0.419903
      196000  0.453602
      197000  0.452135
      198000  0.453049
      199000  0.408142
      200000  0.420216
      201000  0.408721
      202000  0.446956
      203000  0.414466
      204000  0.413666
      205000  0.428221
      206000  0.422622
      207000  0.440963
      208000  0.449901
      209000  0.421463
      210000  0.424961
      211000  0.418032
      212000  0.421746
      213000  0.411963
      214000  0.415942
      215000  0.421303
      216000  0.441199
      217000  0.402505
      218000  0.450043
      219000  0.421874
      220000  0.449172
      221000  0.412672
      222000  0.444586
      223000  0.411775
      224000  0.413798
      225000  0.405601
      226000  0.410258
      227000  0.413587
      228000  0.397834
      229000  0.439707
      230000  0.451660
      231000  0.412408
      232000  0.455914
      233000  0.437803
      234000  0.414973
      235000  0.456983
      236000  0.429258
      237000  0.450077
      238000  0.399790
      239000  0.440181
      240000  0.417344
      241000  0.440078
      242000  0.408963
      243000  0.406159
      244000  0.409790
      245000  0.406353
      246000  0.454840
      247000  0.445342
      248000  0.420814
      249000  0.448718
      250000  0.402721
      251000  0.406019
      252000  0.453432
      253000  0.412584
      254000  0.446882
      255000  0.416973
      256000  0.442584
      257000  0.414085
      258000  0.439523
      259000  0.445225
      260000  0.459392
      261000  0.456939
      262000  0.417238
      263000  0.407352
      264000  0.435263
      265000  0.437848
      266000  0.408987
      267000  0.446947
      268000  0.417674
      269000  0.416399
      270000  0.410895
      271000  0.416812
      272000  0.439166
      273000  0.411711
      274000  0.443990
      275000  0.450143
      276000  0.408771
      277000  0.455208
      278000  0.448589
      279000  0.457969
      280000  0.435252
      281000  0.427785
      282000  0.402347
      283000  0.453225
      284000  0.451401
      285000  0.413506
      286000  0.401580
      287000  0.413116
      288000  0.415509
      289000  0.443841
      290000  0.454017
      291000  0.452903
      292000  0.454402
      293000  0.416905
      294000  0.447698
      295000  0.460994
      296000  0.375009
      297000  0.429722
      298000  0.419778
      299000  0.450129
      300000  0.414179
      301000  0.425221
      302000  0.404799
      303000  0.401150
      304000  0.447914
      305000  0.415215
      306000  0.417299
      307000  0.452632
      308000  0.408159
      309000  0.443291
      310000  0.399197
      311000  0.439138
      312000  0.419927
      313000  0.417800
      314000  0.409428
      315000  0.425551
      316000  0.449638
      317000  0.444554
      318000  0.442012
      319000  0.437660
      320000  0.415170
      321000  0.423803
      322000  0.419506
      323000  0.455101
      324000  0.452838
      325000  0.444409
      326000  0.397602
      327000  0.407185
      328000  0.454402
      329000  0.439865
      330000  0.452954
      331000  0.451250
      332000  0.402770
      333000  0.411728
      334000  0.443151
      335000  0.445048
      336000  0.394761
      337000  0.403554
      338000  0.448492
      339000  0.448035
      340000  0.412975
      341000  0.414032
      342000  0.441166
      343000  0.415182
      344000  0.452673
      345000  0.416152
      346000  0.445225
      347000  0.415983
      348000  0.416483
      349000  0.406575
      350000  0.400130
      351000  0.468499
      352000  0.392471
      353000  0.421168
      354000  0.447539
      355000  0.450363
      356000  0.420471
      357000  0.447406
      358000  0.415933
      359000  0.426638
      360000  0.409069
      361000  0.405788
      362000  0.447282
      363000  0.449027
      364000  0.401699
      365000  0.407477
      366000  0.437715
      367000  0.413270
      368000  0.417529
      369000  0.420298
      370000  0.447131
      371000  0.419248
      372000  0.456400
      373000  0.441766
      374000  0.411987
      375000  0.412721
      376000  0.397152
      377000  0.419044
      378000  0.417892
      379000  0.414992
      380000  0.399552
      381000  0.402955
      382000  0.414588
      383000  0.421278
      384000  0.423878
      385000  0.410715
      386000  0.425731
      387000  0.444569
      388000  0.454410
      389000  0.431841
      390000  0.402795
      391000  0.406066
      392000  0.438653
      393000  0.411328
      394000  0.427825
      395000  0.449631
      396000  0.409947
      397000  0.401234
      398000  0.406319
      399000  0.448258
      400000  0.406185
      401000  0.433107
      402000  0.418880
      403000  0.451242
      404000  0.414417
      405000  0.417772
      406000  0.438332
      407000  0.449020
      408000  0.427176
      409000  0.427035
      410000  0.410520
      411000  0.446950
      412000  0.420111
      413000  0.454029
      414000  0.447733
      415000  0.428950
      416000  0.399588
      417000  0.444597
      418000  0.418719
      419000  0.423616
      420000  0.393851
      421000  0.433107
      422000  0.421334
      423000  0.408782
      424000  0.390899
      425000  0.448797
      426000  0.430486
      427000  0.409467
      428000  0.446479
      429000  0.437056
      430000  0.417737
      431000  0.456381
      432000  0.452856
      433000  0.407158
      434000  0.420116
      435000  0.413722
      436000  0.409345
      437000  0.410570
      438000  0.413922
      439000  0.411324
      440000  0.417349
      441000  0.419831
      442000  0.421012
      443000  0.404836
      444000  0.403387
      445000  0.449590
      446000  0.425863
      447000  0.403731
      448000  0.453343
      449000  0.449402
      450000  0.417007
      451000  0.420827
      452000  0.400610
      453000  0.443769
      454000  0.414930
      455000  0.408458
      456000  0.410034
      457000  0.412652
      458000  0.398498
      459000  0.416178
      460000  0.412357
      461000  0.406508
      462000  0.418933
      463000  0.414772
      464000  0.414419
      465000  0.418249
      466000  0.404247
      467000  0.416945
      468000  0.396992
      469000  0.438172
      470000  0.415186
      471000  0.409987
      472000  0.406769
      473000  0.415403
      474000  0.408413
      475000  0.407803
      476000  0.426159
      477000  0.402358
      478000  0.416516
      479000  0.408756
      480000  0.445102
      481000  0.444541
      482000  0.434262
      483000  0.410880
      484000  0.406683
      485000  0.409819
      486000  0.442766
      487000  0.426377
      488000  0.397058
      489000  0.401172
      490000  0.424148
      491000  0.443382
      492000  0.447108
      493000  0.421817
      494000  0.416403
      495000  0.460513
      496000  0.440194
      497000  0.411074
      498000  0.453160
      499000  0.443343
      500000  0.416807
      501000  0.416037
      502000  0.406352
      503000  0.421271
      504000  0.450439
      505000  0.418623
      506000  0.412031
      507000  0.404716
      508000  0.416318
      509000  0.401787
      510000  0.403970
      511000  0.415909
      512000  0.419101
      513000  0.415123
      514000  0.456474
      515000  0.447681
      516000  0.454891
      517000  0.458166
      518000  0.415642
      519000  0.412711
      520000  0.416004
      521000  0.412655
      522000  0.443052
      523000  0.447205
      524000  0.409851
      525000  0.451278
      526000  0.439873
      527000  0.404982
      528000  0.402881
      529000  0.443884
      530000  0.415081
      531000  0.414962
      532000  0.458812
      533000  0.415174
      534000  0.399808
      535000  0.437574
      536000  0.463538
      537000  0.411256
      538000  0.404962
      539000  0.414165
      540000  0.444563
      541000  0.413003
      542000  0.402128
      543000  0.442989
      544000  0.450602
      545000  0.447857
      546000  0.405530
      547000  0.449846
      548000  0.400412
      549000  0.454077
      550000  0.434307
      551000  0.412536
      552000  0.410246
      553000  0.418257
      554000  0.397243
      555000  0.419780
      556000  0.443389
      557000  0.419494
      558000  0.445973
      559000  0.451622
      560000  0.443285
      561000  0.407257
      562000  0.454584
      563000  0.409234
      564000  0.448858
      565000  0.416245
      566000  0.405627
      567000  0.444799
      568000  0.401511
      569000  0.398073
      570000  0.449741
      571000  0.413249
      572000  0.410808
      573000  0.400271
      574000  0.439302
      575000  0.419894
      576000  0.433870
      577000  0.424083
      578000  0.407678
      579000  0.408510
      580000  0.413687
      581000  0.408035
      582000  0.419863
      583000  0.419728
      584000  0.410775
      585000  0.449570
      586000  0.439849
      587000  0.422833
      588000  0.412141
      589000  0.444899
      590000  0.455713
      591000  0.414281
      592000  0.410570
      593000  0.397235
      594000  0.414905
      595000  0.442513
      596000  0.416358
      597000  0.406764
      598000  0.446403
      599000  0.463633
      600000  0.410874
      601000  0.413793
      602000  0.415271
      603000  0.411385
      604000  0.427828
      605000  0.416422
      606000  0.419173
      607000  0.404364
      608000  0.414118
      609000  0.414997
      610000  0.408241
      611000  0.418556
      612000  0.460343
      613000  0.423106
      614000  0.465905
      615000  0.444039
      616000  0.412304
      617000  0.446855
      618000  0.441646
      619000  0.404972
      620000  0.450882
      621000  0.420264
      622000  0.418476
      623000  0.460711
      624000  0.422167
      625000  0.410458
      626000  0.416825
      627000  0.414951
      628000  0.447526
      629000  0.445429
      630000  0.449538
      631000  0.456231
      632000  0.450194
      633000  0.456078
      634000  0.455161
      635000  0.406336
      636000  0.442744
      637000  0.441077
      638000  0.453944
      639000  0.439963
      640000  0.455106
      641000  0.424528
      642000  0.434997
      643000  0.414309
      644000  0.399106
      645000  0.433579
      646000  0.415189
      647000  0.428015
      648000  0.400208
      649000  0.422434
      650000  0.406196
      651000  0.414982
      652000  0.422284
      653000  0.409115
      654000  0.406680
      655000  0.402924
      656000  0.448364
      657000  0.423206
      658000  0.448757
      659000  0.443175
      660000  0.403834
      661000  0.450864
      662000  0.454625
      663000  0.412328
      664000  0.405704
      665000  0.418960
      666000  0.416637
      667000  0.405877
      668000  0.442153
      669000  0.404216
      670000  0.414798
      671000  0.419271
      672000  0.449684
      673000  0.413222
      674000  0.417047
      675000  0.456423
      676000  0.447189
      677000  0.428185
      678000  0.421021
      679000  0.445701
      680000  0.439815
      681000  0.444708
      682000  0.401498
      683000  0.401313
      684000  0.414753
      685000  0.451020
      686000  0.415824
      687000  0.397672
      688000  0.454462
      689000  0.457277
      690000  0.443685
      691000  0.450537
      692000  0.413512
      693000  0.414385
      694000  0.409057
      695000  0.419289
      696000  0.427035
      697000  0.409697
      698000  0.421372
      699000  0.440624
      700000  0.417935
      701000  0.427402
      702000  0.410810
      703000  0.396192
      704000  0.416754
      705000  0.412681
      706000  0.405073
      707000  0.403634
      708000  0.405709
      709000  0.403004
      710000  0.412489
      711000  0.458281
      712000  0.408536
      713000  0.452155
      714000  0.465570
      715000  0.413858
      716000  0.448395
      717000  0.448822
      718000  0.440152
      719000  0.419776
      720000  0.411072
      721000  0.421675
      722000  0.422575
      723000  0.418111
      724000  0.448266
      725000  0.412607
      726000  0.409167
      727000  0.411426
      728000  0.443890
      729000  0.413446
      730000  0.442952
      731000  0.410282
      732000  0.411670
      733000  0.428809
      734000  0.445002
      735000  0.411411
      736000  0.450803
      737000  0.419431
      738000  0.409774
      739000  0.411149
      740000  0.454667
      741000  0.449063
      742000  0.422502
      743000  0.405052
      744000  0.398688
      745000  0.412979
      746000  0.414415
      747000  0.412783
      748000  0.455306
      749000  0.414082
      750000  0.417870
      751000  0.417130
      752000  0.414169
      753000  0.425149
      754000  0.461666
      755000  0.418967
      756000  0.413309
      757000  0.402265
      758000  0.422109
      759000  0.413319
      760000  0.446554
      761000  0.405814
      762000  0.405637
      763000  0.445441
      764000  0.411826
      765000  0.456608
      766000  0.440552
      767000  0.413867
      768000  0.403147
      769000  0.439115
      770000  0.412727
      771000  0.438500
      772000  0.423653
      773000  0.469002
      774000  0.401872
      775000  0.404691
      776000  0.416708
      777000  0.458176
      778000  0.415543
      779000  0.423003
      780000  0.413671
      781000  0.450380
      782000  0.439452
      783000  0.415188
      784000  0.437947
      785000  0.412534
      786000  0.413506
      787000  0.442789
      788000  0.409496
      789000  0.407289
      790000  0.405514
      791000  0.410790
      792000  0.408039
      793000  0.447662
      794000  0.448721
      795000  0.419609
      796000  0.422192
      797000  0.396540
      798000  0.396967
      799000  0.409120
      800000  0.402589
      801000  0.416185
      802000  0.430351
      803000  0.409873
      804000  0.415609
      805000  0.422014
      806000  0.402657
      807000  0.423150
      808000  0.442121
      809000  0.445469
      810000  0.427295
      811000  0.446380
      812000  0.444855
      813000  0.413806
      814000  0.408390
      815000  0.418418
      816000  0.462419
      817000  0.402260
      818000  0.433951
      819000  0.443017
      820000  0.417857
      821000  0.404198
      822000  0.434050
      823000  0.409203
      824000  0.420093
      825000  0.417771
      826000  0.400379
      827000  0.418119
      828000  0.406806
      829000  0.452744
      830000  0.424020
      831000  0.408787
      832000  0.405410
      833000  0.414512
      834000  0.429598
      835000  0.453074
      836000  0.419757
      837000  0.447372
      838000  0.415014
      839000  0.452625
      840000  0.449162
      841000  0.415497
      842000  0.407224
      843000  0.398842
      844000  0.433579
      845000  0.408589
      846000  0.416581
      847000  0.407135
      848000  0.403058
      849000  0.411664
      850000  0.402850
      851000  0.450681
      852000  0.448716
      853000  0.406567
      854000  0.418408
      855000  0.411091
      856000  0.423930
      857000  0.414457
      858000  0.451087
      859000  0.401152
      860000  0.400732
      861000  0.449429
      862000  0.411870
      863000  0.410461
      864000  0.401657
      865000  0.439187
      866000  0.406492
      867000  0.417766
      868000  0.408382
      869000  0.417322
      870000  0.415465
      871000  0.414094
      872000  0.405990
      873000  0.405384
      874000  0.408395
      875000  0.414170
      876000  0.442965
      877000  0.410892
      878000  0.400670
      879000  0.437449
      880000  0.401596
      881000  0.448082
      882000  0.419295
      883000  0.453347
      884000  0.390612
      885000  0.456760
      886000  0.401198
      887000  0.422058
      888000  0.454431
      889000  0.444832
      890000  0.461209
      891000  0.448578
      892000  0.409954
      893000  0.454273
      894000  0.403550
      895000  0.426128
      896000  0.411939
      897000  0.445307
      898000  0.445162
      899000  0.445979
      900000  0.411735
      901000  0.450014
      902000  0.416159
      903000  0.413648
      904000  0.425852
      905000  0.446716
      906000  0.445671
      907000  0.435495
      908000  0.423129
      909000  0.415337
      910000  0.408914
      911000  0.425385
      912000  0.406595
      913000  0.413827
      914000  0.450269
      915000  0.417213
      916000  0.449114
      917000  0.412715
      918000  0.436960
      919000  0.449958
      920000  0.419200
      921000  0.445972
      922000  0.408372
      923000  0.415846
      924000  0.409879
      925000  0.410328
      926000  0.408558
      927000  0.443114
      928000  0.427162
      929000  0.459990
      930000  0.439582
      931000  0.438825
      932000  0.447708
      933000  0.451297
      934000  0.424556
      935000  0.409615
      936000  0.418926
      937000  0.457667
      938000  0.451556
      939000  0.406132
      940000  0.426938
      941000  0.411818
      942000  0.415565
      943000  0.411069
      944000  0.461068
      945000  0.441244
      946000  0.453049
      947000  0.407651
      948000  0.414506
      949000  0.446870
      950000  0.438279
      951000  0.459570
      952000  0.410255
      953000  0.412314
      954000  0.424595
      955000  0.408072
      956000  0.443543
      957000  0.439004
      958000  0.415408
      959000  0.456673
      960000  0.440274
      961000  0.410818
      962000  0.408595
      963000  0.421872
      964000  0.441201
      965000  0.412743
      966000  0.409854
      967000  0.457972
      968000  0.402668
      969000  0.440905
      970000  0.441108
      971000  0.410029
      972000  0.422314
      973000  0.435394
      974000  0.412213
      975000  0.412863
      976000  0.445714
      977000  0.406893
      978000  0.444101
      979000  0.417173
      980000  0.402957
      981000  0.445163
      982000  0.442790
      983000  0.413033
      984000  0.450491
      985000  0.411645
      986000  0.418984
      987000  0.410150
      988000  0.400520
      989000  0.413377
      990000  0.413625
      991000  0.452649
      992000  0.446973
      993000  0.450019
      994000  0.404056
      995000  0.438953
      996000  0.422011
      997000  0.416451
      998000  0.422361
      999000  0.420285
     1000000  0.447816
