       1000 -801.273487
       2000 -801.251964
       3000 -801.470236
       4000 -801.250321
       5000 -801.788694
       6000 -801.343863
       7000 -801.454303
       8000 -801.279564
       9000 -802.822272
      10000 -801.288586
      11000 -801.381658
      12000 -802.360694
      13000 -801.567457
      14000 -801.483376
      15000 -801.308282
      16000 -801.295536
      17000 -801.601702
      18000 -805.443282
      19000 -801.868142
      20000 -801.946725
      21000 -801.509160
      22000 -801.247022
      23000 -801.238851
      24000 -802.493759
      25000 -806.020522
      26000 -801.361838
      27000 -801.393804
      28000 -801.311738
      29000 -801.404836
      30000 -802.332208
      31000 -802.342453
      32000 -801.239372
      33000 -801.282396
      34000 -801.290324
      35000 -801.564494
      36000 -801.843263
      37000 -801.952143
      38000 -803.375814
      39000 -801.847645
      40000 -802.494836
      41000 -801.253774
      42000 -801.241065
      43000 -801.529254
      44000 -803.143091
      45000 -801.757043
      46000 -801.657141
      47000 -801.407734
      48000 -801.283808
      49000 -801.534140
      50000 -801.316917
      51000 -802.123856
      52000 -801.240889
      53000 -801.367248
      54000 -801.305087
      55000 -801.249021
      56000 -801.785113
      57000 -801.257511
      58000 -801.328251
      59000 -801.307625
      60000 -801.254737
      61000 -802.183288
      62000 -801.238925
      63000 -801.586305
      64000 -801.325762
      65000 -801.446332
      66000 -801.747803
      67000 -801.831518
      68000 -801.350773
      69000 -802.111326
      70000 -801.563125
      71000 -801.238927
      72000 -801.245485
      73000 -801.516607
      74000 -801.365628
      75000 -802.702027
      76000 -801.262528
      77000 -801.238857
      78000 -801.677496
      79000 -808.074563
      80000 -801.526400
      81000 -802.136625
      82000 -801.879221
      83000 -801.462721
      84000 -802.289238
      85000 -802.157824
      86000 -805.084318
      87000 -801.369490
      88000 -802.474368
      89000 -801.593338
      90000 -801.284681
      91000 -802.807502
      92000 -802.020157
      93000 -804.039723
      94000 -802.232075
      95000 -801.240805
      96000 -801.557093
      97000 -801.257042
      98000 -801.434172
      99000 -801.788106
     100000 -801.333522
     101000 -801.498781
     102000 -802.418505
     103000 -801.475834
     104000 -801.510439
     105000 -801.326291
     106000 -801.437607
     107000 -801.688816
     108000 -801.357737
     109000 -801.482152
     110000 -801.314301
     111000 -802.051940
     112000 -802.045414
     113000 -801.238868
     114000 -801.470759
     115000 -801.281078
     116000 -801.934303
     117000 -802.343945
     118000 -801.510898
     119000 -807.932031
     120000 -802.006304
     121000 -801.764260
     122000 -801.250422
     123000 -801.281355
     124000 -802.636493
     125000 -802.438396
     126000 -801.289472
     127000 -802.629942
     128000 -802.317468
     129000 -802.140891
     130000 -801.246006
     131000 -801.240991
     132000 -801.776180
     133000 -801.242596
     134000 -801.243536
     135000 -801.300274
     136000 -802.344027
     137000 -801.387712
     138000 -804.153143
     139000 -801.573592
     140000 -801.239257
     141000 -801.238935
     142000 -801.664458
     143000 -801.747699
     144000 -802.377225
     145000 -801.275120
     146000 -808.110304
     147000 -801.531075
     148000 -801.252826
     149000 -801.273358
     150000 -801.468123
     151000 -801.670549
     152000 -806.295444
     153000 -801.540258
     154000 -801.240938
     155000 -807.478671
     156000 -801.524697
     157000 -801.841384
     158000 -801.246699
     159000 -801.302057
     160000 -802.407910
     161000 -801.625409
     162000 -801.612886
     163000 -802.527494
     164000 -802.349477
     165000 -801.489518
     166000 -802.176076
     167000 -801.507141
     168000 -801.436280
     169000 -808.389925
     170000 -802.956213
     171000 -801.418617
     172000 -802.257293
     173000 -801.618338
     174000 -802.867783
     175000 -801.420271
     176000 -801.248906
     177000 -801.242879
     178000 -801.244840
     179000 -801.244857
     180000 -801.253059
     181000 -801.725509
     182000 -801.616068
     183000 -803.107639
     184000 -801.657135
     185000 -801.344900
     186000 -801.461033
     187000 -801.247021
     188000 -801.238867
     189000 -801.381279
     190000 -802.362664
     191000 -801.271668
     192000 -801.262543
     193000 -802.220680
     194000 -809.497805
     195000 -801.356375
     196000 -801.431395
     197000 -801.939373
     198000 -801.565297
     199000 -802.124140
     200000 -803.075528
     201000 -801.462170
     202000 -801.511348
     203000 -803.278671
     204000 -802.034792
     205000 -809.788512
     206000 -801.898791
     207000 -801.350331
     208000 -801.361522
     209000 -801.370831
     210000 -801.246924
     211000 -803.282463
     212000 -801.799465
     213000 -801.329306
     214000 -802.042238
     215000 -801.327315
     216000 -801.331706
     217000 -801.238861
     218000 -801.431734
     219000 -802.422736
     220000 -802.623944
     221000 -801.718920
     222000 -801.598452
     223000 -801.487777
     224000 -801.247893
     225000 -801.260369
     226000 -801.316121
     227000 -801.269362
     228000 -801.632844
     229000 -801.866215
     230000 -802.153068
     231000 -801.293936
     232000 -801.329369
     233000 -801.665028
     234000 -801.243980
     235000 -801.610688
     236000 -801.405611
     237000 -801.248943
     238000 -804.481475
     239000 -801.284678
     240000 -801.387478
     241000 -801.547697
     242000 -801.390192
     243000 -802.901069
     244000 -802.492370
     245000 -801.275915
     246000 -801.881049
     247000 -801.306678
     248000 -801.375940
     249000 -801.244494
     250000 -802.934318
     251000 -802.130988
     252000 -801.273846
     253000 -801.453744
     254000 -801.487308
     255000 -801.487475
     256000 -801.408135
     257000 -801.964868
     258000 -801.516878
     259000 -801.369332
     260000 -801.691612
     261000 -802.049246
     262000 -802.393104
     263000 -801.419682
     264000 -801.696150
     265000 -801.314197
     266000 -804.212487
     267000 -802.410528
     268000 -801.266453
     269000 -802.372201
     270000 -801.888652
     271000 -801.261501
     272000 -801.360645
     273000 -803.609731
     274000 -801.344941
     275000 -801.346109
     276000 -801.519288
     277000 -801.308266
     278000 -802.653146
     279000 -801.352185
     280000 -801.265816
     281000 -803.586436
     282000 -801.241687
     283000 -801.362026
     284000 -802.140463
     285000 -801.443806
     286000 -801.241377
     287000 -801.240069
     288000 -801.447632
     289000 -801.293386
     290000 -801.253171
     291000 -802.024888
     292000 -801.238998
     293000 -803.484730
     294000 -801.596913
     295000 -801.247453
     296000 -801.240155
     297000 -801.264583
     298000 -802.908790
     299000 -801.292382
     300000 -801.561614
     301000 -801.373929
     302000 -801.938392
     303000 -801.543032
     304000 -801.454974
     305000 -801.465046
     306000 -801.248364
     307000 -801.445622
     308000 -802.537646
     309000 -803.468954
     310000 -802.238429
     311000 -806.034322
     312000 -801.294243
     313000 -802.636004
     314000 -801.240202
     315000 -803.382553
     316000 -802.436975
     317000 -801.271018
     318000 -802.100524
     319000 -801.248225
     320000 -802.869085
     321000 -801.294190
     322000 -803.338713
     323000 -801.263765
     324000 -801.299660
     325000 -802.427997
     326000 -801.508926
     327000 -801.807727
     328000 -801.241778
     329000 -802.155843
     330000 -801.302102
     331000 -802.682155
     332000 -803.250049
     333000 -801.791900
     334000 -801.666183
     335000 -801.340491
     336000 -801.355657
     337000 -801.274678
     338000 -801.281456
     339000 -801.441787
     340000 -801.296514
     341000 -803.705309
     342000 -802.694214
     343000 -801.666801
     344000 -801.542986
     345000 -801.241287
     346000 -801.268868
     347000 -801.311732
     348000 -801.374106
     349000 -801.297635
     350000 -801.363988
     351000 -801.245582
     352000 -801.489020
     353000 -801.422243
     354000 -802.508422
     355000 -802.132362
     356000 -809.119983
     357000 -801.515321
     358000 -801.324844
     359000 -801.450259
     360000 -801.296498
     361000 -801.294051
     362000 -802.839271
     363000 -803.228600
     364000 -802.255700
     365000 -803.852720
     366000 -801.239204
     367000 -807.598164
     368000 -801.258535
     369000 -810.469865
     370000 -801.287176
     371000 -801.953244
     372000 -801.251179
     373000 -802.015691
     374000 -801.278654
     375000 -801.476406
     376000 -801.363044
     377000 -803.865557
     378000 -801.240881
     379000 -802.387418
     380000 -801.307186
     381000 -801.376035
     382000 -802.666839
     383000 -801.601598
     384000 -801.246173
     385000 -801.892526
     386000 -801.876254
     387000 -802.096453
     388000 -804.193702
     389000 -802.217349
     390000 -801.243528
     391000 -801.322730
     392000 -801.296096
     393000 -801.454479
     394000 -801.345145
     395000 -801.963455
     396000 -801.330303
     397000 -802.641966
     398000 -801.296076
     399000 -801.297340
     400000 -801.458388
     401000 -801.249632
     402000 -801.752918
     403000 -801.683208
     404000 -801.401167
     405000 -802.060542
     406000 -801.660701
     407000 -801.268426
     408000 -802.134667
     409000 -801.357019
     410000 -801.946853
     411000 -801.244915
     412000 -801.405741
     413000 -801.808046
     414000 -801.702624
     415000 -801.768309
     416000 -801.250665
     417000 -807.973190
     418000 -801.284090
     419000 -801.643967
     420000 -803.171165
     421000 -801.310389
     422000 -807.446449
     423000 -801.817055
     424000 -801.386320
     425000 -801.288619
     426000 -801.409073
     427000 -801.752622
     428000 -801.328507
     429000 -801.336731
     430000 -801.238898
     431000 -801.435722
     432000 -801.575971
     433000 -801.297120
     434000 -802.736137
     435000 -801.245480
     436000 -801.309884
     437000 -801.925779
     438000 -801.250333
     439000 -802.623042
     440000 -801.249365
     441000 -801.751822
     442000 -801.480473
     443000 -801.360619
     444000 -801.994268
     445000 -801.492867
     446000 -801.886459
     447000 -801.965610
     448000 -801.270154
     449000 -801.242209
     450000 -802.509633
     451000 -801.802410
     452000 -802.551737
     453000 -801.307143
     454000 -801.238959
     455000 -801.300467
     456000 -801.451424
     457000 -802.331903
     458000 -802.810084
     459000 -801.256681
     460000 -801.833990
     461000 -801.241669
     462000 -801.642370
     463000 -803.442398
     464000 -801.239397
     465000 -801.409926
     466000 -801.371991
     467000 -801.614478
     468000 -801.289453
     469000 -801.254152
     470000 -801.862860
     471000 -801.400889
     472000 -801.265818
     473000 -803.884856
     474000 -801.280704
     475000 -801.532486
     476000 -801.496073
     477000 -801.613578
     478000 -801.239618
     479000 -802.653487
     480000 -801.416081
     481000 -801.309975
     482000 -801.396047
     483000 -802.318768
     484000 -801.309154
     485000 -801.288002
     486000 -801.443664
     487000 -801.359819
     488000 -801.699905
     489000 -801.310442
     490000 -805.883449
     491000 -801.640384
     492000 -802.243937
     493000 -801.296904
     494000 -803.185117
     495000 -801.829310
     496000 -802.433641
     497000 -801.251543
     498000 -801.278588
     499000 -801.264441
     500000 -801.364171
     501000 -801.270121
     502000 -802.224913
     503000 -801.239358
     504000 -801.300544
     505000 -801.704900
     506000 -801.265010
     507000 -802.286634
     508000 -801.406204
     509000 -801.424028
     510000 -801.765414
     511000 -801.907904
     512000 -807.767517
     513000 -802.842336
     514000 -801.262961
     515000 -801.261872
     516000 -802.561501
     517000 -801.842916
     518000 -801.348396
     519000 -801.531636
     520000 -801.253514
     521000 -802.296418
     522000 -801.528719
     523000 -802.044011
     524000 -801.440817
     525000 -801.278346
     526000 -802.100233
     527000 -803.110655
     528000 -801.241080
     529000 -801.265423
     530000 -801.722545
     531000 -801.517198
     532000 -801.256382
     533000 -801.815365
     534000 -802.471997
     535000 -801.411776
     536000 -803.807677
     537000 -809.620383
     538000 -801.412580
     539000 -802.809860
     540000 -801.638625
     541000 -801.249548
     542000 -801.255026
     543000 -801.279720
     544000 -802.245601
     545000 -801.280099
     546000 -801.245415
     547000 -801.710575
     548000 -802.607507
     549000 -801.293469
     550000 -801.514340
     551000 -802.076482
     552000 -801.475516
     553000 -801.270828
     554000 -801.975150
     555000 -801.239200
     556000 -801.688967
     557000 -801.298158
     558000 -801.379478
     559000 -801.242163
     560000 -801.819163
     561000 -801.265415
     562000 -801.240874
     563000 -801.644885
     564000 -801.289178
     565000 -801.244539
     566000 -801.865381
     567000 -801.734457
     568000 -802.271325
     569000 -801.671827
     570000 -801.266325
     571000 -801.688494
     572000 -801.707291
     573000 -801.752798
     574000 -802.974488
     575000 -801.696442
     576000 -801.448258
     577000 -801.825904
     578000 -801.477876
     579000 -804.849095
     580000 -801.249045
     581000 -801.930444
     582000 -801.493053
     583000 -801.253017
     584000 -801.241191
     585000 -801.285061
     586000 -801.245108
     587000 -802.389898
     588000 -801.290309
     589000 -802.196420
     590000 -801.261986
     591000 -801.307179
     592000 -802.210921
     593000 -801.249261
     594000 -801.393370
     595000 -802.524048
     596000 -801.266020
     597000 -803.053400
     598000 -803.162044
     599000 -801.332412
     600000 -801.248978
     601000 -802.115752
     602000 -801.244753
     603000 -801.307848
     604000 -801.656634
     605000 -801.392720
     606000 -801.883442
     607000 -803.081377
     608000 -801.241222
     609000 -801.259940
     610000 -801.418810
     611000 -801.338409
     612000 -801.300436
     613000 -801.966065
     614000 -805.009140
     615000 -801.250023
     616000 -801.400549
     617000 -803.138333
     618000 -801.264339
     619000 -801.409760
     620000 -801.580921
     621000 -801.694903
     622000 -802.128630
     623000 -801.272349
     624000 -807.406730
     625000 -801.326986
     626000 -801.425560
     627000 -801.306806
     628000 -801.316818
     629000 -804.012123
     630000 -801.522773
     631000 -801.952556
     632000 -801.351415
     633000 -801.729337
     634000 -802.022922
     635000 -801.284671
     636000 -801.577709
     637000 -802.272672
     638000 -803.400762
     639000 -801.592590
     640000 -801.872595
     641000 -801.256433
     642000 -803.962664
     643000 -801.252941
     644000 -802.134453
     645000 -801.240508
     646000 -801.808521
     647000 -801.242662
     648000 -801.277277
     649000 -801.275034
     650000 -801.238868
     651000 -801.537378
     652000 -801.283377
     653000 -801.246799
     654000 -802.104277
     655000 -801.482617
     656000 -801.425301
     657000 -802.917852
     658000 -801.239269
     659000 -801.261241
     660000 -802.211774
     661000 -801.276119
     662000 -801.858457
     663000 -801.254260
     664000 -802.315263
     665000 -801.260445
     666000 -801.243173
     667000 -801.510073
     668000 -801.718848
     669000 -802.641224
     670000 -801.239248
     671000 -801.334401
     672000 -802.136436
     673000 -801.984390
     674000 -802.909411
     675000 -801.242731
     676000 -801.280244
     677000 -801.284475
     678000 -801.974361
     679000 -802.807026
     680000 -801.793408
     681000 -804.757487
     682000 -801.266170
     683000 -801.340151
     684000 -801.243368
     685000 -801.260072
     686000 -801.257050
     687000 -803.906551
     688000 -804.235489
     689000 -801.759483
     690000 -801.239867
     691000 -801.320000
     692000 -801.269489
     693000 -802.507719
     694000 -807.590114
     695000 -802.777356
     696000 -801.239715
     697000 -802.954502
     698000 -810.595112
     699000 -801.243243
     700000 -801.241807
     701000 -801.371349
     702000 -801.360707
     703000 -801.719684
     704000 -801.752823
     705000 -802.105200
     706000 -801.245133
     707000 -801.683861
     708000 -801.343752
     709000 -801.976650
     710000 -801.533617
     711000 -801.451282
     712000 -801.585182
     713000 -803.131876
     714000 -802.644638
     715000 -802.117222
     716000 -801.317850
     717000 -801.245454
     718000 -801.714954
     719000 -801.384276
     720000 -801.239548
     721000 -801.248825
     722000 -802.094264
     723000 -801.808340
     724000 -801.547777
     725000 -801.787958
     726000 -801.600649
     727000 -802.254129
     728000 -801.302024
     729000 -802.331855
     730000 -801.243780
     731000 -802.024049
     732000 -803.409668
     733000 -801.239160
     734000 -801.512299
     735000 -801.694371
     736000 -801.851722
     737000 -801.259504
     738000 -801.668260
     739000 -801.655629
     740000 -801.276312
     741000 -801.269783
     742000 -801.280677
     743000 -801.669861
     744000 -801.265930
     745000 -802.296056
     746000 -804.870292
     747000 -801.241307
     748000 -801.520830
     749000 -804.172159
     750000 -801.240392
     751000 -801.238877
     752000 -801.295579
     753000 -801.946381
     754000 -801.618186
     755000 -801.666586
     756000 -801.316566
     757000 -801.289946
     758000 -801.252714
     759000 -801.773720
     760000 -807.421641
     761000 -801.939767
     762000 -801.848703
     763000 -803.583430
     764000 -801.460853
     765000 -801.623528
     766000 -801.341496
     767000 -801.822842
     768000 -801.241129
     769000 -802.222075
     770000 -801.340656
     771000 -801.350410
     772000 -801.408253
     773000 -801.239227
     774000 -801.325480
     775000 -802.036859
     776000 -801.297924
     777000 -801.240765
     778000 -802.670941
     779000 -801.238850
     780000 -801.555179
     781000 -801.498401
     782000 -801.316367
     783000 -802.465953
     784000 -801.399580
     785000 -801.378895
     786000 -802.166325
     787000 -802.164331
     788000 -803.067166
     789000 -801.311384
     790000 -801.242626
     791000 -801.366832
     792000 -801.253247
     793000 -801.239635
     794000 -802.527079
     795000 -801.367853
     796000 -801.325325
     797000 -802.385827
     798000 -802.035545
     799000 -801.302362
     800000 -803.209108
     801000 -801.274938
     802000 -801.783691
     803000 -801.376506
     804000 -801.329958
     805000 -801.350672
     806000 -801.325388
     807000 -801.342278
     808000 -801.238873
     809000 -801.302551
     810000 -801.822318
     811000 -801.333858
     812000 -802.588410
     813000 -802.045182
     814000 -801.427468
     815000 -801.354297
     816000 -801.397400
     817000 -802.526248
     818000 -801.405892
     819000 -810.088507
     820000 -801.339084
     821000 -804.324548
     822000 -801.560317
     823000 -801.328553
     824000 -801.245472
     825000 -802.247710
     826000 -801.330377
     827000 -801.508071
     828000 -802.291970
     829000 -801.333634
     830000 -801.239598
     831000 -801.276252
     832000 -801.884410
     833000 -801.458823
     834000 -801.286758
     835000 -801.936717
     836000 -801.362165
     837000 -801.705162
     838000 -802.872717
     839000 -802.395704
     840000 -801.538605
     841000 -802.857075
     842000 -802.060248
     843000 -802.295026
     844000 -801.250598
     845000 -803.424493
     846000 -801.792216
     847000 -801.244574
     848000 -802.114445
     849000 -801.292580
     850000 -802.489502
     851000 -801.458677
     852000 -801.246727
     853000 -801.242746
     854000 -801.240187
     855000 -801.290841
     856000 -801.321319
     857000 -801.683901
     858000 -801.411420
     859000 -801.737937
     860000 -801.551524
     861000 -801.441325
     862000 -801.349857
     863000 -801.888337
     864000 -801.788171
     865000 -802.225299
     866000 -801.427979
     867000 -803.558900
     868000 -802.001806
     869000 -801.377218
     870000 -801.883771
     871000 -801.298630
     872000 -801.628141
     873000 -802.507916
     874000 -801.276548
     875000 -804.049180
     876000 -801.496590
     877000 -801.270905
     878000 -802.249776
     879000 -801.340365
     880000 -801.421032
     881000 -801.369523
     882000 -801.248009
     883000 -801.774629
     884000 -801.611730
     885000 -802.828657
     886000 -801.648481
     887000 -801.312345
     888000 -802.201238
     889000 -801.320276
     890000 -808.115748
     891000 -801.844305
     892000 -801.383035
     893000 -802.561050
     894000 -801.270462
     895000 -801.906109
     896000 -801.250901
     897000 -802.004442
     898000 -801.519098
     899000 -801.877745
     900000 -802.218155
     901000 -802.351452
     902000 -801.278222
     903000 -802.189865
     904000 -801.248827
     905000 -801.244742
     906000 -801.244296
     907000 -801.575524
     908000 -801.242423
     909000 -801.702738
     910000 -801.537111
     911000 -801.448517
     912000 -801.298766
     913000 -801.240261
     914000 -801.962312
     915000 -801.246449
     916000 -801.548749
     917000 -801.323798
     918000 -801.477755
     919000 -801.513440
     920000 -801.247656
     921000 -802.161611
     922000 -801.551704
     923000 -801.372096
     924000 -801.618071
     925000 -801.739678
     926000 -801.272686
     927000 -801.601498
     928000 -801.369081
     929000 -801.299952
     930000 -801.267120
     931000 -802.176576
     932000 -801.873116
     933000 -801.737032
     934000 -801.380519
     935000 -801.259404
     936000 -801.881596
     937000 -801.272821
     938000 -802.520593
     939000 -801.579980
     940000 -803.889823
     941000 -801.410308
     942000 -801.384927
     943000 -802.501906
     944000 -804.823919
     945000 -801.301861
     946000 -801.259644
     947000 -802.917049
     948000 -801.302978
     949000 -804.671554
     950000 -801.274050
     951000 -801.998382
     952000 -801.497256
     953000 -801.238856
     954000 -802.654093
     955000 -801.355250
     956000 -801.252643
     957000 -801.308578
     958000 -801.243876
     959000 -801.727490
     960000 -801.923058
     961000 -801.344533
     962000 -802.173847
     963000 -802.141668
     964000 -801.547553
     965000 -801.291206
     966000 -801.862892
     967000 -801.861870
     968000 -801.283125
     969000 -801.951711
     970000 -801.262714
     971000 -801.667752
     972000 -801.279188
     973000 -803.742697
     974000 -801.264589
     975000 -803.055068
     976000 -801.252760
     977000 -801.380484
     978000 -801.248753
     979000 -803.251954
     980000 -801.922562
     981000 -801.365799
     982000 -801.263155
     983000 -801.243656
     984000 -801.276218
     985000 -801.292000
     986000 -801.241935
     987000 -803.045235
     988000 -801.550381
     989000 -801.296375
     990000 -801.246437
     991000 -801.382026
     992000 -801.239349
     993000 -801.438478
     994000 -801.864192
     995000 -801.469143
     996000 -801.278587
     997000 -801.803034
     998000 -801.365777
     999000 -801.862071
    1000000 -801.241373
