    genPlus1     spaQ
        1000  0.251677
        2000  0.245806
        3000  0.264823
        4000  0.201852
        5000  0.196707
        6000  0.319212
        7000  0.212469
        8000  0.231097
        9000  0.209987
       10000  0.231049
       11000  0.206853
       12000  0.173432
       13000  0.258945
       14000  0.189107
       15000  0.180956
       16000  0.237143
       17000  0.168432
       18000  0.225661
       19000  0.190945
       20000  0.187653
       21000  0.184504
       22000  0.265087
       23000  0.237540
       24000  0.201143
       25000  0.255221
       26000  0.173361
       27000  0.295291
       28000  0.216305
       29000  0.180311
       30000  0.159195
       31000  0.212522
       32000  0.175743
       33000  0.214225
       34000  0.265742
       35000  0.196906
       36000  0.186752
       37000  0.266953
       38000  0.192529
       39000  0.212962
       40000  0.238323
       41000  0.205635
       42000  0.226598
       43000  0.209878
       44000  0.210309
       45000  0.262496
       46000  0.202095
       47000  0.154817
       48000  0.191038
       49000  0.214654
       50000  0.241040
       51000  0.242406
       52000  0.252745
       53000  0.156923
       54000  0.179224
       55000  0.200154
       56000  0.200007
       57000  0.241760
       58000  0.219306
       59000  0.167928
       60000  0.244701
       61000  0.259861
       62000  0.205028
       63000  0.246711
       64000  0.242828
       65000  0.235208
       66000  0.261741
       67000  0.262224
       68000  0.250103
       69000  0.261859
       70000  0.230030
       71000  0.301327
       72000  0.202578
       73000  0.251816
       74000  0.200679
       75000  0.169138
       76000  0.216142
       77000  0.220147
       78000  0.243115
       79000  0.200200
       80000  0.241653
       81000  0.240719
       82000  0.246771
       83000  0.140014
       84000  0.241775
       85000  0.226394
       86000  0.254117
       87000  0.195598
       88000  0.193315
       89000  0.217694
       90000  0.270499
       91000  0.303905
       92000  0.195516
       93000  0.208260
       94000  0.197760
       95000  0.207383
       96000  0.259292
       97000  0.222166
       98000  0.198892
       99000  0.212122
      100000  0.174861
      101000  0.204314
      102000  0.210941
      103000  0.251280
      104000  0.232976
      105000  0.197256
      106000  0.218797
      107000  0.185969
      108000  0.229592
      109000  0.210799
      110000  0.234044
      111000  0.267663
      112000  0.241421
      113000  0.203410
      114000  0.199468
      115000  0.246123
      116000  0.218106
      117000  0.233060
      118000  0.254912
      119000  0.245352
      120000  0.177194
      121000  0.229975
      122000  0.247550
      123000  0.203452
      124000  0.197742
      125000  0.204522
      126000  0.162056
      127000  0.193897
      128000  0.228400
      129000  0.205339
      130000  0.199388
      131000  0.239657
      132000  0.227315
      133000  0.183040
      134000  0.304239
      135000  0.258086
      136000  0.244519
      137000  0.234441
      138000  0.213334
      139000  0.204863
      140000  0.250287
      141000  0.272574
      142000  0.221032
      143000  0.239421
      144000  0.228296
      145000  0.208802
      146000  0.203219
      147000  0.221699
      148000  0.245903
      149000  0.190119
      150000  0.187095
      151000  0.217371
      152000  0.266111
      153000  0.210869
      154000  0.216720
      155000  0.248665
      156000  0.306159
      157000  0.274314
      158000  0.238061
      159000  0.190208
      160000  0.211977
      161000  0.228944
      162000  0.177801
      163000  0.229836
      164000  0.207231
      165000  0.277299
      166000  0.191215
      167000  0.201838
      168000  0.226910
      169000  0.201296
      170000  0.288604
      171000  0.236847
      172000  0.215155
      173000  0.229772
      174000  0.226426
      175000  0.219828
      176000  0.126652
      177000  0.249227
      178000  0.177786
      179000  0.195955
      180000  0.182500
      181000  0.213778
      182000  0.239504
      183000  0.264807
      184000  0.164773
      185000  0.279273
      186000  0.165963
      187000  0.242136
      188000  0.199191
      189000  0.220295
      190000  0.211857
      191000  0.192917
      192000  0.223954
      193000  0.211864
      194000  0.158764
      195000  0.257302
      196000  0.211134
      197000  0.190284
      198000  0.253037
      199000  0.282799
      200000  0.200570
      201000  0.216722
      202000  0.220197
      203000  0.290598
      204000  0.242442
      205000  0.210913
      206000  0.288837
      207000  0.218803
      208000  0.238692
      209000  0.161070
      210000  0.238483
      211000  0.226344
      212000  0.221081
      213000  0.210921
      214000  0.204158
      215000  0.245484
      216000  0.237623
      217000  0.179082
      218000  0.243816
      219000  0.209618
      220000  0.196617
      221000  0.183113
      222000  0.248924
      223000  0.230350
      224000  0.306374
      225000  0.218767
      226000  0.191532
      227000  0.143200
      228000  0.234332
      229000  0.219562
      230000  0.256048
      231000  0.167543
      232000  0.211393
      233000  0.256728
      234000  0.250151
      235000  0.219981
      236000  0.209152
      237000  0.257617
      238000  0.221461
      239000  0.156772
      240000  0.165673
      241000  0.241567
      242000  0.256281
      243000  0.254311
      244000  0.300699
      245000  0.229232
      246000  0.189086
      247000  0.253204
      248000  0.211790
      249000  0.213893
      250000  0.170073
      251000  0.150615
      252000  0.228482
      253000  0.214154
      254000  0.175022
      255000  0.286725
      256000  0.262535
      257000  0.235418
      258000  0.176287
      259000  0.266312
      260000  0.249495
      261000  0.265837
      262000  0.238152
      263000  0.219627
      264000  0.192003
      265000  0.143676
      266000  0.202034
      267000  0.239178
      268000  0.206242
      269000  0.163736
      270000  0.265989
      271000  0.158010
      272000  0.267973
      273000  0.231305
      274000  0.357761
      275000  0.232441
      276000  0.217212
      277000  0.190743
      278000  0.181981
      279000  0.299482
      280000  0.244770
      281000  0.204027
      282000  0.284228
      283000  0.311054
      284000  0.226432
      285000  0.222277
      286000  0.230161
      287000  0.209668
      288000  0.203034
      289000  0.222296
      290000  0.203065
      291000  0.286336
      292000  0.191899
      293000  0.254675
      294000  0.185219
      295000  0.214655
      296000  0.185639
      297000  0.199714
      298000  0.234935
      299000  0.256834
      300000  0.192981
      301000  0.226050
      302000  0.272641
      303000  0.281144
      304000  0.324119
      305000  0.218014
      306000  0.282291
      307000  0.191864
      308000  0.275584
      309000  0.210232
      310000  0.185486
      311000  0.193521
      312000  0.209119
      313000  0.197801
      314000  0.192495
      315000  0.194769
      316000  0.199080
      317000  0.169080
      318000  0.259902
      319000  0.206866
      320000  0.211760
      321000  0.255009
      322000  0.219100
      323000  0.206794
      324000  0.197954
      325000  0.192945
      326000  0.250948
      327000  0.198624
      328000  0.242081
      329000  0.197543
      330000  0.180343
      331000  0.190656
      332000  0.300625
      333000  0.174404
      334000  0.200276
      335000  0.247326
      336000  0.275554
      337000  0.216448
      338000  0.174214
      339000  0.229455
      340000  0.272605
      341000  0.230961
      342000  0.226998
      343000  0.203455
      344000  0.210223
      345000  0.181786
      346000  0.172003
      347000  0.208006
      348000  0.252875
      349000  0.228941
      350000  0.275558
      351000  0.228430
      352000  0.198392
      353000  0.241587
      354000  0.303104
      355000  0.254337
      356000  0.168210
      357000  0.197227
      358000  0.265426
      359000  0.280729
      360000  0.220015
      361000  0.223521
      362000  0.254208
      363000  0.171701
      364000  0.267053
      365000  0.275693
      366000  0.165386
      367000  0.108019
      368000  0.257029
      369000  0.237146
      370000  0.246002
      371000  0.264294
      372000  0.224870
      373000  0.197130
      374000  0.208207
      375000  0.202540
      376000  0.194115
      377000  0.197367
      378000  0.189233
      379000  0.251705
      380000  0.171049
      381000  0.269350
      382000  0.238736
      383000  0.286340
      384000  0.177310
      385000  0.226391
      386000  0.219528
      387000  0.185146
      388000  0.236985
      389000  0.198478
      390000  0.209165
      391000  0.220658
      392000  0.231696
      393000  0.225219
      394000  0.232767
      395000  0.214433
      396000  0.169018
      397000  0.241472
      398000  0.230141
      399000  0.157545
      400000  0.204951
      401000  0.339490
      402000  0.184330
      403000  0.167087
      404000  0.228470
      405000  0.245431
      406000  0.250331
      407000  0.199693
      408000  0.219524
      409000  0.179337
      410000  0.228814
      411000  0.249392
      412000  0.244028
      413000  0.203558
      414000  0.268625
      415000  0.151919
      416000  0.213665
      417000  0.203880
      418000  0.163974
      419000  0.251715
      420000  0.195362
      421000  0.210272
      422000  0.200926
      423000  0.230565
      424000  0.173008
      425000  0.191323
      426000  0.267658
      427000  0.182065
      428000  0.227752
      429000  0.127966
      430000  0.272090
      431000  0.242902
      432000  0.151106
      433000  0.213685
      434000  0.217789
      435000  0.188214
      436000  0.213821
      437000  0.193166
      438000  0.137569
      439000  0.184454
      440000  0.242591
      441000  0.243994
      442000  0.237517
      443000  0.256526
      444000  0.198840
      445000  0.240093
      446000  0.198637
      447000  0.202042
      448000  0.193758
      449000  0.201773
      450000  0.213513
      451000  0.196398
      452000  0.173026
      453000  0.210714
      454000  0.276933
      455000  0.238836
      456000  0.229315
      457000  0.281069
      458000  0.199988
      459000  0.207662
      460000  0.207395
      461000  0.253108
      462000  0.223172
      463000  0.180709
      464000  0.198297
      465000  0.179508
      466000  0.281351
      467000  0.244736
      468000  0.229337
      469000  0.227188
      470000  0.210163
      471000  0.299749
      472000  0.211956
      473000  0.219170
      474000  0.227776
      475000  0.259438
      476000  0.210017
      477000  0.195345
      478000  0.174917
      479000  0.213698
      480000  0.204303
      481000  0.251375
      482000  0.230299
      483000  0.239560
      484000  0.242528
      485000  0.315365
      486000  0.198614
      487000  0.184536
      488000  0.266995
      489000  0.161955
      490000  0.198646
      491000  0.174488
      492000  0.275221
      493000  0.198628
      494000  0.219585
      495000  0.169265
      496000  0.264745
      497000  0.254202
      498000  0.226202
      499000  0.276178
      500000  0.180995
      501000  0.223857
      502000  0.231357
      503000  0.203305
      504000  0.263486
      505000  0.249537
      506000  0.289792
      507000  0.218971
      508000  0.308467
      509000  0.232823
      510000  0.206211
      511000  0.203705
      512000  0.229408
      513000  0.236094
      514000  0.218265
      515000  0.221477
      516000  0.230341
      517000  0.225515
      518000  0.293697
      519000  0.210764
      520000  0.192831
      521000  0.189204
      522000  0.246522
      523000  0.242980
      524000  0.184032
      525000  0.215381
      526000  0.256363
      527000  0.200705
      528000  0.212858
      529000  0.198588
      530000  0.215537
      531000  0.199025
      532000  0.228530
      533000  0.280483
      534000  0.200065
      535000  0.183112
      536000  0.191772
      537000  0.224974
      538000  0.187591
      539000  0.215224
      540000  0.201538
      541000  0.148780
      542000  0.213289
      543000  0.199303
      544000  0.167403
      545000  0.215942
      546000  0.195606
      547000  0.194443
      548000  0.236577
      549000  0.200500
      550000  0.183323
      551000  0.215558
      552000  0.178412
      553000  0.217069
      554000  0.234512
      555000  0.272187
      556000  0.226969
      557000  0.270777
      558000  0.178424
      559000  0.203397
      560000  0.270573
      561000  0.217414
      562000  0.235721
      563000  0.250410
      564000  0.170406
      565000  0.168977
      566000  0.176356
      567000  0.269000
      568000  0.193304
      569000  0.248297
      570000  0.325708
      571000  0.265995
      572000  0.185361
      573000  0.180177
      574000  0.214743
      575000  0.219597
      576000  0.230334
      577000  0.238796
      578000  0.267362
      579000  0.238635
      580000  0.233545
      581000  0.259059
      582000  0.187238
      583000  0.194156
      584000  0.153110
      585000  0.182918
      586000  0.213620
      587000  0.169805
      588000  0.232254
      589000  0.263244
      590000  0.198237
      591000  0.207248
      592000  0.205801
      593000  0.275247
      594000  0.222530
      595000  0.210455
      596000  0.206096
      597000  0.151203
      598000  0.233591
      599000  0.196440
      600000  0.152973
      601000  0.205032
      602000  0.243719
      603000  0.189358
      604000  0.229230
      605000  0.173334
      606000  0.288178
      607000  0.213141
      608000  0.249261
      609000  0.227315
      610000  0.227314
      611000  0.199280
      612000  0.219281
      613000  0.200931
      614000  0.204010
      615000  0.239182
      616000  0.220202
      617000  0.257198
      618000  0.283842
      619000  0.237877
      620000  0.241918
      621000  0.230976
      622000  0.169110
      623000  0.250074
      624000  0.265919
      625000  0.210047
      626000  0.248927
      627000  0.210038
      628000  0.169206
      629000  0.213172
      630000  0.259726
      631000  0.266639
      632000  0.201970
      633000  0.233366
      634000  0.224368
      635000  0.229663
      636000  0.218946
      637000  0.214950
      638000  0.293232
      639000  0.241474
      640000  0.184188
      641000  0.259680
      642000  0.255130
      643000  0.259066
      644000  0.231831
      645000  0.204382
      646000  0.209204
      647000  0.208095
      648000  0.226449
      649000  0.261018
      650000  0.221645
      651000  0.201628
      652000  0.325143
      653000  0.310085
      654000  0.215039
      655000  0.217634
      656000  0.193971
      657000  0.234457
      658000  0.247358
      659000  0.266547
      660000  0.218717
      661000  0.176126
      662000  0.243386
      663000  0.236944
      664000  0.263244
      665000  0.176506
      666000  0.230894
      667000  0.208370
      668000  0.218938
      669000  0.202467
      670000  0.217981
      671000  0.257341
      672000  0.223819
      673000  0.247447
      674000  0.237207
      675000  0.253157
      676000  0.209092
      677000  0.318290
      678000  0.184544
      679000  0.183613
      680000  0.164942
      681000  0.207471
      682000  0.239245
      683000  0.239220
      684000  0.240183
      685000  0.186305
      686000  0.243958
      687000  0.222197
      688000  0.225741
      689000  0.211799
      690000  0.216567
      691000  0.262901
      692000  0.205455
      693000  0.212735
      694000  0.179555
      695000  0.268610
      696000  0.249820
      697000  0.215748
      698000  0.198115
      699000  0.144823
      700000  0.212336
      701000  0.231380
      702000  0.208330
      703000  0.271423
      704000  0.253342
      705000  0.190485
      706000  0.209560
      707000  0.241204
      708000  0.230155
      709000  0.184618
      710000  0.167724
      711000  0.260947
      712000  0.252434
      713000  0.212495
      714000  0.296550
      715000  0.245673
      716000  0.222693
      717000  0.240916
      718000  0.216758
      719000  0.303734
      720000  0.206072
      721000  0.247714
      722000  0.189558
      723000  0.157633
      724000  0.224759
      725000  0.250496
      726000  0.268626
      727000  0.212370
      728000  0.256235
      729000  0.185466
      730000  0.279009
      731000  0.165132
      732000  0.161820
      733000  0.260764
      734000  0.275617
      735000  0.203756
      736000  0.172585
      737000  0.258608
      738000  0.195580
      739000  0.270791
      740000  0.268222
      741000  0.222356
      742000  0.181491
      743000  0.189896
      744000  0.191833
      745000  0.271024
      746000  0.225719
      747000  0.182551
      748000  0.197493
      749000  0.161102
      750000  0.199552
      751000  0.182856
      752000  0.234771
      753000  0.129950
      754000  0.205814
      755000  0.265244
      756000  0.285254
      757000  0.304828
      758000  0.195739
      759000  0.168499
      760000  0.256087
      761000  0.226351
      762000  0.207419
      763000  0.252463
      764000  0.212669
      765000  0.202565
      766000  0.219969
      767000  0.181370
      768000  0.199471
      769000  0.203894
      770000  0.236068
      771000  0.249606
      772000  0.270099
      773000  0.237192
      774000  0.247915
      775000  0.180730
      776000  0.227158
      777000  0.252883
      778000  0.247531
      779000  0.185145
      780000  0.252870
      781000  0.196523
      782000  0.211986
      783000  0.249412
      784000  0.253843
      785000  0.186666
      786000  0.171507
      787000  0.277658
      788000  0.251726
      789000  0.192196
      790000  0.147013
      791000  0.165664
      792000  0.230071
      793000  0.246948
      794000  0.283851
      795000  0.298432
      796000  0.183353
      797000  0.261817
      798000  0.225422
      799000  0.210671
      800000  0.172989
      801000  0.179263
      802000  0.209658
      803000  0.239125
      804000  0.190459
      805000  0.255079
      806000  0.246222
      807000  0.240114
      808000  0.179485
      809000  0.229292
      810000  0.238023
      811000  0.237597
      812000  0.170077
      813000  0.165276
      814000  0.239852
      815000  0.199738
      816000  0.247984
      817000  0.226573
      818000  0.226162
      819000  0.292312
      820000  0.270427
      821000  0.269519
      822000  0.168053
      823000  0.225958
      824000  0.267662
      825000  0.252373
      826000  0.261437
      827000  0.213565
      828000  0.208126
      829000  0.239067
      830000  0.228183
      831000  0.322864
      832000  0.192863
      833000  0.220665
      834000  0.185879
      835000  0.214007
      836000  0.245092
      837000  0.297071
      838000  0.256811
      839000  0.223745
      840000  0.207298
      841000  0.254295
      842000  0.197474
      843000  0.229983
      844000  0.169246
      845000  0.205903
      846000  0.197209
      847000  0.185899
      848000  0.189639
      849000  0.236410
      850000  0.220655
      851000  0.249461
      852000  0.276687
      853000  0.196903
      854000  0.247646
      855000  0.168924
      856000  0.225256
      857000  0.208355
      858000  0.184076
      859000  0.214685
      860000  0.211420
      861000  0.205331
      862000  0.172814
      863000  0.190992
      864000  0.232648
      865000  0.146140
      866000  0.153648
      867000  0.304272
      868000  0.196121
      869000  0.274600
      870000  0.192267
      871000  0.253853
      872000  0.222327
      873000  0.235640
      874000  0.181091
      875000  0.206144
      876000  0.203903
      877000  0.271298
      878000  0.235636
      879000  0.228356
      880000  0.286826
      881000  0.160437
      882000  0.198971
      883000  0.175830
      884000  0.173110
      885000  0.210279
      886000  0.185558
      887000  0.175143
      888000  0.219703
      889000  0.174872
      890000  0.240854
      891000  0.285463
      892000  0.229151
      893000  0.245901
      894000  0.260530
      895000  0.220638
      896000  0.233148
      897000  0.195556
      898000  0.200679
      899000  0.251732
      900000  0.222941
      901000  0.229274
      902000  0.213534
      903000  0.186736
      904000  0.204776
      905000  0.231454
      906000  0.265789
      907000  0.214346
      908000  0.223669
      909000  0.301627
      910000  0.214702
      911000  0.207279
      912000  0.258437
      913000  0.292326
      914000  0.232838
      915000  0.145785
      916000  0.187163
      917000  0.191333
      918000  0.195576
      919000  0.239642
      920000  0.246423
      921000  0.240964
      922000  0.193694
      923000  0.233788
      924000  0.253583
      925000  0.234001
      926000  0.237042
      927000  0.215393
      928000  0.187472
      929000  0.179666
      930000  0.191699
      931000  0.206879
      932000  0.173348
      933000  0.246102
      934000  0.227977
      935000  0.239568
      936000  0.247260
      937000  0.161442
      938000  0.241324
      939000  0.216047
      940000  0.219144
      941000  0.225300
      942000  0.244562
      943000  0.243491
      944000  0.241396
      945000  0.200234
      946000  0.218362
      947000  0.216042
      948000  0.247955
      949000  0.194792
      950000  0.172655
      951000  0.184075
      952000  0.228844
      953000  0.243164
      954000  0.179351
      955000  0.168097
      956000  0.230430
      957000  0.246150
      958000  0.263332
      959000  0.203160
      960000  0.220362
      961000  0.235358
      962000  0.217298
      963000  0.239309
      964000  0.172966
      965000  0.267564
      966000  0.282083
      967000  0.307672
      968000  0.249169
      969000  0.257874
      970000  0.234330
      971000  0.203628
      972000  0.221523
      973000  0.229472
      974000  0.189505
      975000  0.172317
      976000  0.252921
      977000  0.303728
      978000  0.178596
      979000  0.197906
      980000  0.171198
      981000  0.234270
      982000  0.263561
      983000  0.264420
      984000  0.296435
      985000  0.221330
      986000  0.172542
      987000  0.255562
      988000  0.181827
      989000  0.151451
      990000  0.148752
      991000  0.224693
      992000  0.238023
      993000  0.220461
      994000  0.221071
      995000  0.204831
      996000  0.203821
      997000  0.196562
      998000  0.213421
      999000  0.213724
     1000000  0.235502
