    genPlus1     spaQ
        1000  0.236737
        2000  0.184004
        3000  0.175246
        4000  0.184839
        5000  0.152100
        6000  0.158143
        7000  0.178736
        8000  0.141456
        9000  0.150491
       10000  0.188137
       11000  0.198383
       12000  0.174034
       13000  0.203679
       14000  0.168574
       15000  0.160359
       16000  0.167384
       17000  0.137933
       18000  0.151084
       19000  0.186267
       20000  0.131099
       21000  0.188498
       22000  0.147161
       23000  0.138217
       24000  0.102099
       25000  0.152733
       26000  0.204254
       27000  0.172733
       28000  0.170364
       29000  0.184370
       30000  0.176360
       31000  0.153560
       32000  0.155376
       33000  0.164409
       34000  0.179393
       35000  0.174797
       36000  0.124129
       37000  0.169959
       38000  0.155451
       39000  0.155613
       40000  0.127021
       41000  0.194337
       42000  0.160804
       43000  0.218743
       44000  0.135876
       45000  0.128321
       46000  0.142251
       47000  0.150252
       48000  0.157426
       49000  0.178222
       50000  0.190465
       51000  0.166280
       52000  0.203022
       53000  0.177517
       54000  0.138945
       55000  0.163426
       56000  0.145626
       57000  0.190736
       58000  0.124633
       59000  0.173883
       60000  0.186098
       61000  0.205737
       62000  0.119187
       63000  0.090692
       64000  0.190823
       65000  0.164243
       66000  0.271512
       67000  0.139652
       68000  0.205964
       69000  0.143048
       70000  0.144221
       71000  0.176349
       72000  0.162223
       73000  0.174912
       74000  0.160264
       75000  0.166806
       76000  0.155671
       77000  0.130852
       78000  0.144223
       79000  0.155690
       80000  0.163417
       81000  0.154559
       82000  0.156021
       83000  0.149423
       84000  0.169001
       85000  0.146520
       86000  0.205925
       87000  0.193247
       88000  0.245766
       89000  0.137184
       90000  0.185056
       91000  0.175838
       92000  0.172728
       93000  0.186480
       94000  0.230122
       95000  0.148838
       96000  0.161589
       97000  0.143175
       98000  0.194091
       99000  0.135505
      100000  0.156387
      101000  0.147929
      102000  0.145857
      103000  0.195346
      104000  0.181931
      105000  0.125474
      106000  0.212017
      107000  0.168961
      108000  0.106211
      109000  0.165141
      110000  0.135026
      111000  0.146932
      112000  0.167641
      113000  0.181655
      114000  0.119195
      115000  0.120155
      116000  0.165429
      117000  0.209211
      118000  0.199700
      119000  0.216745
      120000  0.155934
      121000  0.142940
      122000  0.145190
      123000  0.122612
      124000  0.162790
      125000  0.140898
      126000  0.128169
      127000  0.165577
      128000  0.130910
      129000  0.210374
      130000  0.161147
      131000  0.199544
      132000  0.116044
      133000  0.220876
      134000  0.181939
      135000  0.224830
      136000  0.132453
      137000  0.127863
      138000  0.177547
      139000  0.174486
      140000  0.127059
      141000  0.143414
      142000  0.219561
      143000  0.166873
      144000  0.158011
      145000  0.209258
      146000  0.106121
      147000  0.154854
      148000  0.131535
      149000  0.196089
      150000  0.153275
      151000  0.187175
      152000  0.135753
      153000  0.139242
      154000  0.121506
      155000  0.140179
      156000  0.159229
      157000  0.152379
      158000  0.134749
      159000  0.151813
      160000  0.102417
      161000  0.137581
      162000  0.195744
      163000  0.175208
      164000  0.119942
      165000  0.165235
      166000  0.181880
      167000  0.152964
      168000  0.154429
      169000  0.194093
      170000  0.137086
      171000  0.154959
      172000  0.146830
      173000  0.197837
      174000  0.127829
      175000  0.157882
      176000  0.150398
      177000  0.174393
      178000  0.217166
      179000  0.160095
      180000  0.186371
      181000  0.169128
      182000  0.114163
      183000  0.169239
      184000  0.163919
      185000  0.223344
      186000  0.133140
      187000  0.167644
      188000  0.142269
      189000  0.209163
      190000  0.120619
      191000  0.205906
      192000  0.187937
      193000  0.196758
      194000  0.142549
      195000  0.131582
      196000  0.176574
      197000  0.162970
      198000  0.226435
      199000  0.112663
      200000  0.149517
      201000  0.193027
      202000  0.188727
      203000  0.149215
      204000  0.166203
      205000  0.165482
      206000  0.114782
      207000  0.119158
      208000  0.156710
      209000  0.164498
      210000  0.109504
      211000  0.151961
      212000  0.175744
      213000  0.145157
      214000  0.184147
      215000  0.208795
      216000  0.197822
      217000  0.186711
      218000  0.192120
      219000  0.167053
      220000  0.203152
      221000  0.117963
      222000  0.180249
      223000  0.136674
      224000  0.192349
      225000  0.138229
      226000  0.142273
      227000  0.213183
      228000  0.177841
      229000  0.165358
      230000  0.174063
      231000  0.160163
      232000  0.237454
      233000  0.157913
      234000  0.120180
      235000  0.185293
      236000  0.251519
      237000  0.218219
      238000  0.145004
      239000  0.182001
      240000  0.211652
      241000  0.211057
      242000  0.156567
      243000  0.144606
      244000  0.131508
      245000  0.152572
      246000  0.170739
      247000  0.140671
      248000  0.177491
      249000  0.196855
      250000  0.188192
      251000  0.157077
      252000  0.169007
      253000  0.182982
      254000  0.160734
      255000  0.162850
      256000  0.137083
      257000  0.138941
      258000  0.162551
      259000  0.154634
      260000  0.119315
      261000  0.135386
      262000  0.234873
      263000  0.191845
      264000  0.176418
      265000  0.139694
      266000  0.162217
      267000  0.160234
      268000  0.159628
      269000  0.248675
      270000  0.130422
      271000  0.151262
      272000  0.159114
      273000  0.161924
      274000  0.132915
      275000  0.123511
      276000  0.178536
      277000  0.138794
      278000  0.157406
      279000  0.160161
      280000  0.123496
      281000  0.181131
      282000  0.189237
      283000  0.156972
      284000  0.176970
      285000  0.142552
      286000  0.135895
      287000  0.158419
      288000  0.118223
      289000  0.185480
      290000  0.151900
      291000  0.188334
      292000  0.237017
      293000  0.146157
      294000  0.219044
      295000  0.193595
      296000  0.144538
      297000  0.171250
      298000  0.190918
      299000  0.137959
      300000  0.161769
      301000  0.126796
      302000  0.165383
      303000  0.166594
      304000  0.181928
      305000  0.148458
      306000  0.115436
      307000  0.158912
      308000  0.159453
      309000  0.179557
      310000  0.121951
      311000  0.164750
      312000  0.156382
      313000  0.262644
      314000  0.200438
      315000  0.153132
      316000  0.130993
      317000  0.187397
      318000  0.137090
      319000  0.152594
      320000  0.124714
      321000  0.156605
      322000  0.156095
      323000  0.194569
      324000  0.168509
      325000  0.168686
      326000  0.129402
      327000  0.127318
      328000  0.135053
      329000  0.209988
      330000  0.189040
      331000  0.151877
      332000  0.173713
      333000  0.177384
      334000  0.103261
      335000  0.188797
      336000  0.125459
      337000  0.186581
      338000  0.206543
      339000  0.187832
      340000  0.177444
      341000  0.136946
      342000  0.185624
      343000  0.154910
      344000  0.196783
      345000  0.161985
      346000  0.215060
      347000  0.172535
      348000  0.225458
      349000  0.179265
      350000  0.151581
      351000  0.156090
      352000  0.171986
      353000  0.138932
      354000  0.170829
      355000  0.164952
      356000  0.192674
      357000  0.209242
      358000  0.169989
      359000  0.200715
      360000  0.194504
      361000  0.124244
      362000  0.198668
      363000  0.149307
      364000  0.162499
      365000  0.161123
      366000  0.137761
      367000  0.176377
      368000  0.141358
      369000  0.210739
      370000  0.140642
      371000  0.171216
      372000  0.138399
      373000  0.161181
      374000  0.126537
      375000  0.174903
      376000  0.216257
      377000  0.225097
      378000  0.152501
      379000  0.152061
      380000  0.125932
      381000  0.162925
      382000  0.141002
      383000  0.151111
      384000  0.227391
      385000  0.140792
      386000  0.149755
      387000  0.219759
      388000  0.173536
      389000  0.118948
      390000  0.171806
      391000  0.212109
      392000  0.207635
      393000  0.112809
      394000  0.168321
      395000  0.174906
      396000  0.144630
      397000  0.167686
      398000  0.167899
      399000  0.158154
      400000  0.152106
      401000  0.121040
      402000  0.139106
      403000  0.186670
      404000  0.158066
      405000  0.207255
      406000  0.159533
      407000  0.220649
      408000  0.146105
      409000  0.159625
      410000  0.171293
      411000  0.152869
      412000  0.155301
      413000  0.184122
      414000  0.175589
      415000  0.219979
      416000  0.167979
      417000  0.224832
      418000  0.179554
      419000  0.169077
      420000  0.116024
      421000  0.125745
      422000  0.157346
      423000  0.146893
      424000  0.149559
      425000  0.228082
      426000  0.149703
      427000  0.216523
      428000  0.116003
      429000  0.190725
      430000  0.152933
      431000  0.140106
      432000  0.116045
      433000  0.131495
      434000  0.231014
      435000  0.166088
      436000  0.162324
      437000  0.216354
      438000  0.139192
      439000  0.117716
      440000  0.201959
      441000  0.155657
      442000  0.171391
      443000  0.167550
      444000  0.154359
      445000  0.217786
      446000  0.228201
      447000  0.152498
      448000  0.160142
      449000  0.157342
      450000  0.206034
      451000  0.199015
      452000  0.153171
      453000  0.216083
      454000  0.140773
      455000  0.129161
      456000  0.170467
      457000  0.166468
      458000  0.267602
      459000  0.158016
      460000  0.139301
      461000  0.161360
      462000  0.192055
      463000  0.130113
      464000  0.284902
      465000  0.171529
      466000  0.182626
      467000  0.203234
      468000  0.161043
      469000  0.187591
      470000  0.125677
      471000  0.137873
      472000  0.143734
      473000  0.170582
      474000  0.160738
      475000  0.193453
      476000  0.216526
      477000  0.137162
      478000  0.138474
      479000  0.136121
      480000  0.136514
      481000  0.183742
      482000  0.175533
      483000  0.139225
      484000  0.120004
      485000  0.158770
      486000  0.103001
      487000  0.131852
      488000  0.158245
      489000  0.156110
      490000  0.133246
      491000  0.198436
      492000  0.142758
      493000  0.157433
      494000  0.147985
      495000  0.165065
      496000  0.188934
      497000  0.237826
      498000  0.196362
      499000  0.209287
      500000  0.186414
      501000  0.168458
      502000  0.125891
      503000  0.165195
      504000  0.207586
      505000  0.118821
      506000  0.123881
      507000  0.122427
      508000  0.183476
      509000  0.171344
      510000  0.169419
      511000  0.160712
      512000  0.194372
      513000  0.163273
      514000  0.175467
      515000  0.135050
      516000  0.174631
      517000  0.073245
      518000  0.188216
      519000  0.168520
      520000  0.161007
      521000  0.185956
      522000  0.181513
      523000  0.201594
      524000  0.146780
      525000  0.211028
      526000  0.141060
      527000  0.184343
      528000  0.109020
      529000  0.111646
      530000  0.166933
      531000  0.136328
      532000  0.136980
      533000  0.183279
      534000  0.158621
      535000  0.199896
      536000  0.188147
      537000  0.149451
      538000  0.171069
      539000  0.159106
      540000  0.184233
      541000  0.129809
      542000  0.209961
      543000  0.181648
      544000  0.190169
      545000  0.151014
      546000  0.161571
      547000  0.185190
      548000  0.151237
      549000  0.134750
      550000  0.181067
      551000  0.181559
      552000  0.154884
      553000  0.173600
      554000  0.181190
      555000  0.127032
      556000  0.161897
      557000  0.141492
      558000  0.166646
      559000  0.118891
      560000  0.157016
      561000  0.205519
      562000  0.146612
      563000  0.137161
      564000  0.161023
      565000  0.158796
      566000  0.100936
      567000  0.199794
      568000  0.130308
      569000  0.107544
      570000  0.132615
      571000  0.150927
      572000  0.137791
      573000  0.221481
      574000  0.160143
      575000  0.163319
      576000  0.231488
      577000  0.232466
      578000  0.193448
      579000  0.156480
      580000  0.187781
      581000  0.209073
      582000  0.203776
      583000  0.199417
      584000  0.174147
      585000  0.164371
      586000  0.153290
      587000  0.129684
      588000  0.213924
      589000  0.154469
      590000  0.245634
      591000  0.189530
      592000  0.116589
      593000  0.191690
      594000  0.156706
      595000  0.135101
      596000  0.153177
      597000  0.126355
      598000  0.130357
      599000  0.149228
      600000  0.208031
      601000  0.108975
      602000  0.194520
      603000  0.125054
      604000  0.121372
      605000  0.145592
      606000  0.140018
      607000  0.096884
      608000  0.137283
      609000  0.255000
      610000  0.158835
      611000  0.154336
      612000  0.166171
      613000  0.221771
      614000  0.204014
      615000  0.140921
      616000  0.181521
      617000  0.135515
      618000  0.162118
      619000  0.127929
      620000  0.128967
      621000  0.148195
      622000  0.214113
      623000  0.164217
      624000  0.098160
      625000  0.151154
      626000  0.144000
      627000  0.190135
      628000  0.208808
      629000  0.128112
      630000  0.130772
      631000  0.116079
      632000  0.142000
      633000  0.181891
      634000  0.199419
      635000  0.122847
      636000  0.202394
      637000  0.224535
      638000  0.169955
      639000  0.107794
      640000  0.140425
      641000  0.182955
      642000  0.168097
      643000  0.137459
      644000  0.178437
      645000  0.155432
      646000  0.241064
      647000  0.159755
      648000  0.153000
      649000  0.176001
      650000  0.160850
      651000  0.141557
      652000  0.206887
      653000  0.137092
      654000  0.215510
      655000  0.182116
      656000  0.189562
      657000  0.179644
      658000  0.119361
      659000  0.158999
      660000  0.174253
      661000  0.145430
      662000  0.187179
      663000  0.165228
      664000  0.175257
      665000  0.135970
      666000  0.201330
      667000  0.163627
      668000  0.127340
      669000  0.174038
      670000  0.126205
      671000  0.164772
      672000  0.171794
      673000  0.136714
      674000  0.127814
      675000  0.139933
      676000  0.183989
      677000  0.181219
      678000  0.210398
      679000  0.128684
      680000  0.151810
      681000  0.241106
      682000  0.213803
      683000  0.230237
      684000  0.203901
      685000  0.143219
      686000  0.167186
      687000  0.122514
      688000  0.168601
      689000  0.165821
      690000  0.164329
      691000  0.156028
      692000  0.162803
      693000  0.153198
      694000  0.157277
      695000  0.233888
      696000  0.174580
      697000  0.278310
      698000  0.152267
      699000  0.178065
      700000  0.155953
      701000  0.153991
      702000  0.203920
      703000  0.180143
      704000  0.161764
      705000  0.187391
      706000  0.135815
      707000  0.132678
      708000  0.135593
      709000  0.206610
      710000  0.165269
      711000  0.157658
      712000  0.147454
      713000  0.145103
      714000  0.118999
      715000  0.191746
      716000  0.169469
      717000  0.156491
      718000  0.131860
      719000  0.135795
      720000  0.114271
      721000  0.231190
      722000  0.111072
      723000  0.162336
      724000  0.157949
      725000  0.146910
      726000  0.140050
      727000  0.126612
      728000  0.103310
      729000  0.160624
      730000  0.139419
      731000  0.167571
      732000  0.165607
      733000  0.125795
      734000  0.154334
      735000  0.135433
      736000  0.218646
      737000  0.116501
      738000  0.165576
      739000  0.122509
      740000  0.163750
      741000  0.155586
      742000  0.144308
      743000  0.220063
      744000  0.164241
      745000  0.171606
      746000  0.165857
      747000  0.161006
      748000  0.157417
      749000  0.155512
      750000  0.192722
      751000  0.144252
      752000  0.145866
      753000  0.160570
      754000  0.211030
      755000  0.129862
      756000  0.130472
      757000  0.213317
      758000  0.212107
      759000  0.147771
      760000  0.176239
      761000  0.241421
      762000  0.186132
      763000  0.166529
      764000  0.159383
      765000  0.183820
      766000  0.102146
      767000  0.159345
      768000  0.189552
      769000  0.180811
      770000  0.168611
      771000  0.137945
      772000  0.098467
      773000  0.155398
      774000  0.149797
      775000  0.169804
      776000  0.126966
      777000  0.160723
      778000  0.109618
      779000  0.196009
      780000  0.165815
      781000  0.182816
      782000  0.134514
      783000  0.198742
      784000  0.213701
      785000  0.154336
      786000  0.177985
      787000  0.200762
      788000  0.145996
      789000  0.196135
      790000  0.195305
      791000  0.157674
      792000  0.162266
      793000  0.157344
      794000  0.185466
      795000  0.206001
      796000  0.188182
      797000  0.257159
      798000  0.184614
      799000  0.160765
      800000  0.175099
      801000  0.129769
      802000  0.153265
      803000  0.142263
      804000  0.156677
      805000  0.148399
      806000  0.181785
      807000  0.158568
      808000  0.131107
      809000  0.181778
      810000  0.184903
      811000  0.194726
      812000  0.168547
      813000  0.092379
      814000  0.200739
      815000  0.158666
      816000  0.149855
      817000  0.200101
      818000  0.199628
      819000  0.162398
      820000  0.192145
      821000  0.146516
      822000  0.173773
      823000  0.146019
      824000  0.182689
      825000  0.172595
      826000  0.226975
      827000  0.151672
      828000  0.147091
      829000  0.140791
      830000  0.154235
      831000  0.220387
      832000  0.143369
      833000  0.212745
      834000  0.183262
      835000  0.147544
      836000  0.216623
      837000  0.126287
      838000  0.143611
      839000  0.234746
      840000  0.213748
      841000  0.172720
      842000  0.205327
      843000  0.157970
      844000  0.203513
      845000  0.163140
      846000  0.196514
      847000  0.117322
      848000  0.173275
      849000  0.188883
      850000  0.151554
      851000  0.181668
      852000  0.127053
      853000  0.213830
      854000  0.127988
      855000  0.198784
      856000  0.173747
      857000  0.154785
      858000  0.129683
      859000  0.123106
      860000  0.227142
      861000  0.176175
      862000  0.155811
      863000  0.122996
      864000  0.241746
      865000  0.228136
      866000  0.123757
      867000  0.164291
      868000  0.156359
      869000  0.198525
      870000  0.131451
      871000  0.151284
      872000  0.231207
      873000  0.174845
      874000  0.219503
      875000  0.152957
      876000  0.181204
      877000  0.073303
      878000  0.158796
      879000  0.165529
      880000  0.150187
      881000  0.138369
      882000  0.147433
      883000  0.139193
      884000  0.183033
      885000  0.144205
      886000  0.159272
      887000  0.133580
      888000  0.154489
      889000  0.198121
      890000  0.198166
      891000  0.167913
      892000  0.132833
      893000  0.141207
      894000  0.156495
      895000  0.178230
      896000  0.198181
      897000  0.216008
      898000  0.156352
      899000  0.141011
      900000  0.194645
      901000  0.153910
      902000  0.134207
      903000  0.152594
      904000  0.206143
      905000  0.129337
      906000  0.132232
      907000  0.146640
      908000  0.183096
      909000  0.143657
      910000  0.174926
      911000  0.166306
      912000  0.168251
      913000  0.174232
      914000  0.164969
      915000  0.159921
      916000  0.164887
      917000  0.160434
      918000  0.167093
      919000  0.225914
      920000  0.147521
      921000  0.216025
      922000  0.153534
      923000  0.196985
      924000  0.151735
      925000  0.144603
      926000  0.153251
      927000  0.167035
      928000  0.129321
      929000  0.154442
      930000  0.145290
      931000  0.161771
      932000  0.155845
      933000  0.195278
      934000  0.191397
      935000  0.129719
      936000  0.118801
      937000  0.148279
      938000  0.150507
      939000  0.170084
      940000  0.186024
      941000  0.113408
      942000  0.187566
      943000  0.125271
      944000  0.160348
      945000  0.197112
      946000  0.212962
      947000  0.205789
      948000  0.183864
      949000  0.177301
      950000  0.181527
      951000  0.201565
      952000  0.130412
      953000  0.187197
      954000  0.121162
      955000  0.207970
      956000  0.123440
      957000  0.243539
      958000  0.147746
      959000  0.241499
      960000  0.137612
      961000  0.159456
      962000  0.158372
      963000  0.175497
      964000  0.172676
      965000  0.152710
      966000  0.112858
      967000  0.193359
      968000  0.149273
      969000  0.175348
      970000  0.176112
      971000  0.133199
      972000  0.105134
      973000  0.100605
      974000  0.111890
      975000  0.133127
      976000  0.136599
      977000  0.146864
      978000  0.114555
      979000  0.168758
      980000  0.173731
      981000  0.167766
      982000  0.137459
      983000  0.171214
      984000  0.118432
      985000  0.096531
      986000  0.124560
      987000  0.162570
      988000  0.190028
      989000  0.151370
      990000  0.143170
      991000  0.180083
      992000  0.235708
      993000  0.152240
      994000  0.175307
      995000  0.123961
      996000  0.188256
      997000  0.138355
      998000  0.157833
      999000  0.110099
     1000000  0.136436
     1001000  0.152064
     1002000  0.147092
     1003000  0.136123
     1004000  0.167536
     1005000  0.140544
     1006000  0.128337
     1007000  0.187855
     1008000  0.174801
     1009000  0.165020
     1010000  0.150470
     1011000  0.177161
     1012000  0.140687
     1013000  0.217518
     1014000  0.174878
     1015000  0.184635
     1016000  0.148493
     1017000  0.188862
     1018000  0.163893
     1019000  0.211222
     1020000  0.178009
     1021000  0.182439
     1022000  0.173687
     1023000  0.163644
     1024000  0.192580
     1025000  0.187832
     1026000  0.183219
     1027000  0.231512
     1028000  0.190071
     1029000  0.179466
     1030000  0.147776
     1031000  0.145000
     1032000  0.199226
     1033000  0.185368
     1034000  0.158541
     1035000  0.138769
     1036000  0.135600
     1037000  0.156851
     1038000  0.212572
     1039000  0.201356
     1040000  0.171066
     1041000  0.100230
     1042000  0.153919
     1043000  0.186732
     1044000  0.166269
     1045000  0.124080
     1046000  0.171968
     1047000  0.165765
     1048000  0.188287
     1049000  0.149497
     1050000  0.161525
     1051000  0.159288
     1052000  0.172866
     1053000  0.161148
     1054000  0.148673
     1055000  0.207001
     1056000  0.144844
     1057000  0.182867
     1058000  0.185718
     1059000  0.137532
     1060000  0.176557
     1061000  0.135065
     1062000  0.190836
     1063000  0.157789
     1064000  0.176709
     1065000  0.136674
     1066000  0.187760
     1067000  0.169195
     1068000  0.150400
     1069000  0.157663
     1070000  0.201974
     1071000  0.176265
     1072000  0.172656
     1073000  0.129420
     1074000  0.166224
     1075000  0.161332
     1076000  0.131797
     1077000  0.187517
     1078000  0.189297
     1079000  0.149207
     1080000  0.175174
     1081000  0.249190
     1082000  0.181099
     1083000  0.172446
     1084000  0.187681
     1085000  0.198751
     1086000  0.115970
     1087000  0.130689
     1088000  0.199183
     1089000  0.163980
     1090000  0.136053
     1091000  0.135511
     1092000  0.199246
     1093000  0.169214
     1094000  0.150398
     1095000  0.183977
     1096000  0.165809
     1097000  0.134875
     1098000  0.151104
     1099000  0.178087
     1100000  0.142351
     1101000  0.178772
     1102000  0.178879
     1103000  0.166492
     1104000  0.108210
     1105000  0.146590
     1106000  0.173629
     1107000  0.233185
     1108000  0.176396
     1109000  0.174634
     1110000  0.121339
     1111000  0.159298
     1112000  0.125329
     1113000  0.117282
     1114000  0.132715
     1115000  0.138546
     1116000  0.150879
     1117000  0.139650
     1118000  0.169204
     1119000  0.175736
     1120000  0.158554
     1121000  0.181302
     1122000  0.177970
     1123000  0.125011
     1124000  0.181625
     1125000  0.184947
     1126000  0.200022
     1127000  0.160410
     1128000  0.219037
     1129000  0.151061
     1130000  0.224563
     1131000  0.161526
     1132000  0.149080
     1133000  0.152980
     1134000  0.143659
     1135000  0.168720
     1136000  0.137551
     1137000  0.156126
     1138000  0.196647
     1139000  0.130512
     1140000  0.239169
     1141000  0.152357
     1142000  0.165399
     1143000  0.136032
     1144000  0.102860
     1145000  0.205775
     1146000  0.095743
     1147000  0.131842
     1148000  0.218866
     1149000  0.163813
     1150000  0.176560
     1151000  0.144212
     1152000  0.151993
     1153000  0.174263
     1154000  0.173572
     1155000  0.133740
     1156000  0.117876
     1157000  0.151266
     1158000  0.222996
     1159000  0.178277
     1160000  0.135404
     1161000  0.130747
     1162000  0.197251
     1163000  0.213118
     1164000  0.172382
     1165000  0.190297
     1166000  0.171215
     1167000  0.223960
     1168000  0.189419
     1169000  0.199283
     1170000  0.155454
     1171000  0.156445
     1172000  0.106322
     1173000  0.190025
     1174000  0.152053
     1175000  0.268649
     1176000  0.116956
     1177000  0.166311
     1178000  0.171643
     1179000  0.135821
     1180000  0.173592
     1181000  0.184216
     1182000  0.145883
     1183000  0.159680
     1184000  0.134414
     1185000  0.212509
     1186000  0.176540
     1187000  0.204501
     1188000  0.169616
     1189000  0.126989
     1190000  0.138607
     1191000  0.154025
     1192000  0.131944
     1193000  0.208319
     1194000  0.128531
     1195000  0.196181
     1196000  0.100149
     1197000  0.215692
     1198000  0.206430
     1199000  0.196102
     1200000  0.216221
     1201000  0.136884
     1202000  0.166480
     1203000  0.178224
     1204000  0.157078
     1205000  0.147605
     1206000  0.160767
     1207000  0.182151
     1208000  0.128891
     1209000  0.136817
     1210000  0.180658
     1211000  0.172960
     1212000  0.152695
     1213000  0.151332
     1214000  0.124694
     1215000  0.185237
     1216000  0.160217
     1217000  0.169901
     1218000  0.178470
     1219000  0.125785
     1220000  0.151654
     1221000  0.202815
     1222000  0.132984
     1223000  0.187551
     1224000  0.127569
     1225000  0.147276
     1226000  0.166049
     1227000  0.176877
     1228000  0.173005
     1229000  0.163028
     1230000  0.161631
     1231000  0.104744
     1232000  0.172321
     1233000  0.146412
     1234000  0.190772
     1235000  0.207819
     1236000  0.154070
     1237000  0.153021
     1238000  0.117500
     1239000  0.157567
     1240000  0.175517
     1241000  0.114195
     1242000  0.184287
     1243000  0.165085
     1244000  0.188443
     1245000  0.194450
     1246000  0.147628
     1247000  0.175250
     1248000  0.176392
     1249000  0.191653
     1250000  0.138588
     1251000  0.130656
     1252000  0.167550
     1253000  0.164016
     1254000  0.118279
     1255000  0.150672
     1256000  0.188421
     1257000  0.143257
     1258000  0.187207
     1259000  0.154843
     1260000  0.150361
     1261000  0.153631
     1262000  0.206874
     1263000  0.140266
     1264000  0.182318
     1265000  0.202706
     1266000  0.140147
     1267000  0.185197
     1268000  0.221284
     1269000  0.129854
     1270000  0.171368
     1271000  0.194218
     1272000  0.169904
     1273000  0.168822
     1274000  0.132335
     1275000  0.175821
     1276000  0.177861
     1277000  0.120001
     1278000  0.202570
     1279000  0.118396
     1280000  0.149221
     1281000  0.152009
     1282000  0.133358
     1283000  0.197049
     1284000  0.237906
     1285000  0.162968
     1286000  0.195769
     1287000  0.177089
     1288000  0.131118
     1289000  0.135174
     1290000  0.161907
     1291000  0.130334
     1292000  0.180470
     1293000  0.136811
     1294000  0.160827
     1295000  0.231308
     1296000  0.138237
     1297000  0.159752
     1298000  0.141763
     1299000  0.197232
     1300000  0.191849
     1301000  0.130519
     1302000  0.165139
     1303000  0.151136
     1304000  0.142524
     1305000  0.157396
     1306000  0.162179
     1307000  0.202176
     1308000  0.157881
     1309000  0.156685
     1310000  0.126779
     1311000  0.165776
     1312000  0.115545
     1313000  0.171977
     1314000  0.203422
     1315000  0.199053
     1316000  0.144742
     1317000  0.153002
     1318000  0.186939
     1319000  0.110208
     1320000  0.203249
     1321000  0.123938
     1322000  0.203831
     1323000  0.153753
     1324000  0.148006
     1325000  0.125270
     1326000  0.165758
     1327000  0.163346
     1328000  0.115026
     1329000  0.160344
     1330000  0.140339
     1331000  0.129904
     1332000  0.169855
     1333000  0.125652
     1334000  0.146397
     1335000  0.191863
     1336000  0.134172
     1337000  0.174812
     1338000  0.119193
     1339000  0.142112
     1340000  0.187183
     1341000  0.155158
     1342000  0.158497
     1343000  0.155350
     1344000  0.163998
     1345000  0.225833
     1346000  0.196959
     1347000  0.152570
     1348000  0.168678
     1349000  0.163489
     1350000  0.147625
     1351000  0.189148
     1352000  0.127185
     1353000  0.151848
     1354000  0.158504
     1355000  0.247153
     1356000  0.158309
     1357000  0.162643
     1358000  0.173528
     1359000  0.207424
     1360000  0.154239
     1361000  0.172666
     1362000  0.088293
     1363000  0.200103
     1364000  0.144048
     1365000  0.151835
     1366000  0.220858
     1367000  0.195704
     1368000  0.212167
     1369000  0.145597
     1370000  0.164965
     1371000  0.121055
     1372000  0.207618
     1373000  0.131568
     1374000  0.155806
     1375000  0.216151
     1376000  0.106077
     1377000  0.132790
     1378000  0.113223
     1379000  0.139855
     1380000  0.154721
     1381000  0.132854
     1382000  0.186461
     1383000  0.182090
     1384000  0.112268
     1385000  0.175021
     1386000  0.147366
     1387000  0.193213
     1388000  0.160061
     1389000  0.246390
     1390000  0.163916
     1391000  0.109394
     1392000  0.141396
     1393000  0.159078
     1394000  0.153305
     1395000  0.165995
     1396000  0.228107
     1397000  0.234403
     1398000  0.167050
     1399000  0.162531
     1400000  0.183375
     1401000  0.163539
     1402000  0.168359
     1403000  0.182138
     1404000  0.166898
     1405000  0.146430
     1406000  0.133219
     1407000  0.147806
     1408000  0.115758
     1409000  0.114964
     1410000  0.183279
     1411000  0.172798
     1412000  0.125525
     1413000  0.151133
     1414000  0.212444
     1415000  0.177274
     1416000  0.202823
     1417000  0.234901
     1418000  0.199151
     1419000  0.137965
     1420000  0.151330
     1421000  0.132130
     1422000  0.162913
     1423000  0.167319
     1424000  0.079149
     1425000  0.159851
     1426000  0.163840
     1427000  0.108836
     1428000  0.202705
     1429000  0.137623
     1430000  0.120603
     1431000  0.192019
     1432000  0.146903
     1433000  0.138645
     1434000  0.157162
     1435000  0.193962
     1436000  0.164857
     1437000  0.152618
     1438000  0.124187
     1439000  0.265660
     1440000  0.213294
     1441000  0.160726
     1442000  0.136415
     1443000  0.134684
     1444000  0.146768
     1445000  0.188928
     1446000  0.193737
     1447000  0.076766
     1448000  0.192742
     1449000  0.180932
     1450000  0.145113
     1451000  0.135376
     1452000  0.136336
     1453000  0.134512
     1454000  0.195672
     1455000  0.125900
     1456000  0.194667
     1457000  0.126221
     1458000  0.085090
     1459000  0.214305
     1460000  0.145366
     1461000  0.141052
     1462000  0.135508
     1463000  0.156385
     1464000  0.176116
     1465000  0.166056
     1466000  0.239935
     1467000  0.134295
     1468000  0.075278
     1469000  0.147734
     1470000  0.214216
     1471000  0.181324
     1472000  0.223660
     1473000  0.147457
     1474000  0.153373
     1475000  0.211082
     1476000  0.109892
     1477000  0.168342
     1478000  0.149773
     1479000  0.192571
     1480000  0.133032
     1481000  0.149273
     1482000  0.120482
     1483000  0.160504
     1484000  0.181590
     1485000  0.198266
     1486000  0.166558
     1487000  0.138662
     1488000  0.114176
     1489000  0.186383
     1490000  0.131607
     1491000  0.178246
     1492000  0.199960
     1493000  0.126998
     1494000  0.142187
     1495000  0.172612
     1496000  0.174561
     1497000  0.146180
     1498000  0.187887
     1499000  0.155202
     1500000  0.189988
     1501000  0.163808
     1502000  0.196786
     1503000  0.134166
     1504000  0.154816
     1505000  0.210303
     1506000  0.210866
     1507000  0.163921
     1508000  0.154318
     1509000  0.129887
     1510000  0.147763
     1511000  0.157318
     1512000  0.162735
     1513000  0.172579
     1514000  0.154871
     1515000  0.139489
     1516000  0.179248
     1517000  0.103026
     1518000  0.162177
     1519000  0.161575
     1520000  0.227309
     1521000  0.179180
     1522000  0.146589
     1523000  0.112832
     1524000  0.160235
     1525000  0.231005
     1526000  0.162930
     1527000  0.130549
     1528000  0.228400
     1529000  0.179820
     1530000  0.185761
     1531000  0.164044
     1532000  0.231317
     1533000  0.146812
     1534000  0.184734
     1535000  0.192005
     1536000  0.191438
     1537000  0.168747
     1538000  0.120891
     1539000  0.165363
     1540000  0.172362
     1541000  0.208595
     1542000  0.188549
     1543000  0.149623
     1544000  0.182919
     1545000  0.196387
     1546000  0.143917
     1547000  0.167576
     1548000  0.168499
     1549000  0.168359
     1550000  0.114379
     1551000  0.147762
     1552000  0.165751
     1553000  0.159002
     1554000  0.182552
     1555000  0.218808
     1556000  0.183990
     1557000  0.140178
     1558000  0.162988
     1559000  0.101725
     1560000  0.153930
     1561000  0.204276
     1562000  0.151192
     1563000  0.186111
     1564000  0.185129
     1565000  0.206549
     1566000  0.151314
     1567000  0.129383
     1568000  0.189724
     1569000  0.151581
     1570000  0.156605
     1571000  0.164096
     1572000  0.134185
     1573000  0.135148
     1574000  0.110697
     1575000  0.104533
     1576000  0.181040
     1577000  0.179705
     1578000  0.174569
     1579000  0.147355
     1580000  0.173553
     1581000  0.198510
     1582000  0.118546
     1583000  0.129710
     1584000  0.213973
     1585000  0.138054
     1586000  0.246843
     1587000  0.160587
     1588000  0.163643
     1589000  0.205149
     1590000  0.176993
     1591000  0.117953
     1592000  0.176291
     1593000  0.144208
     1594000  0.124959
     1595000  0.133835
     1596000  0.133293
     1597000  0.139055
     1598000  0.200477
     1599000  0.206155
     1600000  0.166911
     1601000  0.187162
     1602000  0.210887
     1603000  0.150612
     1604000  0.197948
     1605000  0.154109
     1606000  0.186013
     1607000  0.195759
     1608000  0.147038
     1609000  0.179062
     1610000  0.161359
     1611000  0.125685
     1612000  0.150515
     1613000  0.166903
     1614000  0.156516
     1615000  0.169758
     1616000  0.171621
     1617000  0.145760
     1618000  0.178582
     1619000  0.166639
     1620000  0.143524
     1621000  0.155065
     1622000  0.110539
     1623000  0.173100
     1624000  0.203660
     1625000  0.199771
     1626000  0.188033
     1627000  0.139168
     1628000  0.157559
     1629000  0.100654
     1630000  0.162700
     1631000  0.137274
     1632000  0.152817
     1633000  0.220308
     1634000  0.134248
     1635000  0.146825
     1636000  0.191094
     1637000  0.153856
     1638000  0.163307
     1639000  0.118037
     1640000  0.155468
     1641000  0.193038
     1642000  0.159678
     1643000  0.215883
     1644000  0.162686
     1645000  0.124623
     1646000  0.148792
     1647000  0.168596
     1648000  0.146148
     1649000  0.185537
     1650000  0.229931
     1651000  0.173284
     1652000  0.193324
     1653000  0.142777
     1654000  0.177272
     1655000  0.159265
     1656000  0.187690
     1657000  0.148517
     1658000  0.185602
     1659000  0.126124
     1660000  0.182284
     1661000  0.196587
     1662000  0.184607
     1663000  0.201673
     1664000  0.144027
     1665000  0.203579
     1666000  0.191547
     1667000  0.156244
     1668000  0.145278
     1669000  0.144200
     1670000  0.120095
     1671000  0.141747
     1672000  0.194763
     1673000  0.184633
     1674000  0.193889
     1675000  0.130419
     1676000  0.171985
     1677000  0.178976
     1678000  0.111025
     1679000  0.118174
     1680000  0.131861
     1681000  0.235486
     1682000  0.216024
     1683000  0.209721
     1684000  0.194079
     1685000  0.206777
     1686000  0.204639
     1687000  0.141745
     1688000  0.169004
     1689000  0.174854
     1690000  0.200437
     1691000  0.120413
     1692000  0.151501
     1693000  0.125422
     1694000  0.186005
     1695000  0.180008
     1696000  0.118770
     1697000  0.166859
     1698000  0.136540
     1699000  0.142088
     1700000  0.186594
     1701000  0.183643
     1702000  0.138726
     1703000  0.107297
     1704000  0.191340
     1705000  0.137005
     1706000  0.172033
     1707000  0.163101
     1708000  0.151429
     1709000  0.180188
     1710000  0.180398
     1711000  0.183630
     1712000  0.204251
     1713000  0.165229
     1714000  0.169729
     1715000  0.234069
     1716000  0.216826
     1717000  0.161232
     1718000  0.258430
     1719000  0.192166
     1720000  0.179684
     1721000  0.112752
     1722000  0.107077
     1723000  0.168144
     1724000  0.105539
     1725000  0.114841
     1726000  0.156582
     1727000  0.172092
     1728000  0.142671
     1729000  0.185988
     1730000  0.195882
     1731000  0.154741
     1732000  0.200997
     1733000  0.171258
     1734000  0.166271
     1735000  0.212625
     1736000  0.228437
     1737000  0.248414
     1738000  0.120105
     1739000  0.184123
     1740000  0.208675
     1741000  0.145025
     1742000  0.134530
     1743000  0.147394
     1744000  0.204661
     1745000  0.195348
     1746000  0.196710
     1747000  0.167138
     1748000  0.189900
     1749000  0.146228
     1750000  0.162357
     1751000  0.181449
     1752000  0.145458
     1753000  0.192636
     1754000  0.142801
     1755000  0.175733
     1756000  0.163114
     1757000  0.170970
     1758000  0.118814
     1759000  0.116807
     1760000  0.180688
     1761000  0.165570
     1762000  0.185985
     1763000  0.182806
     1764000  0.183567
     1765000  0.145530
     1766000  0.188748
     1767000  0.152393
     1768000  0.178932
     1769000  0.182334
     1770000  0.193519
     1771000  0.172480
     1772000  0.152690
     1773000  0.209467
     1774000  0.144017
     1775000  0.218394
     1776000  0.109384
     1777000  0.125494
     1778000  0.136252
     1779000  0.139025
     1780000  0.160935
     1781000  0.117042
     1782000  0.143728
     1783000  0.146667
     1784000  0.125757
     1785000  0.175269
     1786000  0.120561
     1787000  0.162401
     1788000  0.162092
     1789000  0.198166
     1790000  0.123469
     1791000  0.138435
     1792000  0.139026
     1793000  0.174594
     1794000  0.134670
     1795000  0.194682
     1796000  0.198195
     1797000  0.149903
     1798000  0.116358
     1799000  0.183714
     1800000  0.185598
     1801000  0.173162
     1802000  0.175289
     1803000  0.208999
     1804000  0.110995
     1805000  0.192024
     1806000  0.128350
     1807000  0.141836
     1808000  0.150825
     1809000  0.198297
     1810000  0.189015
     1811000  0.153170
     1812000  0.228875
     1813000  0.153931
     1814000  0.185111
     1815000  0.192546
     1816000  0.208452
     1817000  0.170549
     1818000  0.235406
     1819000  0.178090
     1820000  0.112297
     1821000  0.129482
     1822000  0.244341
     1823000  0.174795
     1824000  0.139594
     1825000  0.083391
     1826000  0.144713
     1827000  0.144051
     1828000  0.157186
     1829000  0.126714
     1830000  0.123056
     1831000  0.169248
     1832000  0.166557
     1833000  0.161111
     1834000  0.161661
     1835000  0.158444
     1836000  0.184458
     1837000  0.133024
     1838000  0.184119
     1839000  0.145345
     1840000  0.125989
     1841000  0.227149
     1842000  0.152612
     1843000  0.144688
     1844000  0.170807
     1845000  0.135683
     1846000  0.152094
     1847000  0.135755
     1848000  0.182372
     1849000  0.130085
     1850000  0.183660
     1851000  0.146163
     1852000  0.138070
     1853000  0.173057
     1854000  0.158347
     1855000  0.216287
     1856000  0.099319
     1857000  0.153093
     1858000  0.126971
     1859000  0.208317
     1860000  0.245677
     1861000  0.129999
     1862000  0.173721
     1863000  0.125669
     1864000  0.162855
     1865000  0.138588
     1866000  0.194017
     1867000  0.240367
     1868000  0.196703
     1869000  0.147958
     1870000  0.141927
     1871000  0.167385
     1872000  0.178169
     1873000  0.196792
     1874000  0.176988
     1875000  0.158816
     1876000  0.190727
     1877000  0.186848
     1878000  0.136377
     1879000  0.154643
     1880000  0.187641
     1881000  0.161629
     1882000  0.155421
     1883000  0.130295
     1884000  0.155537
     1885000  0.215768
     1886000  0.234515
     1887000  0.175482
     1888000  0.164283
     1889000  0.216652
     1890000  0.157448
     1891000  0.126869
     1892000  0.130218
     1893000  0.118649
     1894000  0.118826
     1895000  0.141768
     1896000  0.145748
     1897000  0.117492
     1898000  0.135978
     1899000  0.146926
     1900000  0.203552
     1901000  0.149588
     1902000  0.175048
     1903000  0.184295
     1904000  0.156764
     1905000  0.152796
     1906000  0.176573
     1907000  0.165823
     1908000  0.137198
     1909000  0.177208
     1910000  0.150751
     1911000  0.101497
     1912000  0.176562
     1913000  0.179616
     1914000  0.190080
     1915000  0.157709
     1916000  0.159669
     1917000  0.140038
     1918000  0.204119
     1919000  0.160607
     1920000  0.172546
     1921000  0.146525
     1922000  0.130663
     1923000  0.137844
     1924000  0.203924
     1925000  0.167861
     1926000  0.243060
     1927000  0.184391
     1928000  0.217439
     1929000  0.215464
     1930000  0.167537
     1931000  0.149337
     1932000  0.204200
     1933000  0.125114
     1934000  0.203753
     1935000  0.123562
     1936000  0.201867
     1937000  0.201790
     1938000  0.167339
     1939000  0.194172
     1940000  0.167603
     1941000  0.206661
     1942000  0.219287
     1943000  0.132122
     1944000  0.170203
     1945000  0.144960
     1946000  0.215881
     1947000  0.134059
     1948000  0.228899
     1949000  0.126010
     1950000  0.158245
     1951000  0.186601
     1952000  0.194173
     1953000  0.118244
     1954000  0.167993
     1955000  0.111074
     1956000  0.114466
     1957000  0.178939
     1958000  0.178348
     1959000  0.159936
     1960000  0.111957
     1961000  0.147502
     1962000  0.221445
     1963000  0.157379
     1964000  0.152419
     1965000  0.114697
     1966000  0.108192
     1967000  0.151219
     1968000  0.139663
     1969000  0.126803
     1970000  0.177457
     1971000  0.137897
     1972000  0.157057
     1973000  0.218022
     1974000  0.186490
     1975000  0.178600
     1976000  0.169394
     1977000  0.196282
     1978000  0.145779
     1979000  0.116150
     1980000  0.219458
     1981000  0.167186
     1982000  0.167015
     1983000  0.142311
     1984000  0.218729
     1985000  0.120295
     1986000  0.152132
     1987000  0.169951
     1988000  0.148642
     1989000  0.126237
     1990000  0.125371
     1991000  0.197018
     1992000  0.129801
     1993000  0.153154
     1994000  0.183794
     1995000  0.228757
     1996000  0.175565
     1997000  0.174037
     1998000  0.237892
     1999000  0.166424
     2000000  0.127450
