    genPlus1     spaQ
        1000  0.637935
        2000  0.647933
        3000  0.645381
        4000  0.635190
        5000  0.637736
        6000  0.654571
        7000  0.644490
        8000  0.641144
        9000  0.652551
       10000  0.643609
       11000  0.634344
       12000  0.644080
       13000  0.644124
       14000  0.645191
       15000  0.640696
       16000  0.651874
       17000  0.641551
       18000  0.635149
       19000  0.653499
       20000  0.637301
       21000  0.638884
       22000  0.640778
       23000  0.644199
       24000  0.642713
       25000  0.642038
       26000  0.638613
       27000  0.636432
       28000  0.649066
       29000  0.659559
       30000  0.646675
       31000  0.649784
       32000  0.632524
       33000  0.645626
       34000  0.642636
       35000  0.638204
       36000  0.641442
       37000  0.637443
       38000  0.652213
       39000  0.651151
       40000  0.636043
       41000  0.656664
       42000  0.652711
       43000  0.645795
       44000  0.654328
       45000  0.637835
       46000  0.656730
       47000  0.642520
       48000  0.644446
       49000  0.632476
       50000  0.650706
       51000  0.647583
       52000  0.656361
       53000  0.646419
       54000  0.652545
       55000  0.645614
       56000  0.638385
       57000  0.640023
       58000  0.631836
       59000  0.642652
       60000  0.634971
       61000  0.659610
       62000  0.646927
       63000  0.654078
       64000  0.645244
       65000  0.639371
       66000  0.654960
       67000  0.644318
       68000  0.654462
       69000  0.650744
       70000  0.648297
       71000  0.642300
       72000  0.647318
       73000  0.654519
       74000  0.654928
       75000  0.642741
       76000  0.644777
       77000  0.641615
       78000  0.664078
       79000  0.640092
       80000  0.644636
       81000  0.644586
       82000  0.634381
       83000  0.652671
       84000  0.649407
       85000  0.644363
       86000  0.643197
       87000  0.646499
       88000  0.630995
       89000  0.662313
       90000  0.646277
       91000  0.648137
       92000  0.647666
       93000  0.645736
       94000  0.644440
       95000  0.654766
       96000  0.637351
       97000  0.647766
       98000  0.648774
       99000  0.635505
      100000  0.645755
      101000  0.641319
      102000  0.659552
      103000  0.654518
      104000  0.637857
      105000  0.632200
      106000  0.646117
      107000  0.636718
      108000  0.653887
      109000  0.648540
      110000  0.655014
      111000  0.625625
      112000  0.663327
      113000  0.653880
      114000  0.644422
      115000  0.638852
      116000  0.657057
      117000  0.647783
      118000  0.640263
      119000  0.635005
      120000  0.645634
      121000  0.646750
      122000  0.650414
      123000  0.650750
      124000  0.647523
      125000  0.642899
      126000  0.636741
      127000  0.652353
      128000  0.639317
      129000  0.647524
      130000  0.654358
      131000  0.651149
      132000  0.640520
      133000  0.645528
      134000  0.650509
      135000  0.635692
      136000  0.640433
      137000  0.647119
      138000  0.645795
      139000  0.647551
      140000  0.644540
      141000  0.632308
      142000  0.634025
      143000  0.651132
      144000  0.637785
      145000  0.658514
      146000  0.646244
      147000  0.663175
      148000  0.660674
      149000  0.640847
      150000  0.650500
      151000  0.648469
      152000  0.641104
      153000  0.633982
      154000  0.641814
      155000  0.647527
      156000  0.642906
      157000  0.641579
      158000  0.637759
      159000  0.648761
      160000  0.644699
      161000  0.642185
      162000  0.648620
      163000  0.646335
      164000  0.643404
      165000  0.644650
      166000  0.649960
      167000  0.657626
      168000  0.648546
      169000  0.644367
      170000  0.644657
      171000  0.649904
      172000  0.634417
      173000  0.647046
      174000  0.623370
      175000  0.641404
      176000  0.644507
      177000  0.636668
      178000  0.651924
      179000  0.649787
      180000  0.632471
      181000  0.658531
      182000  0.651857
      183000  0.654535
      184000  0.651867
      185000  0.656472
      186000  0.645366
      187000  0.641029
      188000  0.649095
      189000  0.644161
      190000  0.645162
      191000  0.645033
      192000  0.648145
      193000  0.637728
      194000  0.649348
      195000  0.660208
      196000  0.643330
      197000  0.643868
      198000  0.657003
      199000  0.644067
      200000  0.641370
      201000  0.651409
      202000  0.648885
      203000  0.643531
      204000  0.646231
      205000  0.638854
      206000  0.644203
      207000  0.631353
      208000  0.643483
      209000  0.648517
      210000  0.646508
      211000  0.643208
      212000  0.634113
      213000  0.643759
      214000  0.655109
      215000  0.643466
      216000  0.635798
      217000  0.646171
      218000  0.644926
      219000  0.639144
      220000  0.638170
      221000  0.653032
      222000  0.648016
      223000  0.632383
      224000  0.638382
      225000  0.648537
      226000  0.654328
      227000  0.623246
      228000  0.648308
      229000  0.657233
      230000  0.633224
      231000  0.639013
      232000  0.639369
      233000  0.633854
      234000  0.646828
      235000  0.648885
      236000  0.645292
      237000  0.652316
      238000  0.638806
      239000  0.650891
      240000  0.633971
      241000  0.652847
      242000  0.643014
      243000  0.633445
      244000  0.634222
      245000  0.636075
      246000  0.642686
      247000  0.648161
      248000  0.640467
      249000  0.630823
      250000  0.645432
      251000  0.629455
      252000  0.644472
      253000  0.647181
      254000  0.648144
      255000  0.643072
      256000  0.652563
      257000  0.641945
      258000  0.641654
      259000  0.646288
      260000  0.649641
      261000  0.649319
      262000  0.644871
      263000  0.650745
      264000  0.657875
      265000  0.650475
      266000  0.641186
      267000  0.630493
      268000  0.645646
      269000  0.641888
      270000  0.648800
      271000  0.646799
      272000  0.642049
      273000  0.651984
      274000  0.656508
      275000  0.645384
      276000  0.638528
      277000  0.643250
      278000  0.636495
      279000  0.646845
      280000  0.642267
      281000  0.652821
      282000  0.635492
      283000  0.638202
      284000  0.631240
      285000  0.633098
      286000  0.640146
      287000  0.647508
      288000  0.645748
      289000  0.637339
      290000  0.652963
      291000  0.648066
      292000  0.652190
      293000  0.662674
      294000  0.648617
      295000  0.634020
      296000  0.658758
      297000  0.638358
      298000  0.637961
      299000  0.635498
      300000  0.635069
      301000  0.645744
      302000  0.627257
      303000  0.637978
      304000  0.657192
      305000  0.638053
      306000  0.648334
      307000  0.642490
      308000  0.643068
      309000  0.649521
      310000  0.654495
      311000  0.630008
      312000  0.637530
      313000  0.640333
      314000  0.647309
      315000  0.646325
      316000  0.645800
      317000  0.647876
      318000  0.641574
      319000  0.632839
      320000  0.647908
      321000  0.635891
      322000  0.644797
      323000  0.651101
      324000  0.635331
      325000  0.640193
      326000  0.645732
      327000  0.659246
      328000  0.652126
      329000  0.653619
      330000  0.646359
      331000  0.649011
      332000  0.650859
      333000  0.640315
      334000  0.640428
      335000  0.649995
      336000  0.659020
      337000  0.643343
      338000  0.663911
      339000  0.644016
      340000  0.643815
      341000  0.646832
      342000  0.648835
      343000  0.647208
      344000  0.643318
      345000  0.637171
      346000  0.647501
      347000  0.652430
      348000  0.644236
      349000  0.649215
      350000  0.653674
      351000  0.642528
      352000  0.637730
      353000  0.636207
      354000  0.637842
      355000  0.643968
      356000  0.649555
      357000  0.640706
      358000  0.656015
      359000  0.649713
      360000  0.642941
      361000  0.639068
      362000  0.650736
      363000  0.638237
      364000  0.649085
      365000  0.642318
      366000  0.646690
      367000  0.626574
      368000  0.648359
      369000  0.640645
      370000  0.640798
      371000  0.640546
      372000  0.655450
      373000  0.645273
      374000  0.658971
      375000  0.645713
      376000  0.633190
      377000  0.645447
      378000  0.636130
      379000  0.651870
      380000  0.649178
      381000  0.639509
      382000  0.648801
      383000  0.648265
      384000  0.646761
      385000  0.633613
      386000  0.644398
      387000  0.644467
      388000  0.640104
      389000  0.656581
      390000  0.646024
      391000  0.639012
      392000  0.665954
      393000  0.633437
      394000  0.641677
      395000  0.647464
      396000  0.638646
      397000  0.648139
      398000  0.646240
      399000  0.648373
      400000  0.638202
      401000  0.639744
      402000  0.637815
      403000  0.641942
      404000  0.638659
      405000  0.638776
      406000  0.651543
      407000  0.653595
      408000  0.636449
      409000  0.651241
      410000  0.638886
      411000  0.639186
      412000  0.653094
      413000  0.646407
      414000  0.653953
      415000  0.638168
      416000  0.658602
      417000  0.630379
      418000  0.638139
      419000  0.634690
      420000  0.649386
      421000  0.645512
      422000  0.651203
      423000  0.640054
      424000  0.649587
      425000  0.653070
      426000  0.646391
      427000  0.637563
      428000  0.640210
      429000  0.645799
      430000  0.645717
      431000  0.660362
      432000  0.653242
      433000  0.646924
      434000  0.649485
      435000  0.650264
      436000  0.664534
      437000  0.652392
      438000  0.656602
      439000  0.644924
      440000  0.644929
      441000  0.643802
      442000  0.641023
      443000  0.641146
      444000  0.644037
      445000  0.641287
      446000  0.644291
      447000  0.642415
      448000  0.636419
      449000  0.652770
      450000  0.646526
      451000  0.646759
      452000  0.647590
      453000  0.638052
      454000  0.638060
      455000  0.648755
      456000  0.651888
      457000  0.643614
      458000  0.627339
      459000  0.642732
      460000  0.640533
      461000  0.641184
      462000  0.639893
      463000  0.646057
      464000  0.637838
      465000  0.641990
      466000  0.642351
      467000  0.655235
      468000  0.649528
      469000  0.647230
      470000  0.640670
      471000  0.630192
      472000  0.644394
      473000  0.645961
      474000  0.639640
      475000  0.642155
      476000  0.644785
      477000  0.641158
      478000  0.639619
      479000  0.660062
      480000  0.635393
      481000  0.631264
      482000  0.651249
      483000  0.643228
      484000  0.647388
      485000  0.635819
      486000  0.646926
      487000  0.644065
      488000  0.651725
      489000  0.649346
      490000  0.664043
      491000  0.649379
      492000  0.653764
      493000  0.665561
      494000  0.658552
      495000  0.652626
      496000  0.644503
      497000  0.645060
      498000  0.644313
      499000  0.637046
      500000  0.639759
      501000  0.651952
      502000  0.634660
      503000  0.644147
      504000  0.638715
      505000  0.646771
      506000  0.641385
      507000  0.640197
      508000  0.652290
      509000  0.636543
      510000  0.638075
      511000  0.633063
      512000  0.654691
      513000  0.635029
      514000  0.652668
      515000  0.649842
      516000  0.661473
      517000  0.634438
      518000  0.652307
      519000  0.644985
      520000  0.643116
      521000  0.648508
      522000  0.642178
      523000  0.646710
      524000  0.639625
      525000  0.657541
      526000  0.644068
      527000  0.657923
      528000  0.645842
      529000  0.639779
      530000  0.659992
      531000  0.640674
      532000  0.633429
      533000  0.645735
      534000  0.649169
      535000  0.638217
      536000  0.644344
      537000  0.649063
      538000  0.647816
      539000  0.648190
      540000  0.657977
      541000  0.662482
      542000  0.647961
      543000  0.644071
      544000  0.642911
      545000  0.637503
      546000  0.641705
      547000  0.658503
      548000  0.672019
      549000  0.646735
      550000  0.646701
      551000  0.652643
      552000  0.648067
      553000  0.646809
      554000  0.652415
      555000  0.646640
      556000  0.651200
      557000  0.628827
      558000  0.638987
      559000  0.643036
      560000  0.639760
      561000  0.643354
      562000  0.643080
      563000  0.637607
      564000  0.635654
      565000  0.642252
      566000  0.637761
      567000  0.646905
      568000  0.645287
      569000  0.651951
      570000  0.647799
      571000  0.651796
      572000  0.647753
      573000  0.654949
      574000  0.654908
      575000  0.645085
      576000  0.648165
      577000  0.632087
      578000  0.642930
      579000  0.654525
      580000  0.662441
      581000  0.644656
      582000  0.649274
      583000  0.638959
      584000  0.651108
      585000  0.648245
      586000  0.650019
      587000  0.650019
      588000  0.658081
      589000  0.640606
      590000  0.645486
      591000  0.638777
      592000  0.633957
      593000  0.650199
      594000  0.647838
      595000  0.652857
      596000  0.644873
      597000  0.645317
      598000  0.653412
      599000  0.630387
      600000  0.638555
      601000  0.644465
      602000  0.654268
      603000  0.641703
      604000  0.656504
      605000  0.642617
      606000  0.650653
      607000  0.643550
      608000  0.632432
      609000  0.633300
      610000  0.640919
      611000  0.640235
      612000  0.652368
      613000  0.657545
      614000  0.652489
      615000  0.646172
      616000  0.650947
      617000  0.645091
      618000  0.658383
      619000  0.637402
      620000  0.640871
      621000  0.655202
      622000  0.662601
      623000  0.639684
      624000  0.655265
      625000  0.644242
      626000  0.640351
      627000  0.644073
      628000  0.644304
      629000  0.647157
      630000  0.638025
      631000  0.641089
      632000  0.646224
      633000  0.637419
      634000  0.646731
      635000  0.646744
      636000  0.650525
      637000  0.642401
      638000  0.649744
      639000  0.644673
      640000  0.640562
      641000  0.636147
      642000  0.651290
      643000  0.650285
      644000  0.651785
      645000  0.637142
      646000  0.642882
      647000  0.661644
      648000  0.658610
      649000  0.636732
      650000  0.658762
      651000  0.635651
      652000  0.658620
      653000  0.645649
      654000  0.642526
      655000  0.646756
      656000  0.642171
      657000  0.642802
      658000  0.653402
      659000  0.654586
      660000  0.644613
      661000  0.643018
      662000  0.657502
      663000  0.653252
      664000  0.648694
      665000  0.645156
      666000  0.635205
      667000  0.649756
      668000  0.653058
      669000  0.644888
      670000  0.637191
      671000  0.644183
      672000  0.654696
      673000  0.635627
      674000  0.635558
      675000  0.648092
      676000  0.631231
      677000  0.646451
      678000  0.648360
      679000  0.639887
      680000  0.645365
      681000  0.638474
      682000  0.644897
      683000  0.627775
      684000  0.636414
      685000  0.655250
      686000  0.639008
      687000  0.637996
      688000  0.649948
      689000  0.629859
      690000  0.633342
      691000  0.641751
      692000  0.653909
      693000  0.648748
      694000  0.655062
      695000  0.642659
      696000  0.635545
      697000  0.653035
      698000  0.658028
      699000  0.647613
      700000  0.640638
      701000  0.633293
      702000  0.639258
      703000  0.636610
      704000  0.636362
      705000  0.643317
      706000  0.642575
      707000  0.647746
      708000  0.636446
      709000  0.642586
      710000  0.638408
      711000  0.648907
      712000  0.652382
      713000  0.653836
      714000  0.640323
      715000  0.642640
      716000  0.623965
      717000  0.627992
      718000  0.653396
      719000  0.645579
      720000  0.639084
      721000  0.629768
      722000  0.647672
      723000  0.625909
      724000  0.652733
      725000  0.638961
      726000  0.641442
      727000  0.658554
      728000  0.649647
      729000  0.646707
      730000  0.649920
      731000  0.648257
      732000  0.647948
      733000  0.639621
      734000  0.626746
      735000  0.653314
      736000  0.656063
      737000  0.653575
      738000  0.656510
      739000  0.640246
      740000  0.656829
      741000  0.625556
      742000  0.637798
      743000  0.639971
      744000  0.645557
      745000  0.639099
      746000  0.638688
      747000  0.642316
      748000  0.656260
      749000  0.654290
      750000  0.654046
      751000  0.649846
      752000  0.640104
      753000  0.631455
      754000  0.641815
      755000  0.643671
      756000  0.655162
      757000  0.630675
      758000  0.641971
      759000  0.646080
      760000  0.651007
      761000  0.634273
      762000  0.645805
      763000  0.647145
      764000  0.651147
      765000  0.640559
      766000  0.636967
      767000  0.638936
      768000  0.651820
      769000  0.646332
      770000  0.647109
      771000  0.637597
      772000  0.645983
      773000  0.635574
      774000  0.637842
      775000  0.647070
      776000  0.658291
      777000  0.645801
      778000  0.632954
      779000  0.645082
      780000  0.644044
      781000  0.644157
      782000  0.643742
      783000  0.648994
      784000  0.642974
      785000  0.654451
      786000  0.658332
      787000  0.647956
      788000  0.653877
      789000  0.656235
      790000  0.635994
      791000  0.636144
      792000  0.642562
      793000  0.647305
      794000  0.641470
      795000  0.641790
      796000  0.640101
      797000  0.637553
      798000  0.642481
      799000  0.648942
      800000  0.642423
      801000  0.646209
      802000  0.650644
      803000  0.647317
      804000  0.635850
      805000  0.641527
      806000  0.655960
      807000  0.649897
      808000  0.644101
      809000  0.638922
      810000  0.637483
      811000  0.641139
      812000  0.658596
      813000  0.649486
      814000  0.649384
      815000  0.651691
      816000  0.651255
      817000  0.644519
      818000  0.643867
      819000  0.659248
      820000  0.652431
      821000  0.651430
      822000  0.637205
      823000  0.648474
      824000  0.648648
      825000  0.647719
      826000  0.650851
      827000  0.644299
      828000  0.642753
      829000  0.648557
      830000  0.655969
      831000  0.640834
      832000  0.642207
      833000  0.649306
      834000  0.645732
      835000  0.650991
      836000  0.657783
      837000  0.644640
      838000  0.645620
      839000  0.666954
      840000  0.643555
      841000  0.643111
      842000  0.639521
      843000  0.643411
      844000  0.663321
      845000  0.652398
      846000  0.656633
      847000  0.655487
      848000  0.643762
      849000  0.644647
      850000  0.644916
      851000  0.642904
      852000  0.648800
      853000  0.652109
      854000  0.643343
      855000  0.638489
      856000  0.634865
      857000  0.642392
      858000  0.629197
      859000  0.638510
      860000  0.635291
      861000  0.644606
      862000  0.653917
      863000  0.650117
      864000  0.653743
      865000  0.641464
      866000  0.639144
      867000  0.637421
      868000  0.636143
      869000  0.634733
      870000  0.638178
      871000  0.652966
      872000  0.637311
      873000  0.642972
      874000  0.660926
      875000  0.633895
      876000  0.636688
      877000  0.653697
      878000  0.647742
      879000  0.643774
      880000  0.661917
      881000  0.645529
      882000  0.636155
      883000  0.657112
      884000  0.640429
      885000  0.644814
      886000  0.659239
      887000  0.644274
      888000  0.645987
      889000  0.644055
      890000  0.637280
      891000  0.635126
      892000  0.640590
      893000  0.640987
      894000  0.648365
      895000  0.639246
      896000  0.664408
      897000  0.657977
      898000  0.650335
      899000  0.644909
      900000  0.646779
      901000  0.645455
      902000  0.653801
      903000  0.635601
      904000  0.648742
      905000  0.648764
      906000  0.648471
      907000  0.646330
      908000  0.638015
      909000  0.643213
      910000  0.650928
      911000  0.649711
      912000  0.639190
      913000  0.658373
      914000  0.631278
      915000  0.650549
      916000  0.640875
      917000  0.634532
      918000  0.635761
      919000  0.652879
      920000  0.640570
      921000  0.643573
      922000  0.641007
      923000  0.646572
      924000  0.641277
      925000  0.647147
      926000  0.657398
      927000  0.652086
      928000  0.647852
      929000  0.652178
      930000  0.649697
      931000  0.655098
      932000  0.654987
      933000  0.660759
      934000  0.641433
      935000  0.648361
      936000  0.633313
      937000  0.653448
      938000  0.637401
      939000  0.649334
      940000  0.650440
      941000  0.638272
      942000  0.642090
      943000  0.639611
      944000  0.642344
      945000  0.648647
      946000  0.634307
      947000  0.647219
      948000  0.648132
      949000  0.655641
      950000  0.647965
      951000  0.643210
      952000  0.640463
      953000  0.654453
      954000  0.642202
      955000  0.644086
      956000  0.638303
      957000  0.635742
      958000  0.628818
      959000  0.643323
      960000  0.647107
      961000  0.648042
      962000  0.648111
      963000  0.657407
      964000  0.658840
      965000  0.645633
      966000  0.643223
      967000  0.645959
      968000  0.650247
      969000  0.658669
      970000  0.653064
      971000  0.650877
      972000  0.633241
      973000  0.647864
      974000  0.638087
      975000  0.643584
      976000  0.647594
      977000  0.644348
      978000  0.652171
      979000  0.651418
      980000  0.644339
      981000  0.655643
      982000  0.633591
      983000  0.648664
      984000  0.645693
      985000  0.666283
      986000  0.643469
      987000  0.642813
      988000  0.639667
      989000  0.638343
      990000  0.640315
      991000  0.653045
      992000  0.624806
      993000  0.644500
      994000  0.644847
      995000  0.639747
      996000  0.660093
      997000  0.647452
      998000  0.641628
      999000  0.657877
     1000000  0.632374
