       1000 -26832.855391
       2000 -26832.840170
       3000 -26832.869873
       4000 -26833.226461
       5000 -26835.105306
       6000 -26833.209871
       7000 -26833.009612
       8000 -26836.894806
       9000 -26833.943187
      10000 -26833.062027
      11000 -26832.914633
      12000 -26836.516007
      13000 -26832.870794
      14000 -26833.400596
      15000 -26833.316575
      16000 -26833.031902
      17000 -26833.224902
      18000 -26835.129823
      19000 -26833.268004
      20000 -26835.254905
      21000 -26832.840179
      22000 -26832.867799
      23000 -26832.980803
      24000 -26832.959784
      25000 -26833.240758
      26000 -26833.352227
      27000 -26833.185014
      28000 -26832.964205
      29000 -26833.013146
      30000 -26833.116446
      31000 -26832.841793
      32000 -26834.360190
      33000 -26833.466540
      34000 -26832.869662
      35000 -26833.494198
      36000 -26832.911450
      37000 -26832.855801
      38000 -26835.506491
      39000 -26833.918457
      40000 -26834.243274
      41000 -26835.050237
      42000 -26833.850591
      43000 -26833.220024
      44000 -26835.299281
      45000 -26834.988758
      46000 -26832.842979
      47000 -26833.306477
      48000 -26832.955074
      49000 -26833.001472
      50000 -26833.051833
      51000 -26832.947743
      52000 -26835.724985
      53000 -26832.874137
      54000 -26835.279923
      55000 -26833.129063
      56000 -26833.261875
      57000 -26834.167856
      58000 -26835.973476
      59000 -26835.812075
      60000 -26832.899254
      61000 -26832.843141
      62000 -26833.409273
      63000 -26833.083903
      64000 -26832.945247
      65000 -26833.765797
      66000 -26834.024137
      67000 -26833.142476
      68000 -26833.508514
      69000 -26833.440057
      70000 -26833.104688
      71000 -26832.860273
      72000 -26832.977307
      73000 -26833.287712
      74000 -26832.849013
      75000 -26832.842817
      76000 -26834.270163
      77000 -26833.512148
      78000 -26832.977758
      79000 -26834.557490
      80000 -26833.013235
      81000 -26832.855584
      82000 -26832.908740
      83000 -26833.172246
      84000 -26833.112911
      85000 -26833.036522
      86000 -26833.103887
      87000 -26833.062042
      88000 -26834.639728
      89000 -26836.869215
      90000 -26832.846104
      91000 -26832.846755
      92000 -26833.180619
      93000 -26833.627140
      94000 -26833.281068
      95000 -26833.802054
      96000 -26833.074477
      97000 -26834.181563
      98000 -26833.303598
      99000 -26833.498022
     100000 -26834.993279
     101000 -26832.844148
     102000 -26833.074379
     103000 -26834.038247
     104000 -26833.884384
     105000 -26832.917121
     106000 -26832.937372
     107000 -26832.987534
     108000 -26833.694978
     109000 -26832.864197
     110000 -26833.536780
     111000 -26833.512286
     112000 -26834.009910
     113000 -26833.293868
     114000 -26834.081056
     115000 -26832.850208
     116000 -26832.918212
     117000 -26833.057606
     118000 -26832.878558
     119000 -26833.202383
     120000 -26835.896394
     121000 -26833.280350
     122000 -26833.234646
     123000 -26833.891119
     124000 -26834.802520
     125000 -26833.192454
     126000 -26832.869475
     127000 -26832.961659
     128000 -26832.887140
     129000 -26833.488385
     130000 -26833.469011
     131000 -26832.913957
     132000 -26832.842585
     133000 -26835.221588
     134000 -26832.865810
     135000 -26832.839664
     136000 -26834.273753
     137000 -26832.890532
     138000 -26833.024224
     139000 -26841.889287
     140000 -26833.445788
     141000 -26833.258196
     142000 -26832.978928
     143000 -26833.481082
     144000 -26833.909104
     145000 -26835.186201
     146000 -26834.305625
     147000 -26832.839845
     148000 -26833.376891
     149000 -26833.077373
     150000 -26832.982464
     151000 -26833.603443
     152000 -26833.480864
     153000 -26833.157550
     154000 -26833.094487
     155000 -26832.970489
     156000 -26832.999894
     157000 -26832.881676
     158000 -26833.209621
     159000 -26832.879367
     160000 -26833.069726
     161000 -26832.982953
     162000 -26838.019478
     163000 -26832.863827
     164000 -26834.303798
     165000 -26832.967507
     166000 -26832.839936
     167000 -26833.342117
     168000 -26832.918724
     169000 -26832.874692
     170000 -26832.850232
     171000 -26833.033568
     172000 -26833.233036
     173000 -26833.734472
     174000 -26834.016513
     175000 -26833.091219
     176000 -26832.895654
     177000 -26832.898970
     178000 -26834.073164
     179000 -26836.123838
     180000 -26835.646100
     181000 -26833.270566
     182000 -26834.435091
     183000 -26832.889062
     184000 -26833.103308
     185000 -26832.850771
     186000 -26833.299485
     187000 -26833.062310
     188000 -26832.989779
     189000 -26833.064078
     190000 -26835.215744
     191000 -26832.844652
     192000 -26833.311214
     193000 -26833.178149
     194000 -26833.534303
     195000 -26832.877138
     196000 -26832.982916
     197000 -26833.692297
     198000 -26832.863264
     199000 -26833.279798
     200000 -26832.844534
     201000 -26832.857343
     202000 -26832.839621
     203000 -26833.674559
     204000 -26833.147351
     205000 -26832.963528
     206000 -26832.949573
     207000 -26833.113903
     208000 -26832.849221
     209000 -26832.919054
     210000 -26833.262775
     211000 -26836.425209
     212000 -26832.842060
     213000 -26833.481700
     214000 -26833.567153
     215000 -26833.128309
     216000 -26833.022625
     217000 -26833.502160
     218000 -26832.999103
     219000 -26832.890754
     220000 -26832.840114
     221000 -26833.511699
     222000 -26838.149833
     223000 -26833.562694
     224000 -26833.026367
     225000 -26835.291802
     226000 -26833.975283
     227000 -26833.064776
     228000 -26833.597371
     229000 -26833.370381
     230000 -26833.594298
     231000 -26833.299808
     232000 -26833.132051
     233000 -26832.963798
     234000 -26832.903734
     235000 -26833.275617
     236000 -26833.390039
     237000 -26833.869280
     238000 -26832.884994
     239000 -26833.519418
     240000 -26833.085893
     241000 -26835.333952
     242000 -26834.563068
     243000 -26833.108915
     244000 -26833.075587
     245000 -26835.351807
     246000 -26833.095186
     247000 -26832.866228
     248000 -26833.312483
     249000 -26832.991908
     250000 -26835.149587
     251000 -26833.117191
     252000 -26832.983748
     253000 -26833.740412
     254000 -26833.260095
     255000 -26835.705494
     256000 -26835.856899
     257000 -26833.079209
     258000 -26835.151508
     259000 -26832.839492
     260000 -26832.862906
     261000 -26834.980359
     262000 -26834.954029
     263000 -26832.852983
     264000 -26833.492243
     265000 -26834.033181
     266000 -26835.796421
     267000 -26833.381206
     268000 -26832.850227
     269000 -26833.048247
     270000 -26833.356090
     271000 -26833.513920
     272000 -26833.516699
     273000 -26833.127106
     274000 -26832.852430
     275000 -26832.852271
     276000 -26833.111521
     277000 -26832.846520
     278000 -26832.945417
     279000 -26832.985231
     280000 -26833.473192
     281000 -26835.966913
     282000 -26832.840430
     283000 -26832.891606
     284000 -26833.075820
     285000 -26833.025747
     286000 -26832.874710
     287000 -26833.609598
     288000 -26833.160702
     289000 -26832.900196
     290000 -26834.369397
     291000 -26833.131492
     292000 -26832.847112
     293000 -26834.160754
     294000 -26833.046527
     295000 -26832.846977
     296000 -26833.004946
     297000 -26832.934222
     298000 -26833.988768
     299000 -26833.398622
     300000 -26835.574666
     301000 -26832.934778
     302000 -26833.671470
     303000 -26835.193315
     304000 -26833.787825
     305000 -26832.864435
     306000 -26832.839506
     307000 -26833.042405
     308000 -26833.169874
     309000 -26832.977004
     310000 -26837.320260
     311000 -26834.446126
     312000 -26833.495093
     313000 -26833.117224
     314000 -26832.910484
     315000 -26832.841722
     316000 -26832.844854
     317000 -26833.711559
     318000 -26833.269965
     319000 -26832.855221
     320000 -26834.520368
     321000 -26833.010429
     322000 -26832.842322
     323000 -26835.596374
     324000 -26832.901682
     325000 -26835.500008
     326000 -26833.085184
     327000 -26833.362363
     328000 -26832.845632
     329000 -26832.853794
     330000 -26832.907324
     331000 -26833.181885
     332000 -26835.174596
     333000 -26833.906625
     334000 -26832.946097
     335000 -26832.855506
     336000 -26833.358324
     337000 -26833.327443
     338000 -26833.206318
     339000 -26833.213010
     340000 -26832.952492
     341000 -26832.845541
     342000 -26833.693534
     343000 -26833.767780
     344000 -26835.885690
     345000 -26833.349178
     346000 -26833.308803
     347000 -26832.913619
     348000 -26833.864085
     349000 -26832.843257
     350000 -26832.851453
     351000 -26832.850891
     352000 -26832.844815
     353000 -26832.841781
     354000 -26832.976686
     355000 -26832.924737
     356000 -26832.941964
     357000 -26833.590950
     358000 -26834.807983
     359000 -26833.356173
     360000 -26833.586604
     361000 -26832.881867
     362000 -26833.742869
     363000 -26834.719915
     364000 -26832.884228
     365000 -26833.186684
     366000 -26832.962854
     367000 -26832.892240
     368000 -26835.009431
     369000 -26833.057639
     370000 -26833.793689
     371000 -26832.846970
     372000 -26833.340351
     373000 -26832.937173
     374000 -26834.104405
     375000 -26832.841102
     376000 -26832.904050
     377000 -26833.408411
     378000 -26833.266740
     379000 -26833.197251
     380000 -26832.966186
     381000 -26834.234581
     382000 -26834.767682
     383000 -26833.054369
     384000 -26832.956303
     385000 -26833.606739
     386000 -26834.507377
     387000 -26833.197726
     388000 -26832.887453
     389000 -26832.996084
     390000 -26833.068195
     391000 -26832.885775
     392000 -26832.851331
     393000 -26832.953973
     394000 -26834.432483
     395000 -26833.393205
     396000 -26834.372159
     397000 -26832.915213
     398000 -26832.935771
     399000 -26841.244387
     400000 -26836.874151
     401000 -26832.936002
     402000 -26833.634454
     403000 -26835.194223
     404000 -26832.841124
     405000 -26832.970255
     406000 -26833.129917
     407000 -26832.867510
     408000 -26833.654825
     409000 -26832.840219
     410000 -26833.431178
     411000 -26833.033463
     412000 -26833.168179
     413000 -26833.033042
     414000 -26833.118049
     415000 -26833.497172
     416000 -26832.929455
     417000 -26832.839678
     418000 -26832.840904
     419000 -26832.912585
     420000 -26833.716085
     421000 -26832.879488
     422000 -26833.199943
     423000 -26833.154398
     424000 -26832.897259
     425000 -26833.016039
     426000 -26835.175291
     427000 -26833.556623
     428000 -26832.890584
     429000 -26833.737226
     430000 -26832.847907
     431000 -26833.305039
     432000 -26833.880105
     433000 -26833.452568
     434000 -26832.901111
     435000 -26835.277823
     436000 -26834.518729
     437000 -26832.853163
     438000 -26832.957579
     439000 -26832.840433
     440000 -26833.052711
     441000 -26832.906453
     442000 -26832.921986
     443000 -26832.986262
     444000 -26832.857519
     445000 -26833.040271
     446000 -26833.057716
     447000 -26832.879583
     448000 -26832.983643
     449000 -26832.847216
     450000 -26833.973445
     451000 -26832.842507
     452000 -26834.030985
     453000 -26832.908188
     454000 -26833.960388
     455000 -26832.960938
     456000 -26832.882401
     457000 -26832.873841
     458000 -26833.503753
     459000 -26832.923810
     460000 -26832.851513
     461000 -26833.558409
     462000 -26833.467508
     463000 -26832.858274
     464000 -26835.124955
     465000 -26834.332465
     466000 -26834.096711
     467000 -26832.976087
     468000 -26833.298193
     469000 -26833.257083
     470000 -26832.840016
     471000 -26833.413526
     472000 -26832.975808
     473000 -26832.903149
     474000 -26833.422381
     475000 -26832.881814
     476000 -26833.240901
     477000 -26832.840669
     478000 -26833.111863
     479000 -26833.084055
     480000 -26835.004031
     481000 -26834.325720
     482000 -26833.847672
     483000 -26833.336814
     484000 -26832.885354
     485000 -26832.855705
     486000 -26833.020137
     487000 -26832.846718
     488000 -26832.848198
     489000 -26832.870183
     490000 -26833.621587
     491000 -26832.853511
     492000 -26832.859392
     493000 -26833.334429
     494000 -26832.840832
     495000 -26832.876751
     496000 -26837.550801
     497000 -26833.957038
     498000 -26832.999830
     499000 -26832.846448
     500000 -26832.880896
     501000 -26835.007962
     502000 -26833.582046
     503000 -26833.287459
     504000 -26834.268004
     505000 -26835.060449
     506000 -26832.869986
     507000 -26832.936328
     508000 -26834.463267
     509000 -26832.908454
     510000 -26832.856623
     511000 -26834.536452
     512000 -26832.845457
     513000 -26832.844299
     514000 -26834.005536
     515000 -26836.401057
     516000 -26833.198291
     517000 -26833.458062
     518000 -26832.960297
     519000 -26833.133776
     520000 -26833.240575
     521000 -26832.869719
     522000 -26836.325201
     523000 -26833.420509
     524000 -26833.698377
     525000 -26833.239404
     526000 -26833.318922
     527000 -26833.258341
     528000 -26835.941354
     529000 -26832.919903
     530000 -26833.291356
     531000 -26833.682099
     532000 -26834.215149
     533000 -26832.840879
     534000 -26832.869837
     535000 -26832.840145
     536000 -26832.845329
     537000 -26833.763057
     538000 -26833.130736
     539000 -26833.567769
     540000 -26833.178774
     541000 -26833.657657
     542000 -26833.884609
     543000 -26833.522569
     544000 -26835.209386
     545000 -26833.025896
     546000 -26833.383589
     547000 -26833.564985
     548000 -26833.411048
     549000 -26834.163980
     550000 -26833.398748
     551000 -26833.332414
     552000 -26833.271565
     553000 -26833.777262
     554000 -26832.852784
     555000 -26833.299210
     556000 -26833.632836
     557000 -26835.574605
     558000 -26832.917304
     559000 -26832.914647
     560000 -26833.708323
     561000 -26832.907816
     562000 -26833.064055
     563000 -26833.609342
     564000 -26833.123382
     565000 -26832.885233
     566000 -26833.001438
     567000 -26833.134025
     568000 -26833.194505
     569000 -26833.536223
     570000 -26833.338768
     571000 -26832.839602
     572000 -26832.961748
     573000 -26832.845887
     574000 -26833.651849
     575000 -26833.041207
     576000 -26833.271011
     577000 -26834.969110
     578000 -26832.843768
     579000 -26834.597293
     580000 -26833.109497
     581000 -26832.842631
     582000 -26833.292416
     583000 -26833.109461
     584000 -26833.296020
     585000 -26832.864518
     586000 -26836.278369
     587000 -26832.844091
     588000 -26835.248218
     589000 -26835.748183
     590000 -26832.936005
     591000 -26833.113112
     592000 -26834.141565
     593000 -26832.876714
     594000 -26832.845075
     595000 -26833.035583
     596000 -26835.564057
     597000 -26832.852604
     598000 -26832.839616
     599000 -26833.499363
     600000 -26832.979667
     601000 -26832.839512
     602000 -26832.860590
     603000 -26833.069440
     604000 -26832.840033
     605000 -26834.297580
     606000 -26833.300198
     607000 -26832.839512
     608000 -26847.452973
     609000 -26832.997274
     610000 -26832.847975
     611000 -26833.356052
     612000 -26833.454737
     613000 -26833.056975
     614000 -26832.892110
     615000 -26833.082591
     616000 -26833.078276
     617000 -26833.026649
     618000 -26833.620021
     619000 -26832.948426
     620000 -26835.016691
     621000 -26832.854318
     622000 -26833.352723
     623000 -26833.244308
     624000 -26833.440505
     625000 -26835.126752
     626000 -26832.842725
     627000 -26832.994375
     628000 -26833.447772
     629000 -26832.839697
     630000 -26833.755615
     631000 -26833.117867
     632000 -26832.847501
     633000 -26833.550595
     634000 -26835.054462
     635000 -26833.290845
     636000 -26833.605848
     637000 -26833.069029
     638000 -26833.825592
     639000 -26832.860383
     640000 -26834.753596
     641000 -26832.843236
     642000 -26833.360484
     643000 -26832.842788
     644000 -26833.537932
     645000 -26833.557988
     646000 -26833.325579
     647000 -26832.841761
     648000 -26832.869536
     649000 -26832.847322
     650000 -26832.866050
     651000 -26832.839749
     652000 -26835.036457
     653000 -26833.026955
     654000 -26833.578671
     655000 -26833.234070
     656000 -26832.969861
     657000 -26833.197991
     658000 -26833.113503
     659000 -26834.982574
     660000 -26834.661379
     661000 -26833.911629
     662000 -26832.842622
     663000 -26832.844666
     664000 -26832.840106
     665000 -26832.886627
     666000 -26832.915588
     667000 -26832.854343
     668000 -26832.970435
     669000 -26832.917488
     670000 -26834.028665
     671000 -26833.170248
     672000 -26833.122145
     673000 -26832.843995
     674000 -26832.841421
     675000 -26832.840275
     676000 -26833.411676
     677000 -26832.873297
     678000 -26833.184125
     679000 -26833.512117
     680000 -26833.659372
     681000 -26833.140885
     682000 -26833.156971
     683000 -26833.503047
     684000 -26832.845807
     685000 -26835.193018
     686000 -26832.840402
     687000 -26832.864588
     688000 -26832.910647
     689000 -26832.842486
     690000 -26833.567164
     691000 -26832.844857
     692000 -26832.848044
     693000 -26835.016358
     694000 -26832.839780
     695000 -26833.150074
     696000 -26833.827793
     697000 -26834.557834
     698000 -26835.536499
     699000 -26834.700666
     700000 -26832.876753
     701000 -26832.864499
     702000 -26833.024918
     703000 -26837.702185
     704000 -26832.888000
     705000 -26834.087244
     706000 -26835.528652
     707000 -26833.875913
     708000 -26833.174331
     709000 -26835.054430
     710000 -26833.333489
     711000 -26833.133135
     712000 -26833.911764
     713000 -26832.848260
     714000 -26833.262214
     715000 -26832.960992
     716000 -26834.188851
     717000 -26833.010047
     718000 -26832.846013
     719000 -26832.842175
     720000 -26833.668168
     721000 -26833.281771
     722000 -26832.854362
     723000 -26832.976383
     724000 -26832.847028
     725000 -26834.699766
     726000 -26833.944084
     727000 -26833.246211
     728000 -26832.843357
     729000 -26833.068748
     730000 -26832.855732
     731000 -26833.304407
     732000 -26833.562566
     733000 -26833.131457
     734000 -26832.943770
     735000 -26835.022104
     736000 -26833.645880
     737000 -26832.949953
     738000 -26832.841009
     739000 -26834.830346
     740000 -26833.055620
     741000 -26832.919753
     742000 -26833.114454
     743000 -26833.016597
     744000 -26833.127705
     745000 -26833.522112
     746000 -26833.557928
     747000 -26833.520654
     748000 -26832.961719
     749000 -26833.058711
     750000 -26833.261966
     751000 -26833.308082
     752000 -26832.839665
     753000 -26832.937541
     754000 -26833.071794
     755000 -26833.436927
     756000 -26832.922835
     757000 -26833.085175
     758000 -26832.887235
     759000 -26833.045520
     760000 -26835.436256
     761000 -26832.931939
     762000 -26833.797331
     763000 -26833.144142
     764000 -26833.343156
     765000 -26833.489726
     766000 -26838.831877
     767000 -26832.839491
     768000 -26834.194482
     769000 -26832.840552
     770000 -26834.055028
     771000 -26833.184697
     772000 -26833.431689
     773000 -26833.230169
     774000 -26833.299051
     775000 -26833.226161
     776000 -26833.087036
     777000 -26834.342400
     778000 -26833.354129
     779000 -26833.024386
     780000 -26833.129019
     781000 -26833.297171
     782000 -26832.857710
     783000 -26833.564457
     784000 -26832.856856
     785000 -26832.907390
     786000 -26832.840379
     787000 -26835.772591
     788000 -26832.867729
     789000 -26834.061394
     790000 -26833.205016
     791000 -26833.420855
     792000 -26833.534718
     793000 -26833.607135
     794000 -26832.849380
     795000 -26833.210486
     796000 -26833.650849
     797000 -26832.933928
     798000 -26832.846407
     799000 -26834.091190
     800000 -26832.839875
     801000 -26832.896657
     802000 -26833.410473
     803000 -26832.849014
     804000 -26835.854570
     805000 -26833.827685
     806000 -26833.031571
     807000 -26834.185577
     808000 -26832.843916
     809000 -26834.017987
     810000 -26836.090971
     811000 -26833.025543
     812000 -26832.924022
     813000 -26833.886121
     814000 -26833.430076
     815000 -26833.029312
     816000 -26833.341487
     817000 -26833.487635
     818000 -26832.840097
     819000 -26835.154216
     820000 -26834.974189
     821000 -26832.921570
     822000 -26832.839498
     823000 -26832.968110
     824000 -26832.906078
     825000 -26834.126886
     826000 -26832.873686
     827000 -26835.187060
     828000 -26834.047141
     829000 -26832.858008
     830000 -26833.421627
     831000 -26832.954627
     832000 -26834.375895
     833000 -26832.869075
     834000 -26836.485332
     835000 -26833.146913
     836000 -26833.172067
     837000 -26832.887537
     838000 -26833.299634
     839000 -26836.093718
     840000 -26832.876922
     841000 -26833.693181
     842000 -26832.908594
     843000 -26833.954903
     844000 -26832.869649
     845000 -26833.538287
     846000 -26833.678250
     847000 -26833.040078
     848000 -26832.845344
     849000 -26833.033772
     850000 -26832.847888
     851000 -26832.881215
     852000 -26832.958224
     853000 -26833.210662
     854000 -26832.982815
     855000 -26832.977700
     856000 -26832.973793
     857000 -26833.716763
     858000 -26833.760672
     859000 -26833.032150
     860000 -26833.892864
     861000 -26835.493023
     862000 -26833.091235
     863000 -26832.857354
     864000 -26832.860828
     865000 -26832.848388
     866000 -26833.142806
     867000 -26833.335678
     868000 -26832.954457
     869000 -26832.898846
     870000 -26832.933912
     871000 -26832.849448
     872000 -26837.177099
     873000 -26832.965613
     874000 -26832.917682
     875000 -26832.847378
     876000 -26833.617818
     877000 -26833.173654
     878000 -26834.193979
     879000 -26832.964780
     880000 -26832.956755
     881000 -26834.537288
     882000 -26832.915163
     883000 -26833.443082
     884000 -26833.640129
     885000 -26832.865748
     886000 -26833.326981
     887000 -26832.855350
     888000 -26832.938188
     889000 -26833.798407
     890000 -26833.914915
     891000 -26833.022828
     892000 -26832.841612
     893000 -26833.289125
     894000 -26833.105932
     895000 -26833.961844
     896000 -26832.861889
     897000 -26836.422806
     898000 -26834.435137
     899000 -26835.557420
     900000 -26832.927950
     901000 -26832.865899
     902000 -26834.913560
     903000 -26832.843514
     904000 -26832.841720
     905000 -26833.809697
     906000 -26833.527141
     907000 -26832.850951
     908000 -26833.978239
     909000 -26833.365236
     910000 -26832.848787
     911000 -26833.123380
     912000 -26832.910138
     913000 -26833.161810
     914000 -26834.013535
     915000 -26832.851383
     916000 -26833.699874
     917000 -26832.849676
     918000 -26832.844014
     919000 -26833.255812
     920000 -26835.508095
     921000 -26832.952187
     922000 -26834.503087
     923000 -26834.364436
     924000 -26832.879515
     925000 -26833.114947
     926000 -26833.603586
     927000 -26833.168348
     928000 -26832.894767
     929000 -26834.028733
     930000 -26832.852934
     931000 -26834.798404
     932000 -26832.840484
     933000 -26835.847085
     934000 -26833.221727
     935000 -26833.298790
     936000 -26832.839870
     937000 -26832.899034
     938000 -26833.001247
     939000 -26834.208248
     940000 -26832.843600
     941000 -26832.840785
     942000 -26833.909580
     943000 -26833.325553
     944000 -26832.858897
     945000 -26832.845200
     946000 -26832.839682
     947000 -26833.049286
     948000 -26832.839836
     949000 -26833.039893
     950000 -26832.840998
     951000 -26832.846110
     952000 -26833.727281
     953000 -26832.842533
     954000 -26833.463809
     955000 -26832.933539
     956000 -26832.839561
     957000 -26833.018934
     958000 -26834.969486
     959000 -26832.887700
     960000 -26832.889100
     961000 -26833.111771
     962000 -26832.910335
     963000 -26833.316978
     964000 -26832.943176
     965000 -26832.840862
     966000 -26833.789605
     967000 -26833.170763
     968000 -26832.946742
     969000 -26832.887984
     970000 -26832.853630
     971000 -26832.862715
     972000 -26833.540068
     973000 -26832.968945
     974000 -26832.854102
     975000 -26833.550303
     976000 -26834.441759
     977000 -26837.686431
     978000 -26833.704640
     979000 -26836.135973
     980000 -26833.116947
     981000 -26833.197135
     982000 -26832.850183
     983000 -26833.002966
     984000 -26833.325173
     985000 -26832.865166
     986000 -26838.003806
     987000 -26833.270931
     988000 -26832.840834
     989000 -26832.888581
     990000 -26832.860266
     991000 -26832.941361
     992000 -26833.833082
     993000 -26833.278073
     994000 -26833.308491
     995000 -26833.350640
     996000 -26833.363926
     997000 -26832.937440
     998000 -26832.869263
     999000 -26832.937251
    1000000 -26832.913691
