       1000 -838.358655
       2000 -841.269723
       3000 -835.901673
       4000 -837.682114
       5000 -840.996855
       6000 -838.862793
       7000 -835.932449
       8000 -852.943452
       9000 -835.838160
      10000 -837.691858
      11000 -839.668948
      12000 -838.625361
      13000 -835.870274
      14000 -841.621374
      15000 -837.718928
      16000 -839.472761
      17000 -837.665602
      18000 -838.870323
      19000 -837.851055
      20000 -835.846912
      21000 -836.969234
      22000 -837.871320
      23000 -835.834279
      24000 -835.846911
      25000 -839.816407
      26000 -839.410858
      27000 -836.403494
      28000 -837.256666
      29000 -835.867665
      30000 -836.070770
      31000 -835.832301
      32000 -837.681319
      33000 -836.360708
      34000 -837.299931
      35000 -837.670358
      36000 -836.199771
      37000 -837.788441
      38000 -847.195233
      39000 -839.142320
      40000 -836.825041
      41000 -839.486356
      42000 -837.790173
      43000 -836.232968
      44000 -835.829076
      45000 -839.561453
      46000 -837.739941
      47000 -838.155756
      48000 -836.003704
      49000 -837.721916
      50000 -835.914550
      51000 -836.194348
      52000 -836.235339
      53000 -835.859308
      54000 -839.648609
      55000 -840.084893
      56000 -835.848753
      57000 -837.740150
      58000 -835.866774
      59000 -836.084883
      60000 -839.888353
      61000 -837.780950
      62000 -839.644468
      63000 -838.735178
      64000 -839.097950
      65000 -839.403713
      66000 -837.844229
      67000 -835.904731
      68000 -838.824933
      69000 -839.689961
      70000 -836.013812
      71000 -838.648615
      72000 -837.763733
      73000 -843.863515
      74000 -836.218134
      75000 -839.346730
      76000 -837.775506
      77000 -837.675482
      78000 -835.938719
      79000 -839.467312
      80000 -838.915367
      81000 -841.388429
      82000 -835.854654
      83000 -842.373578
      84000 -836.671823
      85000 -837.800653
      86000 -841.161764
      87000 -839.075274
      88000 -839.855278
      89000 -836.310221
      90000 -846.344713
      91000 -838.924634
      92000 -837.107490
      93000 -838.223857
      94000 -835.897348
      95000 -840.823463
      96000 -838.552230
      97000 -839.444685
      98000 -837.905547
      99000 -836.241474
     100000 -837.940175
     101000 -837.691577
     102000 -836.279964
     103000 -838.605306
     104000 -835.862283
     105000 -838.323851
     106000 -835.859488
     107000 -838.899719
     108000 -837.458193
     109000 -836.335375
     110000 -835.873487
     111000 -839.505286
     112000 -837.729215
     113000 -839.298398
     114000 -836.285642
     115000 -835.830622
     116000 -836.409639
     117000 -838.168730
     118000 -841.330765
     119000 -840.949585
     120000 -841.387124
     121000 -836.142675
     122000 -838.301833
     123000 -835.993788
     124000 -837.834919
     125000 -836.581182
     126000 -835.861995
     127000 -837.705370
     128000 -842.829528
     129000 -842.491860
     130000 -848.957298
     131000 -835.866934
     132000 -835.831766
     133000 -836.042219
     134000 -835.830652
     135000 -837.793920
     136000 -835.989439
     137000 -837.831481
     138000 -839.382953
     139000 -841.297796
     140000 -836.232308
     141000 -835.833862
     142000 -839.365942
     143000 -843.228314
     144000 -836.049831
     145000 -841.343946
     146000 -837.904249
     147000 -835.846371
     148000 -836.476866
     149000 -839.386211
     150000 -837.716114
     151000 -838.265940
     152000 -836.249577
     153000 -835.874806
     154000 -835.877015
     155000 -837.722906
     156000 -839.498052
     157000 -837.694033
     158000 -842.776332
     159000 -839.475249
     160000 -837.708249
     161000 -838.368044
     162000 -835.831668
     163000 -839.854031
     164000 -839.003365
     165000 -839.130947
     166000 -835.838972
     167000 -843.653406
     168000 -836.274007
     169000 -837.721092
     170000 -839.434618
     171000 -835.857967
     172000 -838.912940
     173000 -836.146734
     174000 -838.249522
     175000 -836.296967
     176000 -838.850573
     177000 -835.911996
     178000 -836.252640
     179000 -835.914759
     180000 -835.885989
     181000 -836.285311
     182000 -839.004756
     183000 -835.834588
     184000 -839.191047
     185000 -837.891522
     186000 -839.196498
     187000 -836.027475
     188000 -837.861365
     189000 -839.122036
     190000 -835.887928
     191000 -837.830826
     192000 -837.668203
     193000 -838.966565
     194000 -844.670328
     195000 -835.872541
     196000 -837.698461
     197000 -839.743379
     198000 -839.328901
     199000 -837.131114
     200000 -836.270455
     201000 -835.842205
     202000 -835.967767
     203000 -843.641228
     204000 -841.952123
     205000 -839.731212
     206000 -836.692545
     207000 -835.873952
     208000 -836.552499
     209000 -835.830467
     210000 -837.885881
     211000 -839.090984
     212000 -836.497717
     213000 -839.129107
     214000 -838.135518
     215000 -837.721239
     216000 -836.087326
     217000 -853.558183
     218000 -840.621971
     219000 -835.836011
     220000 -836.995121
     221000 -839.600062
     222000 -838.166451
     223000 -835.839536
     224000 -838.045942
     225000 -835.840786
     226000 -836.304271
     227000 -836.768728
     228000 -836.219983
     229000 -836.195772
     230000 -839.495961
     231000 -839.560742
     232000 -839.458769
     233000 -836.047190
     234000 -841.762719
     235000 -839.169343
     236000 -837.689646
     237000 -837.675120
     238000 -837.800797
     239000 -837.856853
     240000 -838.015430
     241000 -835.878059
     242000 -835.860715
     243000 -836.156904
     244000 -835.856777
     245000 -836.104496
     246000 -839.739841
     247000 -841.081676
     248000 -844.717506
     249000 -835.831029
     250000 -837.896931
     251000 -836.132364
     252000 -838.089789
     253000 -835.850728
     254000 -837.661775
     255000 -836.198449
     256000 -836.171841
     257000 -837.665991
     258000 -847.176997
     259000 -836.166225
     260000 -839.652811
     261000 -835.829905
     262000 -836.669297
     263000 -835.968453
     264000 -840.985627
     265000 -839.121340
     266000 -839.346523
     267000 -835.860008
     268000 -836.090217
     269000 -836.286736
     270000 -841.538767
     271000 -843.611799
     272000 -836.126229
     273000 -836.256762
     274000 -838.934330
     275000 -836.592171
     276000 -841.700507
     277000 -844.248755
     278000 -835.866636
     279000 -839.922443
     280000 -836.505695
     281000 -839.123033
     282000 -835.840113
     283000 -838.312958
     284000 -838.750622
     285000 -839.869616
     286000 -837.933963
     287000 -835.964624
     288000 -837.668821
     289000 -838.910594
     290000 -837.666130
     291000 -837.983268
     292000 -837.911186
     293000 -844.603209
     294000 -838.697508
     295000 -837.565005
     296000 -835.979329
     297000 -837.903727
     298000 -838.593668
     299000 -839.118554
     300000 -837.666771
     301000 -840.015212
     302000 -836.294812
     303000 -835.831841
     304000 -841.919884
     305000 -837.623768
     306000 -838.057098
     307000 -836.488732
     308000 -836.328133
     309000 -835.919374
     310000 -842.082475
     311000 -840.409568
     312000 -836.020529
     313000 -835.832072
     314000 -844.756631
     315000 -836.266257
     316000 -839.211505
     317000 -837.694640
     318000 -839.335021
     319000 -837.763237
     320000 -835.921353
     321000 -837.523804
     322000 -835.994344
     323000 -837.772702
     324000 -839.471189
     325000 -837.272985
     326000 -835.908773
     327000 -835.916205
     328000 -835.948468
     329000 -835.832372
     330000 -838.951042
     331000 -835.891359
     332000 -836.404387
     333000 -837.796951
     334000 -837.692188
     335000 -841.166607
     336000 -836.198924
     337000 -835.917655
     338000 -838.093761
     339000 -836.006424
     340000 -835.856237
     341000 -839.194671
     342000 -837.975390
     343000 -838.075431
     344000 -836.469318
     345000 -838.011025
     346000 -836.777912
     347000 -837.665611
     348000 -835.844624
     349000 -835.983385
     350000 -835.951431
     351000 -835.863201
     352000 -839.153010
     353000 -840.499486
     354000 -838.098084
     355000 -839.789410
     356000 -838.149508
     357000 -839.363150
     358000 -839.484322
     359000 -835.841430
     360000 -835.888758
     361000 -835.883063
     362000 -844.750174
     363000 -837.350853
     364000 -838.127127
     365000 -835.828632
     366000 -837.732250
     367000 -835.829360
     368000 -839.386327
     369000 -838.883863
     370000 -837.739306
     371000 -835.919318
     372000 -835.890921
     373000 -836.045491
     374000 -843.655727
     375000 -838.524832
     376000 -839.327565
     377000 -840.810309
     378000 -835.830637
     379000 -837.710552
     380000 -838.499465
     381000 -836.209202
     382000 -837.673576
     383000 -837.737135
     384000 -839.301773
     385000 -839.463447
     386000 -839.750217
     387000 -839.475225
     388000 -835.972659
     389000 -839.096938
     390000 -837.708272
     391000 -835.854946
     392000 -836.252104
     393000 -839.176945
     394000 -835.928305
     395000 -844.314850
     396000 -839.458677
     397000 -835.994291
     398000 -837.503320
     399000 -841.007730
     400000 -844.421606
     401000 -839.085967
     402000 -837.746339
     403000 -837.608896
     404000 -837.905041
     405000 -837.691005
     406000 -838.193021
     407000 -839.461801
     408000 -836.058401
     409000 -839.087609
     410000 -835.876751
     411000 -838.869578
     412000 -838.318775
     413000 -840.891998
     414000 -839.368989
     415000 -836.509186
     416000 -844.258342
     417000 -838.003251
     418000 -837.883064
     419000 -837.933683
     420000 -841.736041
     421000 -840.168073
     422000 -835.911974
     423000 -838.041681
     424000 -842.323713
     425000 -835.852935
     426000 -842.287934
     427000 -836.268170
     428000 -836.631277
     429000 -839.389193
     430000 -835.920229
     431000 -837.701052
     432000 -835.862494
     433000 -841.668718
     434000 -839.800735
     435000 -837.813621
     436000 -835.871516
     437000 -835.941024
     438000 -839.734806
     439000 -835.893107
     440000 -836.304306
     441000 -836.145422
     442000 -838.301992
     443000 -838.187637
     444000 -844.604204
     445000 -835.875219
     446000 -840.443090
     447000 -838.050611
     448000 -843.115022
     449000 -839.086401
     450000 -836.825975
     451000 -835.996168
     452000 -836.450852
     453000 -836.785215
     454000 -836.060793
     455000 -836.309561
     456000 -836.302868
     457000 -836.071650
     458000 -837.809960
     459000 -837.929693
     460000 -839.348742
     461000 -837.746654
     462000 -837.675041
     463000 -837.599961
     464000 -840.938771
     465000 -838.644595
     466000 -836.250603
     467000 -836.027793
     468000 -840.094859
     469000 -837.937587
     470000 -844.612700
     471000 -835.836784
     472000 -840.196184
     473000 -842.597961
     474000 -837.825877
     475000 -838.385746
     476000 -836.262579
     477000 -836.098426
     478000 -847.708780
     479000 -838.202600
     480000 -835.875475
     481000 -837.968329
     482000 -837.967061
     483000 -838.548587
     484000 -838.917880
     485000 -838.056424
     486000 -838.937898
     487000 -835.854186
     488000 -835.829264
     489000 -836.094976
     490000 -838.179312
     491000 -837.684960
     492000 -836.021900
     493000 -843.475486
     494000 -839.367259
     495000 -836.707779
     496000 -835.915287
     497000 -836.487333
     498000 -839.436824
     499000 -837.694206
     500000 -835.841058
     501000 -835.912093
     502000 -837.989605
     503000 -839.487936
     504000 -837.668531
     505000 -837.666491
     506000 -836.893309
     507000 -837.919137
     508000 -836.371060
     509000 -836.705864
     510000 -837.697106
     511000 -836.208897
     512000 -837.709566
     513000 -836.471210
     514000 -835.904237
     515000 -835.874131
     516000 -837.854308
     517000 -837.666547
     518000 -837.893585
     519000 -840.630959
     520000 -835.828369
     521000 -839.205157
     522000 -839.251354
     523000 -836.588577
     524000 -836.336545
     525000 -841.321990
     526000 -842.585681
     527000 -835.837026
     528000 -835.836323
     529000 -845.131924
     530000 -835.870466
     531000 -835.839161
     532000 -837.715383
     533000 -835.833962
     534000 -837.693577
     535000 -835.896575
     536000 -837.695562
     537000 -837.708503
     538000 -836.413079
     539000 -839.114149
     540000 -835.920460
     541000 -835.832700
     542000 -836.707631
     543000 -839.786902
     544000 -835.929941
     545000 -836.356993
     546000 -835.961000
     547000 -839.881262
     548000 -839.783764
     549000 -839.714720
     550000 -841.507612
     551000 -839.002036
     552000 -841.315379
     553000 -835.840040
     554000 -837.774142
     555000 -835.830807
     556000 -835.850623
     557000 -838.230445
     558000 -836.397773
     559000 -835.877962
     560000 -835.930136
     561000 -835.833806
     562000 -838.436062
     563000 -835.834501
     564000 -838.737091
     565000 -836.125198
     566000 -836.021997
     567000 -835.986932
     568000 -837.709379
     569000 -836.669958
     570000 -838.919058
     571000 -839.257317
     572000 -839.128641
     573000 -838.006379
     574000 -838.042593
     575000 -837.898962
     576000 -835.829329
     577000 -839.183507
     578000 -836.043671
     579000 -837.688214
     580000 -836.681785
     581000 -835.830116
     582000 -839.583187
     583000 -838.858562
     584000 -835.943764
     585000 -838.855403
     586000 -836.155703
     587000 -837.840947
     588000 -836.057278
     589000 -836.329170
     590000 -839.458927
     591000 -837.678881
     592000 -837.046907
     593000 -835.828376
     594000 -842.368256
     595000 -837.672728
     596000 -836.841572
     597000 -838.214048
     598000 -837.676711
     599000 -837.881435
     600000 -838.028799
     601000 -837.993323
     602000 -838.221534
     603000 -836.012019
     604000 -837.696377
     605000 -837.233441
     606000 -838.798769
     607000 -835.881962
     608000 -836.319169
     609000 -838.071756
     610000 -837.910044
     611000 -837.933321
     612000 -836.051276
     613000 -837.668416
     614000 -836.005069
     615000 -836.078466
     616000 -841.410788
     617000 -835.950838
     618000 -837.850287
     619000 -838.080698
     620000 -837.350245
     621000 -836.484937
     622000 -838.950617
     623000 -835.849764
     624000 -837.333988
     625000 -837.892134
     626000 -836.288044
     627000 -837.699675
     628000 -836.761487
     629000 -836.779697
     630000 -836.005065
     631000 -835.960584
     632000 -839.313604
     633000 -839.630814
     634000 -836.552069
     635000 -837.913624
     636000 -839.390969
     637000 -837.666654
     638000 -840.170166
     639000 -837.666391
     640000 -843.551482
     641000 -845.045553
     642000 -835.971536
     643000 -835.832961
     644000 -835.996426
     645000 -835.976723
     646000 -836.837186
     647000 -840.801775
     648000 -837.723021
     649000 -836.133568
     650000 -836.226912
     651000 -836.091331
     652000 -837.695370
     653000 -835.828929
     654000 -838.231983
     655000 -835.832102
     656000 -841.779758
     657000 -836.889354
     658000 -837.690796
     659000 -839.626279
     660000 -838.765340
     661000 -836.498416
     662000 -837.745113
     663000 -836.499943
     664000 -837.812618
     665000 -835.856680
     666000 -838.054106
     667000 -839.459485
     668000 -835.856459
     669000 -846.006049
     670000 -840.999336
     671000 -837.728977
     672000 -836.321067
     673000 -835.830333
     674000 -836.107379
     675000 -839.085007
     676000 -835.968614
     677000 -843.137176
     678000 -838.321298
     679000 -835.933504
     680000 -835.839205
     681000 -835.949827
     682000 -837.835781
     683000 -837.956823
     684000 -836.376280
     685000 -837.676687
     686000 -838.492759
     687000 -836.347115
     688000 -839.583277
     689000 -838.956817
     690000 -836.048050
     691000 -837.854896
     692000 -836.002893
     693000 -835.830563
     694000 -836.717302
     695000 -836.132523
     696000 -838.823706
     697000 -835.854230
     698000 -837.824493
     699000 -838.383759
     700000 -847.863362
     701000 -836.419311
     702000 -839.096842
     703000 -835.843733
     704000 -837.670764
     705000 -836.296275
     706000 -835.956276
     707000 -837.863303
     708000 -838.053108
     709000 -841.488712
     710000 -836.279759
     711000 -842.756236
     712000 -838.832380
     713000 -836.131608
     714000 -837.789635
     715000 -837.054773
     716000 -842.747315
     717000 -836.951818
     718000 -835.987087
     719000 -838.789980
     720000 -842.779704
     721000 -838.162353
     722000 -835.833961
     723000 -843.241261
     724000 -836.032021
     725000 -837.708590
     726000 -837.327589
     727000 -836.496650
     728000 -837.694206
     729000 -835.895471
     730000 -836.999055
     731000 -837.736851
     732000 -837.705530
     733000 -838.503529
     734000 -837.782032
     735000 -838.741961
     736000 -838.157872
     737000 -839.420463
     738000 -836.441619
     739000 -840.278166
     740000 -837.781806
     741000 -835.850883
     742000 -838.102032
     743000 -837.718951
     744000 -841.825078
     745000 -835.934259
     746000 -841.224117
     747000 -836.579629
     748000 -835.838182
     749000 -835.859164
     750000 -835.972220
     751000 -838.700755
     752000 -838.989670
     753000 -837.695007
     754000 -835.836851
     755000 -835.929434
     756000 -836.247892
     757000 -840.892555
     758000 -836.644799
     759000 -844.361756
     760000 -842.368705
     761000 -838.463254
     762000 -838.242225
     763000 -836.074678
     764000 -840.952009
     765000 -841.824756
     766000 -840.415756
     767000 -837.906135
     768000 -839.140558
     769000 -838.954317
     770000 -836.264798
     771000 -835.842489
     772000 -837.681761
     773000 -839.199672
     774000 -839.724081
     775000 -836.134199
     776000 -836.568956
     777000 -837.807451
     778000 -836.414221
     779000 -836.541817
     780000 -836.030445
     781000 -839.920360
     782000 -839.676135
     783000 -838.600005
     784000 -837.813106
     785000 -837.917593
     786000 -837.851104
     787000 -836.072520
     788000 -836.501890
     789000 -837.150104
     790000 -836.050271
     791000 -838.860492
     792000 -835.872856
     793000 -837.792180
     794000 -837.873574
     795000 -838.305294
     796000 -837.705636
     797000 -841.048260
     798000 -835.832306
     799000 -836.385359
     800000 -838.417439
     801000 -836.871309
     802000 -835.828790
     803000 -839.534605
     804000 -837.927123
     805000 -840.774142
     806000 -841.868390
     807000 -835.830477
     808000 -837.688352
     809000 -835.987690
     810000 -837.904602
     811000 -837.856956
     812000 -835.919166
     813000 -838.679957
     814000 -837.739986
     815000 -835.959471
     816000 -835.843523
     817000 -836.228434
     818000 -836.048062
     819000 -842.866507
     820000 -837.666094
     821000 -839.162021
     822000 -837.719459
     823000 -836.852481
     824000 -835.869423
     825000 -837.734163
     826000 -839.953585
     827000 -840.882614
     828000 -837.041099
     829000 -837.876141
     830000 -838.873545
     831000 -837.198249
     832000 -837.416156
     833000 -837.692223
     834000 -837.670096
     835000 -839.737990
     836000 -840.450280
     837000 -837.383743
     838000 -835.830983
     839000 -836.941104
     840000 -838.761666
     841000 -846.938038
     842000 -840.018981
     843000 -840.017362
     844000 -838.009130
     845000 -838.385682
     846000 -837.800280
     847000 -835.949780
     848000 -838.286908
     849000 -838.434030
     850000 -839.105679
     851000 -836.042943
     852000 -843.126773
     853000 -837.695212
     854000 -836.749895
     855000 -837.739072
     856000 -839.556079
     857000 -837.703475
     858000 -838.299743
     859000 -838.729321
     860000 -839.443514
     861000 -836.791747
     862000 -839.589840
     863000 -835.847588
     864000 -843.090151
     865000 -837.590168
     866000 -838.904833
     867000 -841.045744
     868000 -835.855420
     869000 -839.017484
     870000 -836.076583
     871000 -836.091669
     872000 -837.879242
     873000 -839.488788
     874000 -835.890146
     875000 -837.923742
     876000 -838.033775
     877000 -842.298143
     878000 -837.845830
     879000 -837.487185
     880000 -837.745435
     881000 -837.101416
     882000 -837.715730
     883000 -839.663424
     884000 -836.528589
     885000 -838.865265
     886000 -838.021656
     887000 -838.912664
     888000 -836.079323
     889000 -838.004674
     890000 -837.892472
     891000 -836.874047
     892000 -839.124159
     893000 -841.699726
     894000 -839.284574
     895000 -835.904835
     896000 -836.801986
     897000 -838.458899
     898000 -839.193164
     899000 -835.831461
     900000 -835.828376
     901000 -835.835919
     902000 -835.944759
     903000 -837.999246
     904000 -839.378561
     905000 -835.830829
     906000 -838.127734
     907000 -835.946201
     908000 -836.472755
     909000 -838.076813
     910000 -838.922168
     911000 -836.031936
     912000 -841.422639
     913000 -835.996230
     914000 -838.822960
     915000 -841.580424
     916000 -838.284962
     917000 -837.688779
     918000 -836.034601
     919000 -835.976460
     920000 -836.121239
     921000 -835.883087
     922000 -836.390103
     923000 -835.828451
     924000 -836.102645
     925000 -835.948016
     926000 -842.674012
     927000 -836.111157
     928000 -837.635598
     929000 -837.968625
     930000 -839.535901
     931000 -838.898440
     932000 -838.752707
     933000 -836.303829
     934000 -842.929364
     935000 -837.763043
     936000 -837.697624
     937000 -835.829536
     938000 -839.946711
     939000 -836.273195
     940000 -835.929752
     941000 -836.037017
     942000 -837.848052
     943000 -841.225257
     944000 -837.231189
     945000 -836.371444
     946000 -836.089662
     947000 -838.745625
     948000 -838.332653
     949000 -837.635033
     950000 -836.009466
     951000 -839.740243
     952000 -837.702383
     953000 -838.958802
     954000 -839.477102
     955000 -841.128551
     956000 -840.203077
     957000 -839.541925
     958000 -835.864272
     959000 -838.218223
     960000 -836.310195
     961000 -835.834432
     962000 -835.866899
     963000 -839.249751
     964000 -836.172747
     965000 -835.945596
     966000 -844.444753
     967000 -842.919584
     968000 -837.691521
     969000 -836.012528
     970000 -841.732786
     971000 -839.357457
     972000 -837.427226
     973000 -835.860497
     974000 -842.758331
     975000 -835.846674
     976000 -837.238143
     977000 -842.001629
     978000 -838.938669
     979000 -835.840239
     980000 -836.249806
     981000 -837.785608
     982000 -837.992506
     983000 -836.784030
     984000 -836.132911
     985000 -837.727813
     986000 -835.851659
     987000 -837.764434
     988000 -836.878962
     989000 -838.003131
     990000 -839.069860
     991000 -838.141194
     992000 -837.666811
     993000 -838.191578
     994000 -839.838506
     995000 -836.263429
     996000 -838.243709
     997000 -837.870481
     998000 -835.906254
     999000 -841.451233
    1000000 -835.946934
