       1000 -26824.929243
       2000 -26825.636343
       3000 -26822.602665
       4000 -26822.701473
       5000 -26823.183644
       6000 -26823.464487
       7000 -26823.733268
       8000 -26822.942424
       9000 -26822.973364
      10000 -26826.655774
      11000 -26824.814628
      12000 -26822.599988
      13000 -26823.499655
      14000 -26824.567757
      15000 -26822.702440
      16000 -26822.993046
      17000 -26822.715289
      18000 -26822.614488
      19000 -26823.169802
      20000 -26822.636930
      21000 -26824.559106
      22000 -26822.651435
      23000 -26824.585490
      24000 -26822.628997
      25000 -26822.632561
      26000 -26822.975040
      27000 -26822.946912
      28000 -26822.595739
      29000 -26822.599215
      30000 -26822.600789
      31000 -26824.819428
      32000 -26822.732456
      33000 -26824.632345
      34000 -26823.358921
      35000 -26822.701732
      36000 -26822.597987
      37000 -26822.768502
      38000 -26822.620604
      39000 -26822.736202
      40000 -26822.942233
      41000 -26822.732681
      42000 -26824.935211
      43000 -26822.653229
      44000 -26824.933212
      45000 -26822.936074
      46000 -26822.746857
      47000 -26823.084404
      48000 -26823.293195
      49000 -26822.784780
      50000 -26822.973104
      51000 -26825.060791
      52000 -26824.600301
      53000 -26824.583907
      54000 -26823.356912
      55000 -26823.127963
      56000 -26822.618437
      57000 -26823.080646
      58000 -26822.695332
      59000 -26823.768064
      60000 -26824.643277
      61000 -26824.989103
      62000 -26825.750121
      63000 -26822.797163
      64000 -26824.563942
      65000 -26823.166674
      66000 -26822.705425
      67000 -26824.552546
      68000 -26822.616399
      69000 -26822.643142
      70000 -26828.047558
      71000 -26822.639690
      72000 -26824.604373
      73000 -26822.603849
      74000 -26822.786024
      75000 -26825.374118
      76000 -26823.200088
      77000 -26824.966514
      78000 -26822.646909
      79000 -26822.635231
      80000 -26822.671169
      81000 -26823.299669
      82000 -26823.099002
      83000 -26824.382014
      84000 -26823.661803
      85000 -26824.159542
      86000 -26825.039455
      87000 -26823.277913
      88000 -26822.648512
      89000 -26825.270761
      90000 -26823.052069
      91000 -26822.663025
      92000 -26822.661559
      93000 -26822.919519
      94000 -26824.815013
      95000 -26824.747009
      96000 -26823.269110
      97000 -26822.685726
      98000 -26822.778509
      99000 -26823.413718
     100000 -26824.544061
     101000 -26822.670217
     102000 -26823.222475
     103000 -26822.597677
     104000 -26822.698808
     105000 -26822.667802
     106000 -26822.617881
     107000 -26822.700433
     108000 -26825.414059
     109000 -26823.647763
     110000 -26822.644449
     111000 -26825.336071
     112000 -26822.713439
     113000 -26822.725239
     114000 -26823.431113
     115000 -26822.623246
     116000 -26826.522439
     117000 -26822.595326
     118000 -26824.852755
     119000 -26822.699323
     120000 -26822.767689
     121000 -26824.705581
     122000 -26824.540358
     123000 -26822.719193
     124000 -26822.628824
     125000 -26822.738811
     126000 -26823.033149
     127000 -26823.072224
     128000 -26822.604017
     129000 -26822.649936
     130000 -26823.171136
     131000 -26822.643818
     132000 -26822.628983
     133000 -26824.564220
     134000 -26822.702463
     135000 -26823.076562
     136000 -26822.822426
     137000 -26823.837188
     138000 -26823.517122
     139000 -26822.695928
     140000 -26822.707434
     141000 -26822.694719
     142000 -26822.604876
     143000 -26822.969062
     144000 -26822.611879
     145000 -26822.641900
     146000 -26823.278796
     147000 -26822.655353
     148000 -26823.251095
     149000 -26824.037184
     150000 -26822.741294
     151000 -26822.648595
     152000 -26824.973104
     153000 -26823.726600
     154000 -26822.754694
     155000 -26822.596677
     156000 -26822.626364
     157000 -26822.655709
     158000 -26822.618176
     159000 -26822.600387
     160000 -26823.013949
     161000 -26824.888611
     162000 -26822.941556
     163000 -26824.769833
     164000 -26822.689678
     165000 -26825.002085
     166000 -26824.064713
     167000 -26822.740065
     168000 -26824.096141
     169000 -26823.106850
     170000 -26822.604293
     171000 -26824.990290
     172000 -26823.429873
     173000 -26822.635318
     174000 -26826.094879
     175000 -26823.531483
     176000 -26822.686359
     177000 -26822.746985
     178000 -26826.354487
     179000 -26822.598349
     180000 -26824.617022
     181000 -26822.675455
     182000 -26822.903139
     183000 -26822.652686
     184000 -26822.924170
     185000 -26824.634805
     186000 -26824.762685
     187000 -26824.620492
     188000 -26822.595257
     189000 -26824.546789
     190000 -26822.595161
     191000 -26824.716270
     192000 -26826.155869
     193000 -26824.539822
     194000 -26825.008507
     195000 -26823.187244
     196000 -26822.595139
     197000 -26822.785060
     198000 -26825.077123
     199000 -26822.847849
     200000 -26824.801381
     201000 -26822.667705
     202000 -26824.550295
     203000 -26822.649901
     204000 -26824.587778
     205000 -26822.616570
     206000 -26824.544250
     207000 -26823.961360
     208000 -26824.589196
     209000 -26822.706330
     210000 -26822.692031
     211000 -26822.722109
     212000 -26822.777030
     213000 -26823.133784
     214000 -26822.788526
     215000 -26822.630248
     216000 -26822.971701
     217000 -26822.697812
     218000 -26823.532256
     219000 -26823.247961
     220000 -26822.602236
     221000 -26822.915076
     222000 -26823.188126
     223000 -26823.015652
     224000 -26825.070120
     225000 -26822.634726
     226000 -26822.955229
     227000 -26826.195075
     228000 -26825.000911
     229000 -26823.110043
     230000 -26822.713321
     231000 -26822.628277
     232000 -26823.957463
     233000 -26822.640774
     234000 -26822.804655
     235000 -26822.613665
     236000 -26824.514665
     237000 -26824.663232
     238000 -26823.482847
     239000 -26823.108620
     240000 -26824.136591
     241000 -26822.705808
     242000 -26824.581286
     243000 -26822.754984
     244000 -26822.708170
     245000 -26822.628032
     246000 -26824.814764
     247000 -26826.925370
     248000 -26822.765350
     249000 -26822.630650
     250000 -26825.517867
     251000 -26824.540324
     252000 -26823.387590
     253000 -26822.870919
     254000 -26823.171594
     255000 -26824.542268
     256000 -26824.949612
     257000 -26823.468251
     258000 -26822.607365
     259000 -26822.969431
     260000 -26822.694102
     261000 -26822.791556
     262000 -26822.665902
     263000 -26822.820063
     264000 -26824.642628
     265000 -26824.604966
     266000 -26822.757022
     267000 -26822.960909
     268000 -26823.216666
     269000 -26825.256620
     270000 -26822.650494
     271000 -26822.597671
     272000 -26824.544114
     273000 -26826.008541
     274000 -26822.730533
     275000 -26824.539542
     276000 -26822.640012
     277000 -26822.697368
     278000 -26824.950328
     279000 -26822.722377
     280000 -26822.927366
     281000 -26823.532190
     282000 -26824.694035
     283000 -26823.055598
     284000 -26824.756391
     285000 -26822.912383
     286000 -26822.978159
     287000 -26822.601784
     288000 -26823.238022
     289000 -26824.582685
     290000 -26824.753277
     291000 -26822.665623
     292000 -26822.618991
     293000 -26822.595225
     294000 -26822.598262
     295000 -26823.467709
     296000 -26822.883624
     297000 -26822.595843
     298000 -26823.068554
     299000 -26823.986472
     300000 -26822.612179
     301000 -26822.599917
     302000 -26824.566245
     303000 -26822.829066
     304000 -26823.276109
     305000 -26824.118401
     306000 -26823.075865
     307000 -26822.747727
     308000 -26822.616390
     309000 -26823.305609
     310000 -26822.602251
     311000 -26824.540305
     312000 -26822.598800
     313000 -26822.602343
     314000 -26824.638140
     315000 -26824.554841
     316000 -26824.571702
     317000 -26822.632570
     318000 -26825.477375
     319000 -26822.628372
     320000 -26823.517194
     321000 -26823.033260
     322000 -26822.798664
     323000 -26823.810785
     324000 -26823.544653
     325000 -26822.625546
     326000 -26824.621217
     327000 -26822.608691
     328000 -26822.948414
     329000 -26825.941856
     330000 -26822.722141
     331000 -26822.610447
     332000 -26824.880206
     333000 -26822.877880
     334000 -26823.051002
     335000 -26825.363831
     336000 -26823.129634
     337000 -26824.736160
     338000 -26822.604399
     339000 -26822.605013
     340000 -26822.706787
     341000 -26822.612872
     342000 -26822.637846
     343000 -26823.613768
     344000 -26825.843873
     345000 -26822.958679
     346000 -26823.202183
     347000 -26823.028380
     348000 -26823.159758
     349000 -26822.911583
     350000 -26822.605854
     351000 -26822.673025
     352000 -26822.596357
     353000 -26824.615106
     354000 -26823.130554
     355000 -26825.216097
     356000 -26822.595413
     357000 -26824.920677
     358000 -26822.600707
     359000 -26823.096771
     360000 -26823.894194
     361000 -26822.595890
     362000 -26825.063435
     363000 -26823.369755
     364000 -26822.603175
     365000 -26822.632668
     366000 -26822.810997
     367000 -26823.103045
     368000 -26822.798844
     369000 -26822.603018
     370000 -26822.863571
     371000 -26822.722512
     372000 -26822.621706
     373000 -26822.599999
     374000 -26822.958758
     375000 -26826.792391
     376000 -26824.939790
     377000 -26824.741323
     378000 -26822.645119
     379000 -26824.509003
     380000 -26822.595150
     381000 -26823.698351
     382000 -26822.753350
     383000 -26824.547983
     384000 -26822.609751
     385000 -26823.101026
     386000 -26824.550252
     387000 -26822.701493
     388000 -26824.613215
     389000 -26824.565870
     390000 -26825.107065
     391000 -26822.615284
     392000 -26822.629568
     393000 -26825.105296
     394000 -26822.887413
     395000 -26822.624512
     396000 -26823.072194
     397000 -26824.315738
     398000 -26822.595481
     399000 -26824.855959
     400000 -26823.460667
     401000 -26822.853991
     402000 -26822.668274
     403000 -26822.995049
     404000 -26822.738900
     405000 -26822.607772
     406000 -26823.029263
     407000 -26822.692825
     408000 -26824.977518
     409000 -26823.090037
     410000 -26824.609628
     411000 -26824.007422
     412000 -26824.671724
     413000 -26822.671140
     414000 -26822.790013
     415000 -26822.746289
     416000 -26824.592290
     417000 -26824.579702
     418000 -26822.655338
     419000 -26823.427120
     420000 -26822.638448
     421000 -26822.730390
     422000 -26824.542332
     423000 -26822.888099
     424000 -26825.853235
     425000 -26825.055334
     426000 -26823.439907
     427000 -26822.910539
     428000 -26823.681139
     429000 -26822.652550
     430000 -26822.603730
     431000 -26825.107079
     432000 -26823.354601
     433000 -26823.146976
     434000 -26822.736206
     435000 -26822.691488
     436000 -26824.596737
     437000 -26822.646998
     438000 -26824.688950
     439000 -26822.657504
     440000 -26822.596240
     441000 -26822.661641
     442000 -26824.479952
     443000 -26822.681660
     444000 -26822.883118
     445000 -26822.605595
     446000 -26824.344860
     447000 -26824.514643
     448000 -26822.831078
     449000 -26824.554258
     450000 -26822.980367
     451000 -26824.734139
     452000 -26823.841509
     453000 -26824.658592
     454000 -26823.676179
     455000 -26822.865102
     456000 -26824.919042
     457000 -26822.898663
     458000 -26823.767120
     459000 -26824.657826
     460000 -26822.923517
     461000 -26825.442950
     462000 -26823.926799
     463000 -26823.517482
     464000 -26823.405066
     465000 -26825.213386
     466000 -26824.554996
     467000 -26823.675707
     468000 -26825.164289
     469000 -26824.710442
     470000 -26822.600327
     471000 -26822.706657
     472000 -26822.629207
     473000 -26822.792606
     474000 -26823.376529
     475000 -26825.499198
     476000 -26822.739839
     477000 -26822.599446
     478000 -26824.856433
     479000 -26822.646439
     480000 -26822.804583
     481000 -26822.629395
     482000 -26822.596642
     483000 -26822.782094
     484000 -26822.895515
     485000 -26822.599459
     486000 -26824.682068
     487000 -26822.869329
     488000 -26822.714413
     489000 -26822.682061
     490000 -26823.376592
     491000 -26822.643034
     492000 -26822.851785
     493000 -26822.989513
     494000 -26822.651422
     495000 -26823.385634
     496000 -26823.442751
     497000 -26823.001068
     498000 -26822.669864
     499000 -26825.344198
     500000 -26823.482828
     501000 -26822.596045
     502000 -26823.113452
     503000 -26822.774247
     504000 -26822.729922
     505000 -26822.724273
     506000 -26823.767667
     507000 -26823.131289
     508000 -26824.606535
     509000 -26823.083591
     510000 -26824.602776
     511000 -26822.598209
     512000 -26824.543263
     513000 -26822.658856
     514000 -26824.555277
     515000 -26824.555511
     516000 -26823.600394
     517000 -26822.768842
     518000 -26824.777565
     519000 -26825.676860
     520000 -26824.539517
     521000 -26822.925355
     522000 -26822.671874
     523000 -26823.037191
     524000 -26823.255956
     525000 -26822.689052
     526000 -26825.218773
     527000 -26823.286018
     528000 -26824.978662
     529000 -26824.572212
     530000 -26822.616495
     531000 -26822.602831
     532000 -26824.321327
     533000 -26825.080696
     534000 -26824.645848
     535000 -26824.541890
     536000 -26822.651494
     537000 -26823.123651
     538000 -26824.670665
     539000 -26826.007482
     540000 -26824.631531
     541000 -26826.671482
     542000 -26822.603474
     543000 -26822.752733
     544000 -26824.953036
     545000 -26822.603334
     546000 -26823.478850
     547000 -26825.030903
     548000 -26826.146410
     549000 -26825.282437
     550000 -26823.012089
     551000 -26822.603071
     552000 -26823.615533
     553000 -26823.537124
     554000 -26824.862408
     555000 -26824.561820
     556000 -26823.365785
     557000 -26822.739459
     558000 -26824.546540
     559000 -26822.595199
     560000 -26822.702367
     561000 -26825.475854
     562000 -26823.597757
     563000 -26824.911988
     564000 -26822.875441
     565000 -26824.562383
     566000 -26822.600116
     567000 -26822.841432
     568000 -26822.896830
     569000 -26825.037850
     570000 -26822.704823
     571000 -26824.265291
     572000 -26822.598083
     573000 -26827.166218
     574000 -26822.641939
     575000 -26824.539922
     576000 -26824.093586
     577000 -26824.590060
     578000 -26823.922134
     579000 -26822.741997
     580000 -26824.338066
     581000 -26824.542209
     582000 -26822.883744
     583000 -26822.813063
     584000 -26823.223978
     585000 -26824.692784
     586000 -26822.969245
     587000 -26822.705345
     588000 -26823.718759
     589000 -26822.665119
     590000 -26822.991022
     591000 -26822.701272
     592000 -26823.616944
     593000 -26824.923359
     594000 -26824.289789
     595000 -26823.689610
     596000 -26824.168504
     597000 -26824.916462
     598000 -26822.598995
     599000 -26823.225663
     600000 -26824.342427
     601000 -26822.607162
     602000 -26825.393578
     603000 -26822.660642
     604000 -26827.651468
     605000 -26822.727632
     606000 -26822.621853
     607000 -26822.669799
     608000 -26822.603840
     609000 -26822.616783
     610000 -26823.566043
     611000 -26824.727744
     612000 -26824.542986
     613000 -26822.999430
     614000 -26822.797647
     615000 -26824.811498
     616000 -26823.586712
     617000 -26822.767883
     618000 -26822.629803
     619000 -26827.038171
     620000 -26822.717570
     621000 -26824.539532
     622000 -26824.554483
     623000 -26824.560613
     624000 -26822.688710
     625000 -26823.187295
     626000 -26822.608306
     627000 -26822.602132
     628000 -26823.125880
     629000 -26822.602081
     630000 -26822.900629
     631000 -26823.118260
     632000 -26822.622125
     633000 -26823.886509
     634000 -26824.372056
     635000 -26823.066441
     636000 -26822.786658
     637000 -26822.598688
     638000 -26824.014388
     639000 -26824.911052
     640000 -26822.701839
     641000 -26823.307969
     642000 -26823.442469
     643000 -26824.541570
     644000 -26823.220470
     645000 -26824.676801
     646000 -26823.212977
     647000 -26825.153603
     648000 -26825.634938
     649000 -26822.809392
     650000 -26822.612224
     651000 -26822.627565
     652000 -26825.240678
     653000 -26824.558831
     654000 -26822.654895
     655000 -26823.139445
     656000 -26822.647463
     657000 -26822.743137
     658000 -26824.578925
     659000 -26825.216160
     660000 -26822.611744
     661000 -26824.059561
     662000 -26822.614288
     663000 -26823.198448
     664000 -26824.717345
     665000 -26822.684388
     666000 -26822.621081
     667000 -26822.702825
     668000 -26822.699266
     669000 -26825.388581
     670000 -26822.599473
     671000 -26823.014735
     672000 -26823.357518
     673000 -26822.835429
     674000 -26824.728221
     675000 -26822.696281
     676000 -26825.767843
     677000 -26822.756159
     678000 -26823.094521
     679000 -26822.618571
     680000 -26822.748054
     681000 -26825.105522
     682000 -26825.022786
     683000 -26822.646677
     684000 -26825.091913
     685000 -26822.595223
     686000 -26822.933284
     687000 -26823.136314
     688000 -26824.617638
     689000 -26827.357842
     690000 -26822.621760
     691000 -26826.566793
     692000 -26824.541053
     693000 -26822.617712
     694000 -26822.861092
     695000 -26826.387048
     696000 -26824.543190
     697000 -26824.969898
     698000 -26823.424638
     699000 -26822.597109
     700000 -26825.875905
     701000 -26822.625363
     702000 -26822.816594
     703000 -26822.686197
     704000 -26825.212015
     705000 -26823.200473
     706000 -26824.802690
     707000 -26824.674825
     708000 -26823.227256
     709000 -26823.463002
     710000 -26822.990873
     711000 -26822.689273
     712000 -26822.682331
     713000 -26822.611512
     714000 -26823.085245
     715000 -26822.882580
     716000 -26825.987382
     717000 -26825.546761
     718000 -26824.848731
     719000 -26822.931730
     720000 -26823.189757
     721000 -26822.661825
     722000 -26824.708189
     723000 -26822.928443
     724000 -26822.845536
     725000 -26824.579758
     726000 -26823.832236
     727000 -26826.646546
     728000 -26822.595304
     729000 -26824.615385
     730000 -26822.618526
     731000 -26824.059311
     732000 -26824.557097
     733000 -26822.980056
     734000 -26822.625708
     735000 -26824.586236
     736000 -26823.112212
     737000 -26824.572993
     738000 -26822.895506
     739000 -26823.104597
     740000 -26827.398269
     741000 -26825.743392
     742000 -26823.267849
     743000 -26823.059680
     744000 -26825.536839
     745000 -26822.611801
     746000 -26824.651380
     747000 -26822.618186
     748000 -26824.616373
     749000 -26824.539748
     750000 -26825.451190
     751000 -26822.835975
     752000 -26823.323207
     753000 -26822.595162
     754000 -26822.605563
     755000 -26822.696400
     756000 -26823.031754
     757000 -26822.595809
     758000 -26822.596109
     759000 -26824.814004
     760000 -26822.905346
     761000 -26822.782924
     762000 -26823.064894
     763000 -26824.909394
     764000 -26822.808141
     765000 -26824.589796
     766000 -26825.235107
     767000 -26824.988726
     768000 -26822.614303
     769000 -26822.637477
     770000 -26824.940839
     771000 -26822.975452
     772000 -26822.755867
     773000 -26824.630821
     774000 -26824.575486
     775000 -26822.624296
     776000 -26822.892928
     777000 -26822.600078
     778000 -26825.156410
     779000 -26822.675931
     780000 -26822.859562
     781000 -26826.843598
     782000 -26824.615822
     783000 -26822.644192
     784000 -26824.647354
     785000 -26824.750028
     786000 -26824.166051
     787000 -26823.781484
     788000 -26824.816158
     789000 -26824.547393
     790000 -26822.729748
     791000 -26826.487652
     792000 -26822.807595
     793000 -26824.539530
     794000 -26823.455698
     795000 -26825.321351
     796000 -26822.704645
     797000 -26822.783614
     798000 -26825.128797
     799000 -26823.149073
     800000 -26824.831083
     801000 -26822.638549
     802000 -26824.045669
     803000 -26824.604524
     804000 -26824.606983
     805000 -26822.758203
     806000 -26825.717012
     807000 -26825.161186
     808000 -26822.630299
     809000 -26822.923247
     810000 -26825.134272
     811000 -26823.139792
     812000 -26822.665694
     813000 -26822.799093
     814000 -26823.106044
     815000 -26824.589309
     816000 -26822.665166
     817000 -26824.806396
     818000 -26822.601863
     819000 -26823.026491
     820000 -26822.775578
     821000 -26824.842788
     822000 -26822.683475
     823000 -26823.029234
     824000 -26824.949151
     825000 -26822.634382
     826000 -26824.563112
     827000 -26824.768828
     828000 -26823.114668
     829000 -26822.684487
     830000 -26826.170067
     831000 -26822.952347
     832000 -26822.914146
     833000 -26823.375344
     834000 -26823.398489
     835000 -26822.617677
     836000 -26822.622406
     837000 -26822.643894
     838000 -26822.689886
     839000 -26822.740534
     840000 -26823.061123
     841000 -26825.433239
     842000 -26822.626379
     843000 -26824.701466
     844000 -26825.221925
     845000 -26822.598916
     846000 -26822.885369
     847000 -26822.643597
     848000 -26822.597740
     849000 -26824.839812
     850000 -26822.685772
     851000 -26822.839822
     852000 -26826.280956
     853000 -26824.711469
     854000 -26822.820523
     855000 -26822.701168
     856000 -26822.623416
     857000 -26822.913178
     858000 -26822.686016
     859000 -26823.457955
     860000 -26829.799561
     861000 -26823.443650
     862000 -26822.958712
     863000 -26824.540448
     864000 -26823.026398
     865000 -26822.951050
     866000 -26822.640639
     867000 -26822.611118
     868000 -26822.804208
     869000 -26822.860886
     870000 -26824.961482
     871000 -26823.278451
     872000 -26826.210659
     873000 -26822.721199
     874000 -26825.126480
     875000 -26822.716792
     876000 -26822.991544
     877000 -26822.673211
     878000 -26824.739353
     879000 -26822.595213
     880000 -26824.543680
     881000 -26822.691374
     882000 -26823.061237
     883000 -26824.749150
     884000 -26825.911791
     885000 -26823.306144
     886000 -26823.148695
     887000 -26822.597513
     888000 -26823.777423
     889000 -26824.571262
     890000 -26823.257160
     891000 -26822.667839
     892000 -26822.780724
     893000 -26822.648997
     894000 -26822.598060
     895000 -26822.778600
     896000 -26823.172181
     897000 -26822.977069
     898000 -26822.748720
     899000 -26824.732746
     900000 -26822.633848
     901000 -26824.329293
     902000 -26822.604759
     903000 -26822.857408
     904000 -26822.867694
     905000 -26824.765693
     906000 -26825.972364
     907000 -26822.652311
     908000 -26823.059988
     909000 -26824.723621
     910000 -26822.599420
     911000 -26822.739637
     912000 -26823.501050
     913000 -26822.711984
     914000 -26826.083361
     915000 -26825.414343
     916000 -26822.644593
     917000 -26822.686340
     918000 -26824.556278
     919000 -26822.627094
     920000 -26822.717028
     921000 -26823.783845
     922000 -26825.063704
     923000 -26824.927384
     924000 -26825.705194
     925000 -26824.631479
     926000 -26823.091974
     927000 -26824.612932
     928000 -26824.541271
     929000 -26824.599004
     930000 -26822.685716
     931000 -26823.699139
     932000 -26822.663366
     933000 -26822.622554
     934000 -26824.746774
     935000 -26822.664553
     936000 -26822.595277
     937000 -26824.006502
     938000 -26824.609547
     939000 -26822.697044
     940000 -26822.752361
     941000 -26822.952073
     942000 -26822.738592
     943000 -26824.618242
     944000 -26822.865138
     945000 -26822.598004
     946000 -26824.545754
     947000 -26822.624217
     948000 -26822.595428
     949000 -26823.392209
     950000 -26825.179050
     951000 -26822.595158
     952000 -26822.612701
     953000 -26824.623335
     954000 -26823.191059
     955000 -26824.577920
     956000 -26822.606807
     957000 -26824.565762
     958000 -26822.628050
     959000 -26824.541383
     960000 -26823.295093
     961000 -26823.041871
     962000 -26825.126779
     963000 -26824.579064
     964000 -26822.724859
     965000 -26822.605592
     966000 -26822.651688
     967000 -26824.554376
     968000 -26823.589118
     969000 -26825.722643
     970000 -26822.602167
     971000 -26824.740095
     972000 -26822.989017
     973000 -26824.549521
     974000 -26822.599216
     975000 -26824.664245
     976000 -26827.066233
     977000 -26822.669419
     978000 -26823.386248
     979000 -26822.762487
     980000 -26822.702361
     981000 -26822.664749
     982000 -26823.687347
     983000 -26825.123228
     984000 -26823.239111
     985000 -26822.596658
     986000 -26824.550672
     987000 -26825.024251
     988000 -26823.438173
     989000 -26822.597171
     990000 -26822.649507
     991000 -26822.610341
     992000 -26822.600818
     993000 -26826.081439
     994000 -26822.681271
     995000 -26822.942599
     996000 -26823.094109
     997000 -26822.605757
     998000 -26822.675423
     999000 -26822.793600
    1000000 -26824.971768
