    genPlus1     spaQ
        1000  0.307124
        2000  0.213485
        3000  0.262990
        4000  0.265006
        5000  0.203834
        6000  0.232745
        7000  0.252169
        8000  0.238586
        9000  0.234066
       10000  0.323986
       11000  0.263073
       12000  0.240016
       13000  0.233057
       14000  0.170967
       15000  0.252269
       16000  0.237838
       17000  0.216952
       18000  0.260009
       19000  0.235863
       20000  0.246786
       21000  0.244977
       22000  0.250179
       23000  0.318289
       24000  0.229461
       25000  0.226083
       26000  0.239131
       27000  0.306067
       28000  0.222722
       29000  0.211396
       30000  0.235291
       31000  0.202986
       32000  0.216782
       33000  0.215237
       34000  0.243344
       35000  0.250225
       36000  0.208694
       37000  0.206251
       38000  0.225861
       39000  0.256699
       40000  0.228559
       41000  0.267618
       42000  0.190490
       43000  0.231749
       44000  0.224446
       45000  0.205440
       46000  0.207870
       47000  0.255229
       48000  0.188015
       49000  0.213457
       50000  0.197133
       51000  0.198175
       52000  0.231782
       53000  0.288499
       54000  0.255413
       55000  0.230914
       56000  0.227618
       57000  0.254224
       58000  0.240668
       59000  0.226939
       60000  0.208182
       61000  0.248314
       62000  0.231870
       63000  0.234759
       64000  0.340258
       65000  0.289648
       66000  0.215233
       67000  0.211570
       68000  0.248726
       69000  0.231442
       70000  0.279378
       71000  0.261691
       72000  0.194553
       73000  0.228661
       74000  0.217674
       75000  0.248414
       76000  0.155811
       77000  0.196906
       78000  0.218056
       79000  0.301948
       80000  0.189857
       81000  0.232347
       82000  0.185303
       83000  0.242707
       84000  0.163918
       85000  0.252723
       86000  0.261151
       87000  0.242824
       88000  0.260512
       89000  0.195702
       90000  0.217054
       91000  0.278481
       92000  0.168293
       93000  0.258637
       94000  0.263823
       95000  0.315314
       96000  0.214097
       97000  0.210940
       98000  0.243891
       99000  0.269544
      100000  0.294189
      101000  0.224995
      102000  0.226309
      103000  0.233334
      104000  0.225266
      105000  0.253401
      106000  0.228236
      107000  0.250409
      108000  0.295574
      109000  0.263994
      110000  0.277277
      111000  0.365198
      112000  0.212309
      113000  0.249448
      114000  0.194099
      115000  0.221419
      116000  0.235666
      117000  0.225827
      118000  0.205733
      119000  0.192983
      120000  0.229199
      121000  0.240467
      122000  0.253413
      123000  0.261224
      124000  0.261881
      125000  0.264875
      126000  0.262667
      127000  0.312066
      128000  0.257488
      129000  0.243579
      130000  0.204445
      131000  0.200817
      132000  0.232049
      133000  0.329668
      134000  0.298467
      135000  0.213215
      136000  0.213384
      137000  0.251844
      138000  0.234308
      139000  0.284233
      140000  0.291145
      141000  0.231883
      142000  0.256703
      143000  0.200935
      144000  0.302549
      145000  0.252815
      146000  0.245003
      147000  0.257548
      148000  0.230404
      149000  0.237927
      150000  0.340749
      151000  0.212748
      152000  0.243420
      153000  0.188202
      154000  0.365090
      155000  0.223316
      156000  0.211774
      157000  0.276294
      158000  0.247163
      159000  0.232669
      160000  0.202768
      161000  0.166973
      162000  0.261260
      163000  0.188967
      164000  0.209159
      165000  0.277212
      166000  0.227439
      167000  0.298708
      168000  0.164317
      169000  0.195380
      170000  0.273721
      171000  0.228824
      172000  0.241255
      173000  0.265586
      174000  0.215187
      175000  0.205239
      176000  0.229125
      177000  0.266915
      178000  0.217065
      179000  0.252529
      180000  0.218303
      181000  0.260226
      182000  0.253653
      183000  0.252699
      184000  0.234022
      185000  0.239338
      186000  0.252056
      187000  0.264926
      188000  0.195786
      189000  0.310588
      190000  0.228547
      191000  0.259891
      192000  0.245603
      193000  0.237528
      194000  0.214715
      195000  0.259138
      196000  0.233845
      197000  0.193782
      198000  0.226624
      199000  0.253892
      200000  0.266419
      201000  0.227050
      202000  0.229931
      203000  0.229196
      204000  0.238642
      205000  0.165988
      206000  0.231581
      207000  0.248071
      208000  0.258507
      209000  0.292996
      210000  0.304556
      211000  0.248013
      212000  0.203309
      213000  0.231940
      214000  0.325547
      215000  0.227694
      216000  0.183372
      217000  0.265506
      218000  0.216808
      219000  0.215906
      220000  0.291574
      221000  0.217177
      222000  0.175060
      223000  0.239360
      224000  0.184001
      225000  0.240645
      226000  0.258969
      227000  0.258832
      228000  0.257189
      229000  0.227469
      230000  0.278776
      231000  0.272911
      232000  0.259452
      233000  0.212901
      234000  0.201306
      235000  0.203848
      236000  0.237113
      237000  0.258137
      238000  0.219176
      239000  0.293044
      240000  0.172195
      241000  0.218557
      242000  0.224339
      243000  0.184727
      244000  0.229354
      245000  0.199494
      246000  0.269193
      247000  0.277583
      248000  0.267009
      249000  0.170103
      250000  0.227935
      251000  0.255885
      252000  0.208088
      253000  0.278642
      254000  0.217519
      255000  0.213599
      256000  0.236264
      257000  0.268743
      258000  0.184636
      259000  0.245657
      260000  0.203862
      261000  0.231033
      262000  0.277996
      263000  0.217644
      264000  0.298033
      265000  0.199845
      266000  0.301818
      267000  0.247184
      268000  0.230036
      269000  0.338873
      270000  0.213310
      271000  0.246202
      272000  0.229665
      273000  0.235456
      274000  0.235784
      275000  0.246758
      276000  0.257230
      277000  0.182533
      278000  0.254167
      279000  0.223383
      280000  0.177289
      281000  0.188630
      282000  0.267350
      283000  0.194335
      284000  0.224772
      285000  0.299818
      286000  0.298468
      287000  0.207272
      288000  0.212516
      289000  0.176393
      290000  0.217736
      291000  0.217793
      292000  0.263962
      293000  0.261263
      294000  0.236039
      295000  0.235404
      296000  0.223559
      297000  0.260441
      298000  0.245446
      299000  0.351303
      300000  0.222726
      301000  0.192737
      302000  0.322978
      303000  0.217799
      304000  0.219050
      305000  0.251018
      306000  0.306102
      307000  0.259787
      308000  0.137728
      309000  0.270524
      310000  0.208873
      311000  0.276449
      312000  0.234830
      313000  0.338696
      314000  0.312689
      315000  0.197337
      316000  0.295955
      317000  0.227251
      318000  0.226387
      319000  0.243704
      320000  0.249461
      321000  0.272668
      322000  0.207617
      323000  0.228170
      324000  0.245154
      325000  0.185839
      326000  0.208326
      327000  0.178359
      328000  0.291421
      329000  0.217026
      330000  0.299140
      331000  0.188399
      332000  0.303360
      333000  0.203648
      334000  0.249550
      335000  0.217585
      336000  0.211474
      337000  0.224283
      338000  0.221538
      339000  0.251628
      340000  0.260341
      341000  0.258196
      342000  0.228734
      343000  0.234436
      344000  0.156385
      345000  0.251379
      346000  0.287391
      347000  0.209895
      348000  0.216172
      349000  0.243161
      350000  0.315979
      351000  0.264383
      352000  0.243196
      353000  0.249054
      354000  0.203425
      355000  0.194851
      356000  0.261154
      357000  0.260073
      358000  0.192054
      359000  0.268356
      360000  0.298257
      361000  0.185547
      362000  0.227229
      363000  0.241872
      364000  0.275773
      365000  0.232461
      366000  0.291798
      367000  0.285513
      368000  0.162030
      369000  0.271441
      370000  0.264295
      371000  0.208759
      372000  0.286271
      373000  0.177843
      374000  0.209570
      375000  0.287456
      376000  0.274064
      377000  0.229770
      378000  0.227296
      379000  0.296519
      380000  0.202277
      381000  0.256776
      382000  0.302031
      383000  0.263478
      384000  0.263271
      385000  0.204999
      386000  0.300447
      387000  0.237481
      388000  0.274320
      389000  0.203615
      390000  0.228907
      391000  0.245445
      392000  0.228731
      393000  0.241265
      394000  0.185285
      395000  0.240502
      396000  0.264779
      397000  0.229595
      398000  0.265945
      399000  0.207850
      400000  0.192104
      401000  0.230330
      402000  0.243090
      403000  0.219677
      404000  0.284010
      405000  0.226503
      406000  0.238354
      407000  0.276545
      408000  0.225599
      409000  0.252779
      410000  0.328109
      411000  0.275486
      412000  0.279602
      413000  0.230469
      414000  0.207419
      415000  0.269554
      416000  0.218737
      417000  0.273424
      418000  0.269761
      419000  0.213988
      420000  0.218450
      421000  0.274836
      422000  0.223923
      423000  0.240000
      424000  0.264410
      425000  0.239865
      426000  0.293731
      427000  0.236469
      428000  0.215114
      429000  0.298134
      430000  0.207025
      431000  0.190214
      432000  0.313640
      433000  0.246556
      434000  0.258245
      435000  0.215705
      436000  0.243836
      437000  0.202622
      438000  0.252761
      439000  0.236216
      440000  0.220992
      441000  0.279247
      442000  0.236569
      443000  0.225204
      444000  0.244941
      445000  0.394566
      446000  0.257764
      447000  0.263626
      448000  0.205413
      449000  0.162972
      450000  0.249585
      451000  0.256711
      452000  0.247468
      453000  0.238766
      454000  0.222844
      455000  0.239114
      456000  0.225500
      457000  0.241329
      458000  0.231200
      459000  0.317034
      460000  0.195210
      461000  0.282317
      462000  0.224147
      463000  0.263533
      464000  0.272526
      465000  0.314162
      466000  0.260553
      467000  0.220960
      468000  0.252384
      469000  0.237425
      470000  0.259100
      471000  0.193112
      472000  0.283519
      473000  0.243332
      474000  0.238983
      475000  0.191260
      476000  0.200695
      477000  0.167824
      478000  0.241994
      479000  0.284765
      480000  0.202261
      481000  0.263589
      482000  0.256685
      483000  0.237059
      484000  0.200452
      485000  0.253032
      486000  0.226237
      487000  0.275069
      488000  0.259500
      489000  0.272874
      490000  0.262265
      491000  0.235172
      492000  0.228821
      493000  0.254811
      494000  0.239702
      495000  0.264484
      496000  0.218222
      497000  0.249249
      498000  0.250692
      499000  0.168850
      500000  0.276581
      501000  0.280756
      502000  0.252915
      503000  0.197567
      504000  0.252467
      505000  0.228321
      506000  0.155969
      507000  0.341029
      508000  0.233242
      509000  0.254263
      510000  0.265016
      511000  0.228446
      512000  0.177039
      513000  0.184715
      514000  0.230429
      515000  0.254551
      516000  0.244112
      517000  0.324529
      518000  0.190432
      519000  0.172371
      520000  0.240914
      521000  0.271873
      522000  0.167152
      523000  0.225531
      524000  0.267075
      525000  0.335928
      526000  0.198254
      527000  0.285338
      528000  0.276758
      529000  0.316031
      530000  0.246000
      531000  0.271073
      532000  0.299107
      533000  0.179211
      534000  0.277849
      535000  0.220642
      536000  0.251446
      537000  0.308920
      538000  0.220839
      539000  0.316230
      540000  0.263027
      541000  0.280491
      542000  0.202979
      543000  0.260106
      544000  0.277730
      545000  0.248069
      546000  0.208847
      547000  0.340376
      548000  0.205909
      549000  0.321380
      550000  0.272391
      551000  0.259363
      552000  0.263896
      553000  0.234356
      554000  0.268981
      555000  0.266907
      556000  0.209638
      557000  0.214851
      558000  0.292152
      559000  0.205101
      560000  0.246986
      561000  0.296733
      562000  0.243139
      563000  0.192535
      564000  0.232889
      565000  0.259199
      566000  0.287474
      567000  0.165027
      568000  0.289922
      569000  0.261578
      570000  0.206616
      571000  0.219847
      572000  0.237193
      573000  0.236393
      574000  0.244064
      575000  0.200336
      576000  0.205795
      577000  0.251524
      578000  0.262271
      579000  0.205189
      580000  0.267733
      581000  0.254453
      582000  0.224410
      583000  0.280292
      584000  0.188414
      585000  0.274548
      586000  0.229937
      587000  0.228531
      588000  0.289943
      589000  0.301123
      590000  0.259709
      591000  0.300499
      592000  0.206728
      593000  0.264589
      594000  0.219486
      595000  0.230528
      596000  0.205796
      597000  0.269363
      598000  0.278298
      599000  0.219357
      600000  0.270901
      601000  0.280530
      602000  0.262268
      603000  0.277742
      604000  0.320185
      605000  0.237156
      606000  0.233838
      607000  0.238585
      608000  0.245751
      609000  0.208173
      610000  0.182842
      611000  0.253533
      612000  0.219436
      613000  0.244524
      614000  0.207235
      615000  0.295909
      616000  0.196624
      617000  0.283258
      618000  0.187211
      619000  0.166329
      620000  0.255963
      621000  0.275453
      622000  0.222098
      623000  0.272231
      624000  0.245543
      625000  0.291497
      626000  0.304305
      627000  0.205205
      628000  0.242475
      629000  0.183088
      630000  0.227012
      631000  0.277408
      632000  0.229973
      633000  0.273873
      634000  0.238454
      635000  0.271300
      636000  0.233896
      637000  0.245864
      638000  0.233871
      639000  0.253094
      640000  0.261408
      641000  0.264735
      642000  0.249762
      643000  0.272663
      644000  0.207605
      645000  0.305859
      646000  0.191936
      647000  0.220936
      648000  0.254593
      649000  0.211519
      650000  0.270751
      651000  0.272298
      652000  0.280587
      653000  0.176803
      654000  0.266772
      655000  0.255686
      656000  0.243497
      657000  0.212677
      658000  0.187846
      659000  0.274911
      660000  0.232309
      661000  0.243553
      662000  0.209750
      663000  0.232978
      664000  0.236379
      665000  0.230592
      666000  0.238631
      667000  0.301619
      668000  0.214153
      669000  0.314786
      670000  0.272903
      671000  0.263387
      672000  0.163342
      673000  0.249579
      674000  0.287159
      675000  0.220746
      676000  0.241908
      677000  0.179460
      678000  0.173071
      679000  0.298791
      680000  0.200221
      681000  0.296328
      682000  0.230526
      683000  0.238791
      684000  0.246855
      685000  0.276161
      686000  0.179994
      687000  0.185382
      688000  0.225371
      689000  0.292645
      690000  0.200520
      691000  0.203987
      692000  0.283428
      693000  0.238917
      694000  0.194533
      695000  0.168438
      696000  0.224216
      697000  0.218460
      698000  0.200713
      699000  0.214833
      700000  0.206443
      701000  0.239678
      702000  0.212762
      703000  0.276975
      704000  0.259089
      705000  0.296609
      706000  0.277866
      707000  0.246710
      708000  0.243048
      709000  0.277249
      710000  0.230428
      711000  0.226221
      712000  0.248657
      713000  0.232217
      714000  0.311479
      715000  0.225752
      716000  0.307907
      717000  0.176983
      718000  0.196846
      719000  0.224438
      720000  0.334611
      721000  0.218149
      722000  0.187408
      723000  0.253215
      724000  0.235987
      725000  0.289821
      726000  0.227105
      727000  0.279341
      728000  0.236354
      729000  0.282311
      730000  0.277888
      731000  0.189893
      732000  0.275242
      733000  0.306624
      734000  0.264802
      735000  0.224617
      736000  0.197590
      737000  0.268813
      738000  0.256796
      739000  0.207488
      740000  0.239073
      741000  0.281876
      742000  0.224187
      743000  0.274784
      744000  0.197068
      745000  0.227469
      746000  0.227315
      747000  0.254742
      748000  0.215344
      749000  0.223921
      750000  0.264771
      751000  0.241276
      752000  0.266608
      753000  0.253965
      754000  0.153069
      755000  0.154022
      756000  0.207454
      757000  0.269564
      758000  0.232429
      759000  0.252725
      760000  0.286170
      761000  0.270958
      762000  0.206022
      763000  0.212351
      764000  0.254201
      765000  0.244004
      766000  0.296990
      767000  0.275256
      768000  0.229228
      769000  0.205928
      770000  0.263835
      771000  0.248650
      772000  0.333586
      773000  0.238957
      774000  0.260819
      775000  0.248513
      776000  0.227680
      777000  0.301541
      778000  0.273058
      779000  0.250618
      780000  0.301203
      781000  0.279997
      782000  0.259401
      783000  0.261066
      784000  0.264063
      785000  0.264885
      786000  0.237607
      787000  0.218123
      788000  0.270781
      789000  0.229638
      790000  0.253996
      791000  0.267530
      792000  0.276900
      793000  0.206358
      794000  0.294805
      795000  0.278125
      796000  0.203572
      797000  0.225243
      798000  0.229141
      799000  0.240887
      800000  0.184070
      801000  0.194185
      802000  0.244707
      803000  0.190125
      804000  0.259887
      805000  0.248220
      806000  0.255742
      807000  0.153920
      808000  0.221726
      809000  0.277671
      810000  0.321219
      811000  0.206624
      812000  0.217659
      813000  0.247722
      814000  0.199593
      815000  0.273143
      816000  0.223932
      817000  0.264999
      818000  0.205825
      819000  0.218816
      820000  0.292336
      821000  0.274969
      822000  0.200297
      823000  0.262195
      824000  0.271612
      825000  0.208148
      826000  0.286793
      827000  0.254000
      828000  0.217666
      829000  0.210905
      830000  0.244733
      831000  0.247476
      832000  0.261266
      833000  0.275454
      834000  0.281702
      835000  0.198490
      836000  0.242301
      837000  0.272373
      838000  0.245694
      839000  0.284143
      840000  0.209637
      841000  0.234354
      842000  0.248225
      843000  0.226609
      844000  0.267288
      845000  0.323421
      846000  0.246421
      847000  0.242055
      848000  0.243045
      849000  0.245342
      850000  0.287514
      851000  0.261557
      852000  0.265708
      853000  0.227123
      854000  0.241638
      855000  0.187995
      856000  0.231312
      857000  0.279718
      858000  0.272416
      859000  0.271188
      860000  0.257415
      861000  0.251929
      862000  0.243185
      863000  0.264365
      864000  0.318832
      865000  0.262571
      866000  0.187595
      867000  0.268476
      868000  0.168632
      869000  0.229038
      870000  0.212453
      871000  0.199401
      872000  0.195140
      873000  0.194862
      874000  0.234134
      875000  0.243313
      876000  0.288325
      877000  0.250460
      878000  0.226340
      879000  0.231433
      880000  0.220461
      881000  0.241744
      882000  0.302425
      883000  0.261963
      884000  0.267065
      885000  0.233135
      886000  0.290419
      887000  0.255711
      888000  0.268704
      889000  0.223613
      890000  0.209905
      891000  0.262401
      892000  0.255297
      893000  0.295834
      894000  0.171492
      895000  0.231130
      896000  0.199941
      897000  0.295602
      898000  0.264790
      899000  0.227416
      900000  0.244947
      901000  0.222310
      902000  0.276343
      903000  0.217143
      904000  0.265568
      905000  0.255867
      906000  0.231045
      907000  0.208492
      908000  0.255777
      909000  0.253929
      910000  0.253637
      911000  0.224102
      912000  0.339119
      913000  0.284065
      914000  0.204413
      915000  0.216888
      916000  0.215994
      917000  0.276450
      918000  0.265045
      919000  0.228086
      920000  0.208870
      921000  0.229175
      922000  0.263683
      923000  0.289380
      924000  0.204406
      925000  0.254529
      926000  0.222056
      927000  0.267521
      928000  0.268235
      929000  0.199909
      930000  0.236185
      931000  0.269976
      932000  0.259331
      933000  0.204063
      934000  0.190537
      935000  0.252946
      936000  0.260491
      937000  0.218678
      938000  0.269690
      939000  0.171601
      940000  0.270472
      941000  0.189372
      942000  0.228554
      943000  0.262970
      944000  0.253045
      945000  0.184546
      946000  0.183144
      947000  0.260875
      948000  0.248970
      949000  0.257645
      950000  0.167039
      951000  0.257246
      952000  0.289114
      953000  0.236007
      954000  0.196699
      955000  0.217918
      956000  0.266608
      957000  0.334481
      958000  0.258901
      959000  0.210934
      960000  0.197015
      961000  0.209273
      962000  0.300847
      963000  0.261448
      964000  0.240323
      965000  0.284113
      966000  0.237010
      967000  0.231672
      968000  0.271622
      969000  0.270520
      970000  0.229404
      971000  0.250826
      972000  0.270960
      973000  0.211615
      974000  0.150601
      975000  0.153502
      976000  0.230344
      977000  0.195104
      978000  0.165497
      979000  0.204504
      980000  0.226933
      981000  0.217272
      982000  0.289766
      983000  0.234373
      984000  0.234026
      985000  0.190914
      986000  0.189177
      987000  0.245748
      988000  0.266330
      989000  0.291723
      990000  0.239496
      991000  0.177237
      992000  0.203058
      993000  0.291500
      994000  0.235315
      995000  0.275349
      996000  0.248965
      997000  0.188470
      998000  0.230087
      999000  0.206603
     1000000  0.275448
