       1000 -819.598016
       2000 -819.231594
       3000 -819.364238
       4000 -819.271670
       5000 -820.192868
       6000 -819.265324
       7000 -821.660091
       8000 -819.376650
       9000 -819.316737
      10000 -820.373321
      11000 -819.336901
      12000 -820.566626
      13000 -819.269531
      14000 -819.620035
      15000 -819.253067
      16000 -820.424262
      17000 -820.214439
      18000 -819.313359
      19000 -819.226293
      20000 -819.592518
      21000 -819.359262
      22000 -820.099289
      23000 -819.274003
      24000 -819.345446
      25000 -819.512711
      26000 -819.234710
      27000 -819.523302
      28000 -819.235308
      29000 -820.416745
      30000 -819.227604
      31000 -819.230626
      32000 -819.605368
      33000 -819.236359
      34000 -819.241279
      35000 -820.073303
      36000 -819.339262
      37000 -819.297038
      38000 -819.250156
      39000 -820.183191
      40000 -819.301325
      41000 -819.689881
      42000 -819.242092
      43000 -820.439267
      44000 -819.408110
      45000 -819.636669
      46000 -819.338597
      47000 -826.896383
      48000 -819.276852
      49000 -819.821508
      50000 -819.942635
      51000 -819.848214
      52000 -822.079713
      53000 -819.471766
      54000 -819.689104
      55000 -819.239052
      56000 -819.435600
      57000 -819.871305
      58000 -820.259364
      59000 -819.551351
      60000 -819.885138
      61000 -819.257021
      62000 -819.226378
      63000 -824.493179
      64000 -819.975013
      65000 -819.988003
      66000 -819.376133
      67000 -819.318005
      68000 -819.315120
      69000 -819.289361
      70000 -822.131776
      71000 -819.265432
      72000 -819.438355
      73000 -819.479662
      74000 -819.231030
      75000 -820.184624
      76000 -819.228230
      77000 -822.127908
      78000 -819.977000
      79000 -820.558468
      80000 -822.220695
      81000 -819.773025
      82000 -820.163899
      83000 -819.490889
      84000 -819.706690
      85000 -819.452638
      86000 -819.633841
      87000 -824.050288
      88000 -819.794870
      89000 -819.660868
      90000 -819.228517
      91000 -819.329398
      92000 -822.278031
      93000 -819.357769
      94000 -827.987781
      95000 -819.989974
      96000 -819.763637
      97000 -819.267170
      98000 -819.469915
      99000 -819.386780
     100000 -820.346925
     101000 -820.625670
     102000 -819.321998
     103000 -820.416575
     104000 -820.679961
     105000 -820.127943
     106000 -819.524249
     107000 -820.617292
     108000 -819.713980
     109000 -819.642673
     110000 -819.229466
     111000 -820.598615
     112000 -819.596103
     113000 -820.632532
     114000 -819.284586
     115000 -819.818542
     116000 -820.821608
     117000 -819.538655
     118000 -819.518515
     119000 -824.267210
     120000 -819.229300
     121000 -819.270737
     122000 -820.081682
     123000 -819.327637
     124000 -819.449366
     125000 -819.759781
     126000 -819.772817
     127000 -819.384561
     128000 -819.457278
     129000 -819.994660
     130000 -819.401423
     131000 -819.271459
     132000 -819.922955
     133000 -819.751309
     134000 -819.305402
     135000 -819.228110
     136000 -819.538130
     137000 -819.495332
     138000 -819.226451
     139000 -820.005657
     140000 -820.656445
     141000 -822.373629
     142000 -822.660370
     143000 -819.975172
     144000 -820.227149
     145000 -819.621598
     146000 -819.417969
     147000 -820.289141
     148000 -819.277455
     149000 -819.247239
     150000 -819.526760
     151000 -824.616931
     152000 -819.572631
     153000 -822.102154
     154000 -819.691549
     155000 -819.719628
     156000 -819.750462
     157000 -819.373558
     158000 -819.772064
     159000 -819.378329
     160000 -823.808511
     161000 -819.432763
     162000 -819.797686
     163000 -819.415881
     164000 -819.454991
     165000 -819.875437
     166000 -819.548946
     167000 -819.287783
     168000 -819.484521
     169000 -819.256313
     170000 -820.102284
     171000 -819.236480
     172000 -819.237653
     173000 -819.253892
     174000 -819.231117
     175000 -819.369749
     176000 -819.451774
     177000 -819.311711
     178000 -824.685863
     179000 -819.262761
     180000 -819.289005
     181000 -819.594875
     182000 -822.813367
     183000 -819.225849
     184000 -819.340605
     185000 -821.183094
     186000 -819.952253
     187000 -821.110478
     188000 -820.219780
     189000 -820.024524
     190000 -819.805150
     191000 -819.450634
     192000 -819.282729
     193000 -820.011896
     194000 -819.563810
     195000 -819.250721
     196000 -819.623935
     197000 -820.368276
     198000 -824.328345
     199000 -821.037858
     200000 -820.470701
     201000 -820.311548
     202000 -819.676215
     203000 -821.323810
     204000 -819.225804
     205000 -819.573158
     206000 -820.148386
     207000 -822.154507
     208000 -819.346607
     209000 -819.388240
     210000 -820.095803
     211000 -819.670714
     212000 -821.017912
     213000 -819.401874
     214000 -819.251716
     215000 -819.300487
     216000 -819.560263
     217000 -819.314036
     218000 -819.431128
     219000 -819.938347
     220000 -821.625879
     221000 -819.635431
     222000 -824.619146
     223000 -820.052809
     224000 -819.869814
     225000 -819.832957
     226000 -819.230332
     227000 -819.297994
     228000 -820.827697
     229000 -819.670254
     230000 -824.419623
     231000 -822.830935
     232000 -820.272739
     233000 -819.272168
     234000 -820.019928
     235000 -820.221756
     236000 -819.728484
     237000 -819.240920
     238000 -819.259083
     239000 -819.233839
     240000 -819.354135
     241000 -819.249222
     242000 -820.103024
     243000 -819.497911
     244000 -819.504787
     245000 -824.027751
     246000 -819.312893
     247000 -820.395850
     248000 -819.302659
     249000 -819.247239
     250000 -819.330484
     251000 -819.227931
     252000 -821.028785
     253000 -819.309277
     254000 -819.230731
     255000 -819.684705
     256000 -819.472495
     257000 -819.397577
     258000 -819.429424
     259000 -820.889703
     260000 -819.265280
     261000 -820.080535
     262000 -820.136873
     263000 -819.865606
     264000 -819.302607
     265000 -819.510136
     266000 -819.225804
     267000 -819.675448
     268000 -820.032624
     269000 -820.429583
     270000 -820.583907
     271000 -827.028752
     272000 -819.454740
     273000 -822.178758
     274000 -819.495521
     275000 -819.495203
     276000 -821.367896
     277000 -819.403744
     278000 -819.231020
     279000 -820.226863
     280000 -819.511569
     281000 -819.231653
     282000 -819.603800
     283000 -823.298941
     284000 -819.900392
     285000 -819.753490
     286000 -819.296748
     287000 -819.748223
     288000 -819.283779
     289000 -824.019155
     290000 -819.337949
     291000 -819.460473
     292000 -819.278084
     293000 -819.226918
     294000 -819.980904
     295000 -819.292880
     296000 -819.275502
     297000 -819.769753
     298000 -819.281149
     299000 -824.456931
     300000 -820.791976
     301000 -819.226147
     302000 -819.352554
     303000 -820.556213
     304000 -819.598255
     305000 -820.443701
     306000 -822.021051
     307000 -819.265676
     308000 -820.278636
     309000 -819.506662
     310000 -819.382324
     311000 -822.267691
     312000 -819.714963
     313000 -820.278469
     314000 -819.226055
     315000 -819.478872
     316000 -819.923763
     317000 -819.461704
     318000 -819.404902
     319000 -819.258791
     320000 -822.345344
     321000 -819.784047
     322000 -821.719249
     323000 -819.365468
     324000 -819.599082
     325000 -819.420379
     326000 -819.272741
     327000 -819.440384
     328000 -819.685929
     329000 -819.983010
     330000 -819.387316
     331000 -819.448432
     332000 -819.422031
     333000 -820.460685
     334000 -819.228718
     335000 -819.231159
     336000 -819.629263
     337000 -819.228400
     338000 -819.422167
     339000 -819.263746
     340000 -819.304247
     341000 -819.269975
     342000 -825.516451
     343000 -820.297960
     344000 -819.558680
     345000 -819.330310
     346000 -819.264840
     347000 -819.673691
     348000 -819.884543
     349000 -819.619845
     350000 -819.442924
     351000 -819.893079
     352000 -819.708754
     353000 -824.146935
     354000 -819.382380
     355000 -819.335023
     356000 -820.034895
     357000 -819.969912
     358000 -819.802143
     359000 -819.435242
     360000 -819.324820
     361000 -819.239859
     362000 -819.914070
     363000 -823.308402
     364000 -819.248182
     365000 -819.475214
     366000 -819.656808
     367000 -819.599129
     368000 -819.671490
     369000 -820.265099
     370000 -819.248363
     371000 -821.074886
     372000 -820.162576
     373000 -819.404952
     374000 -819.361180
     375000 -819.970371
     376000 -819.432182
     377000 -819.282614
     378000 -822.551214
     379000 -819.226699
     380000 -819.279520
     381000 -819.327311
     382000 -819.645790
     383000 -819.375196
     384000 -819.717805
     385000 -820.614021
     386000 -819.226538
     387000 -819.227770
     388000 -819.475261
     389000 -819.477083
     390000 -824.032286
     391000 -819.227742
     392000 -819.229918
     393000 -819.235384
     394000 -822.090862
     395000 -819.288966
     396000 -819.234908
     397000 -819.311691
     398000 -819.258350
     399000 -820.142124
     400000 -823.421169
     401000 -819.755589
     402000 -819.884446
     403000 -819.392074
     404000 -822.350572
     405000 -819.727885
     406000 -819.400197
     407000 -819.512270
     408000 -819.482075
     409000 -819.225991
     410000 -819.678707
     411000 -822.163795
     412000 -819.243816
     413000 -822.705296
     414000 -819.229192
     415000 -819.565514
     416000 -819.227142
     417000 -819.343604
     418000 -819.227889
     419000 -819.287307
     420000 -821.725763
     421000 -819.374891
     422000 -819.949635
     423000 -819.274479
     424000 -820.619728
     425000 -819.241911
     426000 -823.071764
     427000 -819.239162
     428000 -819.235629
     429000 -819.341548
     430000 -819.568563
     431000 -819.230518
     432000 -819.289928
     433000 -824.013526
     434000 -819.528169
     435000 -820.648313
     436000 -819.230414
     437000 -819.884603
     438000 -819.225890
     439000 -820.609985
     440000 -819.237745
     441000 -822.252573
     442000 -819.281845
     443000 -819.630757
     444000 -819.244805
     445000 -819.816658
     446000 -820.825955
     447000 -819.329782
     448000 -819.375579
     449000 -819.364273
     450000 -820.227679
     451000 -820.006007
     452000 -821.807279
     453000 -820.971503
     454000 -824.095434
     455000 -819.927303
     456000 -819.728141
     457000 -819.226095
     458000 -819.384134
     459000 -820.398100
     460000 -819.231246
     461000 -819.472299
     462000 -819.317207
     463000 -819.226029
     464000 -820.743301
     465000 -819.541621
     466000 -821.380479
     467000 -819.283641
     468000 -820.333807
     469000 -819.325793
     470000 -819.241966
     471000 -819.280370
     472000 -822.392850
     473000 -819.295882
     474000 -820.867198
     475000 -819.389066
     476000 -819.454402
     477000 -819.254107
     478000 -820.330499
     479000 -819.230610
     480000 -819.397459
     481000 -819.493369
     482000 -819.965594
     483000 -819.508156
     484000 -819.231419
     485000 -819.258182
     486000 -820.346989
     487000 -819.244738
     488000 -819.333536
     489000 -821.924380
     490000 -820.496238
     491000 -819.662538
     492000 -819.226362
     493000 -819.229530
     494000 -819.534868
     495000 -819.274358
     496000 -819.812729
     497000 -820.116441
     498000 -819.305801
     499000 -819.956004
     500000 -819.423677
     501000 -819.244387
     502000 -819.510847
     503000 -819.946103
     504000 -820.266657
     505000 -819.314558
     506000 -819.778837
     507000 -827.828238
     508000 -819.276272
     509000 -819.953132
     510000 -819.388263
     511000 -820.380111
     512000 -819.225988
     513000 -819.608692
     514000 -819.226046
     515000 -819.952911
     516000 -819.226679
     517000 -823.138526
     518000 -819.612537
     519000 -822.524016
     520000 -819.432759
     521000 -819.243054
     522000 -820.307320
     523000 -819.671009
     524000 -820.584867
     525000 -819.365090
     526000 -824.119965
     527000 -819.530592
     528000 -819.369473
     529000 -820.563068
     530000 -819.848140
     531000 -819.271827
     532000 -819.305656
     533000 -822.241914
     534000 -819.625276
     535000 -819.619510
     536000 -819.910895
     537000 -820.015202
     538000 -820.176198
     539000 -819.405532
     540000 -819.502231
     541000 -819.268990
     542000 -819.503927
     543000 -824.925564
     544000 -820.169666
     545000 -819.520344
     546000 -820.650522
     547000 -820.017456
     548000 -819.471649
     549000 -820.002539
     550000 -820.350651
     551000 -819.668825
     552000 -819.246110
     553000 -819.788153
     554000 -819.944144
     555000 -822.082913
     556000 -819.788450
     557000 -819.225977
     558000 -819.479165
     559000 -820.335739
     560000 -819.777407
     561000 -819.536038
     562000 -819.545137
     563000 -824.017303
     564000 -819.240476
     565000 -819.664202
     566000 -823.260100
     567000 -822.073635
     568000 -819.951724
     569000 -819.261453
     570000 -819.699479
     571000 -819.253507
     572000 -819.725784
     573000 -819.276527
     574000 -819.286092
     575000 -819.337240
     576000 -819.342024
     577000 -819.572609
     578000 -819.393684
     579000 -819.239211
     580000 -819.226201
     581000 -819.247818
     582000 -822.276976
     583000 -819.250606
     584000 -819.264918
     585000 -819.234253
     586000 -820.336959
     587000 -819.255368
     588000 -819.602128
     589000 -819.309627
     590000 -820.323577
     591000 -819.226975
     592000 -819.241043
     593000 -819.514242
     594000 -820.455909
     595000 -820.504728
     596000 -819.328528
     597000 -819.283599
     598000 -819.258684
     599000 -819.458345
     600000 -822.600103
     601000 -819.380569
     602000 -819.394200
     603000 -822.552938
     604000 -819.367886
     605000 -819.322231
     606000 -820.105409
     607000 -820.679535
     608000 -819.228147
     609000 -819.253952
     610000 -819.248277
     611000 -822.605261
     612000 -819.307928
     613000 -820.003034
     614000 -820.468989
     615000 -820.355458
     616000 -819.238836
     617000 -819.353484
     618000 -819.277722
     619000 -819.324374
     620000 -820.548352
     621000 -819.291191
     622000 -819.640238
     623000 -821.196591
     624000 -819.258197
     625000 -819.294398
     626000 -819.599503
     627000 -819.408553
     628000 -820.969136
     629000 -819.226134
     630000 -819.236676
     631000 -820.382916
     632000 -819.872459
     633000 -819.506190
     634000 -819.398062
     635000 -819.423129
     636000 -820.396880
     637000 -819.323380
     638000 -819.811600
     639000 -819.343798
     640000 -819.225964
     641000 -825.512788
     642000 -819.364180
     643000 -820.164984
     644000 -819.919742
     645000 -819.741232
     646000 -819.232363
     647000 -819.745136
     648000 -819.467765
     649000 -819.278189
     650000 -822.311176
     651000 -819.633233
     652000 -819.330814
     653000 -819.509133
     654000 -819.399564
     655000 -822.303593
     656000 -820.080314
     657000 -819.787195
     658000 -819.228702
     659000 -819.304482
     660000 -822.245434
     661000 -819.646119
     662000 -821.412156
     663000 -819.350841
     664000 -819.232518
     665000 -819.244742
     666000 -819.273311
     667000 -819.317513
     668000 -819.386531
     669000 -819.225802
     670000 -820.401074
     671000 -822.302346
     672000 -819.227841
     673000 -822.194519
     674000 -824.635690
     675000 -819.534649
     676000 -819.651775
     677000 -821.340382
     678000 -819.227602
     679000 -819.313238
     680000 -819.293854
     681000 -821.279335
     682000 -821.612961
     683000 -820.225455
     684000 -819.274104
     685000 -819.227051
     686000 -819.483470
     687000 -819.458095
     688000 -819.338297
     689000 -819.376952
     690000 -819.225863
     691000 -822.145192
     692000 -819.538793
     693000 -819.457380
     694000 -819.321340
     695000 -819.249172
     696000 -819.896040
     697000 -819.519687
     698000 -819.712910
     699000 -819.238136
     700000 -819.652603
     701000 -819.320173
     702000 -819.452823
     703000 -820.372275
     704000 -819.611131
     705000 -822.080370
     706000 -819.450262
     707000 -819.456463
     708000 -819.249161
     709000 -819.228427
     710000 -819.706665
     711000 -819.243225
     712000 -819.260903
     713000 -819.270353
     714000 -819.292146
     715000 -819.679486
     716000 -819.246826
     717000 -819.571670
     718000 -821.628145
     719000 -819.260181
     720000 -819.243081
     721000 -819.277220
     722000 -820.449105
     723000 -819.399179
     724000 -821.609574
     725000 -819.838885
     726000 -819.324329
     727000 -824.116893
     728000 -820.374779
     729000 -819.877998
     730000 -819.309209
     731000 -819.243834
     732000 -819.227855
     733000 -819.296694
     734000 -819.321181
     735000 -819.229390
     736000 -819.324423
     737000 -819.282175
     738000 -819.361612
     739000 -819.228160
     740000 -819.340719
     741000 -819.379257
     742000 -819.475822
     743000 -820.792501
     744000 -819.289347
     745000 -821.798035
     746000 -820.126685
     747000 -819.355699
     748000 -819.301023
     749000 -820.771630
     750000 -820.001652
     751000 -820.904597
     752000 -820.126691
     753000 -820.818498
     754000 -819.383317
     755000 -819.420061
     756000 -819.254952
     757000 -819.245738
     758000 -820.075719
     759000 -819.871054
     760000 -819.396944
     761000 -819.444971
     762000 -819.596221
     763000 -819.734477
     764000 -820.456417
     765000 -820.524267
     766000 -819.248954
     767000 -820.310909
     768000 -823.254543
     769000 -819.638056
     770000 -819.429841
     771000 -819.233746
     772000 -820.555366
     773000 -819.330136
     774000 -820.397697
     775000 -819.243293
     776000 -819.264115
     777000 -825.639916
     778000 -819.717105
     779000 -819.636608
     780000 -819.506483
     781000 -819.394266
     782000 -824.268272
     783000 -819.242662
     784000 -819.238792
     785000 -819.226340
     786000 -828.622704
     787000 -820.368597
     788000 -819.666109
     789000 -819.590946
     790000 -819.647198
     791000 -820.171175
     792000 -819.225834
     793000 -819.250997
     794000 -819.226211
     795000 -820.143040
     796000 -819.739728
     797000 -823.717764
     798000 -820.562699
     799000 -822.124199
     800000 -820.453397
     801000 -821.597513
     802000 -819.776955
     803000 -820.576610
     804000 -819.653829
     805000 -820.362363
     806000 -819.333615
     807000 -819.894176
     808000 -820.167042
     809000 -819.856509
     810000 -819.225818
     811000 -820.379214
     812000 -825.419306
     813000 -824.106367
     814000 -824.472762
     815000 -820.142036
     816000 -819.482330
     817000 -819.226346
     818000 -819.470339
     819000 -819.232470
     820000 -819.311312
     821000 -819.493387
     822000 -819.824248
     823000 -819.231823
     824000 -819.317196
     825000 -819.246997
     826000 -819.774385
     827000 -820.387075
     828000 -819.240318
     829000 -820.675810
     830000 -820.548878
     831000 -820.653974
     832000 -819.227931
     833000 -821.920542
     834000 -820.907132
     835000 -819.411579
     836000 -821.246637
     837000 -819.227101
     838000 -819.494685
     839000 -819.253545
     840000 -819.598930
     841000 -819.264802
     842000 -822.076503
     843000 -820.650469
     844000 -819.270919
     845000 -819.770079
     846000 -819.274443
     847000 -820.009444
     848000 -824.083284
     849000 -820.058110
     850000 -819.229207
     851000 -819.450740
     852000 -821.672096
     853000 -819.328383
     854000 -819.325315
     855000 -819.445048
     856000 -819.621358
     857000 -819.256559
     858000 -819.339131
     859000 -819.225801
     860000 -819.228884
     861000 -820.413918
     862000 -820.500589
     863000 -820.350801
     864000 -819.262553
     865000 -821.044753
     866000 -819.753847
     867000 -819.381678
     868000 -820.373550
     869000 -822.545711
     870000 -819.237003
     871000 -822.344117
     872000 -827.273578
     873000 -819.977056
     874000 -819.266297
     875000 -822.091390
     876000 -820.846517
     877000 -819.234549
     878000 -819.226325
     879000 -819.229629
     880000 -819.903825
     881000 -820.634330
     882000 -819.252205
     883000 -819.237635
     884000 -824.794769
     885000 -819.471061
     886000 -822.585078
     887000 -820.290674
     888000 -819.308817
     889000 -819.231699
     890000 -819.513147
     891000 -819.965758
     892000 -822.979956
     893000 -819.650774
     894000 -819.292074
     895000 -819.515557
     896000 -819.250538
     897000 -819.254876
     898000 -819.815472
     899000 -819.534668
     900000 -819.695247
     901000 -820.081487
     902000 -819.384326
     903000 -819.259190
     904000 -819.331250
     905000 -824.200979
     906000 -822.099885
     907000 -820.502782
     908000 -819.290750
     909000 -819.265969
     910000 -819.229113
     911000 -819.851287
     912000 -820.327972
     913000 -819.259507
     914000 -819.819451
     915000 -824.212333
     916000 -820.456203
     917000 -819.240072
     918000 -820.140643
     919000 -819.245707
     920000 -819.819894
     921000 -819.573931
     922000 -824.011893
     923000 -819.750433
     924000 -820.887576
     925000 -820.884067
     926000 -819.824238
     927000 -819.297881
     928000 -819.289495
     929000 -819.239724
     930000 -819.599798
     931000 -820.232653
     932000 -819.576165
     933000 -819.526514
     934000 -819.497151
     935000 -819.431964
     936000 -819.261384
     937000 -819.273012
     938000 -819.511151
     939000 -819.899657
     940000 -821.540055
     941000 -819.283271
     942000 -819.230573
     943000 -821.120614
     944000 -819.515720
     945000 -819.530491
     946000 -819.496748
     947000 -822.074167
     948000 -820.739655
     949000 -819.230408
     950000 -819.226058
     951000 -819.245718
     952000 -819.234674
     953000 -819.979598
     954000 -819.292463
     955000 -819.398426
     956000 -819.405524
     957000 -821.737745
     958000 -819.438276
     959000 -819.473941
     960000 -819.468935
     961000 -819.300037
     962000 -819.346291
     963000 -819.269237
     964000 -819.930510
     965000 -824.988506
     966000 -820.378296
     967000 -819.225881
     968000 -825.685142
     969000 -819.461257
     970000 -819.578255
     971000 -819.285354
     972000 -819.247187
     973000 -819.936633
     974000 -819.890721
     975000 -822.508608
     976000 -819.401935
     977000 -819.272704
     978000 -819.865532
     979000 -819.337285
     980000 -819.328458
     981000 -820.548587
     982000 -819.273138
     983000 -822.136717
     984000 -819.235090
     985000 -819.323759
     986000 -820.399061
     987000 -819.331482
     988000 -821.527771
     989000 -819.353812
     990000 -820.214081
     991000 -819.363894
     992000 -822.144624
     993000 -819.691781
     994000 -819.306848
     995000 -822.246179
     996000 -820.014938
     997000 -819.395704
     998000 -819.529518
     999000 -819.232174
    1000000 -819.236247
    1001000 -819.464849
    1002000 -819.400443
    1003000 -819.577033
    1004000 -821.570968
    1005000 -819.306928
    1006000 -819.527198
    1007000 -819.782525
    1008000 -822.232777
    1009000 -825.523745
    1010000 -819.255661
    1011000 -820.439210
    1012000 -819.923260
    1013000 -819.246895
    1014000 -819.372016
    1015000 -819.415836
    1016000 -819.226049
    1017000 -819.331860
    1018000 -820.073180
    1019000 -819.859701
    1020000 -820.315786
    1021000 -819.228056
    1022000 -819.481249
    1023000 -820.654968
    1024000 -820.018973
    1025000 -819.282038
    1026000 -819.615179
    1027000 -819.326509
    1028000 -819.511720
    1029000 -819.781170
    1030000 -820.070538
    1031000 -820.022121
    1032000 -819.741529
    1033000 -819.355821
    1034000 -819.635030
    1035000 -821.617361
    1036000 -819.469884
    1037000 -822.117022
    1038000 -819.412959
    1039000 -819.256780
    1040000 -819.232451
    1041000 -819.387486
    1042000 -819.850818
    1043000 -823.369739
    1044000 -819.255321
    1045000 -820.139373
    1046000 -819.312549
    1047000 -819.303732
    1048000 -819.328149
    1049000 -819.644635
    1050000 -819.241548
    1051000 -820.276089
    1052000 -819.345767
    1053000 -819.672587
    1054000 -819.455807
    1055000 -819.586608
    1056000 -820.334256
    1057000 -820.032259
    1058000 -819.234699
    1059000 -819.819676
    1060000 -819.234406
    1061000 -819.601153
    1062000 -819.689909
    1063000 -819.704323
    1064000 -820.321775
    1065000 -819.871399
    1066000 -824.761430
    1067000 -819.226997
    1068000 -819.235342
    1069000 -819.228878
    1070000 -819.225959
    1071000 -819.505245
    1072000 -819.329260
    1073000 -821.101848
    1074000 -822.206662
    1075000 -819.407899
    1076000 -819.238499
    1077000 -819.231166
    1078000 -820.296832
    1079000 -819.227643
    1080000 -822.986837
    1081000 -819.696620
    1082000 -819.760638
    1083000 -820.801408
    1084000 -819.267248
    1085000 -819.780291
    1086000 -822.592167
    1087000 -820.061850
    1088000 -819.276396
    1089000 -820.829647
    1090000 -819.632408
    1091000 -821.366255
    1092000 -819.324994
    1093000 -821.134794
    1094000 -819.226593
    1095000 -819.313099
    1096000 -820.469956
    1097000 -819.290022
    1098000 -819.898803
    1099000 -819.422931
    1100000 -819.318259
    1101000 -819.256400
    1102000 -819.266995
    1103000 -819.554145
    1104000 -819.279673
    1105000 -824.775451
    1106000 -819.462740
    1107000 -819.467272
    1108000 -819.491965
    1109000 -822.080351
    1110000 -820.314577
    1111000 -819.985871
    1112000 -819.498179
    1113000 -819.234876
    1114000 -819.350192
    1115000 -819.239094
    1116000 -819.227460
    1117000 -819.613923
    1118000 -819.638455
    1119000 -819.802021
    1120000 -819.255962
    1121000 -819.308536
    1122000 -819.225804
    1123000 -819.314924
    1124000 -819.340353
    1125000 -819.941889
    1126000 -819.412372
    1127000 -819.547840
    1128000 -821.209667
    1129000 -819.244315
    1130000 -819.578218
    1131000 -820.244475
    1132000 -819.373236
    1133000 -820.073021
    1134000 -819.255201
    1135000 -819.439411
    1136000 -820.832867
    1137000 -819.679016
    1138000 -820.732404
    1139000 -819.299542
    1140000 -819.361431
    1141000 -819.341071
    1142000 -819.759323
    1143000 -819.282296
    1144000 -819.245560
    1145000 -821.753124
    1146000 -819.980557
    1147000 -819.229830
    1148000 -819.754041
    1149000 -819.527481
    1150000 -819.263718
    1151000 -819.307384
    1152000 -819.966992
    1153000 -820.836313
    1154000 -819.314990
    1155000 -819.247017
    1156000 -819.364479
    1157000 -819.266311
    1158000 -819.272996
    1159000 -819.353948
    1160000 -819.246369
    1161000 -821.173670
    1162000 -819.225821
    1163000 -819.257982
    1164000 -819.409350
    1165000 -819.884255
    1166000 -820.387005
    1167000 -819.411678
    1168000 -819.297970
    1169000 -819.773462
    1170000 -819.846880
    1171000 -820.323456
    1172000 -819.469536
    1173000 -819.253954
    1174000 -820.094556
    1175000 -822.098388
    1176000 -819.226625
    1177000 -819.550450
    1178000 -824.916760
    1179000 -820.181642
    1180000 -819.306151
    1181000 -819.895683
    1182000 -819.859711
    1183000 -819.892216
    1184000 -819.834633
    1185000 -819.236391
    1186000 -819.226358
    1187000 -819.225873
    1188000 -819.391694
    1189000 -819.506494
    1190000 -819.791932
    1191000 -819.427834
    1192000 -819.261894
    1193000 -819.328383
    1194000 -822.273445
    1195000 -820.573230
    1196000 -819.231718
    1197000 -819.454351
    1198000 -819.807156
    1199000 -819.285132
    1200000 -820.332205
    1201000 -819.299831
    1202000 -819.238872
    1203000 -820.188950
    1204000 -820.385260
    1205000 -819.226535
    1206000 -819.225862
    1207000 -819.262970
    1208000 -819.499997
    1209000 -820.317524
    1210000 -819.233846
    1211000 -820.554751
    1212000 -819.289209
    1213000 -819.260564
    1214000 -819.870931
    1215000 -819.355678
    1216000 -820.475140
    1217000 -819.501574
    1218000 -819.236044
    1219000 -820.256770
    1220000 -819.506288
    1221000 -820.918390
    1222000 -821.808447
    1223000 -820.040096
    1224000 -819.479734
    1225000 -819.228969
    1226000 -819.915708
    1227000 -822.074020
    1228000 -819.374780
    1229000 -819.229700
    1230000 -819.633806
    1231000 -819.253127
    1232000 -819.507206
    1233000 -819.250407
    1234000 -819.254967
    1235000 -819.229288
    1236000 -820.080475
    1237000 -820.262530
    1238000 -819.257231
    1239000 -819.253016
    1240000 -819.282223
    1241000 -819.372468
    1242000 -819.390831
    1243000 -822.399331
    1244000 -823.215794
    1245000 -819.664967
    1246000 -820.191043
    1247000 -819.458473
    1248000 -819.356568
    1249000 -819.988959
    1250000 -819.255923
    1251000 -819.225925
    1252000 -819.237941
    1253000 -819.264066
    1254000 -822.171418
    1255000 -820.062364
    1256000 -819.300195
    1257000 -819.514050
    1258000 -820.205065
    1259000 -819.635384
    1260000 -820.764373
    1261000 -819.996625
    1262000 -820.149008
    1263000 -819.674397
    1264000 -819.880976
    1265000 -819.225935
    1266000 -819.410806
    1267000 -819.316972
    1268000 -822.661344
    1269000 -819.226340
    1270000 -819.259903
    1271000 -819.226168
    1272000 -821.855850
    1273000 -819.337269
    1274000 -819.436789
    1275000 -819.498808
    1276000 -820.335616
    1277000 -819.241776
    1278000 -822.577356
    1279000 -824.013716
    1280000 -824.080012
    1281000 -820.318127
    1282000 -821.252052
    1283000 -819.368769
    1284000 -819.344811
    1285000 -819.765297
    1286000 -827.291516
    1287000 -819.225808
    1288000 -819.348426
    1289000 -819.438653
    1290000 -819.810769
    1291000 -819.270475
    1292000 -819.571889
    1293000 -819.396347
    1294000 -820.582944
    1295000 -820.479794
    1296000 -820.738391
    1297000 -819.404197
    1298000 -820.098301
    1299000 -819.567292
    1300000 -819.227884
    1301000 -819.248181
    1302000 -819.263428
    1303000 -819.274375
    1304000 -822.180519
    1305000 -819.660952
    1306000 -819.628433
    1307000 -819.553944
    1308000 -819.788520
    1309000 -820.345345
    1310000 -819.680391
    1311000 -819.848456
    1312000 -820.249348
    1313000 -819.290109
    1314000 -819.280644
    1315000 -822.569554
    1316000 -822.691770
    1317000 -820.261894
    1318000 -819.318498
    1319000 -819.702561
    1320000 -820.816175
    1321000 -819.316183
    1322000 -819.260700
    1323000 -819.375444
    1324000 -819.353690
    1325000 -819.609606
    1326000 -819.290969
    1327000 -819.427260
    1328000 -819.369366
    1329000 -819.799750
    1330000 -819.299008
    1331000 -819.321903
    1332000 -819.616465
    1333000 -819.345946
    1334000 -819.422340
    1335000 -819.226175
    1336000 -819.549900
    1337000 -822.073680
    1338000 -820.047168
    1339000 -822.841265
    1340000 -819.258831
    1341000 -820.202372
    1342000 -819.230875
    1343000 -820.643649
    1344000 -820.479047
    1345000 -819.225975
    1346000 -819.263109
    1347000 -819.549719
    1348000 -819.318693
    1349000 -820.129185
    1350000 -819.853560
    1351000 -819.308912
    1352000 -819.666942
    1353000 -820.814653
    1354000 -820.003372
    1355000 -819.393901
    1356000 -819.431656
    1357000 -822.165086
    1358000 -819.263060
    1359000 -819.235616
    1360000 -820.214849
    1361000 -823.911780
    1362000 -819.385358
    1363000 -819.404930
    1364000 -820.276026
    1365000 -819.448771
    1366000 -821.240247
    1367000 -819.579090
    1368000 -823.481150
    1369000 -819.225905
    1370000 -819.243729
    1371000 -819.252601
    1372000 -819.577316
    1373000 -819.808418
    1374000 -819.565268
    1375000 -824.023501
    1376000 -819.329943
    1377000 -819.458922
    1378000 -819.315556
    1379000 -825.432055
    1380000 -819.375446
    1381000 -819.227381
    1382000 -819.671371
    1383000 -819.238560
    1384000 -819.769411
    1385000 -819.524077
    1386000 -819.226652
    1387000 -819.251737
    1388000 -819.335875
    1389000 -819.991154
    1390000 -820.031145
    1391000 -819.728073
    1392000 -819.397395
    1393000 -819.247972
    1394000 -819.869818
    1395000 -819.234379
    1396000 -819.448837
    1397000 -819.409423
    1398000 -819.308850
    1399000 -819.509670
    1400000 -819.773374
    1401000 -819.535813
    1402000 -820.013265
    1403000 -819.263154
    1404000 -819.240834
    1405000 -819.480794
    1406000 -819.452622
    1407000 -824.373896
    1408000 -820.629321
    1409000 -819.457877
    1410000 -819.226474
    1411000 -819.286437
    1412000 -819.998544
    1413000 -819.976828
    1414000 -819.542331
    1415000 -819.699929
    1416000 -819.387065
    1417000 -819.234677
    1418000 -819.700106
    1419000 -819.263558
    1420000 -822.073938
    1421000 -819.848530
    1422000 -819.227274
    1423000 -822.193372
    1424000 -819.303057
    1425000 -819.418622
    1426000 -820.704105
    1427000 -820.215148
    1428000 -819.920279
    1429000 -819.643540
    1430000 -819.227542
    1431000 -819.232753
    1432000 -819.238977
    1433000 -819.393404
    1434000 -821.034576
    1435000 -819.226385
    1436000 -819.345152
    1437000 -819.254939
    1438000 -819.366065
    1439000 -819.834026
    1440000 -819.237746
    1441000 -819.384713
    1442000 -819.454963
    1443000 -819.228621
    1444000 -819.480703
    1445000 -819.565251
    1446000 -819.225977
    1447000 -819.378958
    1448000 -819.326799
    1449000 -819.926581
    1450000 -819.572607
    1451000 -823.171872
    1452000 -819.225822
    1453000 -819.758969
    1454000 -819.611454
    1455000 -819.229561
    1456000 -819.689311
    1457000 -822.123455
    1458000 -820.633189
    1459000 -819.632005
    1460000 -819.241204
    1461000 -819.232423
    1462000 -819.370580
    1463000 -819.382921
    1464000 -819.537603
    1465000 -819.412673
    1466000 -820.518906
    1467000 -819.250305
    1468000 -819.429573
    1469000 -819.236939
    1470000 -819.346444
    1471000 -819.525408
    1472000 -819.612764
    1473000 -819.268635
    1474000 -819.257619
    1475000 -819.431302
    1476000 -821.568632
    1477000 -822.537230
    1478000 -819.402083
    1479000 -819.462433
    1480000 -819.793428
    1481000 -822.156698
    1482000 -819.299882
    1483000 -819.759918
    1484000 -820.412916
    1485000 -819.311161
    1486000 -824.064454
    1487000 -819.288631
    1488000 -819.304113
    1489000 -819.331474
    1490000 -819.781659
    1491000 -822.130897
    1492000 -821.002041
    1493000 -819.260970
    1494000 -819.608501
    1495000 -820.044801
    1496000 -819.236373
    1497000 -819.232795
    1498000 -822.897121
    1499000 -819.366804
    1500000 -819.266913
    1501000 -819.687140
    1502000 -822.375565
    1503000 -819.407010
    1504000 -819.336987
    1505000 -819.580704
    1506000 -819.249813
    1507000 -820.222264
    1508000 -819.289129
    1509000 -819.519804
    1510000 -819.549766
    1511000 -819.443880
    1512000 -819.276456
    1513000 -819.267654
    1514000 -819.238393
    1515000 -819.393693
    1516000 -820.324088
    1517000 -819.233744
    1518000 -819.620927
    1519000 -820.996060
    1520000 -819.681834
    1521000 -820.016562
    1522000 -819.823418
    1523000 -819.305582
    1524000 -825.088886
    1525000 -819.251675
    1526000 -819.392032
    1527000 -819.555933
    1528000 -819.240118
    1529000 -819.225841
    1530000 -820.464189
    1531000 -819.243794
    1532000 -819.408673
    1533000 -819.226635
    1534000 -819.238738
    1535000 -820.304526
    1536000 -819.285719
    1537000 -821.083442
    1538000 -820.082253
    1539000 -820.898227
    1540000 -819.469371
    1541000 -819.643978
    1542000 -819.302078
    1543000 -819.226167
    1544000 -824.751888
    1545000 -819.298711
    1546000 -819.225812
    1547000 -821.102807
    1548000 -820.409026
    1549000 -819.881802
    1550000 -819.397784
    1551000 -820.408208
    1552000 -822.384040
    1553000 -819.262885
    1554000 -819.229574
    1555000 -821.445424
    1556000 -819.378670
    1557000 -819.397781
    1558000 -819.235633
    1559000 -820.040447
    1560000 -821.039044
    1561000 -819.339844
    1562000 -819.369650
    1563000 -820.171787
    1564000 -819.235354
    1565000 -819.331776
    1566000 -819.348401
    1567000 -819.240364
    1568000 -819.573867
    1569000 -819.237407
    1570000 -820.135000
    1571000 -819.318895
    1572000 -822.076196
    1573000 -819.423882
    1574000 -819.722723
    1575000 -819.237352
    1576000 -819.460488
    1577000 -819.228881
    1578000 -819.725979
    1579000 -819.459397
    1580000 -819.695978
    1581000 -819.867527
    1582000 -819.734017
    1583000 -820.073941
    1584000 -819.255037
    1585000 -819.225985
    1586000 -819.226864
    1587000 -819.246060
    1588000 -819.227508
    1589000 -822.423578
    1590000 -820.349961
    1591000 -819.266526
    1592000 -819.241322
    1593000 -819.316675
    1594000 -819.610604
    1595000 -819.256942
    1596000 -819.228200
    1597000 -819.227053
    1598000 -820.547929
    1599000 -819.304000
    1600000 -819.314017
    1601000 -819.369088
    1602000 -819.307057
    1603000 -819.383786
    1604000 -819.419354
    1605000 -819.595887
    1606000 -819.230482
    1607000 -819.258358
    1608000 -819.300709
    1609000 -819.261966
    1610000 -819.707181
    1611000 -819.326460
    1612000 -819.235365
    1613000 -819.334528
    1614000 -819.454233
    1615000 -822.729090
    1616000 -819.227790
    1617000 -830.344596
    1618000 -819.225832
    1619000 -820.807726
    1620000 -819.268765
    1621000 -825.698267
    1622000 -829.842908
    1623000 -819.225813
    1624000 -819.582034
    1625000 -819.366773
    1626000 -820.057790
    1627000 -819.250777
    1628000 -824.499817
    1629000 -819.276313
    1630000 -823.093746
    1631000 -819.784320
    1632000 -819.239925
    1633000 -822.344045
    1634000 -819.619353
    1635000 -819.310548
    1636000 -819.228727
    1637000 -822.927047
    1638000 -819.645404
    1639000 -819.477654
    1640000 -819.234864
    1641000 -819.715214
    1642000 -820.565267
    1643000 -820.284184
    1644000 -819.265001
    1645000 -819.282365
    1646000 -821.351960
    1647000 -819.296442
    1648000 -819.269748
    1649000 -819.486254
    1650000 -819.252760
    1651000 -822.369674
    1652000 -819.295219
    1653000 -819.569041
    1654000 -820.048680
    1655000 -819.239093
    1656000 -819.237398
    1657000 -819.294519
    1658000 -819.628304
    1659000 -819.247660
    1660000 -819.323777
    1661000 -819.254919
    1662000 -819.228439
    1663000 -819.529934
    1664000 -819.225944
    1665000 -819.250830
    1666000 -825.182462
    1667000 -819.334921
    1668000 -819.474337
    1669000 -819.313191
    1670000 -821.282751
    1671000 -819.348376
    1672000 -819.985297
    1673000 -819.372506
    1674000 -819.586188
    1675000 -819.652462
    1676000 -821.718108
    1677000 -820.666718
    1678000 -819.678229
    1679000 -819.242120
    1680000 -819.396506
    1681000 -819.300125
    1682000 -819.484168
    1683000 -819.357209
    1684000 -819.434824
    1685000 -819.262270
    1686000 -819.233990
    1687000 -820.295222
    1688000 -819.226700
    1689000 -819.294050
    1690000 -819.440114
    1691000 -819.432802
    1692000 -819.883891
    1693000 -819.417201
    1694000 -822.359681
    1695000 -820.570189
    1696000 -819.229623
    1697000 -819.412155
    1698000 -819.229077
    1699000 -819.778035
    1700000 -821.737239
    1701000 -819.527766
    1702000 -819.548688
    1703000 -824.517334
    1704000 -819.748195
    1705000 -819.242790
    1706000 -819.455964
    1707000 -819.226879
    1708000 -820.087445
    1709000 -819.719657
    1710000 -819.245699
    1711000 -819.268843
    1712000 -819.342337
    1713000 -819.247096
    1714000 -819.229934
    1715000 -819.468987
    1716000 -819.575938
    1717000 -819.247666
    1718000 -819.286352
    1719000 -820.519799
    1720000 -820.057765
    1721000 -820.866735
    1722000 -819.667077
    1723000 -819.498276
    1724000 -820.039103
    1725000 -822.914099
    1726000 -819.226793
    1727000 -820.671710
    1728000 -819.636214
    1729000 -819.345107
    1730000 -820.632941
    1731000 -819.455371
    1732000 -819.682292
    1733000 -821.447984
    1734000 -819.589899
    1735000 -819.225893
    1736000 -819.273778
    1737000 -819.227061
    1738000 -819.563926
    1739000 -822.193027
    1740000 -819.289482
    1741000 -820.259668
    1742000 -821.052334
    1743000 -819.418284
    1744000 -819.901443
    1745000 -829.308964
    1746000 -819.302077
    1747000 -819.400202
    1748000 -819.350694
    1749000 -819.253603
    1750000 -819.460589
    1751000 -819.276809
    1752000 -819.435886
    1753000 -822.166523
    1754000 -824.030165
    1755000 -819.276584
    1756000 -819.225837
    1757000 -819.228521
    1758000 -819.901890
    1759000 -819.229880
    1760000 -819.461715
    1761000 -819.546160
    1762000 -819.275664
    1763000 -819.319273
    1764000 -819.253633
    1765000 -819.503103
    1766000 -819.291134
    1767000 -819.302306
    1768000 -819.495186
    1769000 -819.705046
    1770000 -820.398457
    1771000 -820.053737
    1772000 -822.152372
    1773000 -819.225919
    1774000 -819.625681
    1775000 -819.261463
    1776000 -819.422266
    1777000 -820.033532
    1778000 -819.228354
    1779000 -819.391012
    1780000 -819.591766
    1781000 -819.746533
    1782000 -819.251152
    1783000 -819.707700
    1784000 -826.930942
    1785000 -819.233492
    1786000 -819.338118
    1787000 -819.293198
    1788000 -819.226519
    1789000 -819.254522
    1790000 -819.556485
    1791000 -819.238982
    1792000 -819.349865
    1793000 -819.335534
    1794000 -821.978348
    1795000 -821.862224
    1796000 -819.275086
    1797000 -822.005515
    1798000 -819.511010
    1799000 -820.567906
    1800000 -820.360922
    1801000 -819.273444
    1802000 -819.517731
    1803000 -819.286412
    1804000 -820.176895
    1805000 -819.558342
    1806000 -819.274762
    1807000 -819.564562
    1808000 -819.245497
    1809000 -820.441005
    1810000 -819.631619
    1811000 -819.402074
    1812000 -819.227043
    1813000 -819.245767
    1814000 -819.766681
    1815000 -819.441088
    1816000 -819.373070
    1817000 -819.317695
    1818000 -819.228745
    1819000 -819.225811
    1820000 -820.067651
    1821000 -819.236334
    1822000 -819.447485
    1823000 -819.429965
    1824000 -819.283692
    1825000 -819.244152
    1826000 -821.255378
    1827000 -820.681497
    1828000 -819.226363
    1829000 -822.073991
    1830000 -820.300044
    1831000 -822.405286
    1832000 -819.265915
    1833000 -819.226138
    1834000 -819.229535
    1835000 -819.930838
    1836000 -820.129654
    1837000 -820.936235
    1838000 -821.040053
    1839000 -824.175848
    1840000 -819.697573
    1841000 -819.227511
    1842000 -819.232442
    1843000 -819.241412
    1844000 -821.606071
    1845000 -822.087880
    1846000 -819.678028
    1847000 -819.262006
    1848000 -827.407253
    1849000 -820.025993
    1850000 -819.264723
    1851000 -819.263192
    1852000 -819.246999
    1853000 -819.358050
    1854000 -819.226975
    1855000 -821.594555
    1856000 -819.281188
    1857000 -822.111051
    1858000 -822.127752
    1859000 -819.546936
    1860000 -819.323967
    1861000 -819.680663
    1862000 -819.594330
    1863000 -819.282083
    1864000 -819.378575
    1865000 -819.724976
    1866000 -819.566585
    1867000 -819.933511
    1868000 -819.500258
    1869000 -819.935747
    1870000 -819.579114
    1871000 -819.428125
    1872000 -819.248996
    1873000 -822.083232
    1874000 -819.340758
    1875000 -819.527064
    1876000 -819.226414
    1877000 -819.495006
    1878000 -819.226700
    1879000 -819.370632
    1880000 -819.264615
    1881000 -819.237345
    1882000 -819.568895
    1883000 -820.273898
    1884000 -819.379312
    1885000 -822.125855
    1886000 -819.228914
    1887000 -819.273263
    1888000 -822.581472
    1889000 -819.229622
    1890000 -819.403600
    1891000 -819.616692
    1892000 -819.389836
    1893000 -819.310693
    1894000 -819.509373
    1895000 -819.313674
    1896000 -819.225844
    1897000 -819.548700
    1898000 -819.457448
    1899000 -819.315074
    1900000 -819.336703
    1901000 -819.526540
    1902000 -824.110601
    1903000 -819.924522
    1904000 -819.245367
    1905000 -819.251418
    1906000 -819.356364
    1907000 -819.294622
    1908000 -819.266252
    1909000 -819.280562
    1910000 -819.236589
    1911000 -819.793878
    1912000 -819.235629
    1913000 -819.518687
    1914000 -819.326940
    1915000 -819.282087
    1916000 -819.792679
    1917000 -822.228246
    1918000 -822.263936
    1919000 -819.430352
    1920000 -819.600330
    1921000 -820.994167
    1922000 -819.365176
    1923000 -820.064708
    1924000 -819.273217
    1925000 -819.391031
    1926000 -819.282550
    1927000 -819.333768
    1928000 -821.109557
    1929000 -819.231098
    1930000 -819.231994
    1931000 -819.303255
    1932000 -820.350419
    1933000 -820.424023
    1934000 -819.676011
    1935000 -819.509684
    1936000 -821.357952
    1937000 -819.253679
    1938000 -819.618361
    1939000 -821.215345
    1940000 -820.571799
    1941000 -819.233857
    1942000 -820.329661
    1943000 -819.939936
    1944000 -820.342643
    1945000 -819.480847
    1946000 -819.736278
    1947000 -821.668908
    1948000 -819.893496
    1949000 -819.304657
    1950000 -819.259971
    1951000 -820.198902
    1952000 -819.865662
    1953000 -819.379637
    1954000 -820.131832
    1955000 -819.711289
    1956000 -819.249110
    1957000 -819.273328
    1958000 -819.897510
    1959000 -824.818805
    1960000 -819.585099
    1961000 -822.202109
    1962000 -821.035805
    1963000 -819.295279
    1964000 -819.236578
    1965000 -819.240913
    1966000 -819.300001
    1967000 -819.785906
    1968000 -821.255059
    1969000 -819.227541
    1970000 -819.229782
    1971000 -819.789216
    1972000 -819.252949
    1973000 -821.508340
    1974000 -819.893466
    1975000 -822.082967
    1976000 -820.219002
    1977000 -819.398959
    1978000 -819.281357
    1979000 -819.396041
    1980000 -819.890839
    1981000 -819.261689
    1982000 -819.245067
    1983000 -819.934917
    1984000 -819.263227
    1985000 -819.234961
    1986000 -822.776731
    1987000 -819.969809
    1988000 -819.756772
    1989000 -819.477507
    1990000 -819.309812
    1991000 -819.293785
    1992000 -819.322289
    1993000 -820.068356
    1994000 -819.630098
    1995000 -822.837549
    1996000 -819.316838
    1997000 -820.209169
    1998000 -819.304843
    1999000 -819.794615
    2000000 -819.227291
    2001000 -824.756726
    2002000 -822.234731
    2003000 -822.083004
    2004000 -819.286699
    2005000 -819.647361
    2006000 -823.348270
    2007000 -819.265238
    2008000 -819.462667
    2009000 -819.393871
    2010000 -819.349487
    2011000 -820.275495
    2012000 -819.550638
    2013000 -819.484622
    2014000 -819.240009
    2015000 -819.264696
    2016000 -819.493989
    2017000 -819.365449
    2018000 -819.361847
    2019000 -819.772395
    2020000 -819.569788
    2021000 -820.383076
    2022000 -820.756416
    2023000 -819.312704
    2024000 -820.030902
    2025000 -819.513614
    2026000 -822.283661
    2027000 -821.962365
    2028000 -819.360995
    2029000 -819.709457
    2030000 -819.518184
    2031000 -819.264969
    2032000 -819.645219
    2033000 -819.254740
    2034000 -819.648322
    2035000 -819.377181
    2036000 -819.238996
    2037000 -819.227062
    2038000 -820.688901
    2039000 -819.460634
    2040000 -819.236098
    2041000 -819.654465
    2042000 -819.929112
    2043000 -819.545254
    2044000 -820.086445
    2045000 -819.419684
    2046000 -819.632857
    2047000 -819.390673
    2048000 -819.604765
    2049000 -819.348383
    2050000 -819.445630
    2051000 -819.516195
    2052000 -819.239242
    2053000 -819.457127
    2054000 -819.898391
    2055000 -822.117993
    2056000 -819.239140
    2057000 -820.275753
    2058000 -819.312695
    2059000 -819.335071
    2060000 -819.629401
    2061000 -819.274705
    2062000 -819.276884
    2063000 -824.080925
    2064000 -820.240049
    2065000 -819.226703
    2066000 -819.312695
    2067000 -820.926711
    2068000 -821.398074
    2069000 -819.336141
    2070000 -819.973097
    2071000 -820.126294
    2072000 -820.389818
    2073000 -819.492856
    2074000 -824.155012
    2075000 -819.226883
    2076000 -820.252966
    2077000 -819.257688
    2078000 -819.261296
    2079000 -819.304665
    2080000 -819.802050
    2081000 -819.924444
    2082000 -819.666102
    2083000 -819.283024
    2084000 -820.226751
    2085000 -819.629592
    2086000 -819.539346
    2087000 -822.080628
    2088000 -819.561004
    2089000 -819.373902
    2090000 -819.862103
    2091000 -819.273175
    2092000 -819.590523
    2093000 -819.230041
    2094000 -819.242376
    2095000 -822.294525
    2096000 -819.449966
    2097000 -819.320708
    2098000 -821.319384
    2099000 -820.929228
    2100000 -819.254107
    2101000 -822.407582
    2102000 -819.255261
    2103000 -819.233716
    2104000 -820.212936
    2105000 -819.241024
    2106000 -820.817699
    2107000 -819.450508
    2108000 -819.286868
    2109000 -819.237010
    2110000 -819.472768
    2111000 -819.243844
    2112000 -820.501042
    2113000 -819.236346
    2114000 -820.443931
    2115000 -819.328656
    2116000 -819.280457
    2117000 -819.341873
    2118000 -819.560512
    2119000 -821.698698
    2120000 -819.480977
    2121000 -819.243672
    2122000 -819.921272
    2123000 -819.266666
    2124000 -819.248955
    2125000 -820.033774
    2126000 -819.875366
    2127000 -819.378064
    2128000 -819.588895
    2129000 -819.255752
    2130000 -819.980817
    2131000 -819.668784
    2132000 -819.246652
    2133000 -819.364190
    2134000 -819.621584
    2135000 -824.980479
    2136000 -819.422679
    2137000 -820.469399
    2138000 -819.819915
    2139000 -819.733927
    2140000 -819.866898
    2141000 -823.302130
    2142000 -819.525527
    2143000 -820.381843
    2144000 -819.349378
    2145000 -819.277179
    2146000 -819.680943
    2147000 -819.373386
    2148000 -819.292763
    2149000 -820.066766
    2150000 -821.476110
    2151000 -819.443425
    2152000 -819.297962
    2153000 -819.266533
    2154000 -820.300199
    2155000 -819.261476
    2156000 -824.016245
    2157000 -820.352672
    2158000 -822.496233
    2159000 -824.224033
    2160000 -819.278161
    2161000 -819.389731
    2162000 -820.697362
    2163000 -819.474815
    2164000 -819.267829
    2165000 -819.458789
    2166000 -819.673716
    2167000 -819.226697
    2168000 -819.455887
    2169000 -819.615503
    2170000 -819.237703
    2171000 -819.240693
    2172000 -819.494745
    2173000 -822.491887
    2174000 -819.603147
    2175000 -819.788773
    2176000 -819.382009
    2177000 -819.750889
    2178000 -822.056041
    2179000 -819.226343
    2180000 -819.245645
    2181000 -819.664477
    2182000 -819.225828
    2183000 -819.235449
    2184000 -820.529839
    2185000 -822.083041
    2186000 -819.231932
    2187000 -819.850210
    2188000 -819.254847
    2189000 -822.095007
    2190000 -821.193064
    2191000 -819.294491
    2192000 -819.614483
    2193000 -819.236863
    2194000 -819.739718
    2195000 -820.487172
    2196000 -819.551432
    2197000 -824.495660
    2198000 -819.484382
    2199000 -819.266517
    2200000 -819.263629
    2201000 -819.254755
    2202000 -820.454773
    2203000 -819.669525
    2204000 -819.269455
    2205000 -819.451607
    2206000 -819.323228
    2207000 -819.237609
    2208000 -819.302111
    2209000 -820.607561
    2210000 -819.254571
    2211000 -819.637776
    2212000 -823.099432
    2213000 -819.561089
    2214000 -819.426134
    2215000 -819.385228
    2216000 -819.462803
    2217000 -819.267905
    2218000 -819.230389
    2219000 -819.313813
    2220000 -819.322245
    2221000 -819.363013
    2222000 -819.744419
    2223000 -819.432932
    2224000 -819.318211
    2225000 -819.226278
    2226000 -819.226444
    2227000 -819.465278
    2228000 -819.692108
    2229000 -819.227903
    2230000 -819.233886
    2231000 -819.256335
    2232000 -819.371140
    2233000 -824.601542
    2234000 -820.642553
    2235000 -819.252252
    2236000 -822.116494
    2237000 -819.254310
    2238000 -819.243648
    2239000 -819.750739
    2240000 -825.488547
    2241000 -819.400909
    2242000 -822.746078
    2243000 -820.799349
    2244000 -819.235068
    2245000 -819.552249
    2246000 -819.235817
    2247000 -820.828957
    2248000 -820.952599
    2249000 -819.266349
    2250000 -819.286593
    2251000 -819.893574
    2252000 -820.382249
    2253000 -820.487210
    2254000 -824.922937
    2255000 -819.336053
    2256000 -819.419942
    2257000 -820.649052
    2258000 -819.552686
    2259000 -819.607360
    2260000 -822.321579
    2261000 -819.264121
    2262000 -822.957333
    2263000 -820.184764
    2264000 -819.857430
    2265000 -822.905066
    2266000 -819.252908
    2267000 -819.233844
    2268000 -820.897761
    2269000 -820.100792
    2270000 -819.231233
    2271000 -819.275082
    2272000 -819.252763
    2273000 -819.638491
    2274000 -819.239566
    2275000 -819.227658
    2276000 -819.228286
    2277000 -819.422281
    2278000 -819.281978
    2279000 -819.838687
    2280000 -820.347964
    2281000 -820.250519
    2282000 -819.370555
    2283000 -825.040758
    2284000 -819.239299
    2285000 -819.681118
    2286000 -820.665185
    2287000 -819.290508
    2288000 -822.359957
    2289000 -822.712268
    2290000 -819.228229
    2291000 -819.261381
    2292000 -819.496143
    2293000 -819.774359
    2294000 -819.486784
    2295000 -819.605085
    2296000 -819.704832
    2297000 -820.683791
    2298000 -824.016364
    2299000 -820.362652
    2300000 -819.291036
    2301000 -820.715620
    2302000 -819.233279
    2303000 -819.606494
    2304000 -820.494125
    2305000 -819.328204
    2306000 -819.897432
    2307000 -819.232902
    2308000 -822.184293
    2309000 -822.288982
    2310000 -819.359424
    2311000 -819.297257
    2312000 -819.836979
    2313000 -819.298814
    2314000 -819.701678
    2315000 -819.244294
    2316000 -820.116657
    2317000 -824.525847
    2318000 -819.892194
    2319000 -819.388678
    2320000 -827.623694
    2321000 -824.875747
    2322000 -819.247472
    2323000 -819.270942
    2324000 -819.313076
    2325000 -819.417837
    2326000 -819.414827
    2327000 -819.225802
    2328000 -819.352889
    2329000 -820.569459
    2330000 -819.259920
    2331000 -819.376398
    2332000 -819.412602
    2333000 -819.228400
    2334000 -819.408287
    2335000 -819.672352
    2336000 -819.226721
    2337000 -819.394857
    2338000 -819.227882
    2339000 -822.074056
    2340000 -820.660130
    2341000 -821.408424
    2342000 -822.832771
    2343000 -820.209487
    2344000 -820.549796
    2345000 -819.234350
    2346000 -819.412987
    2347000 -820.567824
    2348000 -821.718439
    2349000 -819.318289
    2350000 -819.391703
    2351000 -820.011841
    2352000 -819.225822
    2353000 -819.239161
    2354000 -820.231860
    2355000 -819.540477
    2356000 -819.254592
    2357000 -819.491597
    2358000 -819.506539
    2359000 -819.250369
    2360000 -819.652861
    2361000 -820.073879
    2362000 -819.230505
    2363000 -819.317780
    2364000 -819.338131
    2365000 -820.123590
    2366000 -819.350196
    2367000 -820.111581
    2368000 -819.344615
    2369000 -827.596194
    2370000 -820.252372
    2371000 -819.278453
    2372000 -819.634328
    2373000 -819.242108
    2374000 -819.225952
    2375000 -819.226881
    2376000 -819.232905
    2377000 -819.290489
    2378000 -819.398495
    2379000 -819.419303
    2380000 -819.361466
    2381000 -820.380630
    2382000 -820.218969
    2383000 -819.313317
    2384000 -819.335423
    2385000 -819.492110
    2386000 -819.449375
    2387000 -822.864419
    2388000 -820.358493
    2389000 -819.270962
    2390000 -819.296105
    2391000 -819.421660
    2392000 -819.240533
    2393000 -819.371044
    2394000 -820.871562
    2395000 -819.463677
    2396000 -819.281944
    2397000 -819.279171
    2398000 -819.422617
    2399000 -819.229479
    2400000 -819.472560
    2401000 -819.755482
    2402000 -819.409269
    2403000 -819.557473
    2404000 -820.255674
    2405000 -819.756989
    2406000 -820.881252
    2407000 -820.409742
    2408000 -820.145857
    2409000 -820.517273
    2410000 -819.391460
    2411000 -820.506897
    2412000 -819.375534
    2413000 -819.637142
    2414000 -820.092264
    2415000 -819.234425
    2416000 -819.388047
    2417000 -819.229710
    2418000 -819.647270
    2419000 -820.236456
    2420000 -819.318729
    2421000 -820.568655
    2422000 -822.181633
    2423000 -820.161548
    2424000 -820.905210
    2425000 -822.100416
    2426000 -819.227369
    2427000 -819.451525
    2428000 -819.290717
    2429000 -822.634253
    2430000 -819.233271
    2431000 -819.367830
    2432000 -819.474853
    2433000 -819.261248
    2434000 -819.420005
    2435000 -819.958029
    2436000 -819.476796
    2437000 -819.294925
    2438000 -820.071187
    2439000 -819.575118
    2440000 -819.447045
    2441000 -819.350010
    2442000 -819.304037
    2443000 -820.149056
    2444000 -819.292261
    2445000 -819.976905
    2446000 -819.261502
    2447000 -819.446400
    2448000 -819.310384
    2449000 -819.437020
    2450000 -819.492654
    2451000 -819.270618
    2452000 -819.225812
    2453000 -820.282373
    2454000 -819.993133
    2455000 -819.828459
    2456000 -819.440635
    2457000 -819.228918
    2458000 -819.743125
    2459000 -819.276172
    2460000 -819.469603
    2461000 -819.231273
    2462000 -819.374243
    2463000 -820.759409
    2464000 -819.225803
    2465000 -819.775040
    2466000 -819.283619
    2467000 -820.501606
    2468000 -819.271683
    2469000 -819.266518
    2470000 -819.248315
    2471000 -819.367137
    2472000 -821.385795
    2473000 -819.466185
    2474000 -819.249726
    2475000 -819.404347
    2476000 -819.330825
    2477000 -822.171010
    2478000 -819.239115
    2479000 -819.229618
    2480000 -819.317505
    2481000 -819.439865
    2482000 -819.697384
    2483000 -819.343404
    2484000 -820.148363
    2485000 -822.305433
    2486000 -819.643908
    2487000 -819.676144
    2488000 -819.976623
    2489000 -822.138805
    2490000 -819.643415
    2491000 -819.229615
    2492000 -819.736258
    2493000 -819.566970
    2494000 -819.280479
    2495000 -820.571431
    2496000 -819.231483
    2497000 -819.230712
    2498000 -819.312870
    2499000 -820.173195
    2500000 -819.225881
    2501000 -824.265960
    2502000 -819.757621
    2503000 -819.229077
    2504000 -819.277277
    2505000 -819.230344
    2506000 -819.654686
    2507000 -819.261722
    2508000 -819.825602
    2509000 -819.432167
    2510000 -820.167215
    2511000 -827.509961
    2512000 -819.913950
    2513000 -819.225828
    2514000 -819.356962
    2515000 -819.228884
    2516000 -819.579434
    2517000 -830.415220
    2518000 -819.633969
    2519000 -819.410774
    2520000 -819.234244
    2521000 -820.085190
    2522000 -819.570834
    2523000 -821.719880
    2524000 -820.509997
    2525000 -820.265805
    2526000 -821.237887
    2527000 -819.502390
    2528000 -819.336196
    2529000 -819.549963
    2530000 -819.723181
    2531000 -819.674522
    2532000 -824.008997
    2533000 -819.294231
    2534000 -825.118644
    2535000 -819.227190
    2536000 -819.319660
    2537000 -819.849175
    2538000 -819.298312
    2539000 -820.585592
    2540000 -822.089126
    2541000 -819.334323
    2542000 -824.379299
    2543000 -819.508056
    2544000 -819.529216
    2545000 -821.012530
    2546000 -819.276602
    2547000 -819.483495
    2548000 -821.590897
    2549000 -819.238384
    2550000 -819.406765
    2551000 -821.284547
    2552000 -819.238993
    2553000 -819.480805
    2554000 -819.313529
    2555000 -819.344558
    2556000 -819.407801
    2557000 -829.989210
    2558000 -819.585186
    2559000 -819.321862
    2560000 -819.709384
    2561000 -819.275314
    2562000 -819.241829
    2563000 -824.905185
    2564000 -819.250794
    2565000 -819.442537
    2566000 -819.428585
    2567000 -819.541196
    2568000 -819.353368
    2569000 -819.371003
    2570000 -819.588980
    2571000 -822.132561
    2572000 -819.542460
    2573000 -819.231410
    2574000 -819.420361
    2575000 -819.727755
    2576000 -819.269315
    2577000 -820.424812
    2578000 -819.252781
    2579000 -819.672992
    2580000 -819.437578
    2581000 -819.559447
    2582000 -819.330053
    2583000 -819.682395
    2584000 -820.627308
    2585000 -819.849531
    2586000 -819.596833
    2587000 -819.576011
    2588000 -826.918885
    2589000 -819.492433
    2590000 -819.572828
    2591000 -824.118304
    2592000 -819.310680
    2593000 -819.277726
    2594000 -822.938647
    2595000 -819.231618
    2596000 -819.238852
    2597000 -819.303249
    2598000 -820.534159
    2599000 -819.225812
    2600000 -819.373077
    2601000 -820.373874
    2602000 -819.226024
    2603000 -819.927019
    2604000 -819.238236
    2605000 -819.301326
    2606000 -821.435014
    2607000 -819.362110
    2608000 -819.228165
    2609000 -819.230572
    2610000 -820.102086
    2611000 -822.394482
    2612000 -819.324079
    2613000 -819.257597
    2614000 -819.587238
    2615000 -819.374402
    2616000 -824.164764
    2617000 -820.214707
    2618000 -824.913203
    2619000 -819.866655
    2620000 -819.385946
    2621000 -819.786395
    2622000 -819.235151
    2623000 -820.504061
    2624000 -819.231571
    2625000 -819.226149
    2626000 -822.161327
    2627000 -819.516393
    2628000 -824.109746
    2629000 -819.779480
    2630000 -819.225803
    2631000 -819.486173
    2632000 -819.325809
    2633000 -819.653921
    2634000 -820.029448
    2635000 -821.698239
    2636000 -819.406732
    2637000 -819.622538
    2638000 -819.955002
    2639000 -819.276094
    2640000 -822.320537
    2641000 -821.699192
    2642000 -819.406068
    2643000 -820.343044
    2644000 -819.704002
    2645000 -824.085948
    2646000 -819.294913
    2647000 -819.673233
    2648000 -819.241240
    2649000 -822.800121
    2650000 -827.632021
    2651000 -819.269305
    2652000 -821.178648
    2653000 -819.245184
    2654000 -819.225869
    2655000 -821.513669
    2656000 -819.235345
    2657000 -819.329726
    2658000 -819.385420
    2659000 -819.359418
    2660000 -819.225973
    2661000 -819.267620
    2662000 -819.225853
    2663000 -819.474053
    2664000 -819.564470
    2665000 -819.628924
    2666000 -819.227843
    2667000 -823.078625
    2668000 -819.402789
    2669000 -819.359248
    2670000 -819.242890
    2671000 -819.517521
    2672000 -820.390739
    2673000 -820.891691
    2674000 -819.450102
    2675000 -819.255526
    2676000 -820.374751
    2677000 -824.979959
    2678000 -822.903259
    2679000 -819.459827
    2680000 -824.385378
    2681000 -819.371490
    2682000 -819.250729
    2683000 -820.420755
    2684000 -819.246779
    2685000 -822.424732
    2686000 -823.513004
    2687000 -819.226649
    2688000 -819.994475
    2689000 -819.696277
    2690000 -819.971041
    2691000 -819.226057
    2692000 -820.059790
    2693000 -821.677658
    2694000 -819.242420
    2695000 -819.358036
    2696000 -819.232681
    2697000 -819.366096
    2698000 -819.656520
    2699000 -819.422094
    2700000 -819.513233
    2701000 -819.755359
    2702000 -819.562045
    2703000 -819.924455
    2704000 -819.532967
    2705000 -819.324345
    2706000 -819.249287
    2707000 -822.073927
    2708000 -823.045525
    2709000 -819.234316
    2710000 -819.341423
    2711000 -819.502869
    2712000 -823.415259
    2713000 -819.674503
    2714000 -821.297273
    2715000 -819.718009
    2716000 -820.021820
    2717000 -819.575611
    2718000 -819.990547
    2719000 -819.959188
    2720000 -819.935908
    2721000 -819.318640
    2722000 -819.333618
    2723000 -819.326516
    2724000 -819.249328
    2725000 -819.225976
    2726000 -819.376834
    2727000 -819.282878
    2728000 -825.189366
    2729000 -820.376268
    2730000 -820.264589
    2731000 -820.350181
    2732000 -819.263030
    2733000 -819.274265
    2734000 -819.245429
    2735000 -819.444137
    2736000 -821.229010
    2737000 -819.234564
    2738000 -819.264133
    2739000 -820.977881
    2740000 -819.413885
    2741000 -819.978508
    2742000 -822.076818
    2743000 -819.475393
    2744000 -820.218853
    2745000 -820.902481
    2746000 -819.304595
    2747000 -819.292247
    2748000 -819.363088
    2749000 -819.396909
    2750000 -819.540344
    2751000 -820.615682
    2752000 -820.091886
    2753000 -819.326950
    2754000 -820.126865
    2755000 -819.557203
    2756000 -819.673775
    2757000 -820.343345
    2758000 -819.279111
    2759000 -822.078576
    2760000 -819.537496
    2761000 -819.327061
    2762000 -819.987532
    2763000 -819.331025
    2764000 -820.384458
    2765000 -819.268641
    2766000 -820.016353
    2767000 -819.652769
    2768000 -819.860112
    2769000 -819.783387
    2770000 -819.227401
    2771000 -819.246677
    2772000 -819.914155
    2773000 -819.772610
    2774000 -819.602435
    2775000 -819.241213
    2776000 -819.435720
    2777000 -819.297745
    2778000 -822.569128
    2779000 -819.242962
    2780000 -819.967832
    2781000 -819.252005
    2782000 -819.998030
    2783000 -819.271433
    2784000 -820.120737
    2785000 -820.977243
    2786000 -819.453663
    2787000 -819.500807
    2788000 -820.136747
    2789000 -819.227224
    2790000 -819.254785
    2791000 -819.344605
    2792000 -819.518261
    2793000 -819.249463
    2794000 -822.220234
    2795000 -820.645075
    2796000 -819.252353
    2797000 -820.017430
    2798000 -819.576545
    2799000 -824.138548
    2800000 -819.226541
    2801000 -819.232728
    2802000 -819.541694
    2803000 -820.817437
    2804000 -819.284111
    2805000 -828.624871
    2806000 -819.567425
    2807000 -819.364915
    2808000 -819.230967
    2809000 -819.303803
    2810000 -819.419326
    2811000 -820.066359
    2812000 -819.227231
    2813000 -819.233994
    2814000 -819.246641
    2815000 -820.043716
    2816000 -819.239945
    2817000 -819.268867
    2818000 -819.247674
    2819000 -819.232104
    2820000 -822.152296
    2821000 -822.452357
    2822000 -819.229109
    2823000 -820.095575
    2824000 -822.117155
    2825000 -819.322779
    2826000 -819.316035
    2827000 -819.345002
    2828000 -819.420984
    2829000 -820.090813
    2830000 -820.649505
    2831000 -819.496096
    2832000 -819.271607
    2833000 -820.340414
    2834000 -819.740765
    2835000 -820.034705
    2836000 -819.389663
    2837000 -819.230487
    2838000 -819.492592
    2839000 -824.303468
    2840000 -819.228281
    2841000 -819.722049
    2842000 -819.701621
    2843000 -819.612129
    2844000 -827.019990
    2845000 -819.890556
    2846000 -820.635756
    2847000 -819.248560
    2848000 -819.363860
    2849000 -819.637049
    2850000 -819.748089
    2851000 -819.402587
    2852000 -819.352933
    2853000 -819.687982
    2854000 -819.833193
    2855000 -819.512898
    2856000 -820.222725
    2857000 -819.246869
    2858000 -819.225843
    2859000 -819.461404
    2860000 -819.968073
    2861000 -819.353054
    2862000 -819.443173
    2863000 -819.233441
    2864000 -820.105980
    2865000 -822.786728
    2866000 -819.236702
    2867000 -819.623723
    2868000 -819.225802
    2869000 -819.254905
    2870000 -820.034139
    2871000 -821.054288
    2872000 -819.471479
    2873000 -819.226448
    2874000 -822.139729
    2875000 -819.756938
    2876000 -822.337513
    2877000 -819.430262
    2878000 -820.196916
    2879000 -824.107581
    2880000 -820.106576
    2881000 -819.408584
    2882000 -823.655023
    2883000 -824.081633
    2884000 -823.072149
    2885000 -820.324494
    2886000 -819.508803
    2887000 -819.265359
    2888000 -819.226158
    2889000 -820.092360
    2890000 -819.354631
    2891000 -820.428191
    2892000 -820.617280
    2893000 -819.408248
    2894000 -821.615951
    2895000 -823.412590
    2896000 -819.760219
    2897000 -819.225943
    2898000 -819.227814
    2899000 -819.428607
    2900000 -819.454074
    2901000 -819.282915
    2902000 -821.409529
    2903000 -819.473152
    2904000 -819.672279
    2905000 -819.639470
    2906000 -820.504663
    2907000 -819.931923
    2908000 -819.259977
    2909000 -819.698710
    2910000 -820.883707
    2911000 -821.152224
    2912000 -819.252390
    2913000 -819.302657
    2914000 -819.237422
    2915000 -821.819161
    2916000 -819.690072
    2917000 -819.310139
    2918000 -819.510760
    2919000 -827.803695
    2920000 -824.649336
    2921000 -827.893975
    2922000 -819.233518
    2923000 -819.313975
    2924000 -822.203165
    2925000 -819.788587
    2926000 -825.430280
    2927000 -819.789985
    2928000 -819.436511
    2929000 -821.393546
    2930000 -819.329159
    2931000 -819.706687
    2932000 -820.497765
    2933000 -819.725996
    2934000 -819.234969
    2935000 -819.231763
    2936000 -819.298443
    2937000 -819.267859
    2938000 -819.519286
    2939000 -819.244595
    2940000 -819.228269
    2941000 -824.028530
    2942000 -819.230335
    2943000 -820.050076
    2944000 -821.346719
    2945000 -820.558737
    2946000 -819.532562
    2947000 -824.192003
    2948000 -819.391746
    2949000 -819.317763
    2950000 -819.267563
    2951000 -820.549634
    2952000 -819.686303
    2953000 -819.335121
    2954000 -821.014693
    2955000 -819.266084
    2956000 -819.489972
    2957000 -819.233339
    2958000 -819.261429
    2959000 -819.910375
    2960000 -819.595889
    2961000 -819.303202
    2962000 -819.398482
    2963000 -819.359330
    2964000 -819.469008
    2965000 -819.835747
    2966000 -819.776887
    2967000 -819.422261
    2968000 -819.404426
    2969000 -821.035473
    2970000 -819.237264
    2971000 -819.235314
    2972000 -819.330234
    2973000 -819.301193
    2974000 -822.152881
    2975000 -822.084866
    2976000 -819.226509
    2977000 -819.257064
    2978000 -819.226781
    2979000 -819.225865
    2980000 -819.297322
    2981000 -820.559996
    2982000 -819.530872
    2983000 -820.338800
    2984000 -819.893339
    2985000 -822.256608
    2986000 -820.210054
    2987000 -819.368849
    2988000 -819.742792
    2989000 -819.855290
    2990000 -822.595363
    2991000 -819.276133
    2992000 -819.449817
    2993000 -822.346979
    2994000 -819.651416
    2995000 -819.241190
    2996000 -822.471830
    2997000 -820.523035
    2998000 -820.160712
    2999000 -819.316630
    3000000 -819.626887
