    genPlus1     spaQ
        1000  0.465259
        2000  0.484760
        3000  0.480178
        4000  0.468927
        5000  0.472233
        6000  0.462313
        7000  0.507197
        8000  0.500135
        9000  0.489859
       10000  0.495439
       11000  0.482730
       12000  0.478911
       13000  0.490119
       14000  0.487245
       15000  0.501906
       16000  0.465734
       17000  0.473886
       18000  0.492583
       19000  0.507142
       20000  0.480335
       21000  0.484326
       22000  0.474315
       23000  0.479269
       24000  0.487151
       25000  0.480794
       26000  0.494414
       27000  0.484539
       28000  0.480058
       29000  0.485715
       30000  0.476080
       31000  0.469801
       32000  0.484689
       33000  0.473173
       34000  0.464047
       35000  0.476822
       36000  0.471575
       37000  0.485115
       38000  0.491304
       39000  0.479833
       40000  0.489895
       41000  0.468691
       42000  0.463384
       43000  0.506796
       44000  0.484532
       45000  0.488060
       46000  0.505551
       47000  0.492135
       48000  0.486144
       49000  0.499622
       50000  0.481802
       51000  0.490130
       52000  0.479019
       53000  0.478485
       54000  0.470413
       55000  0.481831
       56000  0.469540
       57000  0.471037
       58000  0.485281
       59000  0.499493
       60000  0.496764
       61000  0.470197
       62000  0.480004
       63000  0.477112
       64000  0.466405
       65000  0.477897
       66000  0.481730
       67000  0.470877
       68000  0.461944
       69000  0.491172
       70000  0.482140
       71000  0.474584
       72000  0.483453
       73000  0.472505
       74000  0.492244
       75000  0.487065
       76000  0.473575
       77000  0.501247
       78000  0.506433
       79000  0.487803
       80000  0.497320
       81000  0.487772
       82000  0.487726
       83000  0.490482
       84000  0.479715
       85000  0.474633
       86000  0.491821
       87000  0.486307
       88000  0.488074
       89000  0.502769
       90000  0.486414
       91000  0.493574
       92000  0.487019
       93000  0.478802
       94000  0.482427
       95000  0.499649
       96000  0.497500
       97000  0.473667
       98000  0.495633
       99000  0.472500
      100000  0.493949
      101000  0.492989
      102000  0.475779
      103000  0.470333
      104000  0.486115
      105000  0.496739
      106000  0.482135
      107000  0.494896
      108000  0.473153
      109000  0.466709
      110000  0.483309
      111000  0.475673
      112000  0.461352
      113000  0.477938
      114000  0.470710
      115000  0.462496
      116000  0.477304
      117000  0.470483
      118000  0.510000
      119000  0.482659
      120000  0.493461
      121000  0.490554
      122000  0.482084
      123000  0.480394
      124000  0.482370
      125000  0.465057
      126000  0.478480
      127000  0.475103
      128000  0.499936
      129000  0.481013
      130000  0.482869
      131000  0.484407
      132000  0.475882
      133000  0.469065
      134000  0.491781
      135000  0.490962
      136000  0.480047
      137000  0.488349
      138000  0.467465
      139000  0.472450
      140000  0.491699
      141000  0.489124
      142000  0.503708
      143000  0.485349
      144000  0.479233
      145000  0.489590
      146000  0.468360
      147000  0.495938
      148000  0.506330
      149000  0.478604
      150000  0.480000
      151000  0.481667
      152000  0.494316
      153000  0.499899
      154000  0.482312
      155000  0.479119
      156000  0.497164
      157000  0.483354
      158000  0.498340
      159000  0.472034
      160000  0.483912
      161000  0.484636
      162000  0.479030
      163000  0.470994
      164000  0.468010
      165000  0.477782
      166000  0.500538
      167000  0.477935
      168000  0.500869
      169000  0.481552
      170000  0.482353
      171000  0.470494
      172000  0.483626
      173000  0.487723
      174000  0.476067
      175000  0.502944
      176000  0.480451
      177000  0.495268
      178000  0.477288
      179000  0.501133
      180000  0.471034
      181000  0.475032
      182000  0.484372
      183000  0.475958
      184000  0.498463
      185000  0.489794
      186000  0.486826
      187000  0.490341
      188000  0.478434
      189000  0.493235
      190000  0.474121
      191000  0.497674
      192000  0.474770
      193000  0.469579
      194000  0.485423
      195000  0.475862
      196000  0.485633
      197000  0.474876
      198000  0.481162
      199000  0.487683
      200000  0.494163
      201000  0.491073
      202000  0.491800
      203000  0.495531
      204000  0.475965
      205000  0.485775
      206000  0.476328
      207000  0.467156
      208000  0.503348
      209000  0.493095
      210000  0.471432
      211000  0.480632
      212000  0.481596
      213000  0.482221
      214000  0.493039
      215000  0.481781
      216000  0.474629
      217000  0.467149
      218000  0.474509
      219000  0.494187
      220000  0.482586
      221000  0.483416
      222000  0.482349
      223000  0.477819
      224000  0.488902
      225000  0.485686
      226000  0.506325
      227000  0.470308
      228000  0.477792
      229000  0.486375
      230000  0.486770
      231000  0.474931
      232000  0.484053
      233000  0.481745
      234000  0.490702
      235000  0.485186
      236000  0.467368
      237000  0.484350
      238000  0.469157
      239000  0.468332
      240000  0.479239
      241000  0.497661
      242000  0.483438
      243000  0.491691
      244000  0.470525
      245000  0.452556
      246000  0.471557
      247000  0.491515
      248000  0.475658
      249000  0.483084
      250000  0.486599
      251000  0.477449
      252000  0.485972
      253000  0.489546
      254000  0.485015
      255000  0.498574
      256000  0.490975
      257000  0.495273
      258000  0.494522
      259000  0.482609
      260000  0.488408
      261000  0.485553
      262000  0.461921
      263000  0.479525
      264000  0.477918
      265000  0.479436
      266000  0.467852
      267000  0.498292
      268000  0.490253
      269000  0.475965
      270000  0.490604
      271000  0.470678
      272000  0.467652
      273000  0.476144
      274000  0.480401
      275000  0.489415
      276000  0.487367
      277000  0.486700
      278000  0.492976
      279000  0.481284
      280000  0.478865
      281000  0.480501
      282000  0.481383
      283000  0.479550
      284000  0.497777
      285000  0.491977
      286000  0.489343
      287000  0.492698
      288000  0.491579
      289000  0.482425
      290000  0.491912
      291000  0.472816
      292000  0.486616
      293000  0.488605
      294000  0.463280
      295000  0.500428
      296000  0.478968
      297000  0.476247
      298000  0.485799
      299000  0.474609
      300000  0.491316
      301000  0.488166
      302000  0.487871
      303000  0.463646
      304000  0.467972
      305000  0.493810
      306000  0.475384
      307000  0.474326
      308000  0.482315
      309000  0.491464
      310000  0.488719
      311000  0.473664
      312000  0.481486
      313000  0.481105
      314000  0.492918
      315000  0.500886
      316000  0.484142
      317000  0.480164
      318000  0.487328
      319000  0.490752
      320000  0.479779
      321000  0.469250
      322000  0.483997
      323000  0.470590
      324000  0.468332
      325000  0.482263
      326000  0.487041
      327000  0.489161
      328000  0.497885
      329000  0.489175
      330000  0.497831
      331000  0.479403
      332000  0.474887
      333000  0.486079
      334000  0.471844
      335000  0.485615
      336000  0.472849
      337000  0.486637
      338000  0.473517
      339000  0.467267
      340000  0.485747
      341000  0.483424
      342000  0.469219
      343000  0.487607
      344000  0.487554
      345000  0.485451
      346000  0.487888
      347000  0.490287
      348000  0.484348
      349000  0.498290
      350000  0.486683
      351000  0.484177
      352000  0.476179
      353000  0.496624
      354000  0.479742
      355000  0.487730
      356000  0.496070
      357000  0.484609
      358000  0.490428
      359000  0.497646
      360000  0.492400
      361000  0.481070
      362000  0.483123
      363000  0.503371
      364000  0.493951
      365000  0.471482
      366000  0.479224
      367000  0.469903
      368000  0.494424
      369000  0.490741
      370000  0.468225
      371000  0.477473
      372000  0.483546
      373000  0.472648
      374000  0.471232
      375000  0.493169
      376000  0.470376
      377000  0.490467
      378000  0.503121
      379000  0.480295
      380000  0.475836
      381000  0.479572
      382000  0.489198
      383000  0.488215
      384000  0.485305
      385000  0.483447
      386000  0.479246
      387000  0.484781
      388000  0.481301
      389000  0.496078
      390000  0.502202
      391000  0.480366
      392000  0.472761
      393000  0.471464
      394000  0.487761
      395000  0.490082
      396000  0.500394
      397000  0.483879
      398000  0.481366
      399000  0.487524
      400000  0.488173
      401000  0.476589
      402000  0.465458
      403000  0.492462
      404000  0.479182
      405000  0.476328
      406000  0.482523
      407000  0.486381
      408000  0.473609
      409000  0.488948
      410000  0.472266
      411000  0.482830
      412000  0.486060
      413000  0.481802
      414000  0.482169
      415000  0.467730
      416000  0.493649
      417000  0.486979
      418000  0.472648
      419000  0.488934
      420000  0.486755
      421000  0.475601
      422000  0.476097
      423000  0.492472
      424000  0.494594
      425000  0.467482
      426000  0.474462
      427000  0.489710
      428000  0.486678
      429000  0.485747
      430000  0.481464
      431000  0.487101
      432000  0.504610
      433000  0.484802
      434000  0.494109
      435000  0.478485
      436000  0.481745
      437000  0.488288
      438000  0.476560
      439000  0.492105
      440000  0.491714
      441000  0.494483
      442000  0.493911
      443000  0.491020
      444000  0.496015
      445000  0.484292
      446000  0.464793
      447000  0.486476
      448000  0.478881
      449000  0.488391
      450000  0.487138
      451000  0.485906
      452000  0.468580
      453000  0.495750
      454000  0.481392
      455000  0.498019
      456000  0.486990
      457000  0.483784
      458000  0.473772
      459000  0.482793
      460000  0.478737
      461000  0.491330
      462000  0.491978
      463000  0.492212
      464000  0.483452
      465000  0.497262
      466000  0.493016
      467000  0.462032
      468000  0.477490
      469000  0.482606
      470000  0.482897
      471000  0.475285
      472000  0.494355
      473000  0.481358
      474000  0.485447
      475000  0.495673
      476000  0.496225
      477000  0.473996
      478000  0.474440
      479000  0.503969
      480000  0.484732
      481000  0.494205
      482000  0.479707
      483000  0.480190
      484000  0.476535
      485000  0.493609
      486000  0.487903
      487000  0.481247
      488000  0.490554
      489000  0.492396
      490000  0.486504
      491000  0.486015
      492000  0.481469
      493000  0.478131
      494000  0.482833
      495000  0.472765
      496000  0.481247
      497000  0.470218
      498000  0.491578
      499000  0.471510
      500000  0.491339
      501000  0.478145
      502000  0.477387
      503000  0.474987
      504000  0.486622
      505000  0.489563
      506000  0.498208
      507000  0.491161
      508000  0.488168
      509000  0.497840
      510000  0.481038
      511000  0.469309
      512000  0.484937
      513000  0.473650
      514000  0.499829
      515000  0.477917
      516000  0.499849
      517000  0.481673
      518000  0.501672
      519000  0.470330
      520000  0.475952
      521000  0.469855
      522000  0.494677
      523000  0.501491
      524000  0.482818
      525000  0.489980
      526000  0.488517
      527000  0.474980
      528000  0.477502
      529000  0.494658
      530000  0.502323
      531000  0.488017
      532000  0.463637
      533000  0.494043
      534000  0.479071
      535000  0.475855
      536000  0.483228
      537000  0.491097
      538000  0.490940
      539000  0.475479
      540000  0.485765
      541000  0.481589
      542000  0.480605
      543000  0.481215
      544000  0.501522
      545000  0.488193
      546000  0.473141
      547000  0.479449
      548000  0.478044
      549000  0.473745
      550000  0.483336
      551000  0.478749
      552000  0.467036
      553000  0.488725
      554000  0.485495
      555000  0.484204
      556000  0.509697
      557000  0.489276
      558000  0.499540
      559000  0.472057
      560000  0.486957
      561000  0.480865
      562000  0.485437
      563000  0.480893
      564000  0.494498
      565000  0.470311
      566000  0.471248
      567000  0.497387
      568000  0.485756
      569000  0.473929
      570000  0.467713
      571000  0.475542
      572000  0.483808
      573000  0.487309
      574000  0.503535
      575000  0.491546
      576000  0.478846
      577000  0.489871
      578000  0.497129
      579000  0.481788
      580000  0.488263
      581000  0.479738
      582000  0.483238
      583000  0.482326
      584000  0.489620
      585000  0.491488
      586000  0.494826
      587000  0.481525
      588000  0.494974
      589000  0.482517
      590000  0.465814
      591000  0.487827
      592000  0.477311
      593000  0.501388
      594000  0.486490
      595000  0.479976
      596000  0.493620
      597000  0.489001
      598000  0.468884
      599000  0.484297
      600000  0.488202
      601000  0.468288
      602000  0.470671
      603000  0.477807
      604000  0.479815
      605000  0.504896
      606000  0.485837
      607000  0.472159
      608000  0.463429
      609000  0.488043
      610000  0.488053
      611000  0.478528
      612000  0.476492
      613000  0.473317
      614000  0.483651
      615000  0.487921
      616000  0.492995
      617000  0.474437
      618000  0.492620
      619000  0.483202
      620000  0.470506
      621000  0.486436
      622000  0.472979
      623000  0.473790
      624000  0.483047
      625000  0.489251
      626000  0.471022
      627000  0.494951
      628000  0.488835
      629000  0.507809
      630000  0.479828
      631000  0.485433
      632000  0.494140
      633000  0.470187
      634000  0.474754
      635000  0.480404
      636000  0.491486
      637000  0.476628
      638000  0.493156
      639000  0.500729
      640000  0.494273
      641000  0.477971
      642000  0.470418
      643000  0.488472
      644000  0.484841
      645000  0.490348
      646000  0.482739
      647000  0.488974
      648000  0.486960
      649000  0.497565
      650000  0.504280
      651000  0.478472
      652000  0.480861
      653000  0.478755
      654000  0.490550
      655000  0.492682
      656000  0.477432
      657000  0.482238
      658000  0.476543
      659000  0.479794
      660000  0.469538
      661000  0.473714
      662000  0.468821
      663000  0.488881
      664000  0.490824
      665000  0.482489
      666000  0.488627
      667000  0.477012
      668000  0.485029
      669000  0.479989
      670000  0.478611
      671000  0.491504
      672000  0.484467
      673000  0.494772
      674000  0.490779
      675000  0.491651
      676000  0.498615
      677000  0.471032
      678000  0.477062
      679000  0.471553
      680000  0.486436
      681000  0.484581
      682000  0.508099
      683000  0.491169
      684000  0.488555
      685000  0.488960
      686000  0.481487
      687000  0.486502
      688000  0.479253
      689000  0.464818
      690000  0.502340
      691000  0.474069
      692000  0.495385
      693000  0.494533
      694000  0.481940
      695000  0.487027
      696000  0.492370
      697000  0.480165
      698000  0.466384
      699000  0.485306
      700000  0.493729
      701000  0.501394
      702000  0.483255
      703000  0.494549
      704000  0.476433
      705000  0.484786
      706000  0.462563
      707000  0.479179
      708000  0.501856
      709000  0.474922
      710000  0.487339
      711000  0.482877
      712000  0.474057
      713000  0.462798
      714000  0.480808
      715000  0.487302
      716000  0.488535
      717000  0.493582
      718000  0.484939
      719000  0.476837
      720000  0.485538
      721000  0.490637
      722000  0.478022
      723000  0.468121
      724000  0.500126
      725000  0.481186
      726000  0.490037
      727000  0.487896
      728000  0.490770
      729000  0.469094
      730000  0.472488
      731000  0.498967
      732000  0.479576
      733000  0.493166
      734000  0.497693
      735000  0.490519
      736000  0.490810
      737000  0.472223
      738000  0.474229
      739000  0.472483
      740000  0.497271
      741000  0.489116
      742000  0.504905
      743000  0.477613
      744000  0.484189
      745000  0.487783
      746000  0.492218
      747000  0.464499
      748000  0.473956
      749000  0.499663
      750000  0.488968
      751000  0.478972
      752000  0.468713
      753000  0.467964
      754000  0.493992
      755000  0.467920
      756000  0.484642
      757000  0.499978
      758000  0.502398
      759000  0.476009
      760000  0.493871
      761000  0.497423
      762000  0.468842
      763000  0.482887
      764000  0.487490
      765000  0.486606
      766000  0.470680
      767000  0.479930
      768000  0.463832
      769000  0.490131
      770000  0.496709
      771000  0.485607
      772000  0.496808
      773000  0.494756
      774000  0.504273
      775000  0.485416
      776000  0.488618
      777000  0.493539
      778000  0.481166
      779000  0.475224
      780000  0.489669
      781000  0.496212
      782000  0.498659
      783000  0.469773
      784000  0.484356
      785000  0.482472
      786000  0.472623
      787000  0.492256
      788000  0.481318
      789000  0.501347
      790000  0.487375
      791000  0.458851
      792000  0.471577
      793000  0.492545
      794000  0.493055
      795000  0.491988
      796000  0.475327
      797000  0.493887
      798000  0.481335
      799000  0.485642
      800000  0.488395
      801000  0.505951
      802000  0.479000
      803000  0.493447
      804000  0.485985
      805000  0.499265
      806000  0.474102
      807000  0.468078
      808000  0.481135
      809000  0.489131
      810000  0.473905
      811000  0.497282
      812000  0.484113
      813000  0.499906
      814000  0.486391
      815000  0.468863
      816000  0.473586
      817000  0.485433
      818000  0.487026
      819000  0.469046
      820000  0.476689
      821000  0.498423
      822000  0.487733
      823000  0.465079
      824000  0.474214
      825000  0.481053
      826000  0.499206
      827000  0.477481
      828000  0.500383
      829000  0.498583
      830000  0.486209
      831000  0.467764
      832000  0.468421
      833000  0.494505
      834000  0.491863
      835000  0.470728
      836000  0.485624
      837000  0.503111
      838000  0.478947
      839000  0.488338
      840000  0.483711
      841000  0.469536
      842000  0.477490
      843000  0.500403
      844000  0.503187
      845000  0.483174
      846000  0.475040
      847000  0.473038
      848000  0.468698
      849000  0.482363
      850000  0.462737
      851000  0.493883
      852000  0.484969
      853000  0.483336
      854000  0.484556
      855000  0.477564
      856000  0.483796
      857000  0.466703
      858000  0.495866
      859000  0.499513
      860000  0.474622
      861000  0.496876
      862000  0.493142
      863000  0.498525
      864000  0.476068
      865000  0.480051
      866000  0.489462
      867000  0.482946
      868000  0.486767
      869000  0.493967
      870000  0.466880
      871000  0.489836
      872000  0.481722
      873000  0.473224
      874000  0.444117
      875000  0.474197
      876000  0.481336
      877000  0.479082
      878000  0.496793
      879000  0.481511
      880000  0.475839
      881000  0.477848
      882000  0.480684
      883000  0.484860
      884000  0.472166
      885000  0.470542
      886000  0.479058
      887000  0.473001
      888000  0.493379
      889000  0.485086
      890000  0.477911
      891000  0.484640
      892000  0.490370
      893000  0.484657
      894000  0.497401
      895000  0.473395
      896000  0.478070
      897000  0.494101
      898000  0.485684
      899000  0.491112
      900000  0.491441
      901000  0.479900
      902000  0.484992
      903000  0.502254
      904000  0.472298
      905000  0.484553
      906000  0.474731
      907000  0.500670
      908000  0.461701
      909000  0.489226
      910000  0.501235
      911000  0.491948
      912000  0.472190
      913000  0.493162
      914000  0.480024
      915000  0.479924
      916000  0.476437
      917000  0.485574
      918000  0.491753
      919000  0.491268
      920000  0.485091
      921000  0.476879
      922000  0.493248
      923000  0.490515
      924000  0.475253
      925000  0.462989
      926000  0.487683
      927000  0.465206
      928000  0.480996
      929000  0.469351
      930000  0.474879
      931000  0.488599
      932000  0.474865
      933000  0.486246
      934000  0.490716
      935000  0.498531
      936000  0.485581
      937000  0.484809
      938000  0.500344
      939000  0.501169
      940000  0.476844
      941000  0.501039
      942000  0.484487
      943000  0.487911
      944000  0.479378
      945000  0.471721
      946000  0.495898
      947000  0.486099
      948000  0.472796
      949000  0.478949
      950000  0.478725
      951000  0.469637
      952000  0.490623
      953000  0.494879
      954000  0.483615
      955000  0.499932
      956000  0.484090
      957000  0.467534
      958000  0.496922
      959000  0.479389
      960000  0.482105
      961000  0.468205
      962000  0.485464
      963000  0.498222
      964000  0.479078
      965000  0.467110
      966000  0.478979
      967000  0.478347
      968000  0.498931
      969000  0.480181
      970000  0.477324
      971000  0.487846
      972000  0.492478
      973000  0.465963
      974000  0.475457
      975000  0.494285
      976000  0.486127
      977000  0.473500
      978000  0.486490
      979000  0.488228
      980000  0.473682
      981000  0.471340
      982000  0.472148
      983000  0.467794
      984000  0.473869
      985000  0.500436
      986000  0.482177
      987000  0.494513
      988000  0.473727
      989000  0.494148
      990000  0.473076
      991000  0.497789
      992000  0.483534
      993000  0.482465
      994000  0.483081
      995000  0.483329
      996000  0.474345
      997000  0.499113
      998000  0.481593
      999000  0.499618
     1000000  0.509940
     1001000  0.492605
     1002000  0.471816
     1003000  0.490473
     1004000  0.488414
     1005000  0.499411
     1006000  0.484955
     1007000  0.500579
     1008000  0.471262
     1009000  0.476079
     1010000  0.477164
     1011000  0.490577
     1012000  0.498291
     1013000  0.494175
     1014000  0.480038
     1015000  0.490393
     1016000  0.497640
     1017000  0.474595
     1018000  0.481504
     1019000  0.480865
     1020000  0.485250
     1021000  0.476621
     1022000  0.488184
     1023000  0.480055
     1024000  0.487955
     1025000  0.490208
     1026000  0.498909
     1027000  0.488648
     1028000  0.482224
     1029000  0.477836
     1030000  0.486297
     1031000  0.490879
     1032000  0.476239
     1033000  0.488125
     1034000  0.481284
     1035000  0.475995
     1036000  0.477897
     1037000  0.504993
     1038000  0.485889
     1039000  0.479699
     1040000  0.480161
     1041000  0.489084
     1042000  0.481666
     1043000  0.495002
     1044000  0.483692
     1045000  0.489223
     1046000  0.485762
     1047000  0.473615
     1048000  0.486561
     1049000  0.492794
     1050000  0.500576
     1051000  0.475482
     1052000  0.477495
     1053000  0.500860
     1054000  0.478532
     1055000  0.491784
     1056000  0.467994
     1057000  0.502957
     1058000  0.482287
     1059000  0.450379
     1060000  0.481347
     1061000  0.489489
     1062000  0.479986
     1063000  0.471002
     1064000  0.500303
     1065000  0.491301
     1066000  0.477723
     1067000  0.495968
     1068000  0.491886
     1069000  0.500290
     1070000  0.481088
     1071000  0.485625
     1072000  0.476102
     1073000  0.474266
     1074000  0.485714
     1075000  0.474840
     1076000  0.472031
     1077000  0.500599
     1078000  0.480176
     1079000  0.492838
     1080000  0.477980
     1081000  0.493612
     1082000  0.481751
     1083000  0.482991
     1084000  0.494293
     1085000  0.481626
     1086000  0.482310
     1087000  0.489198
     1088000  0.478303
     1089000  0.482138
     1090000  0.468513
     1091000  0.473188
     1092000  0.489233
     1093000  0.476751
     1094000  0.484806
     1095000  0.480080
     1096000  0.472162
     1097000  0.496279
     1098000  0.480418
     1099000  0.474342
     1100000  0.503037
     1101000  0.478563
     1102000  0.476244
     1103000  0.475618
     1104000  0.496193
     1105000  0.468061
     1106000  0.479746
     1107000  0.487111
     1108000  0.483173
     1109000  0.473190
     1110000  0.485892
     1111000  0.478552
     1112000  0.497809
     1113000  0.476996
     1114000  0.482808
     1115000  0.479715
     1116000  0.469847
     1117000  0.498446
     1118000  0.499744
     1119000  0.492907
     1120000  0.492675
     1121000  0.472636
     1122000  0.495910
     1123000  0.487509
     1124000  0.491988
     1125000  0.466716
     1126000  0.495442
     1127000  0.492244
     1128000  0.480922
     1129000  0.488635
     1130000  0.501455
     1131000  0.492940
     1132000  0.474339
     1133000  0.496862
     1134000  0.488418
     1135000  0.492927
     1136000  0.465411
     1137000  0.488546
     1138000  0.490812
     1139000  0.489553
     1140000  0.498350
     1141000  0.487821
     1142000  0.472379
     1143000  0.478532
     1144000  0.488724
     1145000  0.477696
     1146000  0.504920
     1147000  0.484044
     1148000  0.488178
     1149000  0.458142
     1150000  0.496690
     1151000  0.492623
     1152000  0.470370
     1153000  0.486879
     1154000  0.488966
     1155000  0.479332
     1156000  0.494582
     1157000  0.495175
     1158000  0.476678
     1159000  0.485842
     1160000  0.485853
     1161000  0.499207
     1162000  0.492634
     1163000  0.474391
     1164000  0.469959
     1165000  0.488658
     1166000  0.476833
     1167000  0.474047
     1168000  0.486011
     1169000  0.487310
     1170000  0.499331
     1171000  0.475672
     1172000  0.488240
     1173000  0.485362
     1174000  0.495275
     1175000  0.460336
     1176000  0.474203
     1177000  0.497300
     1178000  0.498763
     1179000  0.486737
     1180000  0.481678
     1181000  0.498818
     1182000  0.477838
     1183000  0.487026
     1184000  0.465644
     1185000  0.485152
     1186000  0.490453
     1187000  0.483333
     1188000  0.481243
     1189000  0.499201
     1190000  0.507011
     1191000  0.491755
     1192000  0.501585
     1193000  0.486283
     1194000  0.475806
     1195000  0.504377
     1196000  0.480250
     1197000  0.493729
     1198000  0.480908
     1199000  0.482054
     1200000  0.468484
     1201000  0.480155
     1202000  0.489241
     1203000  0.493462
     1204000  0.481425
     1205000  0.475289
     1206000  0.493821
     1207000  0.467844
     1208000  0.474188
     1209000  0.473573
     1210000  0.466360
     1211000  0.483746
     1212000  0.480731
     1213000  0.481237
     1214000  0.475817
     1215000  0.478459
     1216000  0.459972
     1217000  0.492957
     1218000  0.486851
     1219000  0.485483
     1220000  0.475857
     1221000  0.471090
     1222000  0.475701
     1223000  0.486623
     1224000  0.480060
     1225000  0.479354
     1226000  0.476042
     1227000  0.483703
     1228000  0.462572
     1229000  0.486133
     1230000  0.499370
     1231000  0.472820
     1232000  0.484604
     1233000  0.488814
     1234000  0.470171
     1235000  0.485602
     1236000  0.471998
     1237000  0.504167
     1238000  0.476299
     1239000  0.501065
     1240000  0.477407
     1241000  0.470887
     1242000  0.478573
     1243000  0.496925
     1244000  0.478494
     1245000  0.461369
     1246000  0.479003
     1247000  0.480391
     1248000  0.500105
     1249000  0.487308
     1250000  0.479480
     1251000  0.483313
     1252000  0.496324
     1253000  0.487521
     1254000  0.498039
     1255000  0.496810
     1256000  0.474713
     1257000  0.484161
     1258000  0.483299
     1259000  0.483257
     1260000  0.501523
     1261000  0.486421
     1262000  0.493444
     1263000  0.476256
     1264000  0.487877
     1265000  0.486437
     1266000  0.486805
     1267000  0.481680
     1268000  0.471641
     1269000  0.480946
     1270000  0.483854
     1271000  0.491695
     1272000  0.463176
     1273000  0.502009
     1274000  0.482488
     1275000  0.471945
     1276000  0.487267
     1277000  0.483867
     1278000  0.488838
     1279000  0.494653
     1280000  0.501999
     1281000  0.486106
     1282000  0.466277
     1283000  0.484536
     1284000  0.503097
     1285000  0.483355
     1286000  0.496763
     1287000  0.473506
     1288000  0.510250
     1289000  0.468326
     1290000  0.497501
     1291000  0.504988
     1292000  0.497500
     1293000  0.499308
     1294000  0.477499
     1295000  0.484918
     1296000  0.486460
     1297000  0.471374
     1298000  0.484899
     1299000  0.500536
     1300000  0.468034
     1301000  0.492260
     1302000  0.489344
     1303000  0.477938
     1304000  0.478424
     1305000  0.494300
     1306000  0.485556
     1307000  0.479299
     1308000  0.455374
     1309000  0.498444
     1310000  0.475633
     1311000  0.490998
     1312000  0.490371
     1313000  0.500686
     1314000  0.484336
     1315000  0.506488
     1316000  0.470750
     1317000  0.477794
     1318000  0.493878
     1319000  0.481180
     1320000  0.478995
     1321000  0.472364
     1322000  0.485482
     1323000  0.477429
     1324000  0.481648
     1325000  0.495341
     1326000  0.489840
     1327000  0.467961
     1328000  0.478328
     1329000  0.470318
     1330000  0.477173
     1331000  0.477915
     1332000  0.490461
     1333000  0.476578
     1334000  0.494166
     1335000  0.486939
     1336000  0.497905
     1337000  0.497948
     1338000  0.494059
     1339000  0.486074
     1340000  0.484298
     1341000  0.481284
     1342000  0.479282
     1343000  0.481064
     1344000  0.471889
     1345000  0.484463
     1346000  0.491715
     1347000  0.493245
     1348000  0.471622
     1349000  0.493696
     1350000  0.494760
     1351000  0.486424
     1352000  0.455734
     1353000  0.472323
     1354000  0.477860
     1355000  0.498369
     1356000  0.498221
     1357000  0.466626
     1358000  0.463039
     1359000  0.479585
     1360000  0.487656
     1361000  0.495020
     1362000  0.493916
     1363000  0.481086
     1364000  0.457792
     1365000  0.480368
     1366000  0.489562
     1367000  0.478436
     1368000  0.503031
     1369000  0.475547
     1370000  0.492767
     1371000  0.469747
     1372000  0.497628
     1373000  0.468324
     1374000  0.496237
     1375000  0.483669
     1376000  0.489916
     1377000  0.498893
     1378000  0.488790
     1379000  0.483213
     1380000  0.483493
     1381000  0.483746
     1382000  0.490700
     1383000  0.480473
     1384000  0.477081
     1385000  0.480198
     1386000  0.481285
     1387000  0.477445
     1388000  0.486934
     1389000  0.480881
     1390000  0.496246
     1391000  0.493107
     1392000  0.471163
     1393000  0.469731
     1394000  0.480269
     1395000  0.477423
     1396000  0.485063
     1397000  0.475409
     1398000  0.487623
     1399000  0.485837
     1400000  0.472796
     1401000  0.489677
     1402000  0.484926
     1403000  0.484689
     1404000  0.472060
     1405000  0.482148
     1406000  0.484186
     1407000  0.491026
     1408000  0.501279
     1409000  0.497400
     1410000  0.497069
     1411000  0.502560
     1412000  0.487156
     1413000  0.486080
     1414000  0.487160
     1415000  0.492106
     1416000  0.477594
     1417000  0.491277
     1418000  0.509664
     1419000  0.447574
     1420000  0.485185
     1421000  0.495884
     1422000  0.489584
     1423000  0.476759
     1424000  0.480547
     1425000  0.497248
     1426000  0.483080
     1427000  0.475658
     1428000  0.472751
     1429000  0.465596
     1430000  0.489188
     1431000  0.461790
     1432000  0.482457
     1433000  0.487704
     1434000  0.471095
     1435000  0.488609
     1436000  0.480585
     1437000  0.482658
     1438000  0.493133
     1439000  0.493530
     1440000  0.479113
     1441000  0.494714
     1442000  0.472163
     1443000  0.489820
     1444000  0.487352
     1445000  0.483041
     1446000  0.492684
     1447000  0.487274
     1448000  0.505296
     1449000  0.491382
     1450000  0.490973
     1451000  0.484832
     1452000  0.490412
     1453000  0.486023
     1454000  0.485045
     1455000  0.485704
     1456000  0.486527
     1457000  0.482107
     1458000  0.481592
     1459000  0.461742
     1460000  0.478316
     1461000  0.495911
     1462000  0.487638
     1463000  0.482446
     1464000  0.482643
     1465000  0.476002
     1466000  0.487417
     1467000  0.484565
     1468000  0.487151
     1469000  0.488979
     1470000  0.476461
     1471000  0.486484
     1472000  0.473113
     1473000  0.475210
     1474000  0.472919
     1475000  0.468226
     1476000  0.499567
     1477000  0.478423
     1478000  0.482040
     1479000  0.493943
     1480000  0.498822
     1481000  0.495993
     1482000  0.489190
     1483000  0.480653
     1484000  0.481998
     1485000  0.477496
     1486000  0.476167
     1487000  0.464178
     1488000  0.474711
     1489000  0.499473
     1490000  0.487942
     1491000  0.480984
     1492000  0.485763
     1493000  0.487732
     1494000  0.459850
     1495000  0.478549
     1496000  0.488147
     1497000  0.470592
     1498000  0.477320
     1499000  0.478620
     1500000  0.475972
     1501000  0.483489
     1502000  0.481395
     1503000  0.475173
     1504000  0.490231
     1505000  0.506851
     1506000  0.479458
     1507000  0.483467
     1508000  0.483075
     1509000  0.487070
     1510000  0.486637
     1511000  0.476146
     1512000  0.491072
     1513000  0.491339
     1514000  0.467730
     1515000  0.490263
     1516000  0.480361
     1517000  0.495947
     1518000  0.481547
     1519000  0.495777
     1520000  0.476101
     1521000  0.491965
     1522000  0.483925
     1523000  0.486572
     1524000  0.505948
     1525000  0.473955
     1526000  0.488059
     1527000  0.483772
     1528000  0.491408
     1529000  0.504028
     1530000  0.458914
     1531000  0.486103
     1532000  0.485101
     1533000  0.464250
     1534000  0.477575
     1535000  0.488483
     1536000  0.484623
     1537000  0.484452
     1538000  0.486589
     1539000  0.481480
     1540000  0.488162
     1541000  0.493460
     1542000  0.497713
     1543000  0.496594
     1544000  0.473971
     1545000  0.478376
     1546000  0.471378
     1547000  0.491596
     1548000  0.494609
     1549000  0.487596
     1550000  0.500139
     1551000  0.484339
     1552000  0.490496
     1553000  0.483471
     1554000  0.477181
     1555000  0.472456
     1556000  0.460568
     1557000  0.478156
     1558000  0.477821
     1559000  0.501877
     1560000  0.471812
     1561000  0.446896
     1562000  0.493045
     1563000  0.501074
     1564000  0.490189
     1565000  0.480987
     1566000  0.484895
     1567000  0.482946
     1568000  0.497038
     1569000  0.485536
     1570000  0.488941
     1571000  0.481815
     1572000  0.482454
     1573000  0.467499
     1574000  0.494150
     1575000  0.473415
     1576000  0.476538
     1577000  0.479001
     1578000  0.487642
     1579000  0.473199
     1580000  0.507497
     1581000  0.496592
     1582000  0.487704
     1583000  0.490055
     1584000  0.507318
     1585000  0.502781
     1586000  0.478726
     1587000  0.489612
     1588000  0.499918
     1589000  0.479013
     1590000  0.485086
     1591000  0.488825
     1592000  0.483714
     1593000  0.471125
     1594000  0.500816
     1595000  0.477228
     1596000  0.495503
     1597000  0.481447
     1598000  0.483010
     1599000  0.491216
     1600000  0.480911
     1601000  0.493180
     1602000  0.489659
     1603000  0.491780
     1604000  0.485345
     1605000  0.473777
     1606000  0.472172
     1607000  0.470773
     1608000  0.467718
     1609000  0.493094
     1610000  0.489910
     1611000  0.498270
     1612000  0.483436
     1613000  0.498230
     1614000  0.497315
     1615000  0.492241
     1616000  0.467197
     1617000  0.461093
     1618000  0.486827
     1619000  0.469317
     1620000  0.480469
     1621000  0.503976
     1622000  0.481104
     1623000  0.496904
     1624000  0.487105
     1625000  0.476151
     1626000  0.487628
     1627000  0.456862
     1628000  0.491000
     1629000  0.491869
     1630000  0.493413
     1631000  0.489610
     1632000  0.477899
     1633000  0.490136
     1634000  0.469814
     1635000  0.494889
     1636000  0.483045
     1637000  0.499729
     1638000  0.487601
     1639000  0.475743
     1640000  0.477016
     1641000  0.491978
     1642000  0.489043
     1643000  0.503414
     1644000  0.470504
     1645000  0.493910
     1646000  0.486130
     1647000  0.481790
     1648000  0.484220
     1649000  0.475424
     1650000  0.495329
     1651000  0.495471
     1652000  0.476931
     1653000  0.491149
     1654000  0.489017
     1655000  0.495958
     1656000  0.479245
     1657000  0.486779
     1658000  0.488758
     1659000  0.483616
     1660000  0.487790
     1661000  0.473549
     1662000  0.485471
     1663000  0.468933
     1664000  0.485758
     1665000  0.490314
     1666000  0.482286
     1667000  0.503215
     1668000  0.480914
     1669000  0.483963
     1670000  0.473004
     1671000  0.495441
     1672000  0.486935
     1673000  0.453770
     1674000  0.491956
     1675000  0.507693
     1676000  0.481443
     1677000  0.492790
     1678000  0.472767
     1679000  0.475399
     1680000  0.497101
     1681000  0.478316
     1682000  0.489422
     1683000  0.491384
     1684000  0.497696
     1685000  0.483256
     1686000  0.484376
     1687000  0.490329
     1688000  0.474562
     1689000  0.476698
     1690000  0.488996
     1691000  0.482970
     1692000  0.484000
     1693000  0.459173
     1694000  0.486973
     1695000  0.474865
     1696000  0.497905
     1697000  0.483054
     1698000  0.489926
     1699000  0.486024
     1700000  0.480804
     1701000  0.491138
     1702000  0.498700
     1703000  0.456451
     1704000  0.495079
     1705000  0.487024
     1706000  0.501931
     1707000  0.483584
     1708000  0.476019
     1709000  0.467067
     1710000  0.479481
     1711000  0.471635
     1712000  0.478105
     1713000  0.493525
     1714000  0.487548
     1715000  0.478914
     1716000  0.488743
     1717000  0.468461
     1718000  0.490774
     1719000  0.495014
     1720000  0.453469
     1721000  0.497938
     1722000  0.481719
     1723000  0.485090
     1724000  0.487651
     1725000  0.478962
     1726000  0.474684
     1727000  0.478579
     1728000  0.484383
     1729000  0.488150
     1730000  0.488164
     1731000  0.480631
     1732000  0.500619
     1733000  0.478346
     1734000  0.479108
     1735000  0.488724
     1736000  0.487334
     1737000  0.494486
     1738000  0.478316
     1739000  0.481892
     1740000  0.481209
     1741000  0.487854
     1742000  0.469648
     1743000  0.486326
     1744000  0.500152
     1745000  0.492972
     1746000  0.480426
     1747000  0.485156
     1748000  0.498060
     1749000  0.496809
     1750000  0.497266
     1751000  0.496217
     1752000  0.491833
     1753000  0.470150
     1754000  0.494661
     1755000  0.485220
     1756000  0.484339
     1757000  0.486168
     1758000  0.485483
     1759000  0.477010
     1760000  0.489292
     1761000  0.488777
     1762000  0.476604
     1763000  0.480954
     1764000  0.473457
     1765000  0.500456
     1766000  0.482244
     1767000  0.490621
     1768000  0.489752
     1769000  0.476688
     1770000  0.492792
     1771000  0.489403
     1772000  0.477577
     1773000  0.494970
     1774000  0.488554
     1775000  0.487256
     1776000  0.499439
     1777000  0.482883
     1778000  0.495901
     1779000  0.477180
     1780000  0.499981
     1781000  0.485732
     1782000  0.483648
     1783000  0.489727
     1784000  0.484910
     1785000  0.496915
     1786000  0.479293
     1787000  0.490194
     1788000  0.476886
     1789000  0.461666
     1790000  0.488693
     1791000  0.436547
     1792000  0.477008
     1793000  0.483420
     1794000  0.482517
     1795000  0.497567
     1796000  0.488076
     1797000  0.489018
     1798000  0.487220
     1799000  0.477972
     1800000  0.493508
     1801000  0.475249
     1802000  0.485395
     1803000  0.484999
     1804000  0.476327
     1805000  0.492298
     1806000  0.490270
     1807000  0.487007
     1808000  0.497159
     1809000  0.467588
     1810000  0.493428
     1811000  0.486765
     1812000  0.478415
     1813000  0.477507
     1814000  0.486672
     1815000  0.485169
     1816000  0.488095
     1817000  0.483114
     1818000  0.488097
     1819000  0.492572
     1820000  0.483894
     1821000  0.472009
     1822000  0.472789
     1823000  0.469338
     1824000  0.500891
     1825000  0.488264
     1826000  0.495045
     1827000  0.489277
     1828000  0.490820
     1829000  0.486166
     1830000  0.493484
     1831000  0.487830
     1832000  0.471108
     1833000  0.482535
     1834000  0.490047
     1835000  0.503184
     1836000  0.469239
     1837000  0.487450
     1838000  0.493257
     1839000  0.482519
     1840000  0.483538
     1841000  0.491242
     1842000  0.475836
     1843000  0.500998
     1844000  0.473049
     1845000  0.473820
     1846000  0.500154
     1847000  0.477819
     1848000  0.494280
     1849000  0.489242
     1850000  0.495337
     1851000  0.477174
     1852000  0.483761
     1853000  0.488448
     1854000  0.480335
     1855000  0.483625
     1856000  0.481893
     1857000  0.488422
     1858000  0.495920
     1859000  0.501102
     1860000  0.495952
     1861000  0.509631
     1862000  0.475187
     1863000  0.484595
     1864000  0.485166
     1865000  0.475366
     1866000  0.471391
     1867000  0.469825
     1868000  0.485332
     1869000  0.479448
     1870000  0.479300
     1871000  0.477603
     1872000  0.478271
     1873000  0.486258
     1874000  0.489636
     1875000  0.490682
     1876000  0.500092
     1877000  0.487641
     1878000  0.509130
     1879000  0.501053
     1880000  0.469411
     1881000  0.489936
     1882000  0.495498
     1883000  0.472871
     1884000  0.484662
     1885000  0.482368
     1886000  0.478312
     1887000  0.492109
     1888000  0.486102
     1889000  0.502997
     1890000  0.478587
     1891000  0.482481
     1892000  0.466992
     1893000  0.479301
     1894000  0.474526
     1895000  0.470391
     1896000  0.491565
     1897000  0.484006
     1898000  0.483852
     1899000  0.464098
     1900000  0.489565
     1901000  0.494690
     1902000  0.473307
     1903000  0.492609
     1904000  0.512044
     1905000  0.489629
     1906000  0.479753
     1907000  0.480033
     1908000  0.491559
     1909000  0.479070
     1910000  0.481475
     1911000  0.471135
     1912000  0.493855
     1913000  0.476508
     1914000  0.480348
     1915000  0.471273
     1916000  0.496040
     1917000  0.467487
     1918000  0.492045
     1919000  0.462616
     1920000  0.494284
     1921000  0.504603
     1922000  0.471891
     1923000  0.492950
     1924000  0.470916
     1925000  0.494994
     1926000  0.491111
     1927000  0.483581
     1928000  0.510018
     1929000  0.509974
     1930000  0.489726
     1931000  0.501695
     1932000  0.486512
     1933000  0.487116
     1934000  0.495570
     1935000  0.495056
     1936000  0.487991
     1937000  0.473077
     1938000  0.477451
     1939000  0.481891
     1940000  0.485178
     1941000  0.485957
     1942000  0.483978
     1943000  0.486310
     1944000  0.472986
     1945000  0.482198
     1946000  0.470801
     1947000  0.489613
     1948000  0.496535
     1949000  0.471877
     1950000  0.486559
     1951000  0.469463
     1952000  0.494949
     1953000  0.482003
     1954000  0.476499
     1955000  0.493440
     1956000  0.475290
     1957000  0.460273
     1958000  0.500522
     1959000  0.478703
     1960000  0.494560
     1961000  0.482473
     1962000  0.476956
     1963000  0.501977
     1964000  0.487859
     1965000  0.500187
     1966000  0.505810
     1967000  0.487509
     1968000  0.474371
     1969000  0.498614
     1970000  0.465058
     1971000  0.479358
     1972000  0.471568
     1973000  0.478542
     1974000  0.491567
     1975000  0.489490
     1976000  0.486154
     1977000  0.484188
     1978000  0.499695
     1979000  0.486673
     1980000  0.482622
     1981000  0.478498
     1982000  0.497243
     1983000  0.499460
     1984000  0.481348
     1985000  0.481304
     1986000  0.473104
     1987000  0.466371
     1988000  0.498902
     1989000  0.484484
     1990000  0.485277
     1991000  0.488140
     1992000  0.489737
     1993000  0.504020
     1994000  0.489400
     1995000  0.472388
     1996000  0.471493
     1997000  0.468874
     1998000  0.463975
     1999000  0.478125
     2000000  0.471727
