       1000 -26764.699233
       2000 -26764.875714
       3000 -26764.638415
       4000 -26764.662714
       5000 -26764.680361
       6000 -26764.693415
       7000 -26765.128077
       8000 -26765.354594
       9000 -26765.095071
      10000 -26764.943042
      11000 -26764.942982
      12000 -26764.640846
      13000 -26764.672294
      14000 -26765.789054
      15000 -26764.639760
      16000 -26765.309499
      17000 -26764.705445
      18000 -26765.397510
      19000 -26764.870513
      20000 -26764.686439
      21000 -26764.638747
      22000 -26765.149983
      23000 -26764.675808
      24000 -26764.702981
      25000 -26764.666055
      26000 -26765.008109
      27000 -26765.215601
      28000 -26766.054479
      29000 -26764.643947
      30000 -26764.639339
      31000 -26764.901826
      32000 -26764.809623
      33000 -26765.691645
      34000 -26765.038073
      35000 -26764.873951
      36000 -26764.783638
      37000 -26766.426826
      38000 -26764.831686
      39000 -26765.210418
      40000 -26764.638635
      41000 -26764.690681
      42000 -26764.661938
      43000 -26764.798133
      44000 -26765.029837
      45000 -26765.097015
      46000 -26764.905268
      47000 -26766.555175
      48000 -26764.685710
      49000 -26764.657976
      50000 -26764.647932
      51000 -26764.909976
      52000 -26766.721557
      53000 -26764.960212
      54000 -26765.079307
      55000 -26765.128251
      56000 -26764.746159
      57000 -26765.470482
      58000 -26767.665015
      59000 -26764.827664
      60000 -26764.891413
      61000 -26764.839397
      62000 -26767.916739
      63000 -26766.315306
      64000 -26764.867206
      65000 -26767.059607
      66000 -26765.293395
      67000 -26769.070739
      68000 -26764.749694
      69000 -26764.638226
      70000 -26765.023485
      71000 -26765.517152
      72000 -26764.715817
      73000 -26764.760145
      74000 -26764.865542
      75000 -26765.226379
      76000 -26764.680010
      77000 -26764.705365
      78000 -26765.080550
      79000 -26764.648824
      80000 -26764.832534
      81000 -26764.647259
      82000 -26765.233153
      83000 -26764.687954
      84000 -26764.923434
      85000 -26765.834735
      86000 -26765.356480
      87000 -26764.638726
      88000 -26764.701778
      89000 -26764.768912
      90000 -26764.679831
      91000 -26764.657751
      92000 -26765.531937
      93000 -26766.173757
      94000 -26764.732629
      95000 -26764.906413
      96000 -26764.658990
      97000 -26764.838505
      98000 -26764.934629
      99000 -26764.998175
     100000 -26765.496837
     101000 -26764.688950
     102000 -26764.639814
     103000 -26765.172924
     104000 -26764.763018
     105000 -26765.185955
     106000 -26764.846279
     107000 -26767.923753
     108000 -26768.862753
     109000 -26765.086910
     110000 -26764.862094
     111000 -26764.652940
     112000 -26764.826916
     113000 -26765.727874
     114000 -26765.750433
     115000 -26767.252253
     116000 -26764.650232
     117000 -26765.007399
     118000 -26766.207705
     119000 -26764.780801
     120000 -26764.638976
     121000 -26765.043319
     122000 -26765.049875
     123000 -26766.504569
     124000 -26764.993993
     125000 -26765.110828
     126000 -26765.131154
     127000 -26765.138755
     128000 -26765.038219
     129000 -26764.802123
     130000 -26766.014736
     131000 -26764.831793
     132000 -26764.668551
     133000 -26765.477042
     134000 -26765.193011
     135000 -26765.051173
     136000 -26765.389598
     137000 -26764.898569
     138000 -26764.662616
     139000 -26764.911830
     140000 -26765.362203
     141000 -26765.054627
     142000 -26765.627718
     143000 -26764.852102
     144000 -26764.768821
     145000 -26765.036170
     146000 -26764.638668
     147000 -26764.734207
     148000 -26766.298293
     149000 -26764.977272
     150000 -26764.844356
     151000 -26764.749167
     152000 -26765.437431
     153000 -26764.713565
     154000 -26764.931540
     155000 -26765.014657
     156000 -26765.077104
     157000 -26764.979286
     158000 -26766.278284
     159000 -26764.638231
     160000 -26764.646726
     161000 -26765.524419
     162000 -26767.244985
     163000 -26764.807186
     164000 -26765.409477
     165000 -26764.840874
     166000 -26764.912558
     167000 -26765.505067
     168000 -26764.874929
     169000 -26765.730932
     170000 -26764.980006
     171000 -26765.349337
     172000 -26765.370089
     173000 -26764.961618
     174000 -26764.746043
     175000 -26764.858208
     176000 -26766.191143
     177000 -26764.861979
     178000 -26764.797233
     179000 -26765.149820
     180000 -26764.727638
     181000 -26764.935450
     182000 -26764.686802
     183000 -26764.657019
     184000 -26765.981948
     185000 -26764.840241
     186000 -26766.309902
     187000 -26765.317112
     188000 -26764.699605
     189000 -26764.638968
     190000 -26764.664402
     191000 -26764.866942
     192000 -26764.639128
     193000 -26765.701896
     194000 -26765.323211
     195000 -26765.049251
     196000 -26764.651703
     197000 -26767.060879
     198000 -26766.853289
     199000 -26765.160267
     200000 -26771.343600
     201000 -26764.685961
     202000 -26764.723458
     203000 -26764.658272
     204000 -26764.661685
     205000 -26765.071307
     206000 -26765.291785
     207000 -26764.644018
     208000 -26764.706795
     209000 -26765.070702
     210000 -26764.943805
     211000 -26764.780263
     212000 -26764.685059
     213000 -26764.639963
     214000 -26765.013644
     215000 -26767.577711
     216000 -26764.692466
     217000 -26764.745728
     218000 -26764.651021
     219000 -26764.770302
     220000 -26764.653142
     221000 -26765.318845
     222000 -26765.026113
     223000 -26765.836123
     224000 -26766.329903
     225000 -26767.453432
     226000 -26765.646999
     227000 -26768.007369
     228000 -26764.638088
     229000 -26764.976442
     230000 -26764.680925
     231000 -26765.289943
     232000 -26765.247642
     233000 -26764.950314
     234000 -26765.797950
     235000 -26765.520907
     236000 -26764.677507
     237000 -26765.110401
     238000 -26764.646105
     239000 -26764.801104
     240000 -26764.760764
     241000 -26765.503464
     242000 -26766.982676
     243000 -26765.086092
     244000 -26764.793869
     245000 -26764.682085
     246000 -26764.725047
     247000 -26764.816126
     248000 -26764.709252
     249000 -26764.709301
     250000 -26765.039896
     251000 -26766.249227
     252000 -26764.753068
     253000 -26765.151620
     254000 -26766.241059
     255000 -26764.845151
     256000 -26764.659405
     257000 -26765.334820
     258000 -26764.717749
     259000 -26764.986604
     260000 -26765.196658
     261000 -26765.162907
     262000 -26764.981323
     263000 -26764.927941
     264000 -26764.778726
     265000 -26765.954325
     266000 -26764.660309
     267000 -26764.941285
     268000 -26768.217059
     269000 -26765.390238
     270000 -26765.878698
     271000 -26765.739185
     272000 -26764.692871
     273000 -26764.676510
     274000 -26765.657441
     275000 -26764.828087
     276000 -26766.188540
     277000 -26764.720474
     278000 -26765.031538
     279000 -26764.808487
     280000 -26764.699019
     281000 -26764.931901
     282000 -26764.824760
     283000 -26764.695626
     284000 -26764.656294
     285000 -26764.810942
     286000 -26765.054301
     287000 -26764.639228
     288000 -26765.227626
     289000 -26764.654584
     290000 -26765.744535
     291000 -26764.682009
     292000 -26764.640419
     293000 -26765.235847
     294000 -26764.639442
     295000 -26764.794562
     296000 -26764.754840
     297000 -26764.638758
     298000 -26765.345405
     299000 -26764.639320
     300000 -26765.389826
     301000 -26764.717993
     302000 -26764.701178
     303000 -26765.014787
     304000 -26764.770847
     305000 -26764.693120
     306000 -26765.149658
     307000 -26765.935315
     308000 -26766.098643
     309000 -26764.653012
     310000 -26764.642223
     311000 -26764.801349
     312000 -26764.681178
     313000 -26764.767241
     314000 -26764.918607
     315000 -26764.641929
     316000 -26764.887879
     317000 -26764.649323
     318000 -26764.721720
     319000 -26765.334116
     320000 -26764.807030
     321000 -26764.829379
     322000 -26765.913503
     323000 -26765.075347
     324000 -26766.073404
     325000 -26764.693207
     326000 -26764.638665
     327000 -26764.982663
     328000 -26767.079012
     329000 -26765.587723
     330000 -26765.355057
     331000 -26764.821681
     332000 -26765.086325
     333000 -26768.283186
     334000 -26764.699914
     335000 -26764.649798
     336000 -26764.691857
     337000 -26765.373661
     338000 -26764.807756
     339000 -26764.665024
     340000 -26766.185641
     341000 -26764.652003
     342000 -26764.640722
     343000 -26764.827481
     344000 -26764.641825
     345000 -26764.976284
     346000 -26765.358539
     347000 -26764.797055
     348000 -26765.570481
     349000 -26764.940034
     350000 -26765.537423
     351000 -26764.814620
     352000 -26765.450393
     353000 -26764.999405
     354000 -26764.811451
     355000 -26764.645662
     356000 -26764.683352
     357000 -26764.787041
     358000 -26765.584284
     359000 -26764.641061
     360000 -26764.643882
     361000 -26764.686949
     362000 -26766.201807
     363000 -26764.831992
     364000 -26765.810749
     365000 -26764.640541
     366000 -26765.208829
     367000 -26765.283664
     368000 -26765.045065
     369000 -26765.305453
     370000 -26764.668039
     371000 -26764.742857
     372000 -26765.196188
     373000 -26764.651032
     374000 -26764.641577
     375000 -26764.671039
     376000 -26765.270316
     377000 -26766.911585
     378000 -26764.747609
     379000 -26765.126054
     380000 -26765.793249
     381000 -26764.757989
     382000 -26764.640392
     383000 -26764.780179
     384000 -26764.901243
     385000 -26765.399585
     386000 -26765.158025
     387000 -26764.999008
     388000 -26764.814568
     389000 -26764.732304
     390000 -26764.958845
     391000 -26764.870345
     392000 -26765.201879
     393000 -26766.836681
     394000 -26765.076784
     395000 -26764.700211
     396000 -26765.207873
     397000 -26764.900407
     398000 -26764.639299
     399000 -26765.278180
     400000 -26764.987591
     401000 -26764.767444
     402000 -26764.641799
     403000 -26764.824635
     404000 -26764.936651
     405000 -26764.639025
     406000 -26764.812486
     407000 -26765.086734
     408000 -26765.104353
     409000 -26765.184663
     410000 -26764.679035
     411000 -26764.641201
     412000 -26764.638181
     413000 -26764.684818
     414000 -26765.983932
     415000 -26765.141581
     416000 -26764.673069
     417000 -26764.644183
     418000 -26764.803766
     419000 -26765.403505
     420000 -26764.758561
     421000 -26766.653434
     422000 -26765.042848
     423000 -26764.795658
     424000 -26764.821391
     425000 -26765.590753
     426000 -26765.513200
     427000 -26764.644627
     428000 -26764.645919
     429000 -26764.799042
     430000 -26764.638283
     431000 -26764.752074
     432000 -26765.843176
     433000 -26765.154001
     434000 -26764.648496
     435000 -26764.822624
     436000 -26764.982759
     437000 -26764.699672
     438000 -26764.661576
     439000 -26764.663150
     440000 -26764.645183
     441000 -26764.689812
     442000 -26765.028222
     443000 -26764.639360
     444000 -26764.666849
     445000 -26764.961972
     446000 -26766.061612
     447000 -26764.671551
     448000 -26766.502771
     449000 -26764.692708
     450000 -26765.859499
     451000 -26764.701260
     452000 -26764.642124
     453000 -26765.087901
     454000 -26766.926501
     455000 -26765.454697
     456000 -26765.267595
     457000 -26764.638358
     458000 -26764.748941
     459000 -26765.421156
     460000 -26764.789190
     461000 -26764.779911
     462000 -26765.267320
     463000 -26764.762428
     464000 -26764.638578
     465000 -26766.356798
     466000 -26764.655379
     467000 -26765.088931
     468000 -26764.638304
     469000 -26764.775207
     470000 -26764.641114
     471000 -26764.953111
     472000 -26764.638795
     473000 -26764.748509
     474000 -26764.757084
     475000 -26765.136964
     476000 -26766.498565
     477000 -26764.692154
     478000 -26767.553666
     479000 -26765.775727
     480000 -26766.788096
     481000 -26764.708339
     482000 -26764.757379
     483000 -26766.420840
     484000 -26768.904087
     485000 -26765.562697
     486000 -26765.432752
     487000 -26764.887978
     488000 -26764.685970
     489000 -26765.353136
     490000 -26766.519305
     491000 -26764.763086
     492000 -26765.059754
     493000 -26765.071472
     494000 -26765.888039
     495000 -26765.315136
     496000 -26764.673790
     497000 -26764.646236
     498000 -26764.638218
     499000 -26764.727179
     500000 -26764.639494
     501000 -26765.293079
     502000 -26765.989695
     503000 -26766.248206
     504000 -26764.683007
     505000 -26764.664582
     506000 -26764.826779
     507000 -26764.638339
     508000 -26764.706472
     509000 -26765.370682
     510000 -26764.927556
     511000 -26765.477899
     512000 -26765.203113
     513000 -26765.897120
     514000 -26765.572136
     515000 -26764.660460
     516000 -26764.753400
     517000 -26765.909229
     518000 -26764.655818
     519000 -26765.873294
     520000 -26764.762818
     521000 -26766.555934
     522000 -26765.203777
     523000 -26764.688482
     524000 -26765.551069
     525000 -26765.053749
     526000 -26764.643967
     527000 -26764.685034
     528000 -26765.636556
     529000 -26765.161943
     530000 -26768.479574
     531000 -26765.151509
     532000 -26765.264370
     533000 -26764.788050
     534000 -26764.638265
     535000 -26764.952347
     536000 -26764.711993
     537000 -26764.797021
     538000 -26765.825638
     539000 -26764.747041
     540000 -26764.897710
     541000 -26765.844157
     542000 -26764.723543
     543000 -26766.128145
     544000 -26765.515978
     545000 -26764.676189
     546000 -26764.902364
     547000 -26764.776106
     548000 -26764.643838
     549000 -26765.013640
     550000 -26764.843404
     551000 -26764.640831
     552000 -26764.753804
     553000 -26766.263294
     554000 -26764.678435
     555000 -26764.689896
     556000 -26764.681547
     557000 -26764.764389
     558000 -26764.658404
     559000 -26764.639148
     560000 -26767.246622
     561000 -26764.770161
     562000 -26766.383262
     563000 -26764.665588
     564000 -26764.810557
     565000 -26764.657498
     566000 -26765.199065
     567000 -26765.957086
     568000 -26764.792808
     569000 -26764.649366
     570000 -26766.580490
     571000 -26764.660471
     572000 -26765.955590
     573000 -26766.461773
     574000 -26764.813437
     575000 -26764.832647
     576000 -26765.674802
     577000 -26765.721866
     578000 -26764.686732
     579000 -26764.666201
     580000 -26764.699114
     581000 -26764.661735
     582000 -26765.567051
     583000 -26768.182192
     584000 -26764.683286
     585000 -26764.639018
     586000 -26764.653633
     587000 -26764.642460
     588000 -26764.672416
     589000 -26764.670409
     590000 -26765.578206
     591000 -26765.467566
     592000 -26764.843442
     593000 -26764.673058
     594000 -26765.007881
     595000 -26766.729408
     596000 -26764.638252
     597000 -26764.641846
     598000 -26764.926243
     599000 -26764.718094
     600000 -26765.284926
     601000 -26764.655881
     602000 -26765.647727
     603000 -26765.577139
     604000 -26764.914127
     605000 -26764.683813
     606000 -26764.659341
     607000 -26764.672364
     608000 -26764.648364
     609000 -26764.698326
     610000 -26765.099789
     611000 -26765.013974
     612000 -26764.680634
     613000 -26764.638499
     614000 -26765.778182
     615000 -26764.677240
     616000 -26765.208723
     617000 -26766.117394
     618000 -26764.654307
     619000 -26764.817861
     620000 -26764.834417
     621000 -26764.655816
     622000 -26765.642274
     623000 -26764.648938
     624000 -26764.730742
     625000 -26766.524047
     626000 -26764.651957
     627000 -26765.459813
     628000 -26764.703788
     629000 -26764.683643
     630000 -26766.691237
     631000 -26764.851724
     632000 -26764.644314
     633000 -26764.705309
     634000 -26764.638147
     635000 -26767.411892
     636000 -26764.642402
     637000 -26765.062385
     638000 -26764.681803
     639000 -26765.081562
     640000 -26764.942868
     641000 -26765.105659
     642000 -26764.784764
     643000 -26764.867121
     644000 -26764.744501
     645000 -26765.841412
     646000 -26764.670144
     647000 -26764.656185
     648000 -26766.051972
     649000 -26766.120827
     650000 -26764.908529
     651000 -26765.979830
     652000 -26764.682365
     653000 -26764.686740
     654000 -26764.652856
     655000 -26766.318920
     656000 -26766.568774
     657000 -26764.646443
     658000 -26765.072157
     659000 -26764.638497
     660000 -26767.529902
     661000 -26765.254892
     662000 -26764.784215
     663000 -26764.955118
     664000 -26764.643296
     665000 -26764.773394
     666000 -26764.876464
     667000 -26765.324001
     668000 -26765.378345
     669000 -26764.724461
     670000 -26764.956678
     671000 -26765.042692
     672000 -26764.899208
     673000 -26765.704967
     674000 -26765.562636
     675000 -26764.648212
     676000 -26764.638416
     677000 -26764.710491
     678000 -26764.783554
     679000 -26765.275854
     680000 -26764.652724
     681000 -26764.741553
     682000 -26764.898858
     683000 -26764.646025
     684000 -26765.872215
     685000 -26764.769230
     686000 -26764.641007
     687000 -26764.644616
     688000 -26764.908021
     689000 -26764.660388
     690000 -26764.771464
     691000 -26764.822356
     692000 -26764.731450
     693000 -26764.736383
     694000 -26764.654315
     695000 -26766.477389
     696000 -26764.774278
     697000 -26764.685893
     698000 -26764.703599
     699000 -26764.658119
     700000 -26765.899675
     701000 -26764.639755
     702000 -26765.567993
     703000 -26764.653835
     704000 -26766.042393
     705000 -26764.642835
     706000 -26766.546808
     707000 -26765.464688
     708000 -26766.032897
     709000 -26764.797169
     710000 -26767.506105
     711000 -26765.901343
     712000 -26764.711192
     713000 -26765.346504
     714000 -26765.308153
     715000 -26765.888938
     716000 -26764.667746
     717000 -26765.018602
     718000 -26764.739860
     719000 -26764.716283
     720000 -26768.184150
     721000 -26765.053684
     722000 -26766.332560
     723000 -26764.931965
     724000 -26765.910235
     725000 -26764.889629
     726000 -26764.793284
     727000 -26764.666583
     728000 -26764.661514
     729000 -26764.761800
     730000 -26767.134199
     731000 -26764.653363
     732000 -26764.736088
     733000 -26764.733901
     734000 -26764.693633
     735000 -26765.009579
     736000 -26764.736456
     737000 -26766.747253
     738000 -26764.643328
     739000 -26764.759485
     740000 -26764.638923
     741000 -26764.678631
     742000 -26765.194187
     743000 -26764.985880
     744000 -26764.677310
     745000 -26764.836360
     746000 -26766.402348
     747000 -26764.821407
     748000 -26764.911572
     749000 -26764.640365
     750000 -26764.744734
     751000 -26766.304002
     752000 -26764.681505
     753000 -26765.956462
     754000 -26764.694084
     755000 -26766.955815
     756000 -26766.202544
     757000 -26765.912071
     758000 -26764.639172
     759000 -26764.668583
     760000 -26765.058735
     761000 -26765.646467
     762000 -26764.847855
     763000 -26764.953572
     764000 -26764.645944
     765000 -26766.481639
     766000 -26765.779182
     767000 -26765.989194
     768000 -26764.989166
     769000 -26765.078850
     770000 -26764.716621
     771000 -26765.070333
     772000 -26764.723374
     773000 -26764.664270
     774000 -26764.662594
     775000 -26765.390413
     776000 -26765.311631
     777000 -26765.229740
     778000 -26765.839457
     779000 -26764.694382
     780000 -26765.321310
     781000 -26765.102561
     782000 -26764.713795
     783000 -26764.670509
     784000 -26768.330935
     785000 -26764.659865
     786000 -26765.061340
     787000 -26765.188883
     788000 -26765.572365
     789000 -26765.887278
     790000 -26764.712761
     791000 -26765.598778
     792000 -26765.580182
     793000 -26764.935916
     794000 -26764.764112
     795000 -26765.760836
     796000 -26766.092911
     797000 -26764.644492
     798000 -26764.755957
     799000 -26765.725533
     800000 -26765.180377
     801000 -26764.648177
     802000 -26766.925602
     803000 -26764.770445
     804000 -26765.061402
     805000 -26766.004659
     806000 -26764.750974
     807000 -26764.671907
     808000 -26766.015913
     809000 -26766.229757
     810000 -26764.960432
     811000 -26767.325055
     812000 -26764.693929
     813000 -26764.668516
     814000 -26765.162213
     815000 -26766.625016
     816000 -26765.240528
     817000 -26766.905508
     818000 -26765.186338
     819000 -26764.648395
     820000 -26764.746440
     821000 -26764.857636
     822000 -26767.275547
     823000 -26765.996685
     824000 -26764.752712
     825000 -26765.719594
     826000 -26764.674102
     827000 -26765.140721
     828000 -26764.764139
     829000 -26764.926436
     830000 -26765.390242
     831000 -26764.697681
     832000 -26764.677132
     833000 -26764.815314
     834000 -26764.638395
     835000 -26764.748339
     836000 -26764.638079
     837000 -26764.660021
     838000 -26764.820579
     839000 -26764.752569
     840000 -26765.322868
     841000 -26765.377306
     842000 -26764.961581
     843000 -26765.005486
     844000 -26764.675229
     845000 -26764.847982
     846000 -26765.242289
     847000 -26764.640678
     848000 -26765.109311
     849000 -26764.689471
     850000 -26764.973351
     851000 -26764.693515
     852000 -26764.671179
     853000 -26765.167145
     854000 -26766.130351
     855000 -26765.328077
     856000 -26767.310842
     857000 -26764.922578
     858000 -26764.985391
     859000 -26764.942875
     860000 -26764.639675
     861000 -26764.653003
     862000 -26765.634246
     863000 -26764.869860
     864000 -26764.638124
     865000 -26765.233248
     866000 -26764.681490
     867000 -26764.683716
     868000 -26765.000813
     869000 -26765.595288
     870000 -26765.070911
     871000 -26764.861372
     872000 -26765.070774
     873000 -26765.288208
     874000 -26764.692365
     875000 -26764.638928
     876000 -26765.214206
     877000 -26764.667718
     878000 -26765.082115
     879000 -26765.480160
     880000 -26764.712505
     881000 -26764.640812
     882000 -26764.733037
     883000 -26765.570175
     884000 -26764.913424
     885000 -26764.638102
     886000 -26764.647920
     887000 -26765.082571
     888000 -26764.943600
     889000 -26764.770282
     890000 -26764.638872
     891000 -26764.954281
     892000 -26764.638209
     893000 -26764.843115
     894000 -26764.734459
     895000 -26764.730480
     896000 -26765.065897
     897000 -26765.491391
     898000 -26764.642927
     899000 -26765.078384
     900000 -26764.840934
     901000 -26764.646924
     902000 -26767.046175
     903000 -26765.203486
     904000 -26764.843161
     905000 -26764.987045
     906000 -26764.845842
     907000 -26764.945640
     908000 -26764.674374
     909000 -26765.050964
     910000 -26765.021526
     911000 -26764.941059
     912000 -26765.029599
     913000 -26765.969140
     914000 -26764.866202
     915000 -26764.639552
     916000 -26764.721689
     917000 -26764.766201
     918000 -26764.699937
     919000 -26764.873526
     920000 -26764.929515
     921000 -26767.391386
     922000 -26764.640050
     923000 -26764.799213
     924000 -26764.855617
     925000 -26764.640833
     926000 -26764.926502
     927000 -26764.725814
     928000 -26764.653274
     929000 -26764.652719
     930000 -26764.642202
     931000 -26764.996831
     932000 -26765.227009
     933000 -26764.641851
     934000 -26765.254579
     935000 -26764.976859
     936000 -26764.881272
     937000 -26764.646239
     938000 -26764.824611
     939000 -26766.145161
     940000 -26764.969170
     941000 -26765.271416
     942000 -26764.768249
     943000 -26766.141025
     944000 -26764.641126
     945000 -26764.662562
     946000 -26764.754343
     947000 -26765.418039
     948000 -26764.997709
     949000 -26766.758246
     950000 -26769.195714
     951000 -26765.513374
     952000 -26764.699512
     953000 -26765.220644
     954000 -26764.682007
     955000 -26764.884128
     956000 -26764.705977
     957000 -26765.279717
     958000 -26764.731817
     959000 -26768.460483
     960000 -26764.661730
     961000 -26764.661706
     962000 -26764.638106
     963000 -26766.048818
     964000 -26765.210814
     965000 -26764.638232
     966000 -26764.845644
     967000 -26765.094838
     968000 -26764.807407
     969000 -26765.240593
     970000 -26764.922308
     971000 -26765.270206
     972000 -26764.642485
     973000 -26766.164121
     974000 -26764.668391
     975000 -26764.868084
     976000 -26765.071199
     977000 -26765.044310
     978000 -26764.733146
     979000 -26768.283626
     980000 -26764.643353
     981000 -26764.641285
     982000 -26765.852000
     983000 -26765.720620
     984000 -26765.156518
     985000 -26765.660701
     986000 -26767.858235
     987000 -26764.916146
     988000 -26765.400215
     989000 -26764.815409
     990000 -26765.089161
     991000 -26764.673274
     992000 -26765.863315
     993000 -26764.638395
     994000 -26764.689037
     995000 -26765.276872
     996000 -26764.664688
     997000 -26765.852734
     998000 -26764.668176
     999000 -26765.006813
    1000000 -26765.582178
