       1000 -26829.507571
       2000 -26829.594114
       3000 -26829.522763
       4000 -26829.518492
       5000 -26830.961104
       6000 -26831.873711
       7000 -26832.083964
       8000 -26831.034922
       9000 -26829.959308
      10000 -26829.971922
      11000 -26829.743778
      12000 -26829.511171
      13000 -26829.511050
      14000 -26829.874237
      15000 -26829.507948
      16000 -26831.779053
      17000 -26831.871099
      18000 -26830.146227
      19000 -26831.724071
      20000 -26832.351758
      21000 -26838.339784
      22000 -26831.675868
      23000 -26829.523945
      24000 -26832.253129
      25000 -26829.601066
      26000 -26829.574118
      27000 -26829.876732
      28000 -26830.056364
      29000 -26831.620747
      30000 -26829.520001
      31000 -26831.783456
      32000 -26829.526739
      33000 -26831.783313
      34000 -26833.451420
      35000 -26831.799835
      36000 -26831.914110
      37000 -26829.766217
      38000 -26829.649346
      39000 -26829.853902
      40000 -26832.584387
      41000 -26829.611553
      42000 -26831.669520
      43000 -26829.688317
      44000 -26831.529818
      45000 -26831.795270
      46000 -26831.467943
      47000 -26831.471286
      48000 -26829.538833
      49000 -26831.680415
      50000 -26831.755255
      51000 -26832.191619
      52000 -26829.525400
      53000 -26831.870721
      54000 -26831.537979
      55000 -26830.323430
      56000 -26829.586283
      57000 -26829.914042
      58000 -26831.837231
      59000 -26831.506116
      60000 -26829.735701
      61000 -26829.821088
      62000 -26829.599082
      63000 -26829.955410
      64000 -26829.826020
      65000 -26829.607521
      66000 -26829.566692
      67000 -26831.799322
      68000 -26831.544854
      69000 -26829.690662
      70000 -26832.386229
      71000 -26832.876858
      72000 -26836.306790
      73000 -26832.853570
      74000 -26831.853980
      75000 -26831.793291
      76000 -26831.878168
      77000 -26831.475563
      78000 -26831.771230
      79000 -26829.701843
      80000 -26829.988765
      81000 -26831.905957
      82000 -26829.628386
      83000 -26836.965006
      84000 -26834.266250
      85000 -26832.796014
      86000 -26829.826362
      87000 -26829.780450
      88000 -26829.705042
      89000 -26831.842411
      90000 -26833.176810
      91000 -26833.322877
      92000 -26831.805869
      93000 -26833.786502
      94000 -26829.580488
      95000 -26830.300646
      96000 -26830.470673
      97000 -26830.002076
      98000 -26831.517516
      99000 -26830.204055
     100000 -26829.536537
     101000 -26829.773446
     102000 -26831.783898
     103000 -26829.876072
     104000 -26829.536534
     105000 -26831.690993
     106000 -26832.045406
     107000 -26831.481225
     108000 -26832.725161
     109000 -26829.669169
     110000 -26829.508142
     111000 -26836.897108
     112000 -26831.786521
     113000 -26832.622539
     114000 -26831.787974
     115000 -26833.603947
     116000 -26831.910448
     117000 -26830.471753
     118000 -26829.512458
     119000 -26829.666522
     120000 -26831.903357
     121000 -26832.892845
     122000 -26830.637098
     123000 -26832.842268
     124000 -26829.751805
     125000 -26831.679789
     126000 -26831.060965
     127000 -26830.596654
     128000 -26831.763458
     129000 -26830.696400
     130000 -26829.567184
     131000 -26829.507602
     132000 -26830.172628
     133000 -26830.036086
     134000 -26830.111049
     135000 -26829.825501
     136000 -26831.797226
     137000 -26832.386408
     138000 -26831.800458
     139000 -26831.785301
     140000 -26829.511174
     141000 -26829.580130
     142000 -26829.934927
     143000 -26832.582061
     144000 -26832.777025
     145000 -26830.889467
     146000 -26829.677908
     147000 -26829.785816
     148000 -26832.392344
     149000 -26830.129510
     150000 -26831.631342
     151000 -26829.664293
     152000 -26832.092472
     153000 -26831.973609
     154000 -26832.200305
     155000 -26830.693167
     156000 -26829.730282
     157000 -26832.004155
     158000 -26831.818998
     159000 -26831.798441
     160000 -26832.380686
     161000 -26829.800051
     162000 -26829.508095
     163000 -26830.000819
     164000 -26830.008946
     165000 -26837.305498
     166000 -26829.571311
     167000 -26829.919290
     168000 -26829.620326
     169000 -26829.938216
     170000 -26832.446551
     171000 -26831.894516
     172000 -26829.989870
     173000 -26829.754921
     174000 -26831.521549
     175000 -26829.738068
     176000 -26829.548279
     177000 -26829.816528
     178000 -26831.750680
     179000 -26829.515091
     180000 -26831.864461
     181000 -26830.773053
     182000 -26829.676220
     183000 -26831.783700
     184000 -26829.518715
     185000 -26831.672106
     186000 -26829.632195
     187000 -26829.545892
     188000 -26831.064341
     189000 -26829.643705
     190000 -26829.520556
     191000 -26829.838187
     192000 -26829.535541
     193000 -26832.027335
     194000 -26830.440533
     195000 -26831.552770
     196000 -26829.738107
     197000 -26829.508054
     198000 -26831.530975
     199000 -26832.138948
     200000 -26832.271240
     201000 -26830.171079
     202000 -26830.096158
     203000 -26831.477017
     204000 -26829.613725
     205000 -26829.645876
     206000 -26829.829366
     207000 -26831.217198
     208000 -26829.507771
     209000 -26831.501477
     210000 -26830.513124
     211000 -26829.880610
     212000 -26832.489920
     213000 -26832.017848
     214000 -26832.682654
     215000 -26829.531028
     216000 -26832.401355
     217000 -26829.544751
     218000 -26831.564291
     219000 -26830.595225
     220000 -26829.527986
     221000 -26829.645724
     222000 -26830.760349
     223000 -26831.466004
     224000 -26839.434175
     225000 -26831.510330
     226000 -26832.452472
     227000 -26830.002877
     228000 -26831.587400
     229000 -26831.777610
     230000 -26831.498010
     231000 -26830.638479
     232000 -26829.899286
     233000 -26829.888367
     234000 -26830.397866
     235000 -26829.639285
     236000 -26829.858729
     237000 -26833.577742
     238000 -26829.659841
     239000 -26831.371650
     240000 -26831.833352
     241000 -26829.515476
     242000 -26832.178176
     243000 -26832.310392
     244000 -26831.710465
     245000 -26832.537106
     246000 -26829.722246
     247000 -26832.348092
     248000 -26829.510984
     249000 -26831.788338
     250000 -26829.507717
     251000 -26829.529181
     252000 -26829.587281
     253000 -26830.085454
     254000 -26834.590032
     255000 -26831.527432
     256000 -26830.068770
     257000 -26832.138530
     258000 -26833.219858
     259000 -26829.964183
     260000 -26829.528314
     261000 -26832.095573
     262000 -26829.699004
     263000 -26830.755757
     264000 -26830.609375
     265000 -26829.618728
     266000 -26831.838918
     267000 -26829.711957
     268000 -26831.978220
     269000 -26831.512187
     270000 -26832.517802
     271000 -26830.119055
     272000 -26832.478303
     273000 -26829.638088
     274000 -26832.024983
     275000 -26829.880945
     276000 -26829.507999
     277000 -26829.693636
     278000 -26832.512568
     279000 -26829.783308
     280000 -26829.634928
     281000 -26829.542171
     282000 -26829.507584
     283000 -26834.279051
     284000 -26832.324191
     285000 -26832.112902
     286000 -26830.165269
     287000 -26832.229176
     288000 -26831.465972
     289000 -26831.808898
     290000 -26829.723833
     291000 -26829.898804
     292000 -26832.049489
     293000 -26829.593768
     294000 -26832.080243
     295000 -26829.511626
     296000 -26831.570424
     297000 -26831.863671
     298000 -26829.848119
     299000 -26834.621071
     300000 -26831.596858
     301000 -26830.572160
     302000 -26831.556702
     303000 -26829.661549
     304000 -26829.522342
     305000 -26830.069096
     306000 -26831.529169
     307000 -26829.745257
     308000 -26830.011689
     309000 -26829.519891
     310000 -26835.757054
     311000 -26830.120212
     312000 -26829.666126
     313000 -26829.859482
     314000 -26831.836680
     315000 -26832.074098
     316000 -26829.507838
     317000 -26831.962375
     318000 -26829.814627
     319000 -26829.618332
     320000 -26832.621026
     321000 -26829.712771
     322000 -26829.518699
     323000 -26831.545465
     324000 -26833.748967
     325000 -26832.429183
     326000 -26829.653687
     327000 -26829.514704
     328000 -26829.539938
     329000 -26833.017903
     330000 -26829.559990
     331000 -26829.510225
     332000 -26829.631068
     333000 -26831.466711
     334000 -26829.802739
     335000 -26830.031663
     336000 -26829.537519
     337000 -26831.770053
     338000 -26830.910187
     339000 -26829.608721
     340000 -26829.548249
     341000 -26831.798738
     342000 -26832.392983
     343000 -26832.099412
     344000 -26830.781828
     345000 -26831.776451
     346000 -26832.264480
     347000 -26829.526893
     348000 -26829.530421
     349000 -26830.028573
     350000 -26829.637385
     351000 -26829.543146
     352000 -26830.095084
     353000 -26829.530253
     354000 -26829.611930
     355000 -26831.588997
     356000 -26835.074197
     357000 -26831.727574
     358000 -26832.244946
     359000 -26830.061835
     360000 -26831.267288
     361000 -26829.977406
     362000 -26829.510904
     363000 -26829.911473
     364000 -26829.991428
     365000 -26832.167354
     366000 -26829.520787
     367000 -26829.738567
     368000 -26832.578830
     369000 -26832.762218
     370000 -26831.795774
     371000 -26829.507997
     372000 -26832.692198
     373000 -26829.593373
     374000 -26829.570783
     375000 -26832.220178
     376000 -26831.475611
     377000 -26831.627507
     378000 -26829.520042
     379000 -26832.254662
     380000 -26829.769774
     381000 -26829.558710
     382000 -26830.265335
     383000 -26830.084893
     384000 -26832.394882
     385000 -26831.943148
     386000 -26832.684414
     387000 -26829.761566
     388000 -26829.776679
     389000 -26829.851553
     390000 -26829.508908
     391000 -26829.541000
     392000 -26829.930029
     393000 -26829.538835
     394000 -26829.604652
     395000 -26832.040453
     396000 -26832.538863
     397000 -26831.466484
     398000 -26829.542274
     399000 -26831.493308
     400000 -26831.064169
     401000 -26831.545698
     402000 -26831.480665
     403000 -26829.639954
     404000 -26829.728435
     405000 -26834.561643
     406000 -26830.180341
     407000 -26829.567933
     408000 -26829.845863
     409000 -26830.224723
     410000 -26836.329401
     411000 -26832.593922
     412000 -26830.225670
     413000 -26829.880079
     414000 -26829.827645
     415000 -26829.733598
     416000 -26832.252772
     417000 -26829.610448
     418000 -26831.785077
     419000 -26831.971034
     420000 -26831.884014
     421000 -26829.932879
     422000 -26829.512450
     423000 -26832.559958
     424000 -26829.688693
     425000 -26831.611261
     426000 -26829.510125
     427000 -26830.428623
     428000 -26829.609728
     429000 -26831.557730
     430000 -26832.489133
     431000 -26832.000880
     432000 -26829.536309
     433000 -26832.134742
     434000 -26831.474641
     435000 -26832.250257
     436000 -26831.471727
     437000 -26833.411543
     438000 -26831.598568
     439000 -26829.589138
     440000 -26831.508500
     441000 -26829.621272
     442000 -26829.508694
     443000 -26829.780087
     444000 -26829.527336
     445000 -26832.388701
     446000 -26832.374771
     447000 -26830.375708
     448000 -26833.115957
     449000 -26832.264818
     450000 -26832.069400
     451000 -26829.522414
     452000 -26832.286756
     453000 -26830.000648
     454000 -26829.608326
     455000 -26831.144980
     456000 -26830.166604
     457000 -26831.612476
     458000 -26831.314204
     459000 -26829.522403
     460000 -26832.428160
     461000 -26831.615074
     462000 -26831.496240
     463000 -26831.777679
     464000 -26829.538625
     465000 -26831.479124
     466000 -26829.587934
     467000 -26829.569407
     468000 -26829.584335
     469000 -26833.660139
     470000 -26832.576181
     471000 -26831.641027
     472000 -26829.508322
     473000 -26830.327142
     474000 -26830.753359
     475000 -26832.291416
     476000 -26831.490993
     477000 -26829.573162
     478000 -26832.968970
     479000 -26830.366877
     480000 -26829.565627
     481000 -26829.508872
     482000 -26829.547345
     483000 -26829.717767
     484000 -26829.566411
     485000 -26829.535250
     486000 -26829.695127
     487000 -26829.526172
     488000 -26831.512667
     489000 -26829.963832
     490000 -26832.246286
     491000 -26831.784618
     492000 -26829.581845
     493000 -26829.562885
     494000 -26830.105950
     495000 -26832.285447
     496000 -26829.815978
     497000 -26830.586309
     498000 -26834.037439
     499000 -26829.705698
     500000 -26832.863899
     501000 -26830.005432
     502000 -26829.817562
     503000 -26836.789970
     504000 -26832.306872
     505000 -26830.292778
     506000 -26832.123945
     507000 -26829.508189
     508000 -26829.640631
     509000 -26833.220708
     510000 -26829.508656
     511000 -26829.664751
     512000 -26831.882328
     513000 -26832.460512
     514000 -26829.930353
     515000 -26832.738434
     516000 -26835.576135
     517000 -26832.154148
     518000 -26829.727655
     519000 -26830.443143
     520000 -26832.304729
     521000 -26829.562961
     522000 -26829.543053
     523000 -26830.271987
     524000 -26833.306405
     525000 -26831.502900
     526000 -26831.409019
     527000 -26834.853170
     528000 -26832.548095
     529000 -26832.517160
     530000 -26831.527016
     531000 -26831.872437
     532000 -26830.369360
     533000 -26832.001275
     534000 -26829.533650
     535000 -26830.957251
     536000 -26829.530018
     537000 -26831.265160
     538000 -26829.509244
     539000 -26833.101666
     540000 -26829.834542
     541000 -26830.230672
     542000 -26832.245881
     543000 -26831.757943
     544000 -26829.644539
     545000 -26829.876416
     546000 -26832.734426
     547000 -26838.631162
     548000 -26832.028415
     549000 -26831.788766
     550000 -26829.518344
     551000 -26829.652738
     552000 -26829.514958
     553000 -26829.514025
     554000 -26830.022643
     555000 -26832.381065
     556000 -26831.687606
     557000 -26829.580670
     558000 -26829.529166
     559000 -26829.532089
     560000 -26829.511467
     561000 -26829.518129
     562000 -26829.758548
     563000 -26829.585309
     564000 -26829.645445
     565000 -26834.973844
     566000 -26829.518705
     567000 -26832.934785
     568000 -26829.574777
     569000 -26829.509094
     570000 -26830.515211
     571000 -26831.420567
     572000 -26830.064503
     573000 -26829.680257
     574000 -26829.513705
     575000 -26832.118045
     576000 -26831.796503
     577000 -26829.721784
     578000 -26829.511740
     579000 -26832.180322
     580000 -26829.920828
     581000 -26832.484179
     582000 -26832.393737
     583000 -26833.007924
     584000 -26829.822787
     585000 -26829.507623
     586000 -26831.846792
     587000 -26829.551395
     588000 -26832.270403
     589000 -26829.528590
     590000 -26830.589553
     591000 -26831.700615
     592000 -26831.612510
     593000 -26832.344981
     594000 -26829.509997
     595000 -26832.019307
     596000 -26829.943190
     597000 -26830.025652
     598000 -26829.572343
     599000 -26831.732064
     600000 -26829.754056
     601000 -26830.490565
     602000 -26837.122127
     603000 -26829.696868
     604000 -26831.974978
     605000 -26834.970405
     606000 -26831.495119
     607000 -26829.509603
     608000 -26832.044734
     609000 -26829.525404
     610000 -26831.172943
     611000 -26832.611423
     612000 -26830.201107
     613000 -26831.767458
     614000 -26829.508055
     615000 -26830.572877
     616000 -26830.386211
     617000 -26831.491391
     618000 -26830.183790
     619000 -26829.530915
     620000 -26830.996739
     621000 -26829.510272
     622000 -26831.493996
     623000 -26829.737441
     624000 -26831.989853
     625000 -26831.594832
     626000 -26832.433247
     627000 -26829.699608
     628000 -26832.896511
     629000 -26829.571084
     630000 -26831.935139
     631000 -26833.395619
     632000 -26831.801773
     633000 -26831.492953
     634000 -26831.853075
     635000 -26830.982846
     636000 -26829.952490
     637000 -26831.820265
     638000 -26829.546297
     639000 -26829.748736
     640000 -26829.837006
     641000 -26829.533171
     642000 -26831.813042
     643000 -26832.079211
     644000 -26830.372806
     645000 -26829.623483
     646000 -26829.542850
     647000 -26829.525599
     648000 -26831.688461
     649000 -26830.106698
     650000 -26832.139627
     651000 -26829.668757
     652000 -26834.173821
     653000 -26829.543412
     654000 -26830.228343
     655000 -26829.552217
     656000 -26830.860856
     657000 -26829.674149
     658000 -26829.628091
     659000 -26829.543913
     660000 -26829.516803
     661000 -26829.597572
     662000 -26830.275220
     663000 -26831.470328
     664000 -26829.827043
     665000 -26830.040942
     666000 -26829.631796
     667000 -26829.940944
     668000 -26836.308399
     669000 -26830.119504
     670000 -26830.418680
     671000 -26831.501270
     672000 -26830.143415
     673000 -26829.625208
     674000 -26829.833752
     675000 -26829.569963
     676000 -26829.696593
     677000 -26831.623263
     678000 -26831.852894
     679000 -26832.366980
     680000 -26830.418054
     681000 -26832.757060
     682000 -26831.872005
     683000 -26831.496407
     684000 -26830.887655
     685000 -26831.693295
     686000 -26829.790261
     687000 -26831.779914
     688000 -26832.370114
     689000 -26829.561356
     690000 -26830.113528
     691000 -26829.554407
     692000 -26833.796431
     693000 -26830.816265
     694000 -26829.726740
     695000 -26831.557891
     696000 -26832.528636
     697000 -26829.541425
     698000 -26832.093620
     699000 -26830.016418
     700000 -26829.554458
     701000 -26831.832636
     702000 -26831.331333
     703000 -26830.758053
     704000 -26829.507608
     705000 -26829.512423
     706000 -26831.489873
     707000 -26831.466010
     708000 -26831.981133
     709000 -26830.104076
     710000 -26832.245908
     711000 -26829.625560
     712000 -26829.509927
     713000 -26831.674654
     714000 -26829.522028
     715000 -26829.527279
     716000 -26829.896853
     717000 -26829.701300
     718000 -26831.256024
     719000 -26832.102409
     720000 -26829.800554
     721000 -26829.535645
     722000 -26829.509107
     723000 -26829.735104
     724000 -26832.147231
     725000 -26831.736930
     726000 -26831.498363
     727000 -26834.533128
     728000 -26831.809050
     729000 -26831.466745
     730000 -26829.755210
     731000 -26830.807599
     732000 -26830.471502
     733000 -26832.035970
     734000 -26830.217468
     735000 -26834.181686
     736000 -26829.750999
     737000 -26831.999244
     738000 -26832.113921
     739000 -26830.219454
     740000 -26829.911321
     741000 -26829.747089
     742000 -26833.595429
     743000 -26830.041288
     744000 -26829.532973
     745000 -26830.032203
     746000 -26831.520420
     747000 -26829.513559
     748000 -26832.682318
     749000 -26831.818179
     750000 -26829.518864
     751000 -26833.177443
     752000 -26832.923625
     753000 -26829.754700
     754000 -26831.073575
     755000 -26830.553993
     756000 -26831.470223
     757000 -26829.887700
     758000 -26837.028619
     759000 -26830.318065
     760000 -26830.256435
     761000 -26831.783253
     762000 -26829.595356
     763000 -26829.517559
     764000 -26832.968605
     765000 -26829.590609
     766000 -26832.397885
     767000 -26829.516619
     768000 -26829.553870
     769000 -26829.856965
     770000 -26829.507687
     771000 -26834.435333
     772000 -26830.044841
     773000 -26832.866658
     774000 -26830.486394
     775000 -26829.588359
     776000 -26832.709760
     777000 -26829.916308
     778000 -26830.936219
     779000 -26829.568242
     780000 -26830.560179
     781000 -26830.250994
     782000 -26829.711977
     783000 -26831.466974
     784000 -26829.990682
     785000 -26829.556851
     786000 -26831.548685
     787000 -26832.064349
     788000 -26832.634977
     789000 -26831.794166
     790000 -26831.642290
     791000 -26831.736399
     792000 -26829.841076
     793000 -26832.895937
     794000 -26833.056277
     795000 -26829.623476
     796000 -26831.669577
     797000 -26833.473196
     798000 -26835.099693
     799000 -26829.509380
     800000 -26831.993816
     801000 -26838.787528
     802000 -26830.050806
     803000 -26829.712340
     804000 -26831.727570
     805000 -26829.507687
     806000 -26829.509383
     807000 -26829.550528
     808000 -26831.517559
     809000 -26831.415345
     810000 -26831.556483
     811000 -26829.620598
     812000 -26829.507629
     813000 -26829.516439
     814000 -26831.772575
     815000 -26829.838907
     816000 -26829.608873
     817000 -26831.756789
     818000 -26831.489557
     819000 -26829.541278
     820000 -26829.520806
     821000 -26829.615471
     822000 -26831.469044
     823000 -26832.033526
     824000 -26833.406818
     825000 -26833.167436
     826000 -26829.531142
     827000 -26830.665823
     828000 -26829.557250
     829000 -26829.507783
     830000 -26829.664259
     831000 -26831.836737
     832000 -26829.696331
     833000 -26829.627315
     834000 -26829.911219
     835000 -26829.599758
     836000 -26829.680180
     837000 -26830.467857
     838000 -26829.525686
     839000 -26830.574019
     840000 -26829.526177
     841000 -26830.495703
     842000 -26829.575764
     843000 -26831.784015
     844000 -26830.645181
     845000 -26829.532509
     846000 -26832.000466
     847000 -26830.415093
     848000 -26829.712352
     849000 -26831.879264
     850000 -26829.836758
     851000 -26829.510085
     852000 -26830.452341
     853000 -26831.665714
     854000 -26830.257596
     855000 -26829.509402
     856000 -26831.820596
     857000 -26831.857949
     858000 -26829.660348
     859000 -26829.914523
     860000 -26829.507587
     861000 -26832.214614
     862000 -26829.572571
     863000 -26831.017918
     864000 -26831.741726
     865000 -26833.144721
     866000 -26832.671879
     867000 -26830.792766
     868000 -26829.637499
     869000 -26831.506687
     870000 -26829.613165
     871000 -26831.481613
     872000 -26830.052320
     873000 -26831.684306
     874000 -26829.584982
     875000 -26830.453983
     876000 -26833.605249
     877000 -26829.588661
     878000 -26830.145520
     879000 -26830.880495
     880000 -26831.552969
     881000 -26830.585291
     882000 -26830.106279
     883000 -26831.924433
     884000 -26831.569723
     885000 -26830.037626
     886000 -26829.554412
     887000 -26829.824126
     888000 -26830.792569
     889000 -26829.515832
     890000 -26832.825159
     891000 -26830.927012
     892000 -26832.010868
     893000 -26831.662450
     894000 -26831.806214
     895000 -26829.982036
     896000 -26832.045302
     897000 -26831.035662
     898000 -26832.819226
     899000 -26834.556144
     900000 -26829.510564
     901000 -26829.507563
     902000 -26829.550705
     903000 -26831.466850
     904000 -26832.441749
     905000 -26830.890072
     906000 -26829.861730
     907000 -26832.249933
     908000 -26829.850162
     909000 -26829.592373
     910000 -26829.538246
     911000 -26829.928957
     912000 -26831.604372
     913000 -26829.812777
     914000 -26832.428219
     915000 -26833.181354
     916000 -26829.579214
     917000 -26829.818502
     918000 -26831.862316
     919000 -26832.209734
     920000 -26831.800618
     921000 -26831.473753
     922000 -26833.020637
     923000 -26830.660571
     924000 -26829.758323
     925000 -26829.840815
     926000 -26832.384370
     927000 -26829.558700
     928000 -26832.118731
     929000 -26829.519296
     930000 -26831.471847
     931000 -26832.076064
     932000 -26831.029301
     933000 -26830.066294
     934000 -26831.073773
     935000 -26832.278994
     936000 -26832.331297
     937000 -26829.775725
     938000 -26829.579598
     939000 -26831.975610
     940000 -26829.526632
     941000 -26829.533418
     942000 -26831.565867
     943000 -26831.910921
     944000 -26829.610288
     945000 -26829.616711
     946000 -26829.511186
     947000 -26831.868269
     948000 -26832.021459
     949000 -26831.969115
     950000 -26829.559531
     951000 -26832.572448
     952000 -26831.712997
     953000 -26830.396931
     954000 -26831.832615
     955000 -26831.356077
     956000 -26830.947188
     957000 -26831.784283
     958000 -26830.563668
     959000 -26829.761572
     960000 -26832.257804
     961000 -26833.874646
     962000 -26831.618474
     963000 -26829.680156
     964000 -26831.584099
     965000 -26829.518477
     966000 -26829.512693
     967000 -26829.706467
     968000 -26829.538676
     969000 -26832.020231
     970000 -26831.531678
     971000 -26832.792902
     972000 -26829.876136
     973000 -26832.140126
     974000 -26831.897631
     975000 -26831.319046
     976000 -26829.560634
     977000 -26829.585440
     978000 -26829.533902
     979000 -26831.469179
     980000 -26830.259013
     981000 -26829.508257
     982000 -26830.001315
     983000 -26835.035052
     984000 -26831.095790
     985000 -26831.554556
     986000 -26832.008071
     987000 -26830.227788
     988000 -26830.068972
     989000 -26829.523161
     990000 -26830.944810
     991000 -26836.168553
     992000 -26832.763363
     993000 -26831.726123
     994000 -26832.296983
     995000 -26831.486146
     996000 -26833.983036
     997000 -26831.567277
     998000 -26831.516836
     999000 -26831.532718
    1000000 -26829.948339
