       1000 -768.374065
       2000 -768.216355
       3000 -768.336404
       4000 -770.449921
       5000 -768.212001
       6000 -769.475221
       7000 -768.224046
       8000 -768.222476
       9000 -769.104220
      10000 -768.448754
      11000 -768.266068
      12000 -769.872148
      13000 -768.370096
      14000 -768.211641
      15000 -769.214940
      16000 -768.936886
      17000 -769.393228
      18000 -769.495916
      19000 -768.334368
      20000 -768.938289
      21000 -769.983323
      22000 -772.522795
      23000 -772.599878
      24000 -768.532082
      25000 -770.083895
      26000 -769.258591
      27000 -768.486893
      28000 -768.228065
      29000 -769.632097
      30000 -772.677815
      31000 -768.277362
      32000 -768.536263
      33000 -768.988938
      34000 -771.786707
      35000 -768.283313
      36000 -768.370554
      37000 -768.866961
      38000 -768.374231
      39000 -769.042971
      40000 -770.297219
      41000 -768.289760
      42000 -768.356494
      43000 -768.321302
      44000 -768.415956
      45000 -768.587879
      46000 -768.618583
      47000 -768.411443
      48000 -768.227876
      49000 -769.701868
      50000 -768.215227
      51000 -768.695182
      52000 -768.266622
      53000 -768.463796
      54000 -768.451324
      55000 -768.813346
      56000 -768.220431
      57000 -768.391877
      58000 -769.583846
      59000 -768.636076
      60000 -768.503996
      61000 -768.436292
      62000 -768.220041
      63000 -768.259374
      64000 -769.416986
      65000 -768.881574
      66000 -768.411881
      67000 -772.371467
      68000 -768.844276
      69000 -768.735572
      70000 -768.211796
      71000 -769.662457
      72000 -768.386324
      73000 -771.575312
      74000 -769.121266
      75000 -768.634195
      76000 -768.582030
      77000 -768.394049
      78000 -769.278169
      79000 -771.713909
      80000 -769.742253
      81000 -768.250461
      82000 -768.500922
      83000 -770.400692
      84000 -768.212271
      85000 -768.655135
      86000 -768.212088
      87000 -768.995854
      88000 -768.604186
      89000 -768.620406
      90000 -768.926292
      91000 -768.873700
      92000 -769.027653
      93000 -768.573444
      94000 -772.422852
      95000 -769.068314
      96000 -768.659997
      97000 -768.910831
      98000 -768.217846
      99000 -768.223343
     100000 -768.215557
     101000 -768.593471
     102000 -769.285580
     103000 -768.433492
     104000 -769.146010
     105000 -769.121714
     106000 -768.238308
     107000 -768.239293
     108000 -769.963267
     109000 -768.636656
     110000 -768.237913
     111000 -768.548316
     112000 -768.791862
     113000 -769.294487
     114000 -768.514937
     115000 -770.285499
     116000 -769.292753
     117000 -768.292341
     118000 -768.367132
     119000 -768.246284
     120000 -769.627145
     121000 -768.743388
     122000 -768.281718
     123000 -768.623892
     124000 -768.337989
     125000 -768.262669
     126000 -768.223121
     127000 -768.243596
     128000 -772.978132
     129000 -768.430883
     130000 -769.465084
     131000 -768.460504
     132000 -770.411689
     133000 -769.326891
     134000 -769.538843
     135000 -768.504018
     136000 -768.309127
     137000 -768.220565
     138000 -768.211679
     139000 -768.224558
     140000 -769.258474
     141000 -768.626721
     142000 -768.225023
     143000 -768.317709
     144000 -768.460378
     145000 -768.269573
     146000 -768.391536
     147000 -770.323301
     148000 -771.930046
     149000 -770.999663
     150000 -769.023403
     151000 -769.166126
     152000 -768.446113
     153000 -768.244955
     154000 -768.479692
     155000 -769.412835
     156000 -768.227566
     157000 -768.319803
     158000 -772.038041
     159000 -769.446393
     160000 -769.439886
     161000 -768.300492
     162000 -768.274415
     163000 -768.315491
     164000 -768.483310
     165000 -768.260242
     166000 -768.212310
     167000 -772.393289
     168000 -768.476888
     169000 -768.275037
     170000 -768.868205
     171000 -770.483440
     172000 -768.433634
     173000 -772.413206
     174000 -768.264521
     175000 -769.803744
     176000 -768.577751
     177000 -768.253135
     178000 -768.307661
     179000 -768.211985
     180000 -768.381754
     181000 -768.267961
     182000 -768.951814
     183000 -768.252484
     184000 -770.731008
     185000 -768.268044
     186000 -772.253279
     187000 -768.262413
     188000 -768.455411
     189000 -768.537415
     190000 -769.033343
     191000 -768.671668
     192000 -768.216278
     193000 -768.500263
     194000 -768.916909
     195000 -769.547576
     196000 -768.505956
     197000 -769.672941
     198000 -768.246951
     199000 -769.056839
     200000 -772.374972
     201000 -768.388462
     202000 -768.213003
     203000 -768.372998
     204000 -768.339342
     205000 -768.397379
     206000 -768.245969
     207000 -768.290204
     208000 -768.294237
     209000 -772.567575
     210000 -768.346703
     211000 -768.337215
     212000 -769.041740
     213000 -768.588268
     214000 -768.700742
     215000 -768.211956
     216000 -768.835820
     217000 -768.641538
     218000 -769.005490
     219000 -768.421247
     220000 -768.946395
     221000 -768.244007
     222000 -768.988730
     223000 -768.232576
     224000 -768.595815
     225000 -768.541425
     226000 -772.370023
     227000 -769.438730
     228000 -769.692817
     229000 -768.218740
     230000 -769.193134
     231000 -768.235374
     232000 -768.845927
     233000 -772.471726
     234000 -768.265700
     235000 -768.593103
     236000 -769.776193
     237000 -768.562305
     238000 -768.211885
     239000 -770.398953
     240000 -771.659413
     241000 -768.320422
     242000 -768.253932
     243000 -768.214927
     244000 -768.213923
     245000 -768.538465
     246000 -768.249911
     247000 -769.266016
     248000 -768.288743
     249000 -768.803443
     250000 -768.364899
     251000 -768.238804
     252000 -768.219048
     253000 -769.079116
     254000 -768.287960
     255000 -770.062071
     256000 -773.697964
     257000 -768.229952
     258000 -769.442244
     259000 -768.465340
     260000 -768.423287
     261000 -768.278495
     262000 -768.522168
     263000 -768.218771
     264000 -768.447082
     265000 -768.235886
     266000 -768.316387
     267000 -770.167248
     268000 -768.517381
     269000 -768.769621
     270000 -770.029333
     271000 -768.763424
     272000 -768.523699
     273000 -768.969723
     274000 -769.417093
     275000 -772.123089
     276000 -768.211961
     277000 -768.212309
     278000 -768.217353
     279000 -768.992117
     280000 -770.484204
     281000 -770.695880
     282000 -768.221930
     283000 -768.876616
     284000 -768.292743
     285000 -768.407987
     286000 -768.653904
     287000 -768.221735
     288000 -768.217021
     289000 -768.474388
     290000 -768.662943
     291000 -768.247089
     292000 -768.629058
     293000 -768.212237
     294000 -768.367249
     295000 -768.273103
     296000 -768.211776
     297000 -771.731087
     298000 -768.478647
     299000 -772.365621
     300000 -772.370521
     301000 -768.296244
     302000 -769.593836
     303000 -770.409892
     304000 -768.940327
     305000 -768.219009
     306000 -768.211957
     307000 -769.761790
     308000 -768.235983
     309000 -770.093986
     310000 -770.240942
     311000 -768.285860
     312000 -768.306762
     313000 -769.099940
     314000 -768.274287
     315000 -769.448968
     316000 -768.771192
     317000 -768.275061
     318000 -768.211705
     319000 -769.091277
     320000 -769.484387
     321000 -768.584781
     322000 -768.758385
     323000 -768.827491
     324000 -768.215866
     325000 -768.513508
     326000 -768.323094
     327000 -768.356097
     328000 -768.422415
     329000 -769.684501
     330000 -769.914360
     331000 -768.223131
     332000 -768.420130
     333000 -772.909348
     334000 -772.454142
     335000 -768.211762
     336000 -768.261356
     337000 -769.155072
     338000 -770.075749
     339000 -768.222765
     340000 -768.702788
     341000 -768.495015
     342000 -768.213012
     343000 -768.224028
     344000 -771.634998
     345000 -768.252234
     346000 -768.255609
     347000 -768.752972
     348000 -772.379502
     349000 -768.212025
     350000 -768.588442
     351000 -768.212304
     352000 -769.157697
     353000 -768.312255
     354000 -768.896195
     355000 -768.501153
     356000 -768.230089
     357000 -768.211746
     358000 -772.611031
     359000 -768.211627
     360000 -768.635081
     361000 -768.972009
     362000 -768.269715
     363000 -768.723245
     364000 -769.697526
     365000 -768.337965
     366000 -774.916261
     367000 -768.415902
     368000 -768.677942
     369000 -768.335898
     370000 -768.311985
     371000 -768.211653
     372000 -768.368552
     373000 -768.444626
     374000 -768.515202
     375000 -771.894633
     376000 -768.625660
     377000 -768.310062
     378000 -768.230320
     379000 -768.645358
     380000 -768.226704
     381000 -772.454393
     382000 -768.250775
     383000 -770.922320
     384000 -768.220218
     385000 -768.659602
     386000 -768.270204
     387000 -768.510550
     388000 -772.869450
     389000 -768.559911
     390000 -768.483070
     391000 -769.240893
     392000 -768.310201
     393000 -768.213145
     394000 -768.658454
     395000 -769.290930
     396000 -770.759919
     397000 -768.564218
     398000 -768.257557
     399000 -770.208700
     400000 -768.217302
     401000 -768.560835
     402000 -768.214091
     403000 -768.231500
     404000 -768.216351
     405000 -768.249741
     406000 -769.566378
     407000 -768.221628
     408000 -768.213075
     409000 -768.322687
     410000 -768.888801
     411000 -768.344798
     412000 -768.435384
     413000 -768.245852
     414000 -770.370375
     415000 -770.081120
     416000 -768.771108
     417000 -769.074294
     418000 -768.373251
     419000 -768.312037
     420000 -769.648735
     421000 -768.638367
     422000 -768.211653
     423000 -772.623081
     424000 -768.314931
     425000 -768.255873
     426000 -768.724019
     427000 -768.770881
     428000 -769.132473
     429000 -768.811020
     430000 -768.542055
     431000 -768.236638
     432000 -768.273175
     433000 -772.480424
     434000 -768.353307
     435000 -775.142437
     436000 -769.021721
     437000 -768.522602
     438000 -768.836292
     439000 -768.637631
     440000 -768.531796
     441000 -769.993581
     442000 -768.247753
     443000 -768.488517
     444000 -768.274485
     445000 -773.470402
     446000 -768.301613
     447000 -768.234205
     448000 -771.814539
     449000 -772.081795
     450000 -768.418513
     451000 -769.070598
     452000 -772.375521
     453000 -768.253281
     454000 -768.215267
     455000 -769.215881
     456000 -768.222375
     457000 -770.066301
     458000 -768.579869
     459000 -768.265142
     460000 -768.757391
     461000 -768.419113
     462000 -768.294402
     463000 -768.377238
     464000 -768.232443
     465000 -768.535856
     466000 -768.696809
     467000 -768.571964
     468000 -768.237085
     469000 -768.592141
     470000 -776.861713
     471000 -769.423880
     472000 -768.602594
     473000 -768.238307
     474000 -768.234359
     475000 -768.393010
     476000 -768.759227
     477000 -768.285170
     478000 -769.161717
     479000 -768.670312
     480000 -768.486248
     481000 -768.452215
     482000 -768.353711
     483000 -768.239634
     484000 -768.231894
     485000 -768.226992
     486000 -768.232947
     487000 -772.670370
     488000 -768.543527
     489000 -768.256669
     490000 -769.174203
     491000 -769.424248
     492000 -768.322315
     493000 -768.353245
     494000 -768.212746
     495000 -768.589214
     496000 -768.519085
     497000 -769.669481
     498000 -769.281402
     499000 -768.258872
     500000 -775.420344
     501000 -769.206129
     502000 -768.223910
     503000 -768.228125
     504000 -768.350041
     505000 -768.212216
     506000 -768.771823
     507000 -768.987882
     508000 -768.430962
     509000 -768.568606
     510000 -768.532391
     511000 -768.990535
     512000 -771.764536
     513000 -769.205801
     514000 -768.860189
     515000 -768.694901
     516000 -768.326052
     517000 -768.346342
     518000 -768.285873
     519000 -768.479739
     520000 -768.226694
     521000 -768.374593
     522000 -768.238446
     523000 -769.400663
     524000 -768.251885
     525000 -768.461058
     526000 -770.494514
     527000 -768.273023
     528000 -768.241531
     529000 -770.165053
     530000 -770.107023
     531000 -769.320078
     532000 -768.221073
     533000 -768.676573
     534000 -769.364840
     535000 -768.328192
     536000 -770.017574
     537000 -768.632945
     538000 -772.193760
     539000 -768.287574
     540000 -768.264940
     541000 -768.298948
     542000 -768.219627
     543000 -768.901106
     544000 -768.211680
     545000 -773.405947
     546000 -768.431767
     547000 -768.489681
     548000 -768.799973
     549000 -768.225819
     550000 -775.224837
     551000 -768.318086
     552000 -768.212237
     553000 -768.476559
     554000 -769.097756
     555000 -769.089715
     556000 -768.391816
     557000 -770.030471
     558000 -768.630107
     559000 -768.300149
     560000 -768.420411
     561000 -768.358249
     562000 -768.234992
     563000 -768.218662
     564000 -768.287764
     565000 -768.221022
     566000 -769.509246
     567000 -769.831502
     568000 -768.212581
     569000 -768.423612
     570000 -768.273056
     571000 -768.432809
     572000 -768.309323
     573000 -770.704843
     574000 -768.382191
     575000 -768.227201
     576000 -768.212656
     577000 -768.267459
     578000 -770.824853
     579000 -768.432674
     580000 -768.214736
     581000 -769.496118
     582000 -768.315966
     583000 -768.592393
     584000 -768.216854
     585000 -768.211665
     586000 -769.514472
     587000 -770.560752
     588000 -768.665400
     589000 -768.230425
     590000 -768.666986
     591000 -768.229974
     592000 -768.211625
     593000 -769.059384
     594000 -768.211971
     595000 -769.125067
     596000 -768.222947
     597000 -768.220621
     598000 -768.810988
     599000 -768.216988
     600000 -768.222848
     601000 -768.380170
     602000 -768.787674
     603000 -768.247504
     604000 -768.933125
     605000 -768.212640
     606000 -769.127122
     607000 -769.823951
     608000 -769.417093
     609000 -768.439528
     610000 -768.295861
     611000 -768.222842
     612000 -769.008942
     613000 -768.393362
     614000 -768.286100
     615000 -771.717616
     616000 -769.437606
     617000 -769.798499
     618000 -768.607074
     619000 -768.268950
     620000 -768.674545
     621000 -768.270780
     622000 -768.222701
     623000 -769.452768
     624000 -769.533675
     625000 -768.240530
     626000 -768.219240
     627000 -768.224112
     628000 -768.226765
     629000 -768.217045
     630000 -768.483757
     631000 -771.004234
     632000 -768.316824
     633000 -768.258506
     634000 -768.310689
     635000 -768.230312
     636000 -768.649585
     637000 -768.763822
     638000 -768.212518
     639000 -772.350825
     640000 -768.220833
     641000 -771.867464
     642000 -769.273392
     643000 -768.984616
     644000 -770.123358
     645000 -772.514605
     646000 -768.271587
     647000 -768.592015
     648000 -769.206050
     649000 -769.136941
     650000 -768.227644
     651000 -769.024064
     652000 -768.380985
     653000 -772.367792
     654000 -770.685925
     655000 -768.221146
     656000 -768.361723
     657000 -768.221767
     658000 -768.253410
     659000 -768.220716
     660000 -768.340819
     661000 -770.260632
     662000 -768.255292
     663000 -768.212093
     664000 -769.328263
     665000 -768.376795
     666000 -772.576971
     667000 -768.265507
     668000 -768.224171
     669000 -768.426693
     670000 -768.396598
     671000 -769.338304
     672000 -768.260933
     673000 -768.262606
     674000 -768.270357
     675000 -772.799670
     676000 -768.283876
     677000 -768.299903
     678000 -768.692703
     679000 -768.218441
     680000 -768.407479
     681000 -768.697976
     682000 -772.536766
     683000 -768.251662
     684000 -768.588773
     685000 -768.293548
     686000 -768.246371
     687000 -768.356077
     688000 -779.637288
     689000 -768.437130
     690000 -768.211683
     691000 -773.095467
     692000 -768.218088
     693000 -768.211768
     694000 -768.676678
     695000 -768.217454
     696000 -768.307988
     697000 -768.236573
     698000 -768.747558
     699000 -768.284310
     700000 -769.009451
     701000 -768.373984
     702000 -768.247360
     703000 -768.515592
     704000 -768.546216
     705000 -769.990467
     706000 -768.406512
     707000 -769.606385
     708000 -772.722045
     709000 -768.212242
     710000 -768.510647
     711000 -769.736864
     712000 -768.214475
     713000 -768.346918
     714000 -768.340850
     715000 -768.220340
     716000 -768.214479
     717000 -768.213604
     718000 -768.613825
     719000 -768.231326
     720000 -768.830193
     721000 -768.486717
     722000 -768.660084
     723000 -768.287337
     724000 -768.211654
     725000 -770.476057
     726000 -768.502139
     727000 -768.216008
     728000 -768.294234
     729000 -768.929838
     730000 -768.433486
     731000 -772.891414
     732000 -768.909463
     733000 -768.627224
     734000 -768.615711
     735000 -768.224205
     736000 -768.273882
     737000 -772.548683
     738000 -768.214171
     739000 -768.517913
     740000 -770.825071
     741000 -769.391004
     742000 -768.214829
     743000 -768.813085
     744000 -769.396683
     745000 -768.214386
     746000 -768.245802
     747000 -768.290357
     748000 -768.273877
     749000 -769.928714
     750000 -768.631228
     751000 -768.651584
     752000 -768.809610
     753000 -768.376410
     754000 -768.378590
     755000 -768.785478
     756000 -769.667729
     757000 -768.333604
     758000 -768.224767
     759000 -768.258170
     760000 -768.402590
     761000 -768.957871
     762000 -768.634974
     763000 -768.212108
     764000 -768.546546
     765000 -768.214622
     766000 -768.220820
     767000 -768.422935
     768000 -768.373294
     769000 -768.212187
     770000 -768.426183
     771000 -769.062605
     772000 -768.261345
     773000 -768.451117
     774000 -768.451574
     775000 -768.798316
     776000 -770.540188
     777000 -768.213825
     778000 -768.348184
     779000 -768.899416
     780000 -768.368513
     781000 -768.345278
     782000 -769.360954
     783000 -771.675070
     784000 -768.213510
     785000 -768.519567
     786000 -768.634999
     787000 -768.284586
     788000 -768.564173
     789000 -768.880453
     790000 -769.225830
     791000 -768.307151
     792000 -768.297856
     793000 -768.499942
     794000 -769.850518
     795000 -768.457806
     796000 -769.191889
     797000 -768.214819
     798000 -768.764476
     799000 -768.726170
     800000 -768.862663
     801000 -768.621775
     802000 -768.215645
     803000 -768.234484
     804000 -768.260889
     805000 -768.764918
     806000 -768.228436
     807000 -768.492115
     808000 -768.271488
     809000 -772.228533
     810000 -768.337782
     811000 -772.371247
     812000 -768.241657
     813000 -768.265705
     814000 -768.302304
     815000 -768.249784
     816000 -772.345473
     817000 -768.226621
     818000 -768.987247
     819000 -772.465105
     820000 -768.222003
     821000 -769.010673
     822000 -769.514557
     823000 -768.246357
     824000 -768.302941
     825000 -768.732075
     826000 -770.400836
     827000 -772.058283
     828000 -768.218815
     829000 -768.359325
     830000 -771.769801
     831000 -769.797538
     832000 -768.231876
     833000 -768.842197
     834000 -768.356012
     835000 -773.327585
     836000 -768.579246
     837000 -768.806035
     838000 -768.295181
     839000 -768.362367
     840000 -768.449072
     841000 -768.722860
     842000 -775.578457
     843000 -768.211849
     844000 -768.292707
     845000 -768.268129
     846000 -772.404386
     847000 -769.948464
     848000 -768.520630
     849000 -768.590054
     850000 -769.550985
     851000 -768.904442
     852000 -768.408440
     853000 -769.045159
     854000 -768.267747
     855000 -769.518797
     856000 -768.482756
     857000 -768.585819
     858000 -768.565978
     859000 -768.313356
     860000 -768.311249
     861000 -768.213692
     862000 -769.352275
     863000 -768.235392
     864000 -768.255377
     865000 -769.148516
     866000 -769.592446
     867000 -768.235033
     868000 -768.215772
     869000 -768.373856
     870000 -772.855040
     871000 -768.753416
     872000 -768.719112
     873000 -768.342375
     874000 -768.706861
     875000 -772.585374
     876000 -768.283257
     877000 -768.220396
     878000 -768.594535
     879000 -768.367767
     880000 -768.214631
     881000 -772.576978
     882000 -768.292536
     883000 -772.372048
     884000 -768.267223
     885000 -768.567897
     886000 -771.784414
     887000 -768.579807
     888000 -768.211783
     889000 -768.889913
     890000 -768.564675
     891000 -768.301178
     892000 -768.290497
     893000 -768.410490
     894000 -768.966175
     895000 -768.223579
     896000 -772.659646
     897000 -768.589858
     898000 -768.721359
     899000 -768.595172
     900000 -769.120737
     901000 -768.375150
     902000 -768.214626
     903000 -771.749558
     904000 -769.173930
     905000 -768.212649
     906000 -769.094854
     907000 -768.217399
     908000 -769.193401
     909000 -768.325267
     910000 -768.734824
     911000 -768.392635
     912000 -769.243368
     913000 -769.386245
     914000 -772.373802
     915000 -768.211840
     916000 -768.211625
     917000 -768.232328
     918000 -769.389692
     919000 -769.096997
     920000 -770.264307
     921000 -768.605457
     922000 -768.981060
     923000 -768.245160
     924000 -768.434766
     925000 -768.731423
     926000 -772.404600
     927000 -768.449010
     928000 -768.454668
     929000 -768.276861
     930000 -772.386826
     931000 -769.739616
     932000 -769.012143
     933000 -768.214871
     934000 -768.907959
     935000 -771.811171
     936000 -775.904983
     937000 -768.309603
     938000 -768.736098
     939000 -768.794959
     940000 -775.145438
     941000 -768.292704
     942000 -769.510139
     943000 -768.231672
     944000 -768.230013
     945000 -769.150676
     946000 -768.328715
     947000 -768.242658
     948000 -768.283336
     949000 -768.408308
     950000 -768.853964
     951000 -770.915443
     952000 -768.389098
     953000 -768.922221
     954000 -768.241671
     955000 -772.244190
     956000 -770.218252
     957000 -769.106914
     958000 -768.989210
     959000 -768.736012
     960000 -768.828811
     961000 -768.405660
     962000 -768.329239
     963000 -768.607316
     964000 -768.216407
     965000 -768.480169
     966000 -769.391366
     967000 -768.265092
     968000 -769.962787
     969000 -768.215461
     970000 -770.971049
     971000 -768.503731
     972000 -768.498494
     973000 -768.566754
     974000 -768.282575
     975000 -768.559836
     976000 -769.148938
     977000 -770.385976
     978000 -768.211665
     979000 -768.678951
     980000 -768.332613
     981000 -768.281068
     982000 -771.991013
     983000 -772.510682
     984000 -771.502822
     985000 -772.375429
     986000 -769.071892
     987000 -768.740668
     988000 -768.212302
     989000 -770.254354
     990000 -768.486340
     991000 -768.318764
     992000 -768.500873
     993000 -768.506410
     994000 -768.422121
     995000 -768.713389
     996000 -770.915232
     997000 -768.566099
     998000 -768.536950
     999000 -768.576955
    1000000 -768.462146
