       1000 -845.013948
       2000 -849.199171
       3000 -852.183719
       4000 -850.049883
       5000 -851.300594
       6000 -852.786563
       7000 -843.369619
       8000 -844.735320
       9000 -846.853615
      10000 -845.709907
      11000 -848.496109
      12000 -848.377095
      13000 -847.858466
      14000 -843.931879
      15000 -844.893096
      16000 -843.347496
      17000 -843.737590
      18000 -843.861217
      19000 -853.126427
      20000 -851.176065
      21000 -846.028492
      22000 -850.190912
      23000 -844.822405
      24000 -849.413653
      25000 -843.322389
      26000 -845.127915
      27000 -845.006593
      28000 -843.558669
      29000 -847.451492
      30000 -843.315956
      31000 -854.502068
      32000 -849.296437
      33000 -845.379023
      34000 -843.221383
      35000 -845.506732
      36000 -846.390318
      37000 -845.150228
      38000 -846.188440
      39000 -843.267784
      40000 -849.641143
      41000 -843.507800
      42000 -844.080300
      43000 -843.254832
      44000 -844.714516
      45000 -844.069914
      46000 -846.786702
      47000 -844.307234
      48000 -843.511302
      49000 -845.286864
      50000 -844.722047
      51000 -843.304954
      52000 -847.550231
      53000 -843.299787
      54000 -850.129887
      55000 -843.296339
      56000 -847.568228
      57000 -846.253332
      58000 -843.881408
      59000 -844.201653
      60000 -845.579429
      61000 -846.069512
      62000 -844.519586
      63000 -843.984639
      64000 -851.131266
      65000 -843.515140
      66000 -845.391140
      67000 -845.543630
      68000 -844.931646
      69000 -848.672817
      70000 -845.023023
      71000 -845.884588
      72000 -845.358951
      73000 -846.579987
      74000 -843.320295
      75000 -843.992281
      76000 -849.622281
      77000 -860.711752
      78000 -845.691608
      79000 -847.113282
      80000 -853.876328
      81000 -846.439530
      82000 -850.362217
      83000 -846.053064
      84000 -847.818649
      85000 -843.357723
      86000 -844.336861
      87000 -843.221699
      88000 -843.218839
      89000 -848.042175
      90000 -847.777262
      91000 -844.544481
      92000 -847.221728
      93000 -845.573332
      94000 -845.583823
      95000 -845.375526
      96000 -845.262116
      97000 -846.081153
      98000 -846.588480
      99000 -851.032489
     100000 -853.335527
     101000 -845.404003
     102000 -843.563582
     103000 -843.272358
     104000 -843.839281
     105000 -846.214440
     106000 -846.577732
     107000 -849.374294
     108000 -843.542898
     109000 -843.348084
     110000 -847.378495
     111000 -847.001216
     112000 -845.330214
     113000 -848.818618
     114000 -843.303603
     115000 -850.770230
     116000 -845.942722
     117000 -843.987187
     118000 -845.487788
     119000 -845.413228
     120000 -851.455671
     121000 -849.276077
     122000 -847.115700
     123000 -843.461942
     124000 -848.307660
     125000 -845.516095
     126000 -843.246740
     127000 -846.705675
     128000 -844.711478
     129000 -847.790995
     130000 -843.548970
     131000 -848.023445
     132000 -843.371096
     133000 -844.408085
     134000 -843.879520
     135000 -849.533792
     136000 -845.758853
     137000 -843.754128
     138000 -844.208181
     139000 -846.965587
     140000 -857.274278
     141000 -845.704669
     142000 -843.855806
     143000 -843.437569
     144000 -845.768914
     145000 -852.389796
     146000 -843.463698
     147000 -846.118101
     148000 -845.428084
     149000 -849.093245
     150000 -846.055061
     151000 -843.928437
     152000 -853.217792
     153000 -845.524171
     154000 -845.406966
     155000 -845.752776
     156000 -846.760799
     157000 -843.939856
     158000 -847.172378
     159000 -850.630945
     160000 -846.948351
     161000 -849.391348
     162000 -846.904310
     163000 -843.322956
     164000 -843.926942
     165000 -847.420957
     166000 -845.559716
     167000 -851.928899
     168000 -847.978323
     169000 -850.204755
     170000 -843.684945
     171000 -846.144382
     172000 -847.130526
     173000 -843.240236
     174000 -846.158870
     175000 -845.172576
     176000 -851.745378
     177000 -843.350241
     178000 -848.757339
     179000 -844.846967
     180000 -844.815383
     181000 -843.918988
     182000 -843.852098
     183000 -843.256455
     184000 -843.449991
     185000 -847.543753
     186000 -844.152402
     187000 -846.696783
     188000 -847.808220
     189000 -843.332235
     190000 -846.084828
     191000 -843.218503
     192000 -850.200940
     193000 -843.551294
     194000 -846.760290
     195000 -843.348818
     196000 -846.269242
     197000 -845.237761
     198000 -846.237475
     199000 -847.964578
     200000 -845.078551
     201000 -844.199752
     202000 -843.887749
     203000 -854.853678
     204000 -845.651355
     205000 -844.780379
     206000 -845.173598
     207000 -843.219205
     208000 -845.439272
     209000 -849.351379
     210000 -843.218502
     211000 -843.244549
     212000 -845.490060
     213000 -845.378171
     214000 -847.268066
     215000 -850.590864
     216000 -844.924458
     217000 -846.306227
     218000 -845.668159
     219000 -845.356039
     220000 -845.717193
     221000 -848.049936
     222000 -845.782653
     223000 -843.294387
     224000 -850.698222
     225000 -844.912997
     226000 -846.289578
     227000 -845.502281
     228000 -845.208898
     229000 -845.203577
     230000 -843.218580
     231000 -845.752762
     232000 -844.885576
     233000 -844.140362
     234000 -846.821757
     235000 -846.054028
     236000 -849.082904
     237000 -844.881084
     238000 -856.225666
     239000 -845.407328
     240000 -844.956814
     241000 -846.855912
     242000 -847.027114
     243000 -849.187966
     244000 -848.244000
     245000 -845.727969
     246000 -849.551003
     247000 -849.236035
     248000 -843.221935
     249000 -846.325825
     250000 -845.311097
     251000 -848.747088
     252000 -843.234557
     253000 -849.691268
     254000 -849.635601
     255000 -846.016790
     256000 -844.728070
     257000 -844.821530
     258000 -848.240416
     259000 -846.694376
     260000 -845.391139
     261000 -846.958614
     262000 -843.884083
     263000 -855.179711
     264000 -847.387958
     265000 -847.402397
     266000 -846.045122
     267000 -845.901012
     268000 -851.531540
     269000 -853.232486
     270000 -845.939118
     271000 -845.541399
     272000 -847.576020
     273000 -845.399808
     274000 -843.279025
     275000 -848.094281
     276000 -843.856071
     277000 -843.856419
     278000 -845.294699
     279000 -845.896516
     280000 -846.326067
     281000 -844.811970
     282000 -844.941102
     283000 -845.970189
     284000 -845.692474
     285000 -850.619560
     286000 -845.087532
     287000 -846.169896
     288000 -845.597198
     289000 -845.457247
     290000 -843.940718
     291000 -844.881029
     292000 -848.358170
     293000 -844.372441
     294000 -850.465490
     295000 -844.986627
     296000 -848.254774
     297000 -843.382181
     298000 -843.405741
     299000 -847.012953
     300000 -850.621801
     301000 -843.482608
     302000 -847.488432
     303000 -852.257567
     304000 -843.260957
     305000 -844.460778
     306000 -843.370977
     307000 -844.961821
     308000 -844.256301
     309000 -848.138073
     310000 -843.330550
     311000 -845.510316
     312000 -843.961099
     313000 -844.131818
     314000 -845.794871
     315000 -843.650340
     316000 -844.835771
     317000 -843.378569
     318000 -843.946889
     319000 -846.227527
     320000 -843.495054
     321000 -847.202024
     322000 -847.786358
     323000 -843.496912
     324000 -844.720796
     325000 -849.636623
     326000 -844.085895
     327000 -845.458142
     328000 -847.810692
     329000 -845.357244
     330000 -847.312450
     331000 -845.397005
     332000 -843.314573
     333000 -845.905516
     334000 -845.896239
     335000 -847.382920
     336000 -845.663156
     337000 -843.266524
     338000 -849.713157
     339000 -845.674539
     340000 -848.079608
     341000 -853.787827
     342000 -847.179205
     343000 -846.357306
     344000 -843.385365
     345000 -845.510104
     346000 -843.286631
     347000 -843.226278
     348000 -846.200614
     349000 -845.361680
     350000 -846.506709
     351000 -845.851034
     352000 -847.008143
     353000 -844.272312
     354000 -845.967896
     355000 -845.612081
     356000 -848.876117
     357000 -844.755285
     358000 -843.853664
     359000 -848.113940
     360000 -846.429563
     361000 -846.562233
     362000 -847.366317
     363000 -848.231499
     364000 -858.808364
     365000 -844.224667
     366000 -846.952548
     367000 -854.086171
     368000 -848.312576
     369000 -843.359563
     370000 -848.308723
     371000 -846.245854
     372000 -849.985174
     373000 -846.456726
     374000 -847.893566
     375000 -843.531610
     376000 -850.479913
     377000 -845.403363
     378000 -843.256496
     379000 -846.164751
     380000 -843.888755
     381000 -844.080217
     382000 -843.266917
     383000 -845.401743
     384000 -844.771920
     385000 -844.324340
     386000 -844.982673
     387000 -843.697936
     388000 -843.279767
     389000 -845.339764
     390000 -845.638237
     391000 -845.911666
     392000 -845.882613
     393000 -843.408916
     394000 -847.083343
     395000 -850.658997
     396000 -844.921686
     397000 -849.191257
     398000 -845.184835
     399000 -849.392752
     400000 -843.866234
     401000 -843.558196
     402000 -846.697684
     403000 -848.034920
     404000 -843.353599
     405000 -843.900682
     406000 -845.136969
     407000 -850.823197
     408000 -843.902723
     409000 -845.321060
     410000 -843.417475
     411000 -850.431065
     412000 -843.869931
     413000 -847.775547
     414000 -843.875772
     415000 -852.844743
     416000 -846.166926
     417000 -846.162956
     418000 -845.083153
     419000 -847.553945
     420000 -849.777193
     421000 -843.334579
     422000 -846.015694
     423000 -843.475839
     424000 -845.640065
     425000 -850.904936
     426000 -848.356586
     427000 -850.372001
     428000 -843.875165
     429000 -844.079170
     430000 -847.686246
     431000 -845.283450
     432000 -847.375039
     433000 -846.456066
     434000 -850.415589
     435000 -843.235476
     436000 -843.224944
     437000 -843.583188
     438000 -843.993001
     439000 -845.884577
     440000 -847.960228
     441000 -846.057544
     442000 -846.883138
     443000 -846.454540
     444000 -846.334971
     445000 -847.664899
     446000 -846.702267
     447000 -846.504318
     448000 -849.246876
     449000 -845.518865
     450000 -846.010656
     451000 -843.880049
     452000 -844.275930
     453000 -844.790259
     454000 -846.518020
     455000 -843.291460
     456000 -848.104529
     457000 -843.460030
     458000 -844.462041
     459000 -852.706050
     460000 -846.998226
     461000 -845.527925
     462000 -846.448458
     463000 -843.934332
     464000 -843.927187
     465000 -843.258161
     466000 -848.744628
     467000 -849.237353
     468000 -843.226128
     469000 -844.472320
     470000 -843.274547
     471000 -851.155462
     472000 -844.920775
     473000 -846.415619
     474000 -844.012993
     475000 -844.799750
     476000 -846.360686
     477000 -844.605769
     478000 -846.151566
     479000 -846.357131
     480000 -843.427918
     481000 -843.278641
     482000 -844.119964
     483000 -849.258671
     484000 -845.487953
     485000 -845.678257
     486000 -843.225965
     487000 -845.831979
     488000 -849.390393
     489000 -847.734803
     490000 -843.850542
     491000 -848.992219
     492000 -846.953082
     493000 -846.454951
     494000 -848.641610
     495000 -845.799656
     496000 -844.738815
     497000 -843.980625
     498000 -848.843117
     499000 -844.875419
     500000 -846.107493
     501000 -847.142102
     502000 -846.425798
     503000 -844.184612
     504000 -843.267657
     505000 -843.657195
     506000 -848.489440
     507000 -845.657604
     508000 -847.965710
     509000 -844.656743
     510000 -845.192912
     511000 -849.076702
     512000 -844.466664
     513000 -846.702360
     514000 -844.271685
     515000 -844.185287
     516000 -848.260665
     517000 -845.644127
     518000 -843.220697
     519000 -850.006745
     520000 -851.021769
     521000 -846.413711
     522000 -847.164094
     523000 -845.148294
     524000 -843.555694
     525000 -846.967995
     526000 -849.787414
     527000 -845.321991
     528000 -845.515710
     529000 -843.877424
     530000 -844.147398
     531000 -845.603170
     532000 -844.160566
     533000 -848.698928
     534000 -845.621402
     535000 -843.870646
     536000 -851.110133
     537000 -846.174270
     538000 -847.301098
     539000 -845.543245
     540000 -845.437703
     541000 -847.842938
     542000 -845.432470
     543000 -845.362099
     544000 -843.853270
     545000 -843.975472
     546000 -846.747217
     547000 -845.555822
     548000 -843.220682
     549000 -845.515304
     550000 -846.678499
     551000 -849.394665
     552000 -843.264956
     553000 -847.653378
     554000 -846.231654
     555000 -848.542636
     556000 -843.854898
     557000 -856.045540
     558000 -845.537971
     559000 -846.170048
     560000 -845.186299
     561000 -845.589662
     562000 -846.739889
     563000 -844.887819
     564000 -843.430554
     565000 -845.116692
     566000 -848.256019
     567000 -843.223210
     568000 -845.745648
     569000 -846.737957
     570000 -845.895163
     571000 -843.518962
     572000 -848.869724
     573000 -843.902868
     574000 -846.085255
     575000 -846.524066
     576000 -847.927380
     577000 -846.900263
     578000 -846.775599
     579000 -843.424861
     580000 -845.421708
     581000 -846.930134
     582000 -845.317077
     583000 -849.878844
     584000 -843.546088
     585000 -846.852884
     586000 -846.807279
     587000 -846.498937
     588000 -845.364963
     589000 -844.082882
     590000 -846.326321
     591000 -843.218989
     592000 -847.466596
     593000 -845.442415
     594000 -845.258703
     595000 -844.535522
     596000 -845.167415
     597000 -846.584187
     598000 -847.899990
     599000 -843.800042
     600000 -844.120916
     601000 -843.221920
     602000 -844.977343
     603000 -846.715262
     604000 -844.499857
     605000 -843.357115
     606000 -850.584608
     607000 -852.390044
     608000 -846.329362
     609000 -845.310695
     610000 -846.831626
     611000 -843.852084
     612000 -845.199937
     613000 -843.294641
     614000 -847.053619
     615000 -853.077859
     616000 -850.996907
     617000 -843.859768
     618000 -843.443466
     619000 -843.423503
     620000 -845.952333
     621000 -846.719001
     622000 -849.775564
     623000 -843.558808
     624000 -843.235072
     625000 -847.167341
     626000 -845.446697
     627000 -850.927421
     628000 -843.372890
     629000 -847.671430
     630000 -843.874461
     631000 -846.036391
     632000 -846.886167
     633000 -844.377840
     634000 -844.735769
     635000 -843.785584
     636000 -844.915203
     637000 -848.204450
     638000 -845.129982
     639000 -844.304342
     640000 -847.735586
     641000 -846.232734
     642000 -843.851842
     643000 -845.559900
     644000 -846.936758
     645000 -845.019603
     646000 -851.916013
     647000 -850.907406
     648000 -843.413931
     649000 -847.609762
     650000 -848.500079
     651000 -847.572548
     652000 -844.931747
     653000 -848.209725
     654000 -843.227638
     655000 -844.913919
     656000 -843.666678
     657000 -845.251155
     658000 -843.637472
     659000 -843.221737
     660000 -847.757845
     661000 -845.959043
     662000 -846.929889
     663000 -845.173496
     664000 -843.273674
     665000 -844.722444
     666000 -848.021809
     667000 -845.058998
     668000 -847.444364
     669000 -844.818228
     670000 -846.033826
     671000 -843.301134
     672000 -850.242836
     673000 -852.002455
     674000 -843.406101
     675000 -843.513891
     676000 -845.398828
     677000 -845.552672
     678000 -844.079533
     679000 -848.494852
     680000 -843.518152
     681000 -843.969351
     682000 -857.366893
     683000 -851.076522
     684000 -851.294940
     685000 -844.014379
     686000 -843.380265
     687000 -844.296450
     688000 -843.971695
     689000 -847.668659
     690000 -855.407792
     691000 -845.690569
     692000 -845.250598
     693000 -848.390930
     694000 -845.514783
     695000 -845.585748
     696000 -843.769669
     697000 -848.408986
     698000 -848.252869
     699000 -843.438082
     700000 -852.613887
     701000 -844.576892
     702000 -847.701316
     703000 -847.507371
     704000 -845.896444
     705000 -849.471291
     706000 -845.256632
     707000 -845.487962
     708000 -843.283837
     709000 -851.226072
     710000 -848.401904
     711000 -843.770472
     712000 -848.178623
     713000 -848.167518
     714000 -844.363283
     715000 -843.651635
     716000 -845.223567
     717000 -846.621180
     718000 -845.447114
     719000 -844.217749
     720000 -844.712082
     721000 -845.570208
     722000 -845.517317
     723000 -843.904560
     724000 -847.452922
     725000 -843.309527
     726000 -847.421208
     727000 -843.783755
     728000 -844.146580
     729000 -844.398990
     730000 -846.811786
     731000 -845.188867
     732000 -845.187420
     733000 -855.532847
     734000 -849.201564
     735000 -843.883258
     736000 -850.118014
     737000 -845.158517
     738000 -843.246599
     739000 -846.430725
     740000 -846.027409
     741000 -850.020211
     742000 -847.174546
     743000 -843.790108
     744000 -848.992286
     745000 -847.042534
     746000 -846.501931
     747000 -843.218971
     748000 -846.771146
     749000 -850.908262
     750000 -843.219637
     751000 -843.239413
     752000 -853.067037
     753000 -843.389470
     754000 -843.993768
     755000 -844.917439
     756000 -846.189978
     757000 -850.616867
     758000 -844.609750
     759000 -845.820477
     760000 -843.733151
     761000 -847.847579
     762000 -844.723135
     763000 -843.223323
     764000 -844.064451
     765000 -843.218572
     766000 -847.757108
     767000 -843.431739
     768000 -845.518157
     769000 -850.182483
     770000 -846.697864
     771000 -845.029357
     772000 -846.918177
     773000 -843.506675
     774000 -844.854058
     775000 -847.035861
     776000 -847.719002
     777000 -845.668479
     778000 -847.099365
     779000 -846.922206
     780000 -847.463418
     781000 -848.109688
     782000 -853.981102
     783000 -848.423920
     784000 -850.020193
     785000 -845.128109
     786000 -847.065903
     787000 -845.854969
     788000 -845.231594
     789000 -845.021508
     790000 -844.587281
     791000 -843.368851
     792000 -844.336524
     793000 -845.278651
     794000 -846.749884
     795000 -846.501243
     796000 -845.029768
     797000 -846.765885
     798000 -844.126332
     799000 -846.387706
     800000 -845.641773
     801000 -844.068322
     802000 -843.218501
     803000 -844.238578
     804000 -850.205234
     805000 -843.453106
     806000 -844.733007
     807000 -851.644800
     808000 -843.640455
     809000 -845.636225
     810000 -843.246566
     811000 -847.860982
     812000 -845.669425
     813000 -845.142501
     814000 -845.025913
     815000 -846.312928
     816000 -845.337707
     817000 -843.852074
     818000 -846.927306
     819000 -844.247834
     820000 -843.921230
     821000 -843.307643
     822000 -844.761555
     823000 -845.216770
     824000 -845.307007
     825000 -846.697676
     826000 -845.380096
     827000 -843.268430
     828000 -845.185903
     829000 -844.183873
     830000 -847.467269
     831000 -843.858884
     832000 -843.852848
     833000 -849.579721
     834000 -843.222566
     835000 -849.473606
     836000 -849.288939
     837000 -849.494313
     838000 -843.934024
     839000 -843.304103
     840000 -844.712990
     841000 -847.626879
     842000 -843.366488
     843000 -847.028492
     844000 -843.624791
     845000 -851.134923
     846000 -848.864615
     847000 -843.872901
     848000 -844.371228
     849000 -844.957566
     850000 -844.903799
     851000 -844.107657
     852000 -844.480628
     853000 -852.564626
     854000 -845.252801
     855000 -851.195796
     856000 -847.475295
     857000 -848.197004
     858000 -847.524407
     859000 -845.004046
     860000 -846.107248
     861000 -843.256892
     862000 -843.311818
     863000 -850.698947
     864000 -853.134980
     865000 -843.487108
     866000 -843.243417
     867000 -843.517118
     868000 -843.948923
     869000 -851.538568
     870000 -843.511534
     871000 -845.269310
     872000 -844.722548
     873000 -843.489936
     874000 -845.483078
     875000 -855.454899
     876000 -849.717039
     877000 -848.700181
     878000 -844.039763
     879000 -843.280433
     880000 -843.877668
     881000 -850.897079
     882000 -844.928959
     883000 -845.175871
     884000 -843.353621
     885000 -847.116064
     886000 -846.327575
     887000 -847.205953
     888000 -847.708969
     889000 -844.821594
     890000 -846.469306
     891000 -845.444408
     892000 -845.445981
     893000 -848.476856
     894000 -846.341060
     895000 -850.572793
     896000 -849.955630
     897000 -847.667543
     898000 -847.966639
     899000 -843.372258
     900000 -845.726994
     901000 -850.800534
     902000 -844.022079
     903000 -854.748795
     904000 -844.548958
     905000 -846.877776
     906000 -849.643273
     907000 -843.265008
     908000 -843.255823
     909000 -847.820827
     910000 -847.443855
     911000 -843.461261
     912000 -845.822630
     913000 -844.767745
     914000 -845.489307
     915000 -846.770449
     916000 -847.086328
     917000 -850.368150
     918000 -843.299623
     919000 -850.753688
     920000 -843.321062
     921000 -844.543847
     922000 -844.910816
     923000 -845.587730
     924000 -843.684917
     925000 -844.717697
     926000 -845.392546
     927000 -853.170691
     928000 -849.760176
     929000 -843.826910
     930000 -844.409435
     931000 -844.926478
     932000 -845.283533
     933000 -848.260691
     934000 -847.679454
     935000 -847.026179
     936000 -846.543230
     937000 -847.442772
     938000 -845.417467
     939000 -847.029357
     940000 -844.145044
     941000 -843.904515
     942000 -844.724604
     943000 -844.226845
     944000 -846.825262
     945000 -853.720980
     946000 -848.920350
     947000 -844.915889
     948000 -843.937346
     949000 -844.712405
     950000 -847.816960
     951000 -846.970387
     952000 -846.427550
     953000 -848.602093
     954000 -847.886315
     955000 -844.977275
     956000 -845.913648
     957000 -844.764529
     958000 -845.305297
     959000 -854.658877
     960000 -849.971105
     961000 -860.764143
     962000 -848.418045
     963000 -843.862867
     964000 -845.549312
     965000 -850.399324
     966000 -849.766690
     967000 -843.912394
     968000 -843.957687
     969000 -843.341998
     970000 -844.172225
     971000 -843.861239
     972000 -846.784637
     973000 -847.957242
     974000 -843.267709
     975000 -846.361770
     976000 -847.364334
     977000 -844.814005
     978000 -846.094346
     979000 -846.612022
     980000 -846.875986
     981000 -843.413861
     982000 -848.712405
     983000 -846.084413
     984000 -843.374148
     985000 -843.853299
     986000 -846.747056
     987000 -845.578194
     988000 -845.577932
     989000 -852.468447
     990000 -854.525268
     991000 -844.100936
     992000 -854.277554
     993000 -845.224199
     994000 -843.290850
     995000 -845.783466
     996000 -843.438665
     997000 -846.423835
     998000 -843.874013
     999000 -846.107784
    1000000 -843.852772
