    genPlus1     spaQ
        1000  0.559338
        2000  0.576921
        3000  0.578606
        4000  0.554111
        5000  0.582597
        6000  0.575320
        7000  0.561252
        8000  0.571084
        9000  0.577048
       10000  0.561096
       11000  0.572568
       12000  0.566749
       13000  0.574790
       14000  0.566472
       15000  0.561723
       16000  0.563366
       17000  0.571187
       18000  0.577263
       19000  0.559603
       20000  0.573541
       21000  0.573532
       22000  0.561753
       23000  0.574925
       24000  0.572170
       25000  0.555983
       26000  0.556886
       27000  0.562072
       28000  0.583782
       29000  0.560324
       30000  0.566483
       31000  0.552890
       32000  0.574966
       33000  0.562868
       34000  0.570106
       35000  0.566522
       36000  0.566456
       37000  0.562743
       38000  0.576870
       39000  0.569524
       40000  0.561912
       41000  0.576542
       42000  0.549386
       43000  0.576139
       44000  0.569021
       45000  0.574645
       46000  0.555625
       47000  0.571417
       48000  0.558520
       49000  0.565113
       50000  0.568918
       51000  0.569393
       52000  0.566026
       53000  0.570482
       54000  0.555538
       55000  0.577374
       56000  0.574831
       57000  0.566036
       58000  0.573952
       59000  0.559078
       60000  0.568890
       61000  0.564717
       62000  0.564991
       63000  0.572332
       64000  0.575741
       65000  0.568458
       66000  0.566398
       67000  0.570811
       68000  0.566565
       69000  0.565183
       70000  0.580047
       71000  0.554522
       72000  0.561439
       73000  0.567562
       74000  0.568239
       75000  0.566408
       76000  0.559898
       77000  0.567856
       78000  0.572724
       79000  0.564604
       80000  0.570946
       81000  0.562415
       82000  0.567596
       83000  0.573387
       84000  0.565377
       85000  0.557943
       86000  0.561383
       87000  0.566402
       88000  0.570214
       89000  0.557206
       90000  0.569121
       91000  0.570349
       92000  0.564149
       93000  0.575689
       94000  0.561644
       95000  0.569556
       96000  0.554221
       97000  0.570940
       98000  0.556280
       99000  0.549963
      100000  0.559332
      101000  0.572553
      102000  0.576383
      103000  0.561271
      104000  0.562380
      105000  0.567547
      106000  0.554524
      107000  0.558064
      108000  0.580227
      109000  0.554587
      110000  0.557983
      111000  0.555549
      112000  0.577157
      113000  0.565088
      114000  0.574606
      115000  0.582316
      116000  0.570222
      117000  0.565497
      118000  0.570375
      119000  0.566935
      120000  0.578773
      121000  0.568815
      122000  0.573107
      123000  0.578205
      124000  0.566182
      125000  0.573163
      126000  0.571661
      127000  0.560944
      128000  0.571043
      129000  0.566215
      130000  0.563679
      131000  0.569901
      132000  0.573203
      133000  0.574318
      134000  0.570911
      135000  0.573127
      136000  0.563870
      137000  0.573550
      138000  0.570046
      139000  0.575131
      140000  0.562045
      141000  0.567007
      142000  0.566349
      143000  0.569822
      144000  0.576623
      145000  0.579883
      146000  0.572513
      147000  0.557466
      148000  0.560680
      149000  0.578694
      150000  0.563883
      151000  0.547867
      152000  0.569064
      153000  0.565461
      154000  0.566783
      155000  0.563515
      156000  0.567936
      157000  0.560474
      158000  0.567890
      159000  0.573776
      160000  0.574669
      161000  0.570692
      162000  0.583022
      163000  0.567337
      164000  0.567481
      165000  0.577098
      166000  0.561465
      167000  0.571596
      168000  0.563504
      169000  0.556014
      170000  0.570441
      171000  0.572740
      172000  0.559625
      173000  0.564778
      174000  0.560232
      175000  0.574635
      176000  0.567415
      177000  0.555460
      178000  0.571238
      179000  0.565225
      180000  0.567258
      181000  0.576506
      182000  0.567026
      183000  0.576776
      184000  0.553114
      185000  0.563241
      186000  0.566112
      187000  0.581587
      188000  0.574744
      189000  0.569325
      190000  0.562046
      191000  0.569279
      192000  0.563703
      193000  0.559403
      194000  0.571330
      195000  0.577625
      196000  0.551364
      197000  0.575393
      198000  0.564404
      199000  0.574405
      200000  0.562153
      201000  0.575379
      202000  0.555444
      203000  0.564062
      204000  0.570118
      205000  0.571420
      206000  0.570457
      207000  0.569921
      208000  0.582329
      209000  0.585062
      210000  0.575181
      211000  0.550932
      212000  0.564907
      213000  0.570220
      214000  0.558987
      215000  0.570515
      216000  0.574452
      217000  0.554813
      218000  0.572935
      219000  0.554577
      220000  0.560316
      221000  0.561703
      222000  0.570434
      223000  0.547367
      224000  0.577015
      225000  0.577814
      226000  0.562070
      227000  0.576416
      228000  0.565044
      229000  0.558423
      230000  0.562974
      231000  0.573038
      232000  0.572654
      233000  0.580774
      234000  0.562096
      235000  0.572202
      236000  0.568825
      237000  0.556223
      238000  0.581322
      239000  0.569270
      240000  0.576704
      241000  0.567805
      242000  0.587638
      243000  0.562527
      244000  0.571880
      245000  0.575598
      246000  0.566308
      247000  0.576412
      248000  0.557167
      249000  0.566709
      250000  0.568554
      251000  0.569485
      252000  0.574246
      253000  0.580000
      254000  0.572004
      255000  0.557381
      256000  0.567807
      257000  0.565070
      258000  0.557631
      259000  0.563615
      260000  0.580125
      261000  0.552006
      262000  0.580058
      263000  0.574822
      264000  0.559126
      265000  0.586920
      266000  0.566918
      267000  0.576186
      268000  0.576959
      269000  0.569908
      270000  0.569925
      271000  0.574466
      272000  0.561336
      273000  0.569066
      274000  0.570022
      275000  0.566396
      276000  0.556430
      277000  0.567404
      278000  0.561889
      279000  0.567017
      280000  0.558079
      281000  0.560260
      282000  0.556894
      283000  0.570530
      284000  0.568585
      285000  0.558186
      286000  0.565578
      287000  0.576378
      288000  0.572936
      289000  0.570861
      290000  0.570444
      291000  0.547868
      292000  0.573799
      293000  0.579597
      294000  0.565463
      295000  0.571224
      296000  0.574775
      297000  0.581467
      298000  0.567043
      299000  0.557291
      300000  0.558604
      301000  0.563611
      302000  0.557194
      303000  0.570047
      304000  0.563269
      305000  0.559165
      306000  0.578288
      307000  0.570975
      308000  0.569286
      309000  0.568971
      310000  0.572545
      311000  0.557664
      312000  0.581686
      313000  0.576872
      314000  0.571128
      315000  0.558227
      316000  0.549393
      317000  0.566798
      318000  0.555082
      319000  0.566488
      320000  0.566404
      321000  0.570757
      322000  0.567080
      323000  0.569173
      324000  0.566748
      325000  0.563437
      326000  0.568750
      327000  0.577230
      328000  0.560832
      329000  0.571494
      330000  0.567118
      331000  0.566647
      332000  0.568798
      333000  0.567488
      334000  0.571524
      335000  0.555832
      336000  0.580213
      337000  0.562722
      338000  0.564042
      339000  0.568964
      340000  0.573336
      341000  0.547261
      342000  0.561350
      343000  0.572401
      344000  0.570163
      345000  0.571981
      346000  0.572303
      347000  0.576141
      348000  0.573250
      349000  0.566582
      350000  0.579175
      351000  0.564710
      352000  0.563803
      353000  0.577331
      354000  0.552273
      355000  0.555681
      356000  0.567392
      357000  0.567416
      358000  0.568803
      359000  0.561080
      360000  0.575695
      361000  0.562701
      362000  0.568201
      363000  0.558480
      364000  0.577549
      365000  0.574774
      366000  0.573770
      367000  0.564485
      368000  0.578138
      369000  0.575025
      370000  0.589565
      371000  0.581553
      372000  0.565084
      373000  0.570385
      374000  0.577153
      375000  0.566444
      376000  0.567964
      377000  0.568686
      378000  0.569313
      379000  0.556408
      380000  0.572484
      381000  0.554416
      382000  0.559382
      383000  0.562351
      384000  0.561458
      385000  0.559748
      386000  0.576839
      387000  0.555561
      388000  0.586628
      389000  0.584635
      390000  0.563371
      391000  0.574003
      392000  0.578165
      393000  0.564043
      394000  0.576149
      395000  0.565534
      396000  0.565621
      397000  0.570827
      398000  0.556232
      399000  0.577845
      400000  0.565063
      401000  0.573350
      402000  0.572941
      403000  0.571976
      404000  0.585126
      405000  0.556335
      406000  0.577697
      407000  0.570809
      408000  0.570991
      409000  0.564811
      410000  0.559722
      411000  0.571268
      412000  0.566096
      413000  0.585625
      414000  0.573772
      415000  0.568385
      416000  0.570027
      417000  0.568081
      418000  0.563224
      419000  0.547072
      420000  0.583822
      421000  0.561566
      422000  0.573429
      423000  0.565791
      424000  0.580298
      425000  0.570093
      426000  0.580003
      427000  0.561320
      428000  0.561604
      429000  0.562240
      430000  0.571622
      431000  0.565179
      432000  0.559003
      433000  0.572965
      434000  0.577113
      435000  0.555448
      436000  0.554820
      437000  0.575664
      438000  0.558401
      439000  0.569574
      440000  0.561217
      441000  0.560466
      442000  0.556607
      443000  0.577663
      444000  0.555514
      445000  0.569081
      446000  0.575720
      447000  0.564722
      448000  0.564236
      449000  0.552589
      450000  0.562701
      451000  0.558959
      452000  0.574673
      453000  0.563682
      454000  0.562050
      455000  0.563037
      456000  0.557665
      457000  0.571467
      458000  0.558866
      459000  0.573337
      460000  0.569325
      461000  0.580086
      462000  0.562978
      463000  0.566167
      464000  0.575559
      465000  0.570875
      466000  0.571854
      467000  0.562219
      468000  0.563142
      469000  0.558225
      470000  0.562820
      471000  0.569071
      472000  0.577679
      473000  0.578732
      474000  0.560949
      475000  0.582177
      476000  0.567542
      477000  0.564915
      478000  0.566278
      479000  0.562402
      480000  0.560435
      481000  0.577314
      482000  0.573999
      483000  0.561239
      484000  0.566508
      485000  0.565505
      486000  0.560144
      487000  0.556269
      488000  0.555768
      489000  0.561734
      490000  0.570584
      491000  0.576709
      492000  0.563772
      493000  0.565611
      494000  0.573490
      495000  0.567847
      496000  0.555326
      497000  0.566924
      498000  0.570511
      499000  0.562869
      500000  0.562211
      501000  0.572607
      502000  0.564263
      503000  0.577217
      504000  0.572772
      505000  0.570562
      506000  0.568735
      507000  0.572062
      508000  0.559771
      509000  0.569590
      510000  0.564500
      511000  0.564473
      512000  0.567274
      513000  0.566489
      514000  0.560608
      515000  0.570342
      516000  0.580844
      517000  0.565240
      518000  0.567748
      519000  0.566092
      520000  0.570941
      521000  0.566469
      522000  0.576880
      523000  0.569118
      524000  0.561335
      525000  0.563792
      526000  0.565520
      527000  0.566783
      528000  0.565031
      529000  0.568560
      530000  0.555532
      531000  0.560893
      532000  0.572367
      533000  0.556453
      534000  0.568606
      535000  0.582970
      536000  0.546788
      537000  0.565645
      538000  0.566744
      539000  0.555921
      540000  0.562413
      541000  0.568817
      542000  0.574438
      543000  0.570267
      544000  0.562808
      545000  0.571391
      546000  0.566522
      547000  0.571684
      548000  0.571474
      549000  0.567913
      550000  0.572058
      551000  0.568395
      552000  0.561908
      553000  0.572209
      554000  0.578730
      555000  0.559881
      556000  0.557059
      557000  0.582511
      558000  0.561529
      559000  0.562767
      560000  0.557848
      561000  0.579761
      562000  0.570757
      563000  0.579049
      564000  0.570459
      565000  0.574367
      566000  0.565971
      567000  0.556885
      568000  0.571659
      569000  0.559953
      570000  0.561226
      571000  0.593012
      572000  0.576790
      573000  0.565196
      574000  0.572702
      575000  0.562630
      576000  0.572541
      577000  0.561345
      578000  0.566174
      579000  0.578021
      580000  0.569371
      581000  0.563323
      582000  0.564813
      583000  0.562709
      584000  0.567036
      585000  0.564117
      586000  0.572401
      587000  0.582839
      588000  0.565797
      589000  0.571149
      590000  0.574030
      591000  0.565642
      592000  0.575519
      593000  0.576118
      594000  0.584161
      595000  0.560839
      596000  0.565309
      597000  0.561551
      598000  0.567154
      599000  0.559882
      600000  0.570115
      601000  0.575069
      602000  0.565748
      603000  0.573154
      604000  0.560922
      605000  0.565690
      606000  0.564153
      607000  0.562122
      608000  0.561289
      609000  0.566202
      610000  0.558715
      611000  0.562236
      612000  0.559295
      613000  0.563538
      614000  0.561489
      615000  0.564548
      616000  0.570646
      617000  0.577472
      618000  0.565486
      619000  0.582354
      620000  0.567157
      621000  0.572523
      622000  0.558336
      623000  0.572587
      624000  0.562541
      625000  0.544907
      626000  0.568034
      627000  0.574712
      628000  0.562575
      629000  0.562941
      630000  0.579829
      631000  0.566048
      632000  0.568713
      633000  0.565673
      634000  0.575044
      635000  0.556668
      636000  0.577320
      637000  0.574196
      638000  0.568032
      639000  0.561786
      640000  0.574715
      641000  0.561512
      642000  0.559647
      643000  0.570580
      644000  0.554165
      645000  0.574814
      646000  0.561205
      647000  0.564074
      648000  0.575596
      649000  0.571017
      650000  0.575621
      651000  0.567571
      652000  0.567666
      653000  0.568111
      654000  0.554775
      655000  0.570628
      656000  0.560693
      657000  0.571959
      658000  0.569281
      659000  0.571720
      660000  0.560344
      661000  0.563946
      662000  0.569075
      663000  0.567988
      664000  0.582999
      665000  0.562940
      666000  0.564590
      667000  0.564511
      668000  0.561057
      669000  0.567455
      670000  0.570371
      671000  0.565997
      672000  0.559844
      673000  0.556886
      674000  0.577954
      675000  0.568307
      676000  0.569538
      677000  0.580431
      678000  0.576909
      679000  0.562234
      680000  0.568164
      681000  0.568946
      682000  0.580453
      683000  0.559192
      684000  0.565486
      685000  0.567657
      686000  0.575495
      687000  0.568494
      688000  0.550478
      689000  0.575216
      690000  0.563973
      691000  0.564352
      692000  0.555617
      693000  0.568586
      694000  0.570889
      695000  0.551490
      696000  0.564790
      697000  0.569219
      698000  0.578766
      699000  0.563851
      700000  0.566978
      701000  0.561058
      702000  0.564911
      703000  0.571215
      704000  0.579114
      705000  0.572199
      706000  0.571155
      707000  0.568386
      708000  0.573463
      709000  0.556447
      710000  0.562365
      711000  0.567331
      712000  0.580579
      713000  0.564139
      714000  0.579202
      715000  0.575551
      716000  0.573343
      717000  0.560310
      718000  0.574775
      719000  0.562858
      720000  0.565698
      721000  0.566699
      722000  0.579055
      723000  0.561206
      724000  0.574386
      725000  0.571159
      726000  0.563788
      727000  0.573227
      728000  0.571325
      729000  0.549339
      730000  0.573867
      731000  0.569794
      732000  0.565179
      733000  0.557054
      734000  0.562499
      735000  0.567985
      736000  0.573034
      737000  0.572918
      738000  0.563675
      739000  0.561341
      740000  0.551062
      741000  0.559372
      742000  0.554454
      743000  0.568942
      744000  0.573879
      745000  0.565326
      746000  0.572202
      747000  0.566545
      748000  0.569841
      749000  0.562589
      750000  0.568335
      751000  0.566362
      752000  0.553256
      753000  0.565219
      754000  0.561622
      755000  0.571947
      756000  0.576071
      757000  0.568993
      758000  0.568472
      759000  0.585530
      760000  0.556601
      761000  0.579202
      762000  0.572379
      763000  0.569974
      764000  0.587882
      765000  0.552756
      766000  0.550380
      767000  0.566128
      768000  0.566708
      769000  0.566506
      770000  0.568286
      771000  0.561010
      772000  0.570362
      773000  0.560800
      774000  0.558267
      775000  0.566931
      776000  0.561633
      777000  0.565161
      778000  0.561732
      779000  0.563019
      780000  0.581852
      781000  0.557128
      782000  0.560040
      783000  0.574920
      784000  0.565688
      785000  0.563581
      786000  0.563891
      787000  0.565664
      788000  0.579447
      789000  0.568145
      790000  0.583470
      791000  0.550213
      792000  0.565274
      793000  0.583731
      794000  0.575498
      795000  0.578320
      796000  0.559066
      797000  0.566335
      798000  0.575025
      799000  0.572819
      800000  0.567564
      801000  0.569359
      802000  0.559478
      803000  0.562071
      804000  0.560392
      805000  0.575030
      806000  0.552901
      807000  0.583492
      808000  0.577622
      809000  0.566159
      810000  0.558431
      811000  0.569011
      812000  0.575799
      813000  0.572440
      814000  0.580016
      815000  0.569718
      816000  0.580584
      817000  0.555523
      818000  0.562170
      819000  0.578324
      820000  0.561027
      821000  0.568398
      822000  0.568072
      823000  0.566409
      824000  0.559778
      825000  0.558240
      826000  0.563493
      827000  0.564960
      828000  0.565675
      829000  0.559871
      830000  0.569113
      831000  0.568821
      832000  0.576058
      833000  0.555171
      834000  0.557681
      835000  0.574338
      836000  0.557018
      837000  0.569358
      838000  0.566168
      839000  0.570028
      840000  0.559362
      841000  0.569755
      842000  0.568362
      843000  0.571943
      844000  0.564310
      845000  0.577451
      846000  0.568048
      847000  0.579928
      848000  0.571968
      849000  0.568198
      850000  0.567992
      851000  0.576734
      852000  0.565271
      853000  0.584020
      854000  0.559491
      855000  0.577955
      856000  0.573390
      857000  0.572089
      858000  0.567850
      859000  0.565630
      860000  0.571089
      861000  0.562691
      862000  0.558516
      863000  0.570903
      864000  0.556729
      865000  0.576311
      866000  0.567421
      867000  0.571860
      868000  0.559071
      869000  0.587001
      870000  0.577374
      871000  0.564547
      872000  0.572376
      873000  0.566963
      874000  0.558461
      875000  0.570183
      876000  0.576041
      877000  0.565358
      878000  0.593076
      879000  0.573185
      880000  0.575661
      881000  0.567102
      882000  0.568035
      883000  0.554224
      884000  0.581869
      885000  0.558863
      886000  0.566540
      887000  0.564221
      888000  0.566662
      889000  0.570575
      890000  0.575861
      891000  0.559198
      892000  0.570335
      893000  0.580247
      894000  0.562317
      895000  0.580285
      896000  0.550636
      897000  0.570035
      898000  0.557894
      899000  0.573912
      900000  0.576551
      901000  0.566039
      902000  0.566363
      903000  0.573603
      904000  0.571922
      905000  0.580961
      906000  0.569901
      907000  0.570474
      908000  0.570345
      909000  0.565631
      910000  0.587055
      911000  0.567434
      912000  0.571859
      913000  0.572570
      914000  0.580904
      915000  0.559175
      916000  0.569575
      917000  0.556532
      918000  0.573810
      919000  0.563869
      920000  0.558802
      921000  0.552113
      922000  0.564227
      923000  0.564786
      924000  0.582461
      925000  0.581645
      926000  0.561752
      927000  0.566575
      928000  0.552950
      929000  0.571859
      930000  0.560427
      931000  0.576813
      932000  0.575770
      933000  0.574119
      934000  0.565048
      935000  0.580597
      936000  0.551853
      937000  0.565824
      938000  0.567953
      939000  0.554933
      940000  0.573508
      941000  0.561711
      942000  0.581844
      943000  0.583952
      944000  0.570631
      945000  0.569319
      946000  0.576511
      947000  0.585398
      948000  0.573508
      949000  0.563498
      950000  0.573611
      951000  0.562262
      952000  0.564805
      953000  0.558015
      954000  0.578423
      955000  0.568482
      956000  0.558990
      957000  0.569532
      958000  0.573801
      959000  0.551040
      960000  0.560894
      961000  0.568117
      962000  0.559200
      963000  0.563245
      964000  0.564224
      965000  0.569927
      966000  0.572092
      967000  0.566942
      968000  0.553826
      969000  0.578662
      970000  0.575948
      971000  0.559895
      972000  0.562051
      973000  0.544890
      974000  0.560683
      975000  0.572811
      976000  0.564792
      977000  0.555137
      978000  0.562537
      979000  0.579556
      980000  0.572739
      981000  0.567625
      982000  0.561728
      983000  0.569529
      984000  0.574151
      985000  0.564039
      986000  0.568604
      987000  0.570690
      988000  0.573419
      989000  0.556722
      990000  0.566534
      991000  0.578490
      992000  0.570050
      993000  0.563791
      994000  0.576814
      995000  0.562892
      996000  0.570937
      997000  0.569515
      998000  0.566240
      999000  0.573846
     1000000  0.575793
