    genPlus1     spaQ
        1000  0.271449
        2000  0.267508
        3000  0.239712
        4000  0.232132
        5000  0.257493
        6000  0.292379
        7000  0.195749
        8000  0.229607
        9000  0.261571
       10000  0.214533
       11000  0.212658
       12000  0.225284
       13000  0.261644
       14000  0.227943
       15000  0.236201
       16000  0.267661
       17000  0.172110
       18000  0.214425
       19000  0.245323
       20000  0.212054
       21000  0.257119
       22000  0.165194
       23000  0.223173
       24000  0.256256
       25000  0.264593
       26000  0.219521
       27000  0.177320
       28000  0.221098
       29000  0.220387
       30000  0.265197
       31000  0.258733
       32000  0.257592
       33000  0.189006
       34000  0.218411
       35000  0.302614
       36000  0.144755
       37000  0.272008
       38000  0.238792
       39000  0.201905
       40000  0.210538
       41000  0.243024
       42000  0.186997
       43000  0.201171
       44000  0.261617
       45000  0.242733
       46000  0.146425
       47000  0.238920
       48000  0.227591
       49000  0.251568
       50000  0.181127
       51000  0.229099
       52000  0.215970
       53000  0.238051
       54000  0.175860
       55000  0.225830
       56000  0.171366
       57000  0.215975
       58000  0.237276
       59000  0.229259
       60000  0.270899
       61000  0.232434
       62000  0.256718
       63000  0.232158
       64000  0.256829
       65000  0.227022
       66000  0.202131
       67000  0.230248
       68000  0.154420
       69000  0.220402
       70000  0.215039
       71000  0.249377
       72000  0.319464
       73000  0.205554
       74000  0.253865
       75000  0.265749
       76000  0.176864
       77000  0.223296
       78000  0.252262
       79000  0.245920
       80000  0.237792
       81000  0.252468
       82000  0.206991
       83000  0.301376
       84000  0.210171
       85000  0.272007
       86000  0.220786
       87000  0.241953
       88000  0.278274
       89000  0.219394
       90000  0.244251
       91000  0.187546
       92000  0.218594
       93000  0.200213
       94000  0.274420
       95000  0.177447
       96000  0.215708
       97000  0.234616
       98000  0.333857
       99000  0.235871
      100000  0.248243
      101000  0.245831
      102000  0.268243
      103000  0.232894
      104000  0.211638
      105000  0.233414
      106000  0.228977
      107000  0.202012
      108000  0.187193
      109000  0.191942
      110000  0.205703
      111000  0.234867
      112000  0.267046
      113000  0.201731
      114000  0.229170
      115000  0.193905
      116000  0.260372
      117000  0.249447
      118000  0.264766
      119000  0.218887
      120000  0.226650
      121000  0.220985
      122000  0.188068
      123000  0.237996
      124000  0.195209
      125000  0.203187
      126000  0.257516
      127000  0.230954
      128000  0.180153
      129000  0.240198
      130000  0.202398
      131000  0.184143
      132000  0.164298
      133000  0.214912
      134000  0.262824
      135000  0.259065
      136000  0.254531
      137000  0.260157
      138000  0.246062
      139000  0.213643
      140000  0.221443
      141000  0.225517
      142000  0.214469
      143000  0.191945
      144000  0.258776
      145000  0.205479
      146000  0.224970
      147000  0.232873
      148000  0.224754
      149000  0.210345
      150000  0.218430
      151000  0.245485
      152000  0.208300
      153000  0.235700
      154000  0.234834
      155000  0.328362
      156000  0.231323
      157000  0.177600
      158000  0.199113
      159000  0.313493
      160000  0.186270
      161000  0.309654
      162000  0.187207
      163000  0.211700
      164000  0.221792
      165000  0.183616
      166000  0.244611
      167000  0.165037
      168000  0.243405
      169000  0.237987
      170000  0.217391
      171000  0.244858
      172000  0.222501
      173000  0.215731
      174000  0.229534
      175000  0.191322
      176000  0.239383
      177000  0.191424
      178000  0.284280
      179000  0.243941
      180000  0.241269
      181000  0.189641
      182000  0.212715
      183000  0.231220
      184000  0.200881
      185000  0.184209
      186000  0.184925
      187000  0.223654
      188000  0.187340
      189000  0.253519
      190000  0.292368
      191000  0.291493
      192000  0.220021
      193000  0.204035
      194000  0.269007
      195000  0.212005
      196000  0.127155
      197000  0.197228
      198000  0.209582
      199000  0.212357
      200000  0.307799
      201000  0.177739
      202000  0.206178
      203000  0.232754
      204000  0.263544
      205000  0.191619
      206000  0.300276
      207000  0.245079
      208000  0.177943
      209000  0.196012
      210000  0.225949
      211000  0.233431
      212000  0.158698
      213000  0.248073
      214000  0.202940
      215000  0.246621
      216000  0.280767
      217000  0.233388
      218000  0.224228
      219000  0.160963
      220000  0.252440
      221000  0.224389
      222000  0.222896
      223000  0.199166
      224000  0.219137
      225000  0.233871
      226000  0.196122
      227000  0.263299
      228000  0.218512
      229000  0.181007
      230000  0.225999
      231000  0.216356
      232000  0.296839
      233000  0.205883
      234000  0.220459
      235000  0.247171
      236000  0.194547
      237000  0.243379
      238000  0.248676
      239000  0.214381
      240000  0.201403
      241000  0.182581
      242000  0.215628
      243000  0.228310
      244000  0.253794
      245000  0.211937
      246000  0.230504
      247000  0.252257
      248000  0.272920
      249000  0.256047
      250000  0.183241
      251000  0.181404
      252000  0.191738
      253000  0.343498
      254000  0.281655
      255000  0.189093
      256000  0.251477
      257000  0.269915
      258000  0.276724
      259000  0.185959
      260000  0.189871
      261000  0.231064
      262000  0.186461
      263000  0.192285
      264000  0.223453
      265000  0.196660
      266000  0.263361
      267000  0.222014
      268000  0.161620
      269000  0.181340
      270000  0.206850
      271000  0.225567
      272000  0.221707
      273000  0.242597
      274000  0.196142
      275000  0.174270
      276000  0.181677
      277000  0.192496
      278000  0.262046
      279000  0.284106
      280000  0.268120
      281000  0.220208
      282000  0.246953
      283000  0.255862
      284000  0.242013
      285000  0.240729
      286000  0.274005
      287000  0.249360
      288000  0.235044
      289000  0.212950
      290000  0.246245
      291000  0.297197
      292000  0.194747
      293000  0.241251
      294000  0.264392
      295000  0.241150
      296000  0.230462
      297000  0.278430
      298000  0.226504
      299000  0.188362
      300000  0.245617
      301000  0.210155
      302000  0.250015
      303000  0.178227
      304000  0.240833
      305000  0.166264
      306000  0.265052
      307000  0.243700
      308000  0.180512
      309000  0.198098
      310000  0.260136
      311000  0.199270
      312000  0.221446
      313000  0.278094
      314000  0.272608
      315000  0.190418
      316000  0.210998
      317000  0.315704
      318000  0.207208
      319000  0.265891
      320000  0.264382
      321000  0.264411
      322000  0.261783
      323000  0.169143
      324000  0.212185
      325000  0.230391
      326000  0.192404
      327000  0.221019
      328000  0.275109
      329000  0.266461
      330000  0.246488
      331000  0.245321
      332000  0.199247
      333000  0.228486
      334000  0.177571
      335000  0.208793
      336000  0.203483
      337000  0.243656
      338000  0.272349
      339000  0.210846
      340000  0.233899
      341000  0.233992
      342000  0.203442
      343000  0.199998
      344000  0.265638
      345000  0.229586
      346000  0.196345
      347000  0.195427
      348000  0.252575
      349000  0.199475
      350000  0.286999
      351000  0.219272
      352000  0.248351
      353000  0.202846
      354000  0.208619
      355000  0.199736
      356000  0.191501
      357000  0.237406
      358000  0.164461
      359000  0.198829
      360000  0.212422
      361000  0.231957
      362000  0.168315
      363000  0.185654
      364000  0.167740
      365000  0.245477
      366000  0.186787
      367000  0.141206
      368000  0.227931
      369000  0.268789
      370000  0.242651
      371000  0.219335
      372000  0.287293
      373000  0.189014
      374000  0.181858
      375000  0.218931
      376000  0.174425
      377000  0.122988
      378000  0.254501
      379000  0.283712
      380000  0.264034
      381000  0.233126
      382000  0.230569
      383000  0.179342
      384000  0.220690
      385000  0.232960
      386000  0.202774
      387000  0.165728
      388000  0.241565
      389000  0.206431
      390000  0.254602
      391000  0.251144
      392000  0.159748
      393000  0.337948
      394000  0.266385
      395000  0.277313
      396000  0.253735
      397000  0.261011
      398000  0.237752
      399000  0.226279
      400000  0.279667
      401000  0.246994
      402000  0.240079
      403000  0.214555
      404000  0.232288
      405000  0.242021
      406000  0.200467
      407000  0.243681
      408000  0.263358
      409000  0.214853
      410000  0.263653
      411000  0.259240
      412000  0.236117
      413000  0.242871
      414000  0.242375
      415000  0.263554
      416000  0.225502
      417000  0.243030
      418000  0.173778
      419000  0.249661
      420000  0.202565
      421000  0.221079
      422000  0.251599
      423000  0.255284
      424000  0.222256
      425000  0.292058
      426000  0.228448
      427000  0.235168
      428000  0.210338
      429000  0.217240
      430000  0.238714
      431000  0.229026
      432000  0.287192
      433000  0.239095
      434000  0.233343
      435000  0.251776
      436000  0.228387
      437000  0.219788
      438000  0.218744
      439000  0.148064
      440000  0.287967
      441000  0.198268
      442000  0.182326
      443000  0.181303
      444000  0.237780
      445000  0.226753
      446000  0.231630
      447000  0.248709
      448000  0.221175
      449000  0.175229
      450000  0.199270
      451000  0.206426
      452000  0.275502
      453000  0.235075
      454000  0.251737
      455000  0.197583
      456000  0.261588
      457000  0.247035
      458000  0.211465
      459000  0.229851
      460000  0.219048
      461000  0.213852
      462000  0.231344
      463000  0.209455
      464000  0.246640
      465000  0.232630
      466000  0.207086
      467000  0.201934
      468000  0.241676
      469000  0.240601
      470000  0.202870
      471000  0.245482
      472000  0.261110
      473000  0.230701
      474000  0.203230
      475000  0.239912
      476000  0.205638
      477000  0.200905
      478000  0.234767
      479000  0.191446
      480000  0.213134
      481000  0.238600
      482000  0.303261
      483000  0.191942
      484000  0.292922
      485000  0.250527
      486000  0.223726
      487000  0.238990
      488000  0.273394
      489000  0.255399
      490000  0.242290
      491000  0.230017
      492000  0.200655
      493000  0.190668
      494000  0.253498
      495000  0.247603
      496000  0.248708
      497000  0.236412
      498000  0.259239
      499000  0.223047
      500000  0.157157
      501000  0.219516
      502000  0.299261
      503000  0.238860
      504000  0.271065
      505000  0.188468
      506000  0.214620
      507000  0.198820
      508000  0.278424
      509000  0.293896
      510000  0.194257
      511000  0.192786
      512000  0.213163
      513000  0.215327
      514000  0.208849
      515000  0.247554
      516000  0.214372
      517000  0.189863
      518000  0.329815
      519000  0.243454
      520000  0.271002
      521000  0.239236
      522000  0.199438
      523000  0.224019
      524000  0.276409
      525000  0.227551
      526000  0.229427
      527000  0.220359
      528000  0.187558
      529000  0.296439
      530000  0.219088
      531000  0.237562
      532000  0.164872
      533000  0.230424
      534000  0.202308
      535000  0.255386
      536000  0.216189
      537000  0.280039
      538000  0.237310
      539000  0.234214
      540000  0.250890
      541000  0.207749
      542000  0.253687
      543000  0.267252
      544000  0.282157
      545000  0.219683
      546000  0.251892
      547000  0.264834
      548000  0.196114
      549000  0.187587
      550000  0.223313
      551000  0.198545
      552000  0.248739
      553000  0.170385
      554000  0.281690
      555000  0.238873
      556000  0.219992
      557000  0.200167
      558000  0.229435
      559000  0.239420
      560000  0.197885
      561000  0.246429
      562000  0.229407
      563000  0.217451
      564000  0.180809
      565000  0.255654
      566000  0.224276
      567000  0.196792
      568000  0.190010
      569000  0.245765
      570000  0.190118
      571000  0.195199
      572000  0.288679
      573000  0.236871
      574000  0.231974
      575000  0.172964
      576000  0.299951
      577000  0.232363
      578000  0.326234
      579000  0.172226
      580000  0.225502
      581000  0.215400
      582000  0.240870
      583000  0.211624
      584000  0.230458
      585000  0.248989
      586000  0.221495
      587000  0.192364
      588000  0.248839
      589000  0.222100
      590000  0.190763
      591000  0.215269
      592000  0.252214
      593000  0.228107
      594000  0.196968
      595000  0.247787
      596000  0.200499
      597000  0.220276
      598000  0.238544
      599000  0.230544
      600000  0.175276
      601000  0.210963
      602000  0.290525
      603000  0.232999
      604000  0.187100
      605000  0.223902
      606000  0.197598
      607000  0.237683
      608000  0.167046
      609000  0.251253
      610000  0.277290
      611000  0.251818
      612000  0.243674
      613000  0.226044
      614000  0.197392
      615000  0.224382
      616000  0.241118
      617000  0.197855
      618000  0.194407
      619000  0.253504
      620000  0.214965
      621000  0.236004
      622000  0.205153
      623000  0.222962
      624000  0.279809
      625000  0.257985
      626000  0.221419
      627000  0.254568
      628000  0.229938
      629000  0.243810
      630000  0.199502
      631000  0.267704
      632000  0.287125
      633000  0.249092
      634000  0.192713
      635000  0.235341
      636000  0.274905
      637000  0.236676
      638000  0.205785
      639000  0.260484
      640000  0.240210
      641000  0.253847
      642000  0.256438
      643000  0.194190
      644000  0.247724
      645000  0.226209
      646000  0.247156
      647000  0.205697
      648000  0.305481
      649000  0.271553
      650000  0.221087
      651000  0.246608
      652000  0.234575
      653000  0.259149
      654000  0.240719
      655000  0.227917
      656000  0.270201
      657000  0.226221
      658000  0.234585
      659000  0.189250
      660000  0.250689
      661000  0.280368
      662000  0.225438
      663000  0.249295
      664000  0.212942
      665000  0.187797
      666000  0.290011
      667000  0.248318
      668000  0.201049
      669000  0.232542
      670000  0.253248
      671000  0.288739
      672000  0.255837
      673000  0.275988
      674000  0.275914
      675000  0.189994
      676000  0.270133
      677000  0.249016
      678000  0.295674
      679000  0.213683
      680000  0.239378
      681000  0.218145
      682000  0.249120
      683000  0.246862
      684000  0.242438
      685000  0.251883
      686000  0.200261
      687000  0.282526
      688000  0.206993
      689000  0.218372
      690000  0.280797
      691000  0.268836
      692000  0.292271
      693000  0.250842
      694000  0.175060
      695000  0.248930
      696000  0.192674
      697000  0.222228
      698000  0.189782
      699000  0.193066
      700000  0.287032
      701000  0.227415
      702000  0.191615
      703000  0.266204
      704000  0.183237
      705000  0.248781
      706000  0.225170
      707000  0.261424
      708000  0.181801
      709000  0.248547
      710000  0.257968
      711000  0.260920
      712000  0.187841
      713000  0.256899
      714000  0.189113
      715000  0.249921
      716000  0.206979
      717000  0.277611
      718000  0.204203
      719000  0.226317
      720000  0.214316
      721000  0.215046
      722000  0.195558
      723000  0.259858
      724000  0.188049
      725000  0.229897
      726000  0.225436
      727000  0.245012
      728000  0.225177
      729000  0.286553
      730000  0.257791
      731000  0.266148
      732000  0.256766
      733000  0.201702
      734000  0.273843
      735000  0.229629
      736000  0.215432
      737000  0.301223
      738000  0.223862
      739000  0.260808
      740000  0.200778
      741000  0.205877
      742000  0.264358
      743000  0.269191
      744000  0.199188
      745000  0.287853
      746000  0.257614
      747000  0.203192
      748000  0.164367
      749000  0.217797
      750000  0.241664
      751000  0.250354
      752000  0.256325
      753000  0.322345
      754000  0.206703
      755000  0.192734
      756000  0.208452
      757000  0.292477
      758000  0.219953
      759000  0.166111
      760000  0.249241
      761000  0.141260
      762000  0.253061
      763000  0.209503
      764000  0.191988
      765000  0.211870
      766000  0.211844
      767000  0.185746
      768000  0.256090
      769000  0.222215
      770000  0.199222
      771000  0.227524
      772000  0.177753
      773000  0.175404
      774000  0.234044
      775000  0.265133
      776000  0.176462
      777000  0.213852
      778000  0.296715
      779000  0.209942
      780000  0.239557
      781000  0.266786
      782000  0.232816
      783000  0.228025
      784000  0.213079
      785000  0.231193
      786000  0.220663
      787000  0.226376
      788000  0.201337
      789000  0.199106
      790000  0.304495
      791000  0.206583
      792000  0.247420
      793000  0.228710
      794000  0.220301
      795000  0.306070
      796000  0.206395
      797000  0.241365
      798000  0.259555
      799000  0.219277
      800000  0.225853
      801000  0.209148
      802000  0.272911
      803000  0.209944
      804000  0.310674
      805000  0.201120
      806000  0.213803
      807000  0.198290
      808000  0.283205
      809000  0.287177
      810000  0.219727
      811000  0.204279
      812000  0.224040
      813000  0.194685
      814000  0.231312
      815000  0.250764
      816000  0.243896
      817000  0.195861
      818000  0.196688
      819000  0.225470
      820000  0.206691
      821000  0.211659
      822000  0.215788
      823000  0.184700
      824000  0.238811
      825000  0.239290
      826000  0.227437
      827000  0.273917
      828000  0.288464
      829000  0.236280
      830000  0.243843
      831000  0.201891
      832000  0.221134
      833000  0.278736
      834000  0.224894
      835000  0.265720
      836000  0.205576
      837000  0.200649
      838000  0.183879
      839000  0.158628
      840000  0.182159
      841000  0.262210
      842000  0.185908
      843000  0.228552
      844000  0.261345
      845000  0.205021
      846000  0.244896
      847000  0.243190
      848000  0.286447
      849000  0.221723
      850000  0.240794
      851000  0.206401
      852000  0.191314
      853000  0.183432
      854000  0.204443
      855000  0.244281
      856000  0.282293
      857000  0.200678
      858000  0.251419
      859000  0.211542
      860000  0.215745
      861000  0.294677
      862000  0.160526
      863000  0.228121
      864000  0.223872
      865000  0.183227
      866000  0.156064
      867000  0.306400
      868000  0.245310
      869000  0.269093
      870000  0.292881
      871000  0.165020
      872000  0.274008
      873000  0.271394
      874000  0.249416
      875000  0.337871
      876000  0.191914
      877000  0.220345
      878000  0.218892
      879000  0.209555
      880000  0.189413
      881000  0.207948
      882000  0.281282
      883000  0.186868
      884000  0.253364
      885000  0.173864
      886000  0.195931
      887000  0.271653
      888000  0.283289
      889000  0.238498
      890000  0.228507
      891000  0.232673
      892000  0.238465
      893000  0.253615
      894000  0.255254
      895000  0.250411
      896000  0.170519
      897000  0.214771
      898000  0.244543
      899000  0.175022
      900000  0.243997
      901000  0.262789
      902000  0.181179
      903000  0.268244
      904000  0.240056
      905000  0.254321
      906000  0.271912
      907000  0.202012
      908000  0.212002
      909000  0.246105
      910000  0.229661
      911000  0.188545
      912000  0.278651
      913000  0.217987
      914000  0.284535
      915000  0.213880
      916000  0.177739
      917000  0.137279
      918000  0.253903
      919000  0.197176
      920000  0.260768
      921000  0.230530
      922000  0.195711
      923000  0.225172
      924000  0.231904
      925000  0.279453
      926000  0.262767
      927000  0.244886
      928000  0.162316
      929000  0.197719
      930000  0.208059
      931000  0.230626
      932000  0.179545
      933000  0.215742
      934000  0.167542
      935000  0.316123
      936000  0.271587
      937000  0.212830
      938000  0.187015
      939000  0.204692
      940000  0.237537
      941000  0.262265
      942000  0.198934
      943000  0.248961
      944000  0.253228
      945000  0.202939
      946000  0.232046
      947000  0.232638
      948000  0.311835
      949000  0.162724
      950000  0.276700
      951000  0.271120
      952000  0.230937
      953000  0.239108
      954000  0.224809
      955000  0.223814
      956000  0.151511
      957000  0.181671
      958000  0.236203
      959000  0.182631
      960000  0.227249
      961000  0.220444
      962000  0.164167
      963000  0.260021
      964000  0.218910
      965000  0.247447
      966000  0.210641
      967000  0.247474
      968000  0.233332
      969000  0.233941
      970000  0.185390
      971000  0.181863
      972000  0.170579
      973000  0.156100
      974000  0.215796
      975000  0.270250
      976000  0.290711
      977000  0.153753
      978000  0.244733
      979000  0.222680
      980000  0.264757
      981000  0.268023
      982000  0.254809
      983000  0.175872
      984000  0.215699
      985000  0.238817
      986000  0.190815
      987000  0.269069
      988000  0.236656
      989000  0.298761
      990000  0.227132
      991000  0.184325
      992000  0.198307
      993000  0.208452
      994000  0.259442
      995000  0.243916
      996000  0.253730
      997000  0.210300
      998000  0.205108
      999000  0.218461
     1000000  0.288597
