       1000 -26684.587990
       2000 -26684.496174
       3000 -26684.474620
       4000 -26684.467085
       5000 -26684.776184
       6000 -26684.578535
       7000 -26684.664752
       8000 -26689.047829
       9000 -26686.573312
      10000 -26684.841144
      11000 -26685.021337
      12000 -26685.335962
      13000 -26684.622197
      14000 -26691.906817
      15000 -26685.153042
      16000 -26685.876210
      17000 -26687.427409
      18000 -26684.858306
      19000 -26684.914305
      20000 -26685.115911
      21000 -26684.551717
      22000 -26684.747998
      23000 -26684.479707
      24000 -26684.467652
      25000 -26684.469575
      26000 -26684.594538
      27000 -26684.912593
      28000 -26684.793108
      29000 -26684.899443
      30000 -26684.479300
      31000 -26684.543507
      32000 -26684.469407
      33000 -26684.877142
      34000 -26684.492552
      35000 -26687.322072
      36000 -26686.190581
      37000 -26684.663270
      38000 -26684.741977
      39000 -26689.163243
      40000 -26684.791924
      41000 -26684.830933
      42000 -26684.785668
      43000 -26684.659829
      44000 -26686.665667
      45000 -26685.539467
      46000 -26684.619402
      47000 -26684.499043
      48000 -26686.605494
      49000 -26684.925919
      50000 -26684.793330
      51000 -26684.829876
      52000 -26684.701139
      53000 -26685.949066
      54000 -26684.525862
      55000 -26690.465143
      56000 -26684.854348
      57000 -26684.780093
      58000 -26684.528265
      59000 -26684.571727
      60000 -26684.468223
      61000 -26684.867851
      62000 -26684.710168
      63000 -26684.496868
      64000 -26684.534367
      65000 -26684.522521
      66000 -26687.075591
      67000 -26684.798823
      68000 -26684.603396
      69000 -26684.569003
      70000 -26684.565803
      71000 -26686.175388
      72000 -26685.169021
      73000 -26688.103994
      74000 -26684.943514
      75000 -26684.466422
      76000 -26684.630239
      77000 -26684.956916
      78000 -26685.747399
      79000 -26684.505030
      80000 -26684.806743
      81000 -26684.505942
      82000 -26685.526661
      83000 -26684.466338
      84000 -26684.601101
      85000 -26685.076611
      86000 -26686.830478
      87000 -26684.579246
      88000 -26684.976356
      89000 -26685.427646
      90000 -26684.472815
      91000 -26684.847497
      92000 -26684.542100
      93000 -26686.045366
      94000 -26686.599463
      95000 -26684.495520
      96000 -26685.909855
      97000 -26685.293521
      98000 -26685.213498
      99000 -26684.875594
     100000 -26685.280104
     101000 -26685.705069
     102000 -26684.470549
     103000 -26684.537570
     104000 -26687.302546
     105000 -26684.937387
     106000 -26685.009757
     107000 -26684.467025
     108000 -26684.772692
     109000 -26684.768906
     110000 -26687.948688
     111000 -26684.808327
     112000 -26684.508584
     113000 -26688.285040
     114000 -26684.468329
     115000 -26684.464874
     116000 -26688.053537
     117000 -26684.790347
     118000 -26684.466774
     119000 -26687.246223
     120000 -26684.709104
     121000 -26684.603567
     122000 -26686.542545
     123000 -26684.888405
     124000 -26685.002313
     125000 -26684.563469
     126000 -26684.891267
     127000 -26684.925822
     128000 -26684.467515
     129000 -26685.568133
     130000 -26684.528868
     131000 -26684.473952
     132000 -26685.950342
     133000 -26685.731517
     134000 -26685.475571
     135000 -26686.058998
     136000 -26684.875419
     137000 -26684.499637
     138000 -26689.595110
     139000 -26684.833192
     140000 -26684.777149
     141000 -26685.230114
     142000 -26685.106869
     143000 -26684.925683
     144000 -26688.685409
     145000 -26685.070716
     146000 -26684.485510
     147000 -26684.867012
     148000 -26684.667236
     149000 -26684.634971
     150000 -26684.538932
     151000 -26685.076672
     152000 -26684.491227
     153000 -26684.518911
     154000 -26688.334520
     155000 -26684.643111
     156000 -26685.518961
     157000 -26686.430005
     158000 -26684.908320
     159000 -26685.181772
     160000 -26685.759108
     161000 -26687.521406
     162000 -26684.466441
     163000 -26684.464857
     164000 -26684.997268
     165000 -26685.536093
     166000 -26686.042760
     167000 -26684.781789
     168000 -26685.585015
     169000 -26684.791818
     170000 -26684.854323
     171000 -26685.129545
     172000 -26684.493690
     173000 -26684.558791
     174000 -26685.533028
     175000 -26684.903521
     176000 -26684.722337
     177000 -26685.623416
     178000 -26684.870336
     179000 -26684.844242
     180000 -26684.754060
     181000 -26684.597448
     182000 -26684.862383
     183000 -26684.596186
     184000 -26684.616039
     185000 -26684.802561
     186000 -26684.522069
     187000 -26685.135902
     188000 -26684.470748
     189000 -26684.497322
     190000 -26684.520163
     191000 -26686.651231
     192000 -26684.501980
     193000 -26685.349000
     194000 -26684.940700
     195000 -26684.634822
     196000 -26684.760597
     197000 -26685.829202
     198000 -26684.900687
     199000 -26684.468457
     200000 -26684.472317
     201000 -26685.404873
     202000 -26684.984448
     203000 -26684.487395
     204000 -26684.686035
     205000 -26684.573192
     206000 -26684.577749
     207000 -26684.497739
     208000 -26684.711285
     209000 -26684.466449
     210000 -26684.477133
     211000 -26684.558435
     212000 -26684.571886
     213000 -26684.757034
     214000 -26684.495849
     215000 -26684.860700
     216000 -26689.119148
     217000 -26688.043512
     218000 -26684.851857
     219000 -26684.466768
     220000 -26685.824256
     221000 -26684.985003
     222000 -26684.695093
     223000 -26684.467949
     224000 -26684.813220
     225000 -26684.750733
     226000 -26684.823075
     227000 -26688.216012
     228000 -26685.006274
     229000 -26684.898174
     230000 -26688.669765
     231000 -26684.657522
     232000 -26684.493743
     233000 -26684.521543
     234000 -26684.478612
     235000 -26685.404848
     236000 -26684.480711
     237000 -26684.846629
     238000 -26688.306964
     239000 -26684.780866
     240000 -26684.508124
     241000 -26684.498646
     242000 -26684.721307
     243000 -26684.661356
     244000 -26684.467909
     245000 -26684.847935
     246000 -26684.879326
     247000 -26684.490793
     248000 -26684.483570
     249000 -26685.066172
     250000 -26684.545907
     251000 -26684.705220
     252000 -26684.573622
     253000 -26684.642332
     254000 -26684.486859
     255000 -26686.348351
     256000 -26685.999398
     257000 -26684.490515
     258000 -26684.844502
     259000 -26684.469807
     260000 -26688.722133
     261000 -26686.174149
     262000 -26684.768092
     263000 -26687.265652
     264000 -26687.860285
     265000 -26685.363875
     266000 -26684.534325
     267000 -26684.558122
     268000 -26685.331361
     269000 -26685.920652
     270000 -26684.577557
     271000 -26685.053563
     272000 -26684.469424
     273000 -26684.642073
     274000 -26684.734501
     275000 -26684.552108
     276000 -26685.454645
     277000 -26684.480921
     278000 -26684.473530
     279000 -26684.465735
     280000 -26684.935288
     281000 -26684.572763
     282000 -26684.765314
     283000 -26684.808651
     284000 -26684.483082
     285000 -26684.466743
     286000 -26685.957277
     287000 -26686.399874
     288000 -26688.307697
     289000 -26684.536184
     290000 -26684.670691
     291000 -26684.627064
     292000 -26685.022486
     293000 -26684.634564
     294000 -26684.930899
     295000 -26684.769674
     296000 -26684.533351
     297000 -26684.963893
     298000 -26684.468010
     299000 -26684.957120
     300000 -26684.474682
     301000 -26684.741291
     302000 -26684.606340
     303000 -26687.009595
     304000 -26685.858575
     305000 -26686.114291
     306000 -26684.950663
     307000 -26685.906781
     308000 -26684.835990
     309000 -26686.207348
     310000 -26684.470322
     311000 -26684.837588
     312000 -26688.435994
     313000 -26686.809318
     314000 -26684.477974
     315000 -26684.865946
     316000 -26684.946914
     317000 -26684.466402
     318000 -26685.804007
     319000 -26684.665304
     320000 -26685.377271
     321000 -26684.488574
     322000 -26684.655238
     323000 -26684.551106
     324000 -26684.486251
     325000 -26684.878632
     326000 -26684.845533
     327000 -26685.333458
     328000 -26684.588087
     329000 -26684.728459
     330000 -26684.752460
     331000 -26684.470590
     332000 -26684.867833
     333000 -26689.782163
     334000 -26684.489476
     335000 -26685.019304
     336000 -26685.264162
     337000 -26685.066682
     338000 -26684.843733
     339000 -26688.438245
     340000 -26686.546877
     341000 -26684.508636
     342000 -26684.572330
     343000 -26684.479987
     344000 -26684.464998
     345000 -26684.680297
     346000 -26691.081541
     347000 -26684.484160
     348000 -26684.468703
     349000 -26684.984693
     350000 -26689.069301
     351000 -26684.958772
     352000 -26685.276953
     353000 -26684.607023
     354000 -26688.360452
     355000 -26684.785808
     356000 -26684.478660
     357000 -26684.599005
     358000 -26684.467284
     359000 -26684.518781
     360000 -26684.779342
     361000 -26684.587019
     362000 -26685.732828
     363000 -26688.029042
     364000 -26687.539015
     365000 -26684.749281
     366000 -26684.659547
     367000 -26684.682046
     368000 -26684.492646
     369000 -26684.527619
     370000 -26684.470860
     371000 -26684.474396
     372000 -26684.487141
     373000 -26684.689158
     374000 -26684.633607
     375000 -26684.519224
     376000 -26685.590844
     377000 -26684.675128
     378000 -26687.943883
     379000 -26684.870959
     380000 -26687.936118
     381000 -26686.508914
     382000 -26685.579055
     383000 -26684.668262
     384000 -26684.492268
     385000 -26684.747935
     386000 -26685.509423
     387000 -26685.413621
     388000 -26684.572197
     389000 -26684.733473
     390000 -26685.053261
     391000 -26687.683147
     392000 -26684.552496
     393000 -26685.241330
     394000 -26684.943624
     395000 -26685.022587
     396000 -26684.671818
     397000 -26684.983987
     398000 -26684.474295
     399000 -26684.580281
     400000 -26684.795485
     401000 -26684.649043
     402000 -26684.580982
     403000 -26684.468233
     404000 -26684.604353
     405000 -26684.492647
     406000 -26684.792455
     407000 -26684.698054
     408000 -26684.595209
     409000 -26684.509787
     410000 -26684.518549
     411000 -26684.475886
     412000 -26684.616186
     413000 -26685.213967
     414000 -26684.856778
     415000 -26685.484037
     416000 -26685.250359
     417000 -26685.511126
     418000 -26684.713247
     419000 -26684.815799
     420000 -26684.468796
     421000 -26684.532961
     422000 -26684.566549
     423000 -26685.004503
     424000 -26684.531052
     425000 -26684.672093
     426000 -26684.498693
     427000 -26684.476391
     428000 -26684.588485
     429000 -26685.592087
     430000 -26684.490162
     431000 -26686.303217
     432000 -26687.090735
     433000 -26684.599175
     434000 -26684.797338
     435000 -26684.595474
     436000 -26684.560642
     437000 -26684.560535
     438000 -26684.497861
     439000 -26684.738214
     440000 -26684.467056
     441000 -26684.599762
     442000 -26684.871717
     443000 -26684.481117
     444000 -26684.565874
     445000 -26684.495898
     446000 -26684.994550
     447000 -26684.503186
     448000 -26689.680548
     449000 -26684.472549
     450000 -26685.466744
     451000 -26684.773949
     452000 -26684.642617
     453000 -26684.617475
     454000 -26685.215605
     455000 -26684.548441
     456000 -26686.022192
     457000 -26684.466812
     458000 -26684.467587
     459000 -26684.466529
     460000 -26684.500259
     461000 -26684.557601
     462000 -26685.284359
     463000 -26684.921017
     464000 -26688.000111
     465000 -26685.637972
     466000 -26690.961364
     467000 -26684.482691
     468000 -26684.630615
     469000 -26684.578660
     470000 -26689.680307
     471000 -26685.438588
     472000 -26685.273235
     473000 -26684.511099
     474000 -26684.530095
     475000 -26684.878631
     476000 -26685.129376
     477000 -26684.471207
     478000 -26684.798124
     479000 -26684.654742
     480000 -26687.660070
     481000 -26684.614716
     482000 -26684.617746
     483000 -26685.566190
     484000 -26684.524357
     485000 -26684.471780
     486000 -26684.467326
     487000 -26684.684160
     488000 -26684.485554
     489000 -26686.802311
     490000 -26685.082882
     491000 -26684.976177
     492000 -26684.483708
     493000 -26685.030122
     494000 -26688.483629
     495000 -26684.507733
     496000 -26685.013287
     497000 -26684.527588
     498000 -26685.456226
     499000 -26684.614597
     500000 -26684.970533
     501000 -26684.701230
     502000 -26684.776624
     503000 -26684.620680
     504000 -26685.752561
     505000 -26684.527645
     506000 -26685.468521
     507000 -26684.940452
     508000 -26684.782531
     509000 -26684.467120
     510000 -26684.669839
     511000 -26684.549527
     512000 -26684.551375
     513000 -26686.117300
     514000 -26684.827338
     515000 -26685.046265
     516000 -26684.589163
     517000 -26686.226106
     518000 -26684.631046
     519000 -26684.721792
     520000 -26684.480020
     521000 -26684.654312
     522000 -26687.936286
     523000 -26684.706327
     524000 -26685.015476
     525000 -26684.953369
     526000 -26684.531809
     527000 -26685.619889
     528000 -26684.502579
     529000 -26684.547463
     530000 -26684.519444
     531000 -26685.560050
     532000 -26684.691053
     533000 -26684.596480
     534000 -26686.121447
     535000 -26684.683453
     536000 -26684.997548
     537000 -26684.668727
     538000 -26684.654534
     539000 -26684.917195
     540000 -26685.428096
     541000 -26684.587405
     542000 -26684.472128
     543000 -26684.467657
     544000 -26686.425603
     545000 -26684.587615
     546000 -26684.467114
     547000 -26684.516804
     548000 -26684.490027
     549000 -26684.692745
     550000 -26685.779028
     551000 -26684.762186
     552000 -26684.578425
     553000 -26688.603623
     554000 -26685.771125
     555000 -26685.529646
     556000 -26684.523570
     557000 -26684.479482
     558000 -26684.468719
     559000 -26685.982180
     560000 -26688.734352
     561000 -26684.480735
     562000 -26684.488674
     563000 -26691.365141
     564000 -26685.004638
     565000 -26687.011379
     566000 -26684.527397
     567000 -26685.010641
     568000 -26684.467899
     569000 -26684.500991
     570000 -26685.282402
     571000 -26684.625413
     572000 -26684.502149
     573000 -26690.094030
     574000 -26684.698825
     575000 -26685.157305
     576000 -26692.335196
     577000 -26684.514759
     578000 -26684.834285
     579000 -26684.910624
     580000 -26684.770898
     581000 -26684.469698
     582000 -26685.130429
     583000 -26684.497130
     584000 -26685.049287
     585000 -26687.589917
     586000 -26685.482423
     587000 -26684.489995
     588000 -26684.510636
     589000 -26684.687101
     590000 -26684.466689
     591000 -26684.855904
     592000 -26684.645024
     593000 -26685.016854
     594000 -26685.968981
     595000 -26686.824043
     596000 -26684.516003
     597000 -26684.545928
     598000 -26684.731262
     599000 -26684.469799
     600000 -26684.466926
     601000 -26687.987343
     602000 -26684.652013
     603000 -26685.707290
     604000 -26684.697308
     605000 -26686.242300
     606000 -26686.184220
     607000 -26686.365747
     608000 -26685.071776
     609000 -26684.793011
     610000 -26685.461027
     611000 -26684.505987
     612000 -26685.233907
     613000 -26684.528093
     614000 -26684.619202
     615000 -26685.908551
     616000 -26684.465211
     617000 -26684.658083
     618000 -26685.541560
     619000 -26685.612831
     620000 -26684.607166
     621000 -26684.581462
     622000 -26684.950967
     623000 -26684.468713
     624000 -26684.647336
     625000 -26684.554975
     626000 -26684.638112
     627000 -26684.733751
     628000 -26685.327395
     629000 -26684.805314
     630000 -26684.595863
     631000 -26684.544912
     632000 -26688.784005
     633000 -26684.471934
     634000 -26688.812960
     635000 -26684.500575
     636000 -26684.483450
     637000 -26684.652768
     638000 -26688.667303
     639000 -26684.468835
     640000 -26684.770660
     641000 -26684.507504
     642000 -26684.523727
     643000 -26684.597566
     644000 -26684.488362
     645000 -26684.625320
     646000 -26684.673762
     647000 -26684.677556
     648000 -26684.496144
     649000 -26689.226444
     650000 -26684.491790
     651000 -26684.974279
     652000 -26684.721181
     653000 -26684.476711
     654000 -26684.681441
     655000 -26684.627899
     656000 -26685.347755
     657000 -26684.537540
     658000 -26685.456566
     659000 -26684.557694
     660000 -26684.489799
     661000 -26685.079272
     662000 -26686.964105
     663000 -26685.236987
     664000 -26685.548960
     665000 -26686.308712
     666000 -26684.475829
     667000 -26684.488845
     668000 -26684.774285
     669000 -26684.715566
     670000 -26686.451992
     671000 -26684.548726
     672000 -26685.418566
     673000 -26684.518853
     674000 -26684.529604
     675000 -26684.501478
     676000 -26684.564530
     677000 -26684.737095
     678000 -26684.487284
     679000 -26684.504980
     680000 -26684.565728
     681000 -26688.374821
     682000 -26684.468444
     683000 -26684.624930
     684000 -26684.466856
     685000 -26686.522627
     686000 -26685.186723
     687000 -26684.651295
     688000 -26684.642213
     689000 -26684.633853
     690000 -26684.519198
     691000 -26684.703408
     692000 -26686.547618
     693000 -26688.827921
     694000 -26689.332364
     695000 -26684.978622
     696000 -26686.738535
     697000 -26684.659013
     698000 -26685.334567
     699000 -26689.246756
     700000 -26684.890215
     701000 -26684.950680
     702000 -26684.956818
     703000 -26686.019251
     704000 -26684.711479
     705000 -26687.718612
     706000 -26684.570235
     707000 -26686.891237
     708000 -26684.569930
     709000 -26684.607565
     710000 -26685.166385
     711000 -26684.767853
     712000 -26686.225027
     713000 -26688.692833
     714000 -26684.836203
     715000 -26684.474944
     716000 -26688.217239
     717000 -26684.908575
     718000 -26684.655045
     719000 -26684.469281
     720000 -26685.183561
     721000 -26684.692150
     722000 -26684.536786
     723000 -26684.470882
     724000 -26685.334461
     725000 -26684.757295
     726000 -26685.460444
     727000 -26686.120019
     728000 -26685.035494
     729000 -26684.743846
     730000 -26684.740839
     731000 -26687.930026
     732000 -26684.475834
     733000 -26685.255952
     734000 -26686.086366
     735000 -26684.623990
     736000 -26684.510327
     737000 -26684.467386
     738000 -26684.587929
     739000 -26684.546801
     740000 -26684.502841
     741000 -26690.563620
     742000 -26684.534881
     743000 -26684.559163
     744000 -26685.334966
     745000 -26684.532200
     746000 -26684.485714
     747000 -26684.798503
     748000 -26688.159693
     749000 -26686.547637
     750000 -26686.195796
     751000 -26684.657033
     752000 -26684.689430
     753000 -26687.989249
     754000 -26685.499463
     755000 -26685.121687
     756000 -26684.680398
     757000 -26684.986716
     758000 -26684.590301
     759000 -26684.553100
     760000 -26684.547630
     761000 -26685.147291
     762000 -26684.604666
     763000 -26684.720846
     764000 -26684.591692
     765000 -26684.465036
     766000 -26684.838790
     767000 -26685.143786
     768000 -26684.855642
     769000 -26684.974541
     770000 -26684.582598
     771000 -26684.682955
     772000 -26684.737993
     773000 -26684.468877
     774000 -26684.903521
     775000 -26684.628364
     776000 -26688.032685
     777000 -26684.578367
     778000 -26684.653259
     779000 -26685.053643
     780000 -26684.480597
     781000 -26685.185122
     782000 -26685.064476
     783000 -26685.518269
     784000 -26689.080097
     785000 -26685.633099
     786000 -26684.540206
     787000 -26684.492455
     788000 -26684.904409
     789000 -26684.553041
     790000 -26684.468118
     791000 -26684.490548
     792000 -26684.467482
     793000 -26684.953212
     794000 -26684.661717
     795000 -26685.551160
     796000 -26684.553652
     797000 -26686.034692
     798000 -26684.908411
     799000 -26684.468500
     800000 -26684.585847
     801000 -26685.874897
     802000 -26685.894652
     803000 -26685.055381
     804000 -26687.703389
     805000 -26684.955092
     806000 -26684.873299
     807000 -26684.930467
     808000 -26684.644163
     809000 -26684.547796
     810000 -26685.154905
     811000 -26685.469491
     812000 -26684.661574
     813000 -26684.490082
     814000 -26684.624632
     815000 -26684.687645
     816000 -26685.456952
     817000 -26684.974505
     818000 -26684.482851
     819000 -26684.473034
     820000 -26688.553147
     821000 -26685.364291
     822000 -26685.282072
     823000 -26685.391533
     824000 -26684.751088
     825000 -26684.591660
     826000 -26685.458694
     827000 -26685.232411
     828000 -26684.521542
     829000 -26684.476251
     830000 -26684.491372
     831000 -26684.482150
     832000 -26690.061589
     833000 -26684.489519
     834000 -26684.758706
     835000 -26684.529302
     836000 -26684.808422
     837000 -26684.512579
     838000 -26686.157957
     839000 -26684.843099
     840000 -26684.564283
     841000 -26684.700228
     842000 -26684.764758
     843000 -26684.624545
     844000 -26684.831858
     845000 -26690.868655
     846000 -26684.466772
     847000 -26684.466349
     848000 -26692.550922
     849000 -26684.475630
     850000 -26684.484768
     851000 -26685.007444
     852000 -26684.901058
     853000 -26684.470168
     854000 -26684.532807
     855000 -26685.650870
     856000 -26684.515949
     857000 -26685.632434
     858000 -26688.249123
     859000 -26684.469364
     860000 -26685.095763
     861000 -26686.396198
     862000 -26684.740799
     863000 -26684.554692
     864000 -26685.003682
     865000 -26685.955350
     866000 -26686.376831
     867000 -26685.014686
     868000 -26689.810752
     869000 -26684.720672
     870000 -26684.569940
     871000 -26684.606018
     872000 -26684.481360
     873000 -26684.604952
     874000 -26684.552653
     875000 -26684.473762
     876000 -26684.527728
     877000 -26684.483625
     878000 -26690.700743
     879000 -26684.549649
     880000 -26684.627272
     881000 -26684.825677
     882000 -26688.161531
     883000 -26684.695504
     884000 -26684.817881
     885000 -26685.037947
     886000 -26685.542041
     887000 -26685.365626
     888000 -26684.519575
     889000 -26688.704902
     890000 -26686.768726
     891000 -26684.688939
     892000 -26685.094659
     893000 -26685.234589
     894000 -26684.537941
     895000 -26685.314445
     896000 -26689.758898
     897000 -26687.163538
     898000 -26685.428822
     899000 -26685.657051
     900000 -26687.254037
     901000 -26684.921637
     902000 -26684.550152
     903000 -26684.476313
     904000 -26685.373645
     905000 -26685.850790
     906000 -26684.673650
     907000 -26684.591353
     908000 -26684.466348
     909000 -26684.507186
     910000 -26685.140313
     911000 -26685.204679
     912000 -26684.686465
     913000 -26684.474679
     914000 -26684.726300
     915000 -26685.366954
     916000 -26685.036165
     917000 -26684.638590
     918000 -26684.985071
     919000 -26684.681061
     920000 -26684.528844
     921000 -26684.710142
     922000 -26684.977414
     923000 -26684.656099
     924000 -26684.720380
     925000 -26684.809957
     926000 -26685.390149
     927000 -26688.855519
     928000 -26684.802601
     929000 -26684.466415
     930000 -26684.940150
     931000 -26684.702685
     932000 -26686.464276
     933000 -26684.472079
     934000 -26684.510248
     935000 -26685.121287
     936000 -26684.468448
     937000 -26685.302257
     938000 -26684.627048
     939000 -26684.482121
     940000 -26684.483743
     941000 -26684.871456
     942000 -26684.954316
     943000 -26684.623518
     944000 -26685.143694
     945000 -26684.575867
     946000 -26691.060679
     947000 -26685.080858
     948000 -26684.480854
     949000 -26684.756014
     950000 -26684.694897
     951000 -26685.189981
     952000 -26684.777469
     953000 -26684.481183
     954000 -26684.788579
     955000 -26688.799306
     956000 -26684.853007
     957000 -26689.054228
     958000 -26684.606822
     959000 -26684.865734
     960000 -26684.493067
     961000 -26684.713022
     962000 -26684.732774
     963000 -26689.717015
     964000 -26684.517592
     965000 -26684.494647
     966000 -26684.568181
     967000 -26685.932026
     968000 -26684.595835
     969000 -26684.468362
     970000 -26684.541651
     971000 -26685.138187
     972000 -26684.483473
     973000 -26685.717115
     974000 -26684.951502
     975000 -26685.092240
     976000 -26685.132888
     977000 -26685.151000
     978000 -26684.603120
     979000 -26684.631976
     980000 -26684.520487
     981000 -26684.522327
     982000 -26686.289427
     983000 -26685.428062
     984000 -26684.940047
     985000 -26687.820947
     986000 -26684.466730
     987000 -26684.610529
     988000 -26685.054567
     989000 -26685.487627
     990000 -26684.561820
     991000 -26684.933370
     992000 -26685.060678
     993000 -26685.201953
     994000 -26684.663695
     995000 -26684.469407
     996000 -26684.972464
     997000 -26684.789345
     998000 -26684.685828
     999000 -26685.491292
    1000000 -26684.473465
