       1000 -26684.645515
       2000 -26684.468733
       3000 -26687.958020
       4000 -26690.120784
       5000 -26684.638320
       6000 -26685.539242
       7000 -26684.584177
       8000 -26685.659437
       9000 -26684.640857
      10000 -26684.538432
      11000 -26685.445862
      12000 -26685.038087
      13000 -26684.538950
      14000 -26684.466639
      15000 -26688.675382
      16000 -26684.492952
      17000 -26684.480534
      18000 -26684.465477
      19000 -26685.300776
      20000 -26685.110833
      21000 -26684.909913
      22000 -26684.649454
      23000 -26684.809917
      24000 -26685.589710
      25000 -26684.518804
      26000 -26684.704795
      27000 -26685.555788
      28000 -26686.030249
      29000 -26684.518283
      30000 -26684.549339
      31000 -26684.700253
      32000 -26684.503328
      33000 -26684.580392
      34000 -26685.252075
      35000 -26684.493363
      36000 -26684.914876
      37000 -26685.271190
      38000 -26688.232146
      39000 -26688.706747
      40000 -26684.467467
      41000 -26688.270135
      42000 -26685.282503
      43000 -26684.474069
      44000 -26684.473585
      45000 -26684.557098
      46000 -26685.219548
      47000 -26684.898123
      48000 -26685.498983
      49000 -26685.588053
      50000 -26685.929911
      51000 -26684.619857
      52000 -26684.722066
      53000 -26684.518331
      54000 -26684.467991
      55000 -26688.133263
      56000 -26686.372617
      57000 -26685.278757
      58000 -26686.376182
      59000 -26684.466571
      60000 -26684.578403
      61000 -26686.277810
      62000 -26685.323557
      63000 -26690.669908
      64000 -26684.509847
      65000 -26684.487005
      66000 -26685.109994
      67000 -26684.479628
      68000 -26684.857650
      69000 -26684.954882
      70000 -26684.985274
      71000 -26686.942438
      72000 -26685.908587
      73000 -26684.716617
      74000 -26684.655546
      75000 -26685.065838
      76000 -26684.560908
      77000 -26684.612826
      78000 -26684.648524
      79000 -26684.478441
      80000 -26685.349231
      81000 -26684.909468
      82000 -26684.521684
      83000 -26684.512298
      84000 -26684.510227
      85000 -26685.389504
      86000 -26685.582842
      87000 -26684.481017
      88000 -26685.745637
      89000 -26688.399753
      90000 -26684.898158
      91000 -26685.525052
      92000 -26684.800484
      93000 -26685.242071
      94000 -26684.465048
      95000 -26684.476863
      96000 -26684.490507
      97000 -26684.545220
      98000 -26685.504515
      99000 -26688.611126
     100000 -26684.517059
     101000 -26684.506946
     102000 -26686.275649
     103000 -26684.918018
     104000 -26684.563278
     105000 -26684.575702
     106000 -26684.622671
     107000 -26685.216155
     108000 -26684.474606
     109000 -26684.541168
     110000 -26684.532879
     111000 -26686.684723
     112000 -26684.499369
     113000 -26685.956786
     114000 -26686.135518
     115000 -26687.579365
     116000 -26684.571363
     117000 -26685.495069
     118000 -26685.191057
     119000 -26684.551139
     120000 -26686.130120
     121000 -26684.973207
     122000 -26684.551305
     123000 -26684.465119
     124000 -26684.476486
     125000 -26684.511827
     126000 -26685.829932
     127000 -26684.777223
     128000 -26684.881541
     129000 -26684.516891
     130000 -26684.831614
     131000 -26684.486720
     132000 -26684.631481
     133000 -26686.972889
     134000 -26684.730239
     135000 -26684.973834
     136000 -26684.941225
     137000 -26685.487607
     138000 -26684.484842
     139000 -26684.507816
     140000 -26684.639994
     141000 -26685.212830
     142000 -26685.607211
     143000 -26689.626873
     144000 -26685.094067
     145000 -26684.839818
     146000 -26684.725766
     147000 -26684.466423
     148000 -26685.052913
     149000 -26684.827101
     150000 -26688.258898
     151000 -26684.498276
     152000 -26684.523340
     153000 -26684.469525
     154000 -26684.539426
     155000 -26684.485702
     156000 -26684.478057
     157000 -26684.668365
     158000 -26685.464830
     159000 -26684.469596
     160000 -26684.712605
     161000 -26684.499788
     162000 -26689.028646
     163000 -26684.524091
     164000 -26685.015873
     165000 -26685.292635
     166000 -26684.766964
     167000 -26684.502242
     168000 -26684.850964
     169000 -26687.151397
     170000 -26684.559213
     171000 -26684.594435
     172000 -26684.518167
     173000 -26684.962079
     174000 -26688.304508
     175000 -26689.384366
     176000 -26684.514863
     177000 -26684.470325
     178000 -26684.499910
     179000 -26684.981094
     180000 -26689.258003
     181000 -26684.508292
     182000 -26684.503488
     183000 -26685.762390
     184000 -26685.143464
     185000 -26684.474726
     186000 -26684.820558
     187000 -26684.473373
     188000 -26684.499881
     189000 -26685.322161
     190000 -26684.473884
     191000 -26684.573062
     192000 -26684.467668
     193000 -26684.753201
     194000 -26684.561996
     195000 -26685.431872
     196000 -26686.725608
     197000 -26684.490877
     198000 -26685.276799
     199000 -26684.801957
     200000 -26685.731480
     201000 -26685.506663
     202000 -26684.628466
     203000 -26684.696835
     204000 -26685.896471
     205000 -26684.841739
     206000 -26687.609646
     207000 -26684.493896
     208000 -26684.958775
     209000 -26688.551400
     210000 -26684.641062
     211000 -26684.589987
     212000 -26685.143992
     213000 -26684.529108
     214000 -26685.700182
     215000 -26684.594263
     216000 -26684.483077
     217000 -26688.598122
     218000 -26685.540306
     219000 -26684.465229
     220000 -26684.478436
     221000 -26685.087265
     222000 -26684.771252
     223000 -26684.479620
     224000 -26685.006592
     225000 -26688.035686
     226000 -26686.832912
     227000 -26684.714214
     228000 -26684.591466
     229000 -26684.924649
     230000 -26684.591661
     231000 -26685.198413
     232000 -26684.755283
     233000 -26687.404523
     234000 -26684.626523
     235000 -26684.469563
     236000 -26684.573202
     237000 -26684.466305
     238000 -26688.205517
     239000 -26684.736568
     240000 -26684.488821
     241000 -26684.467387
     242000 -26684.499360
     243000 -26684.556920
     244000 -26684.535404
     245000 -26685.029247
     246000 -26684.895703
     247000 -26684.646320
     248000 -26685.993800
     249000 -26684.607969
     250000 -26684.512094
     251000 -26686.923383
     252000 -26685.042322
     253000 -26685.178963
     254000 -26684.970232
     255000 -26684.509105
     256000 -26684.906528
     257000 -26690.172706
     258000 -26684.472627
     259000 -26684.879899
     260000 -26684.498808
     261000 -26684.542440
     262000 -26684.491997
     263000 -26685.217608
     264000 -26684.517207
     265000 -26684.528961
     266000 -26684.512029
     267000 -26686.076065
     268000 -26684.479269
     269000 -26684.727796
     270000 -26684.496453
     271000 -26684.537275
     272000 -26684.816058
     273000 -26684.566823
     274000 -26684.514527
     275000 -26684.465177
     276000 -26685.153062
     277000 -26686.262938
     278000 -26685.565406
     279000 -26686.776776
     280000 -26684.486000
     281000 -26685.196588
     282000 -26684.761248
     283000 -26684.926120
     284000 -26684.782132
     285000 -26685.118812
     286000 -26684.924217
     287000 -26684.789354
     288000 -26684.712400
     289000 -26688.683606
     290000 -26684.479548
     291000 -26686.968117
     292000 -26684.571935
     293000 -26684.622042
     294000 -26684.467591
     295000 -26684.491087
     296000 -26684.501697
     297000 -26685.347827
     298000 -26684.574848
     299000 -26684.744619
     300000 -26684.971144
     301000 -26684.967662
     302000 -26684.467293
     303000 -26684.734985
     304000 -26684.483372
     305000 -26684.625719
     306000 -26685.816252
     307000 -26684.682671
     308000 -26684.814569
     309000 -26684.469915
     310000 -26684.864669
     311000 -26684.943025
     312000 -26688.337806
     313000 -26684.626125
     314000 -26684.481983
     315000 -26684.601558
     316000 -26684.507947
     317000 -26684.652464
     318000 -26684.471130
     319000 -26685.915687
     320000 -26684.646974
     321000 -26685.125827
     322000 -26684.476161
     323000 -26684.648777
     324000 -26684.854998
     325000 -26689.006355
     326000 -26684.481338
     327000 -26684.487388
     328000 -26684.466920
     329000 -26684.561625
     330000 -26684.485833
     331000 -26684.569263
     332000 -26690.219465
     333000 -26684.583708
     334000 -26684.489856
     335000 -26684.757700
     336000 -26685.339039
     337000 -26684.470575
     338000 -26684.471360
     339000 -26684.880719
     340000 -26684.529665
     341000 -26684.468548
     342000 -26686.578733
     343000 -26684.466307
     344000 -26685.330830
     345000 -26684.787752
     346000 -26684.501858
     347000 -26685.254653
     348000 -26684.822774
     349000 -26685.051338
     350000 -26691.192687
     351000 -26684.967574
     352000 -26685.381734
     353000 -26684.510812
     354000 -26684.482469
     355000 -26686.636656
     356000 -26687.172073
     357000 -26684.472040
     358000 -26685.289009
     359000 -26684.522469
     360000 -26684.880737
     361000 -26684.512453
     362000 -26684.474952
     363000 -26685.533596
     364000 -26685.505230
     365000 -26684.480967
     366000 -26686.566794
     367000 -26686.365871
     368000 -26684.471885
     369000 -26685.388228
     370000 -26684.648473
     371000 -26685.775567
     372000 -26684.474283
     373000 -26684.643343
     374000 -26684.491461
     375000 -26684.473089
     376000 -26684.477976
     377000 -26688.451879
     378000 -26685.009094
     379000 -26685.942711
     380000 -26684.492591
     381000 -26685.568722
     382000 -26684.759015
     383000 -26684.742192
     384000 -26685.535680
     385000 -26684.693715
     386000 -26684.496223
     387000 -26684.470171
     388000 -26684.601737
     389000 -26684.705241
     390000 -26686.084722
     391000 -26684.542053
     392000 -26684.550029
     393000 -26685.076519
     394000 -26687.668845
     395000 -26684.468151
     396000 -26684.746822
     397000 -26684.486880
     398000 -26684.607769
     399000 -26684.466931
     400000 -26685.218997
     401000 -26684.848323
     402000 -26684.587451
     403000 -26685.004341
     404000 -26684.468191
     405000 -26684.474341
     406000 -26684.492517
     407000 -26684.545850
     408000 -26685.038961
     409000 -26684.485668
     410000 -26685.069266
     411000 -26684.610865
     412000 -26684.503060
     413000 -26686.405633
     414000 -26684.558858
     415000 -26684.487159
     416000 -26684.829748
     417000 -26684.545448
     418000 -26685.466722
     419000 -26684.665888
     420000 -26684.875052
     421000 -26690.142164
     422000 -26687.700015
     423000 -26684.496506
     424000 -26684.599390
     425000 -26684.701885
     426000 -26684.872177
     427000 -26685.544381
     428000 -26685.928938
     429000 -26684.954649
     430000 -26684.857425
     431000 -26686.565070
     432000 -26686.680982
     433000 -26685.472741
     434000 -26685.829837
     435000 -26685.199566
     436000 -26684.605605
     437000 -26684.616710
     438000 -26684.502529
     439000 -26684.847571
     440000 -26684.653112
     441000 -26684.968782
     442000 -26687.931037
     443000 -26684.542474
     444000 -26688.692172
     445000 -26688.103087
     446000 -26688.714839
     447000 -26684.674959
     448000 -26685.042068
     449000 -26684.844203
     450000 -26685.388454
     451000 -26684.816013
     452000 -26684.464894
     453000 -26684.500780
     454000 -26685.606330
     455000 -26685.739567
     456000 -26686.110660
     457000 -26685.272750
     458000 -26684.482893
     459000 -26684.786039
     460000 -26684.664837
     461000 -26684.471915
     462000 -26686.074032
     463000 -26684.575219
     464000 -26684.532395
     465000 -26687.938999
     466000 -26684.528979
     467000 -26684.517386
     468000 -26684.936540
     469000 -26685.622199
     470000 -26688.857673
     471000 -26684.470772
     472000 -26685.135250
     473000 -26684.534556
     474000 -26684.517957
     475000 -26686.719766
     476000 -26684.468975
     477000 -26685.166978
     478000 -26684.493105
     479000 -26685.870570
     480000 -26684.682462
     481000 -26684.580224
     482000 -26684.639794
     483000 -26684.749730
     484000 -26685.105015
     485000 -26684.985213
     486000 -26684.555357
     487000 -26685.517639
     488000 -26685.098927
     489000 -26684.472918
     490000 -26684.464949
     491000 -26684.481494
     492000 -26685.580085
     493000 -26692.109468
     494000 -26685.065588
     495000 -26685.027511
     496000 -26684.481689
     497000 -26685.698660
     498000 -26684.500275
     499000 -26688.321302
     500000 -26685.003365
     501000 -26685.132165
     502000 -26684.688399
     503000 -26684.803659
     504000 -26684.571303
     505000 -26685.261097
     506000 -26685.577908
     507000 -26684.754087
     508000 -26684.663740
     509000 -26685.261383
     510000 -26685.708027
     511000 -26684.848109
     512000 -26687.132301
     513000 -26684.659879
     514000 -26684.547195
     515000 -26684.864761
     516000 -26685.093281
     517000 -26684.646308
     518000 -26684.991400
     519000 -26684.721087
     520000 -26684.558963
     521000 -26684.469179
     522000 -26684.512495
     523000 -26685.041872
     524000 -26687.018759
     525000 -26685.106869
     526000 -26684.512475
     527000 -26685.376772
     528000 -26684.596014
     529000 -26684.470015
     530000 -26685.272436
     531000 -26684.565232
     532000 -26684.481068
     533000 -26685.158456
     534000 -26684.518881
     535000 -26684.810131
     536000 -26684.810026
     537000 -26684.486649
     538000 -26684.677492
     539000 -26684.490227
     540000 -26685.359197
     541000 -26684.683561
     542000 -26684.508545
     543000 -26684.727754
     544000 -26686.260717
     545000 -26684.466400
     546000 -26684.977429
     547000 -26684.771214
     548000 -26684.534152
     549000 -26684.588389
     550000 -26685.280865
     551000 -26684.896172
     552000 -26684.468784
     553000 -26684.509845
     554000 -26684.484597
     555000 -26686.079150
     556000 -26685.133568
     557000 -26684.726912
     558000 -26684.821729
     559000 -26684.596138
     560000 -26684.476325
     561000 -26684.473398
     562000 -26685.032899
     563000 -26684.964002
     564000 -26684.747228
     565000 -26684.485257
     566000 -26684.504968
     567000 -26684.545693
     568000 -26684.514540
     569000 -26688.864464
     570000 -26684.625488
     571000 -26685.123141
     572000 -26684.527959
     573000 -26690.393028
     574000 -26685.085094
     575000 -26684.502606
     576000 -26684.871555
     577000 -26685.895697
     578000 -26684.678669
     579000 -26684.722300
     580000 -26685.410727
     581000 -26685.969227
     582000 -26685.126566
     583000 -26684.748805
     584000 -26688.290404
     585000 -26684.475368
     586000 -26685.371939
     587000 -26685.682768
     588000 -26684.472025
     589000 -26685.260973
     590000 -26685.023284
     591000 -26684.466699
     592000 -26684.595866
     593000 -26684.493543
     594000 -26685.043597
     595000 -26685.285845
     596000 -26684.487133
     597000 -26685.455196
     598000 -26684.835988
     599000 -26684.500578
     600000 -26684.512512
     601000 -26684.631897
     602000 -26684.589581
     603000 -26686.162736
     604000 -26684.499460
     605000 -26684.473061
     606000 -26684.590148
     607000 -26684.471929
     608000 -26684.677166
     609000 -26685.070924
     610000 -26684.553892
     611000 -26685.015299
     612000 -26684.491079
     613000 -26684.468048
     614000 -26684.480517
     615000 -26685.511727
     616000 -26684.556234
     617000 -26686.355804
     618000 -26686.715329
     619000 -26684.705029
     620000 -26685.251919
     621000 -26684.483077
     622000 -26684.582404
     623000 -26684.720410
     624000 -26685.500810
     625000 -26686.664676
     626000 -26684.949442
     627000 -26684.694822
     628000 -26684.626779
     629000 -26684.505780
     630000 -26684.473023
     631000 -26685.220793
     632000 -26685.195928
     633000 -26686.918639
     634000 -26687.929470
     635000 -26689.565569
     636000 -26684.515045
     637000 -26684.471002
     638000 -26684.646042
     639000 -26684.517451
     640000 -26688.219372
     641000 -26686.287241
     642000 -26684.525730
     643000 -26685.986765
     644000 -26685.402355
     645000 -26685.305757
     646000 -26684.897632
     647000 -26684.577389
     648000 -26684.536472
     649000 -26684.485915
     650000 -26684.469630
     651000 -26684.663392
     652000 -26686.089419
     653000 -26691.968316
     654000 -26684.978780
     655000 -26684.767664
     656000 -26687.425466
     657000 -26684.601678
     658000 -26684.780554
     659000 -26684.680940
     660000 -26684.552491
     661000 -26685.658454
     662000 -26685.380618
     663000 -26684.864363
     664000 -26684.472091
     665000 -26684.625317
     666000 -26685.326798
     667000 -26684.572303
     668000 -26684.758609
     669000 -26685.332451
     670000 -26684.574280
     671000 -26684.692320
     672000 -26687.551945
     673000 -26684.469283
     674000 -26684.962442
     675000 -26684.579304
     676000 -26687.937261
     677000 -26684.529078
     678000 -26684.848929
     679000 -26684.698473
     680000 -26684.466488
     681000 -26685.920708
     682000 -26684.603604
     683000 -26684.871654
     684000 -26685.030098
     685000 -26687.307112
     686000 -26684.503488
     687000 -26685.697004
     688000 -26687.605060
     689000 -26686.147437
     690000 -26684.912135
     691000 -26684.489267
     692000 -26684.606104
     693000 -26686.752221
     694000 -26684.479633
     695000 -26684.565798
     696000 -26684.480935
     697000 -26693.855832
     698000 -26684.477382
     699000 -26684.653975
     700000 -26684.735168
     701000 -26690.042035
     702000 -26684.693668
     703000 -26684.698480
     704000 -26684.472038
     705000 -26684.464914
     706000 -26684.630465
     707000 -26685.355631
     708000 -26684.591494
     709000 -26686.006591
     710000 -26690.974104
     711000 -26685.118902
     712000 -26685.498196
     713000 -26690.055916
     714000 -26684.706527
     715000 -26684.809265
     716000 -26684.687201
     717000 -26688.766289
     718000 -26684.482947
     719000 -26684.819698
     720000 -26686.137170
     721000 -26686.694692
     722000 -26684.468399
     723000 -26685.029856
     724000 -26684.791733
     725000 -26684.561076
     726000 -26684.652345
     727000 -26685.780055
     728000 -26684.946081
     729000 -26685.006438
     730000 -26684.704750
     731000 -26685.120433
     732000 -26688.253353
     733000 -26686.804114
     734000 -26684.748021
     735000 -26686.146850
     736000 -26687.392567
     737000 -26685.329188
     738000 -26688.675833
     739000 -26684.818976
     740000 -26685.040946
     741000 -26684.790695
     742000 -26685.617697
     743000 -26684.561559
     744000 -26686.160520
     745000 -26684.555328
     746000 -26684.968463
     747000 -26684.657633
     748000 -26684.466736
     749000 -26685.547775
     750000 -26684.646123
     751000 -26684.570421
     752000 -26684.471820
     753000 -26685.292140
     754000 -26684.659686
     755000 -26684.804844
     756000 -26684.492992
     757000 -26684.640044
     758000 -26684.487355
     759000 -26685.243445
     760000 -26684.758849
     761000 -26684.574156
     762000 -26684.687524
     763000 -26684.600397
     764000 -26687.976229
     765000 -26684.672996
     766000 -26684.773541
     767000 -26684.846770
     768000 -26684.490454
     769000 -26684.738287
     770000 -26684.689145
     771000 -26684.552622
     772000 -26684.801183
     773000 -26684.546392
     774000 -26684.480066
     775000 -26686.045799
     776000 -26686.485442
     777000 -26685.388473
     778000 -26684.470278
     779000 -26684.493335
     780000 -26684.534984
     781000 -26684.685697
     782000 -26684.782391
     783000 -26684.476525
     784000 -26685.191373
     785000 -26684.681554
     786000 -26685.062937
     787000 -26686.341922
     788000 -26688.477969
     789000 -26684.869379
     790000 -26685.221304
     791000 -26684.905820
     792000 -26684.874304
     793000 -26684.622242
     794000 -26684.466537
     795000 -26684.491232
     796000 -26684.579317
     797000 -26684.782184
     798000 -26685.057204
     799000 -26684.610601
     800000 -26685.226462
     801000 -26685.257199
     802000 -26684.685902
     803000 -26684.717942
     804000 -26684.467584
     805000 -26685.559556
     806000 -26684.739376
     807000 -26684.881618
     808000 -26684.469735
     809000 -26684.675404
     810000 -26685.290769
     811000 -26685.089719
     812000 -26684.593999
     813000 -26684.535365
     814000 -26685.286797
     815000 -26684.915467
     816000 -26684.509121
     817000 -26684.549601
     818000 -26685.832941
     819000 -26684.528288
     820000 -26689.796545
     821000 -26686.795700
     822000 -26685.504587
     823000 -26684.910259
     824000 -26684.603838
     825000 -26684.738589
     826000 -26684.730245
     827000 -26684.474558
     828000 -26684.484709
     829000 -26684.577730
     830000 -26685.225505
     831000 -26685.075169
     832000 -26688.395592
     833000 -26684.938108
     834000 -26684.475400
     835000 -26688.286079
     836000 -26688.723890
     837000 -26684.628725
     838000 -26685.247842
     839000 -26686.584949
     840000 -26684.662635
     841000 -26684.492609
     842000 -26685.205905
     843000 -26688.321486
     844000 -26688.125018
     845000 -26684.471546
     846000 -26684.942280
     847000 -26686.064018
     848000 -26684.473684
     849000 -26686.410291
     850000 -26688.664708
     851000 -26685.459025
     852000 -26684.638494
     853000 -26684.487665
     854000 -26684.807093
     855000 -26684.633737
     856000 -26684.470219
     857000 -26684.482621
     858000 -26684.971442
     859000 -26684.679366
     860000 -26684.508468
     861000 -26684.467848
     862000 -26685.322544
     863000 -26684.513891
     864000 -26684.599375
     865000 -26685.161196
     866000 -26684.583395
     867000 -26691.739476
     868000 -26684.518225
     869000 -26684.721366
     870000 -26684.636618
     871000 -26684.857160
     872000 -26684.576796
     873000 -26684.511500
     874000 -26684.716158
     875000 -26684.974838
     876000 -26684.543309
     877000 -26684.839167
     878000 -26685.464159
     879000 -26684.940606
     880000 -26684.466809
     881000 -26684.869289
     882000 -26689.828391
     883000 -26684.466979
     884000 -26684.729918
     885000 -26684.994185
     886000 -26685.040749
     887000 -26684.845371
     888000 -26688.433778
     889000 -26684.470469
     890000 -26684.584352
     891000 -26685.625043
     892000 -26684.586203
     893000 -26684.674283
     894000 -26685.199664
     895000 -26684.557727
     896000 -26684.716428
     897000 -26685.200482
     898000 -26684.477439
     899000 -26684.880412
     900000 -26684.614866
     901000 -26684.497728
     902000 -26684.552772
     903000 -26684.620845
     904000 -26687.796411
     905000 -26684.983063
     906000 -26684.878409
     907000 -26684.586831
     908000 -26684.723191
     909000 -26684.479452
     910000 -26685.199039
     911000 -26684.828071
     912000 -26685.007277
     913000 -26685.028064
     914000 -26685.332113
     915000 -26684.830853
     916000 -26684.468786
     917000 -26684.856814
     918000 -26684.475247
     919000 -26685.528161
     920000 -26687.126578
     921000 -26684.961975
     922000 -26685.068042
     923000 -26684.469118
     924000 -26684.667831
     925000 -26684.491880
     926000 -26684.857450
     927000 -26684.481823
     928000 -26684.717657
     929000 -26686.323131
     930000 -26684.472021
     931000 -26684.555508
     932000 -26684.741794
     933000 -26685.856791
     934000 -26684.541168
     935000 -26688.348509
     936000 -26692.649372
     937000 -26684.483653
     938000 -26685.513225
     939000 -26684.659733
     940000 -26685.075976
     941000 -26685.114960
     942000 -26685.128047
     943000 -26684.544075
     944000 -26684.927082
     945000 -26688.272189
     946000 -26684.519664
     947000 -26684.537742
     948000 -26685.059713
     949000 -26684.590623
     950000 -26684.795493
     951000 -26684.499724
     952000 -26685.820166
     953000 -26684.466586
     954000 -26685.547677
     955000 -26684.471254
     956000 -26684.466545
     957000 -26684.471523
     958000 -26687.436919
     959000 -26684.467100
     960000 -26684.471717
     961000 -26685.637815
     962000 -26684.702604
     963000 -26684.863772
     964000 -26684.482320
     965000 -26684.679715
     966000 -26684.492108
     967000 -26685.079476
     968000 -26689.451897
     969000 -26688.672486
     970000 -26685.553225
     971000 -26684.614145
     972000 -26691.680275
     973000 -26684.486115
     974000 -26684.586217
     975000 -26689.038970
     976000 -26684.464886
     977000 -26684.497044
     978000 -26684.624134
     979000 -26685.662183
     980000 -26684.626829
     981000 -26684.752159
     982000 -26684.714047
     983000 -26685.299457
     984000 -26684.472610
     985000 -26684.953335
     986000 -26684.470006
     987000 -26684.590669
     988000 -26684.655689
     989000 -26685.554772
     990000 -26684.669785
     991000 -26685.521535
     992000 -26684.578534
     993000 -26684.533348
     994000 -26688.147430
     995000 -26685.015306
     996000 -26684.602495
     997000 -26685.024172
     998000 -26684.496612
     999000 -26684.736820
    1000000 -26684.815138
