       1000 -271.706298
       2000 -254.123995
       3000 -258.700036
       4000 -260.782191
       5000 -253.968606
       6000 -256.068272
       7000 -255.292680
       8000 -258.119860
       9000 -256.018990
      10000 -256.368362
      11000 -254.811233
      12000 -254.679037
      13000 -254.028969
      14000 -260.895738
      15000 -256.807631
      16000 -254.125594
      17000 -258.181935
      18000 -254.512540
      19000 -256.336149
      20000 -254.676391
      21000 -254.564999
      22000 -254.541163
      23000 -256.230842
      24000 -260.514141
      25000 -258.354428
      26000 -258.157596
      27000 -256.968387
      28000 -256.076697
      29000 -254.095142
      30000 -256.410384
      31000 -257.339070
      32000 -260.140965
      33000 -254.884849
      34000 -254.804942
      35000 -256.114990
      36000 -254.100197
      37000 -260.770888
      38000 -256.471468
      39000 -254.576537
      40000 -255.674294
      41000 -255.346831
      42000 -254.123535
      43000 -254.854204
      44000 -257.881677
      45000 -254.220964
      46000 -257.994560
      47000 -255.902969
      48000 -256.808296
      49000 -254.173159
      50000 -254.885445
      51000 -256.307642
      52000 -253.971208
      53000 -256.183435
      54000 -257.037595
      55000 -256.270668
      56000 -258.328416
      57000 -258.813542
      58000 -258.138294
      59000 -254.319087
      60000 -256.062339
      61000 -255.677859
      62000 -253.973507
      63000 -255.778251
      64000 -256.099295
      65000 -256.332014
      66000 -257.163225
      67000 -254.446656
      68000 -254.691745
      69000 -258.713660
      70000 -254.488999
      71000 -258.165420
      72000 -259.132410
      73000 -256.989024
      74000 -254.804067
      75000 -255.437876
      76000 -254.228339
      77000 -258.306187
      78000 -253.979582
      79000 -256.581801
      80000 -256.760940
      81000 -257.812635
      82000 -256.455080
      83000 -254.678959
      84000 -254.472091
      85000 -254.284414
      86000 -254.606202
      87000 -260.711687
      88000 -259.247500
      89000 -256.141921
      90000 -257.076282
      91000 -256.324848
      92000 -254.431838
      93000 -255.845174
      94000 -254.419692
      95000 -256.294303
      96000 -254.567216
      97000 -253.987939
      98000 -254.356801
      99000 -256.247876
     100000 -256.816429
     101000 -256.215060
     102000 -255.162970
     103000 -258.805898
     104000 -254.758600
     105000 -254.364383
     106000 -258.221382
     107000 -261.936950
     108000 -256.222290
     109000 -257.097987
     110000 -258.361143
     111000 -254.646694
     112000 -257.344298
     113000 -256.071232
     114000 -253.980668
     115000 -256.049883
     116000 -256.382696
     117000 -258.351583
     118000 -254.481368
     119000 -254.337390
     120000 -256.843503
     121000 -256.310668
     122000 -254.705384
     123000 -256.633548
     124000 -255.026661
     125000 -256.260896
     126000 -254.120903
     127000 -256.268822
     128000 -257.036160
     129000 -254.283045
     130000 -255.582403
     131000 -261.604513
     132000 -258.306143
     133000 -256.296921
     134000 -258.020672
     135000 -259.837050
     136000 -254.731043
     137000 -254.446653
     138000 -260.363100
     139000 -254.102685
     140000 -254.041024
     141000 -255.947316
     142000 -255.967883
     143000 -256.809161
     144000 -253.981506
     145000 -254.302139
     146000 -257.089368
     147000 -258.534034
     148000 -261.179916
     149000 -257.541451
     150000 -256.251989
     151000 -257.167492
     152000 -254.886253
     153000 -260.085917
     154000 -257.408274
     155000 -254.270740
     156000 -253.971172
     157000 -259.123105
     158000 -256.292358
     159000 -256.699271
     160000 -256.739176
     161000 -255.278443
     162000 -254.760826
     163000 -256.151999
     164000 -257.551478
     165000 -254.812578
     166000 -258.339702
     167000 -256.140214
     168000 -259.845000
     169000 -255.380413
     170000 -261.332567
     171000 -255.685657
     172000 -255.672778
     173000 -254.533680
     174000 -255.982929
     175000 -254.574405
     176000 -256.540592
     177000 -256.597465
     178000 -257.584556
     179000 -257.235663
     180000 -260.450566
     181000 -254.860468
     182000 -261.142004
     183000 -256.205967
     184000 -254.966283
     185000 -254.022813
     186000 -258.814441
     187000 -262.314524
     188000 -256.786638
     189000 -255.209558
     190000 -254.161270
     191000 -254.120826
     192000 -256.028535
     193000 -259.589854
     194000 -256.046763
     195000 -256.538652
     196000 -261.978072
     197000 -258.747063
     198000 -254.731145
     199000 -255.234445
     200000 -258.213681
     201000 -256.977277
     202000 -258.237011
     203000 -255.726082
     204000 -254.021601
     205000 -254.084222
     206000 -254.043700
     207000 -254.883591
     208000 -258.650965
     209000 -255.682579
     210000 -256.032415
     211000 -256.018280
     212000 -258.526073
     213000 -255.838287
     214000 -255.256537
     215000 -254.576066
     216000 -255.993103
     217000 -255.958038
     218000 -254.127977
     219000 -254.973572
     220000 -254.009436
     221000 -254.080520
     222000 -254.287707
     223000 -265.027346
     224000 -261.982660
     225000 -256.073335
     226000 -257.144228
     227000 -256.300515
     228000 -254.929254
     229000 -257.886348
     230000 -254.521491
     231000 -257.701004
     232000 -255.326399
     233000 -253.998744
     234000 -254.236437
     235000 -256.837156
     236000 -257.630958
     237000 -254.131837
     238000 -254.364952
     239000 -254.096657
     240000 -255.341129
     241000 -258.030315
     242000 -258.564272
     243000 -254.553464
     244000 -256.790349
     245000 -256.622738
     246000 -258.652926
     247000 -255.924275
     248000 -256.230036
     249000 -256.835228
     250000 -255.252463
     251000 -254.622494
     252000 -255.201247
     253000 -254.005414
     254000 -254.133478
     255000 -254.596571
     256000 -256.261436
     257000 -254.299363
     258000 -254.468781
     259000 -256.088769
     260000 -256.166136
     261000 -256.173728
     262000 -258.230879
     263000 -254.859745
     264000 -254.357712
     265000 -256.054420
     266000 -256.586605
     267000 -253.979088
     268000 -257.914493
     269000 -256.529851
     270000 -254.295167
     271000 -255.516645
     272000 -255.916944
     273000 -254.503742
     274000 -254.855865
     275000 -258.815246
     276000 -257.245681
     277000 -254.196959
     278000 -255.062078
     279000 -256.005911
     280000 -255.724277
     281000 -257.243937
     282000 -257.223241
     283000 -254.163555
     284000 -257.979164
     285000 -259.987582
     286000 -255.986649
     287000 -256.592668
     288000 -256.978118
     289000 -257.221626
     290000 -257.617091
     291000 -257.181342
     292000 -260.796259
     293000 -254.729701
     294000 -256.369781
     295000 -256.177061
     296000 -256.466427
     297000 -257.026045
     298000 -255.170621
     299000 -255.737972
     300000 -259.793887
     301000 -256.763624
     302000 -257.893440
     303000 -255.918959
     304000 -257.532642
     305000 -256.478138
     306000 -256.322561
     307000 -258.724739
     308000 -262.379415
     309000 -261.934461
     310000 -254.097597
     311000 -262.179675
     312000 -256.057566
     313000 -258.452382
     314000 -260.485808
     315000 -257.277625
     316000 -255.633997
     317000 -254.335889
     318000 -254.219032
     319000 -254.197353
     320000 -255.877018
     321000 -255.928760
     322000 -254.214977
     323000 -256.654042
     324000 -257.145631
     325000 -256.807914
     326000 -256.235574
     327000 -256.209504
     328000 -254.085535
     329000 -256.271278
     330000 -254.531643
     331000 -255.458026
     332000 -254.001181
     333000 -254.384924
     334000 -254.004887
     335000 -254.308972
     336000 -257.540503
     337000 -255.221242
     338000 -254.336727
     339000 -256.016037
     340000 -258.125546
     341000 -258.032278
     342000 -254.094297
     343000 -256.729809
     344000 -257.324857
     345000 -257.014569
     346000 -254.097870
     347000 -254.267847
     348000 -254.497649
     349000 -254.405643
     350000 -254.214192
     351000 -257.174249
     352000 -258.007966
     353000 -255.350260
     354000 -254.472513
     355000 -259.527301
     356000 -255.305595
     357000 -257.960528
     358000 -256.284037
     359000 -256.188083
     360000 -256.422039
     361000 -254.352817
     362000 -254.667131
     363000 -256.040716
     364000 -254.559048
     365000 -258.149352
     366000 -258.540712
     367000 -255.963002
     368000 -257.543420
     369000 -254.039228
     370000 -259.953709
     371000 -254.081792
     372000 -254.259805
     373000 -254.627163
     374000 -255.330820
     375000 -256.266354
     376000 -256.634977
     377000 -257.119143
     378000 -253.945887
     379000 -255.375255
     380000 -254.702003
     381000 -261.861502
     382000 -258.172606
     383000 -257.867770
     384000 -254.136826
     385000 -257.992922
     386000 -255.657448
     387000 -256.421221
     388000 -254.521843
     389000 -258.462337
     390000 -254.355580
     391000 -258.325789
     392000 -254.232864
     393000 -254.189329
     394000 -256.502849
     395000 -255.695612
     396000 -256.587090
     397000 -256.060905
     398000 -253.969105
     399000 -260.540212
     400000 -254.231758
     401000 -254.434602
     402000 -254.160010
     403000 -254.144999
     404000 -254.807734
     405000 -255.589621
     406000 -256.538487
     407000 -254.649931
     408000 -258.340586
     409000 -253.968636
     410000 -261.053420
     411000 -256.017982
     412000 -258.817458
     413000 -254.049811
     414000 -258.708119
     415000 -254.715090
     416000 -254.256731
     417000 -258.672757
     418000 -258.079937
     419000 -256.992771
     420000 -254.153296
     421000 -254.210971
     422000 -256.023065
     423000 -262.165742
     424000 -255.977517
     425000 -258.282319
     426000 -255.267688
     427000 -255.761687
     428000 -254.830106
     429000 -254.186268
     430000 -254.866757
     431000 -254.012107
     432000 -254.235231
     433000 -263.923858
     434000 -256.951321
     435000 -253.996495
     436000 -255.459914
     437000 -257.395661
     438000 -254.266819
     439000 -254.067142
     440000 -255.928053
     441000 -254.899629
     442000 -259.091699
     443000 -256.189935
     444000 -256.149507
     445000 -254.308096
     446000 -254.006234
     447000 -254.642718
     448000 -256.678391
     449000 -254.124470
     450000 -256.120395
     451000 -256.004662
     452000 -254.828356
     453000 -256.638099
     454000 -255.338347
     455000 -258.268095
     456000 -254.324885
     457000 -255.912591
     458000 -255.003843
     459000 -254.159734
     460000 -253.989204
     461000 -254.950754
     462000 -261.002566
     463000 -256.312985
     464000 -254.498593
     465000 -259.212373
     466000 -254.947722
     467000 -256.254474
     468000 -256.036429
     469000 -258.292558
     470000 -260.162412
     471000 -254.462428
     472000 -254.207232
     473000 -254.995950
     474000 -260.070499
     475000 -254.340301
     476000 -255.855573
     477000 -256.756929
     478000 -254.444066
     479000 -254.007666
     480000 -255.180513
     481000 -256.686489
     482000 -254.408417
     483000 -254.631920
     484000 -256.313417
     485000 -256.891376
     486000 -256.564890
     487000 -254.505932
     488000 -253.960136
     489000 -257.596532
     490000 -255.127798
     491000 -257.992702
     492000 -254.025903
     493000 -258.792738
     494000 -254.172026
     495000 -258.540785
     496000 -255.732459
     497000 -259.310597
     498000 -259.932596
     499000 -254.024875
     500000 -254.225421
     501000 -254.147372
     502000 -254.593073
     503000 -259.524053
     504000 -254.342086
     505000 -256.310925
     506000 -254.525903
     507000 -254.840501
     508000 -259.576543
     509000 -256.585983
     510000 -254.755024
     511000 -259.820670
     512000 -255.956621
     513000 -258.560853
     514000 -254.219882
     515000 -256.656854
     516000 -259.066667
     517000 -256.060826
     518000 -254.584312
     519000 -259.112970
     520000 -257.503504
     521000 -254.774746
     522000 -255.924417
     523000 -254.557943
     524000 -257.571092
     525000 -256.043075
     526000 -254.470565
     527000 -258.721610
     528000 -254.471750
     529000 -259.374331
     530000 -256.051992
     531000 -259.069410
     532000 -256.005201
     533000 -259.327240
     534000 -254.265923
     535000 -258.472114
     536000 -256.042557
     537000 -258.272516
     538000 -254.005960
     539000 -259.453307
     540000 -257.031576
     541000 -254.007886
     542000 -255.956420
     543000 -256.188172
     544000 -255.988587
     545000 -259.968708
     546000 -258.387271
     547000 -254.038000
     548000 -254.470556
     549000 -262.102566
     550000 -257.996840
     551000 -256.883038
     552000 -256.795165
     553000 -255.553691
     554000 -258.226303
     555000 -256.238472
     556000 -254.340684
     557000 -254.646953
     558000 -254.388323
     559000 -254.023303
     560000 -255.945189
     561000 -254.712304
     562000 -256.262677
     563000 -254.594299
     564000 -255.021290
     565000 -260.858641
     566000 -262.244646
     567000 -255.693999
     568000 -260.033765
     569000 -261.431327
     570000 -256.053191
     571000 -255.959397
     572000 -257.814222
     573000 -254.072288
     574000 -258.046039
     575000 -254.243568
     576000 -254.310189
     577000 -255.414098
     578000 -256.423120
     579000 -254.469233
     580000 -254.214672
     581000 -254.444329
     582000 -254.922355
     583000 -254.252411
     584000 -255.246896
     585000 -257.280612
     586000 -259.163720
     587000 -262.098978
     588000 -256.945528
     589000 -254.554517
     590000 -256.203165
     591000 -254.248803
     592000 -255.902957
     593000 -253.990121
     594000 -258.664270
     595000 -256.879551
     596000 -258.089849
     597000 -254.172981
     598000 -258.010084
     599000 -257.863719
     600000 -254.942786
     601000 -257.899566
     602000 -257.467962
     603000 -258.967513
     604000 -255.024103
     605000 -258.171585
     606000 -254.226678
     607000 -256.809949
     608000 -254.887007
     609000 -258.176109
     610000 -261.075595
     611000 -257.748651
     612000 -254.276512
     613000 -256.054120
     614000 -256.084688
     615000 -258.547204
     616000 -256.482156
     617000 -253.954139
     618000 -254.050012
     619000 -258.187668
     620000 -254.040751
     621000 -256.390100
     622000 -257.451542
     623000 -256.278362
     624000 -254.044092
     625000 -258.349141
     626000 -256.186039
     627000 -254.230313
     628000 -255.027422
     629000 -255.943580
     630000 -256.179989
     631000 -256.375292
     632000 -255.999998
     633000 -255.904966
     634000 -255.263093
     635000 -260.066266
     636000 -254.660904
     637000 -253.953047
     638000 -258.302530
     639000 -256.036344
     640000 -257.008588
     641000 -260.069781
     642000 -254.241948
     643000 -256.138059
     644000 -254.284878
     645000 -257.835488
     646000 -254.218597
     647000 -256.919367
     648000 -255.228258
     649000 -256.254296
     650000 -253.991616
     651000 -258.548554
     652000 -254.824481
     653000 -260.549804
     654000 -254.220709
     655000 -257.356084
     656000 -254.557880
     657000 -255.514496
     658000 -256.299983
     659000 -262.845344
     660000 -254.078692
     661000 -261.790340
     662000 -256.029698
     663000 -254.221318
     664000 -255.730974
     665000 -256.623690
     666000 -256.861290
     667000 -254.060267
     668000 -259.552192
     669000 -253.987931
     670000 -256.079529
     671000 -254.076733
     672000 -258.958547
     673000 -257.281477
     674000 -254.695182
     675000 -256.051377
     676000 -254.970965
     677000 -254.207003
     678000 -256.422744
     679000 -256.288598
     680000 -254.486514
     681000 -257.999337
     682000 -254.218017
     683000 -257.892502
     684000 -255.485103
     685000 -254.245924
     686000 -254.923306
     687000 -254.657945
     688000 -254.261634
     689000 -257.025543
     690000 -256.619468
     691000 -257.291861
     692000 -256.262357
     693000 -256.022844
     694000 -254.712151
     695000 -254.361344
     696000 -255.015115
     697000 -256.690983
     698000 -258.370517
     699000 -253.996993
     700000 -256.450022
     701000 -259.009780
     702000 -256.868187
     703000 -259.529328
     704000 -254.218073
     705000 -259.808634
     706000 -256.488634
     707000 -256.169672
     708000 -254.481529
     709000 -255.321785
     710000 -255.318878
     711000 -257.998475
     712000 -257.074173
     713000 -259.065707
     714000 -256.045580
     715000 -258.769390
     716000 -254.747308
     717000 -254.029460
     718000 -258.079317
     719000 -254.816855
     720000 -256.755486
     721000 -257.156372
     722000 -259.343545
     723000 -257.099222
     724000 -254.237333
     725000 -254.226268
     726000 -255.220931
     727000 -254.901295
     728000 -256.303460
     729000 -256.915985
     730000 -255.976000
     731000 -254.442824
     732000 -258.639582
     733000 -253.995512
     734000 -257.894505
     735000 -262.082367
     736000 -254.237902
     737000 -261.057074
     738000 -254.438407
     739000 -254.117508
     740000 -254.249376
     741000 -257.995753
     742000 -256.148462
     743000 -258.011812
     744000 -254.350058
     745000 -254.053179
     746000 -256.126310
     747000 -255.905323
     748000 -254.359244
     749000 -262.881949
     750000 -261.126936
     751000 -255.979678
     752000 -260.542281
     753000 -254.359737
     754000 -257.728103
     755000 -254.337061
     756000 -256.575569
     757000 -255.981032
     758000 -254.777820
     759000 -256.045955
     760000 -258.509029
     761000 -256.059670
     762000 -256.575334
     763000 -259.960031
     764000 -256.887019
     765000 -254.980709
     766000 -257.733234
     767000 -259.982764
     768000 -256.785023
     769000 -257.913293
     770000 -254.266333
     771000 -254.390570
     772000 -254.242794
     773000 -254.380205
     774000 -255.401216
     775000 -255.996804
     776000 -256.577004
     777000 -256.038509
     778000 -259.904631
     779000 -253.946669
     780000 -254.161232
     781000 -255.224596
     782000 -254.201604
     783000 -259.653796
     784000 -254.401140
     785000 -255.969906
     786000 -254.259446
     787000 -255.911576
     788000 -254.590385
     789000 -256.858336
     790000 -255.944520
     791000 -255.507139
     792000 -255.164050
     793000 -254.251658
     794000 -257.284972
     795000 -257.297394
     796000 -254.838397
     797000 -254.419790
     798000 -257.326024
     799000 -256.588801
     800000 -254.218979
     801000 -255.228844
     802000 -257.108812
     803000 -254.468505
     804000 -260.736112
     805000 -258.526934
     806000 -257.970705
     807000 -256.417769
     808000 -255.251966
     809000 -254.046361
     810000 -253.959689
     811000 -255.029943
     812000 -256.924404
     813000 -255.119655
     814000 -255.862842
     815000 -253.989575
     816000 -256.478285
     817000 -255.226046
     818000 -255.100701
     819000 -254.498211
     820000 -260.456554
     821000 -255.204965
     822000 -254.530581
     823000 -254.628733
     824000 -256.250482
     825000 -256.346874
     826000 -254.829515
     827000 -256.487833
     828000 -256.557242
     829000 -258.034110
     830000 -264.541547
     831000 -256.310892
     832000 -258.854374
     833000 -255.189741
     834000 -258.569098
     835000 -254.010995
     836000 -254.186513
     837000 -254.091845
     838000 -254.072877
     839000 -258.106678
     840000 -257.070672
     841000 -256.206168
     842000 -256.123816
     843000 -254.516593
     844000 -254.473857
     845000 -256.070665
     846000 -253.970002
     847000 -256.386382
     848000 -254.240109
     849000 -254.175314
     850000 -256.444093
     851000 -254.091948
     852000 -256.071488
     853000 -256.247205
     854000 -257.862444
     855000 -255.966749
     856000 -254.570228
     857000 -254.164596
     858000 -256.257376
     859000 -255.905852
     860000 -254.005075
     861000 -256.382701
     862000 -257.120821
     863000 -259.270439
     864000 -254.098679
     865000 -254.097287
     866000 -256.650137
     867000 -259.964169
     868000 -256.096454
     869000 -257.115168
     870000 -260.361459
     871000 -254.341992
     872000 -254.721686
     873000 -253.996134
     874000 -254.457933
     875000 -255.138084
     876000 -255.043175
     877000 -256.614983
     878000 -253.959022
     879000 -254.896826
     880000 -254.186682
     881000 -256.008359
     882000 -253.989975
     883000 -256.729144
     884000 -260.997319
     885000 -255.392100
     886000 -258.020231
     887000 -258.259164
     888000 -257.382687
     889000 -256.569025
     890000 -254.286305
     891000 -254.242431
     892000 -257.917673
     893000 -254.876287
     894000 -259.258220
     895000 -254.797793
     896000 -254.861014
     897000 -256.457476
     898000 -258.987886
     899000 -258.996025
     900000 -254.658820
     901000 -256.176912
     902000 -256.669418
     903000 -257.992959
     904000 -253.966527
     905000 -254.092852
     906000 -254.253307
     907000 -260.166296
     908000 -257.501277
     909000 -254.124690
     910000 -254.012489
     911000 -254.659562
     912000 -254.714315
     913000 -254.076996
     914000 -254.410684
     915000 -254.877277
     916000 -254.483342
     917000 -254.284255
     918000 -254.783686
     919000 -256.122755
     920000 -256.813519
     921000 -256.109241
     922000 -253.989830
     923000 -254.525908
     924000 -257.631752
     925000 -256.803806
     926000 -257.157550
     927000 -258.500689
     928000 -258.342586
     929000 -253.977728
     930000 -258.280455
     931000 -258.105571
     932000 -255.189930
     933000 -255.009094
     934000 -257.710612
     935000 -256.706681
     936000 -254.375750
     937000 -255.954198
     938000 -254.661079
     939000 -255.016274
     940000 -258.326539
     941000 -254.365796
     942000 -256.055048
     943000 -253.954568
     944000 -259.667828
     945000 -259.047731
     946000 -254.200114
     947000 -260.475403
     948000 -258.178934
     949000 -258.755216
     950000 -254.123782
     951000 -257.881301
     952000 -256.590295
     953000 -258.504896
     954000 -256.761574
     955000 -256.660871
     956000 -254.179200
     957000 -256.016859
     958000 -254.464721
     959000 -256.403062
     960000 -258.087000
     961000 -258.545412
     962000 -253.952690
     963000 -257.599762
     964000 -254.051396
     965000 -256.253494
     966000 -254.141075
     967000 -262.383176
     968000 -254.551090
     969000 -255.893131
     970000 -260.367432
     971000 -256.297919
     972000 -257.471841
     973000 -255.297412
     974000 -261.407705
     975000 -256.786273
     976000 -255.040780
     977000 -254.697022
     978000 -254.924297
     979000 -258.976710
     980000 -254.083119
     981000 -254.019271
     982000 -255.986916
     983000 -256.066227
     984000 -257.752750
     985000 -255.502571
     986000 -254.822514
     987000 -257.271931
     988000 -254.987476
     989000 -254.216433
     990000 -256.330623
     991000 -256.874416
     992000 -258.536752
     993000 -264.761965
     994000 -257.180230
     995000 -258.021177
     996000 -253.995839
     997000 -257.275812
     998000 -254.866900
     999000 -256.213861
    1000000 -254.174460
    1001000 -256.259782
    1002000 -254.632710
    1003000 -256.056937
    1004000 -258.429478
    1005000 -260.626349
    1006000 -254.524450
    1007000 -254.011251
    1008000 -254.761355
    1009000 -258.936528
    1010000 -255.014592
    1011000 -259.008773
    1012000 -254.148893
    1013000 -258.914266
    1014000 -256.002358
    1015000 -258.522083
    1016000 -256.314330
    1017000 -256.469059
    1018000 -254.469631
    1019000 -261.902455
    1020000 -254.796243
    1021000 -256.521600
    1022000 -256.719209
    1023000 -258.281320
    1024000 -257.143380
    1025000 -254.960550
    1026000 -256.074253
    1027000 -255.897923
    1028000 -254.756716
    1029000 -254.662028
    1030000 -255.283409
    1031000 -254.135076
    1032000 -254.694167
    1033000 -259.957963
    1034000 -254.238183
    1035000 -255.991480
    1036000 -255.314486
    1037000 -255.139653
    1038000 -259.831719
    1039000 -254.464408
    1040000 -257.995697
    1041000 -257.255104
    1042000 -259.995818
    1043000 -257.913944
    1044000 -254.398517
    1045000 -256.791734
    1046000 -255.958213
    1047000 -255.166346
    1048000 -255.422730
    1049000 -256.667990
    1050000 -256.931799
    1051000 -256.080223
    1052000 -257.993604
    1053000 -256.005566
    1054000 -254.334220
    1055000 -254.849233
    1056000 -254.026987
    1057000 -255.720517
    1058000 -256.074407
    1059000 -263.793962
    1060000 -256.641761
    1061000 -257.502637
    1062000 -254.049309
    1063000 -257.744157
    1064000 -254.711421
    1065000 -254.609087
    1066000 -254.165746
    1067000 -256.888680
    1068000 -254.403776
    1069000 -256.146143
    1070000 -254.671434
    1071000 -256.116272
    1072000 -254.838771
    1073000 -254.122316
    1074000 -256.326268
    1075000 -261.955268
    1076000 -256.557128
    1077000 -254.415794
    1078000 -258.169846
    1079000 -254.373084
    1080000 -259.452502
    1081000 -257.700453
    1082000 -257.366158
    1083000 -254.691260
    1084000 -257.618596
    1085000 -256.639461
    1086000 -258.198103
    1087000 -255.391722
    1088000 -256.214199
    1089000 -254.142304
    1090000 -253.968553
    1091000 -257.914411
    1092000 -257.850038
    1093000 -254.609150
    1094000 -255.578937
    1095000 -262.017492
    1096000 -254.228551
    1097000 -256.685558
    1098000 -254.826237
    1099000 -259.900781
    1100000 -257.342191
    1101000 -255.202048
    1102000 -256.033460
    1103000 -259.982423
    1104000 -256.502207
    1105000 -256.183902
    1106000 -256.055472
    1107000 -254.577683
    1108000 -257.485768
    1109000 -258.841778
    1110000 -259.973254
    1111000 -255.893914
    1112000 -256.763135
    1113000 -260.081993
    1114000 -254.387620
    1115000 -257.346589
    1116000 -254.600200
    1117000 -255.952762
    1118000 -254.182930
    1119000 -254.011726
    1120000 -258.463189
    1121000 -254.326266
    1122000 -254.431252
    1123000 -256.407004
    1124000 -256.578909
    1125000 -258.177167
    1126000 -255.185439
    1127000 -254.008889
    1128000 -254.017308
    1129000 -254.166058
    1130000 -261.436276
    1131000 -256.343413
    1132000 -259.381899
    1133000 -255.453061
    1134000 -257.442487
    1135000 -253.973628
    1136000 -254.311148
    1137000 -254.916071
    1138000 -264.016545
    1139000 -256.102796
    1140000 -256.242518
    1141000 -256.719250
    1142000 -254.961967
    1143000 -256.471052
    1144000 -254.011961
    1145000 -254.218892
    1146000 -257.857276
    1147000 -254.683506
    1148000 -262.798880
    1149000 -256.906460
    1150000 -256.861449
    1151000 -255.606628
    1152000 -255.948559
    1153000 -256.541574
    1154000 -256.411317
    1155000 -256.207260
    1156000 -256.099486
    1157000 -256.293033
    1158000 -256.076465
    1159000 -259.775593
    1160000 -260.271833
    1161000 -257.265102
    1162000 -257.995195
    1163000 -255.225792
    1164000 -254.396371
    1165000 -254.057961
    1166000 -254.407829
    1167000 -254.227484
    1168000 -256.930281
    1169000 -258.614425
    1170000 -254.092294
    1171000 -254.592148
    1172000 -258.259108
    1173000 -254.333902
    1174000 -255.903497
    1175000 -257.897190
    1176000 -255.196512
    1177000 -254.468005
    1178000 -258.652731
    1179000 -253.971630
    1180000 -256.264303
    1181000 -256.924409
    1182000 -266.301026
    1183000 -255.663876
    1184000 -254.313060
    1185000 -257.875149
    1186000 -256.212383
    1187000 -256.080996
    1188000 -255.078816
    1189000 -256.071171
    1190000 -256.381501
    1191000 -254.292394
    1192000 -256.466042
    1193000 -256.616553
    1194000 -255.981688
    1195000 -255.233616
    1196000 -254.094630
    1197000 -254.922783
    1198000 -256.623665
    1199000 -254.142406
    1200000 -254.360512
    1201000 -254.797942
    1202000 -254.364053
    1203000 -258.256724
    1204000 -256.383528
    1205000 -259.195960
    1206000 -256.633937
    1207000 -255.903127
    1208000 -254.395630
    1209000 -253.947944
    1210000 -256.097944
    1211000 -256.523842
    1212000 -256.473841
    1213000 -254.126947
    1214000 -256.177036
    1215000 -254.067437
    1216000 -257.542310
    1217000 -254.807835
    1218000 -256.220898
    1219000 -261.756580
    1220000 -254.750739
    1221000 -253.954930
    1222000 -253.963203
    1223000 -263.919619
    1224000 -255.494810
    1225000 -256.107024
    1226000 -254.743525
    1227000 -260.866809
    1228000 -256.560241
    1229000 -256.869020
    1230000 -256.159192
    1231000 -256.389231
    1232000 -254.129298
    1233000 -262.673729
    1234000 -255.570917
    1235000 -254.363885
    1236000 -256.780570
    1237000 -254.697550
    1238000 -254.365492
    1239000 -254.145612
    1240000 -259.837335
    1241000 -256.800158
    1242000 -257.403530
    1243000 -254.946186
    1244000 -256.355643
    1245000 -254.815028
    1246000 -254.348253
    1247000 -256.611889
    1248000 -254.043987
    1249000 -253.960024
    1250000 -255.897878
    1251000 -254.268230
    1252000 -256.825819
    1253000 -256.020787
    1254000 -258.202845
    1255000 -262.396108
    1256000 -254.652289
    1257000 -254.063256
    1258000 -254.169190
    1259000 -259.303786
    1260000 -255.285041
    1261000 -253.972225
    1262000 -256.228012
    1263000 -256.051017
    1264000 -254.177387
    1265000 -255.985868
    1266000 -257.242472
    1267000 -254.846600
    1268000 -254.122980
    1269000 -253.990603
    1270000 -254.249194
    1271000 -257.557896
    1272000 -255.984779
    1273000 -254.522215
    1274000 -257.593346
    1275000 -254.527694
    1276000 -257.883570
    1277000 -256.277680
    1278000 -254.068024
    1279000 -256.570401
    1280000 -254.030212
    1281000 -256.048593
    1282000 -256.811930
    1283000 -256.270630
    1284000 -257.475299
    1285000 -255.358671
    1286000 -258.234743
    1287000 -254.634570
    1288000 -254.412207
    1289000 -258.255006
    1290000 -255.775449
    1291000 -254.077347
    1292000 -260.192521
    1293000 -256.139805
    1294000 -254.014205
    1295000 -262.296671
    1296000 -254.021173
    1297000 -256.554809
    1298000 -256.477376
    1299000 -258.260728
    1300000 -256.072671
    1301000 -254.891336
    1302000 -258.091503
    1303000 -265.649541
    1304000 -257.995575
    1305000 -262.501713
    1306000 -254.359761
    1307000 -261.974553
    1308000 -254.877843
    1309000 -255.976020
    1310000 -254.743364
    1311000 -258.462737
    1312000 -256.467403
    1313000 -254.634130
    1314000 -254.035952
    1315000 -256.510784
    1316000 -254.441357
    1317000 -254.993562
    1318000 -254.978553
    1319000 -257.129527
    1320000 -254.090796
    1321000 -254.299768
    1322000 -258.133476
    1323000 -258.239365
    1324000 -254.104703
    1325000 -260.884811
    1326000 -254.516205
    1327000 -256.422427
    1328000 -257.519410
    1329000 -261.998724
    1330000 -256.004066
    1331000 -255.357133
    1332000 -258.018328
    1333000 -254.043146
    1334000 -258.519344
    1335000 -257.519120
    1336000 -254.045525
    1337000 -260.140132
    1338000 -258.000451
    1339000 -263.847573
    1340000 -254.260995
    1341000 -257.332051
    1342000 -254.610087
    1343000 -256.249113
    1344000 -254.017267
    1345000 -256.051815
    1346000 -256.663619
    1347000 -256.248008
    1348000 -257.994603
    1349000 -254.286326
    1350000 -261.319616
    1351000 -260.183407
    1352000 -256.810430
    1353000 -254.146127
    1354000 -254.811373
    1355000 -259.266662
    1356000 -254.617827
    1357000 -254.252242
    1358000 -254.270506
    1359000 -261.868272
    1360000 -258.192244
    1361000 -256.189380
    1362000 -257.860539
    1363000 -258.491713
    1364000 -254.180448
    1365000 -254.592830
    1366000 -258.817498
    1367000 -254.328742
    1368000 -257.821544
    1369000 -254.189042
    1370000 -254.981567
    1371000 -258.847076
    1372000 -254.639493
    1373000 -258.180817
    1374000 -255.908720
    1375000 -256.333249
    1376000 -256.972343
    1377000 -253.972213
    1378000 -257.931142
    1379000 -256.847279
    1380000 -254.114256
    1381000 -257.497140
    1382000 -257.133355
    1383000 -256.302100
    1384000 -256.162096
    1385000 -254.408614
    1386000 -256.303407
    1387000 -256.554181
    1388000 -256.540979
    1389000 -260.099961
    1390000 -254.910005
    1391000 -256.109982
    1392000 -259.959662
    1393000 -254.493460
    1394000 -259.261064
    1395000 -258.102848
    1396000 -254.513205
    1397000 -254.022733
    1398000 -255.459917
    1399000 -258.939352
    1400000 -254.450730
    1401000 -258.655883
    1402000 -256.387772
    1403000 -254.169796
    1404000 -262.958090
    1405000 -254.857708
    1406000 -256.929716
    1407000 -261.506496
    1408000 -254.264944
    1409000 -254.282633
    1410000 -257.780241
    1411000 -254.680074
    1412000 -258.297074
    1413000 -258.149909
    1414000 -254.871788
    1415000 -255.988350
    1416000 -254.787501
    1417000 -254.913728
    1418000 -255.915312
    1419000 -254.845752
    1420000 -254.486720
    1421000 -254.046779
    1422000 -254.474330
    1423000 -262.131612
    1424000 -258.936693
    1425000 -254.270369
    1426000 -257.565766
    1427000 -256.108115
    1428000 -254.591699
    1429000 -255.438373
    1430000 -255.212257
    1431000 -253.965792
    1432000 -256.884581
    1433000 -257.464018
    1434000 -254.679112
    1435000 -257.301868
    1436000 -257.243098
    1437000 -254.928035
    1438000 -256.070988
    1439000 -254.126395
    1440000 -254.163938
    1441000 -254.190307
    1442000 -265.216762
    1443000 -254.203553
    1444000 -258.219381
    1445000 -254.167589
    1446000 -254.120636
    1447000 -254.098193
    1448000 -254.564835
    1449000 -257.495729
    1450000 -257.527252
    1451000 -255.693011
    1452000 -256.333040
    1453000 -256.375905
    1454000 -260.360758
    1455000 -256.595011
    1456000 -254.742636
    1457000 -254.343580
    1458000 -256.946607
    1459000 -254.428805
    1460000 -255.173529
    1461000 -254.014272
    1462000 -254.821696
    1463000 -254.976263
    1464000 -253.989411
    1465000 -255.932143
    1466000 -256.104548
    1467000 -254.029446
    1468000 -254.382645
    1469000 -256.749831
    1470000 -253.990107
    1471000 -254.379045
    1472000 -256.091419
    1473000 -260.022823
    1474000 -257.244652
    1475000 -256.179437
    1476000 -254.084569
    1477000 -254.016079
    1478000 -254.110296
    1479000 -254.736820
    1480000 -256.180434
    1481000 -255.932696
    1482000 -254.332200
    1483000 -254.247840
    1484000 -254.163646
    1485000 -256.331290
    1486000 -256.719396
    1487000 -256.796110
    1488000 -256.151533
    1489000 -259.139931
    1490000 -256.017074
    1491000 -256.556275
    1492000 -258.132030
    1493000 -254.068525
    1494000 -254.748695
    1495000 -254.771252
    1496000 -254.133020
    1497000 -254.361399
    1498000 -257.739571
    1499000 -254.304203
    1500000 -254.580493
    1501000 -254.213453
    1502000 -255.048970
    1503000 -257.284116
    1504000 -254.182441
    1505000 -256.274056
    1506000 -255.317248
    1507000 -267.070392
    1508000 -256.415571
    1509000 -260.311895
    1510000 -254.328828
    1511000 -255.174186
    1512000 -255.928757
    1513000 -254.185503
    1514000 -254.923386
    1515000 -257.078615
    1516000 -256.980714
    1517000 -254.144662
    1518000 -255.891469
    1519000 -258.933667
    1520000 -260.995017
    1521000 -258.472938
    1522000 -257.526468
    1523000 -258.239602
    1524000 -256.211658
    1525000 -255.459853
    1526000 -258.076510
    1527000 -254.522658
    1528000 -255.058524
    1529000 -262.282438
    1530000 -255.938688
    1531000 -259.736564
    1532000 -254.062072
    1533000 -259.878804
    1534000 -259.498785
    1535000 -256.513343
    1536000 -259.907336
    1537000 -257.006308
    1538000 -256.914075
    1539000 -254.374988
    1540000 -257.935840
    1541000 -256.597898
    1542000 -254.403865
    1543000 -259.271668
    1544000 -255.408401
    1545000 -255.724999
    1546000 -256.831719
    1547000 -259.867293
    1548000 -254.677347
    1549000 -254.216124
    1550000 -256.281285
    1551000 -256.516003
    1552000 -256.347646
    1553000 -259.920327
    1554000 -255.974622
    1555000 -256.682291
    1556000 -254.271223
    1557000 -254.966287
    1558000 -257.939614
    1559000 -253.990237
    1560000 -256.284768
    1561000 -256.187735
    1562000 -254.092882
    1563000 -255.166118
    1564000 -256.057159
    1565000 -258.020062
    1566000 -258.353676
    1567000 -259.962227
    1568000 -256.738999
    1569000 -254.095518
    1570000 -254.038126
    1571000 -258.728086
    1572000 -254.538199
    1573000 -258.775722
    1574000 -254.096097
    1575000 -256.360476
    1576000 -261.984305
    1577000 -256.132099
    1578000 -254.895243
    1579000 -254.701347
    1580000 -255.372751
    1581000 -254.133106
    1582000 -261.736862
    1583000 -256.455395
    1584000 -256.951772
    1585000 -257.358359
    1586000 -258.929316
    1587000 -259.752036
    1588000 -256.787839
    1589000 -254.081620
    1590000 -258.501664
    1591000 -255.505722
    1592000 -256.858812
    1593000 -254.295393
    1594000 -254.404433
    1595000 -256.888237
    1596000 -254.242669
    1597000 -255.780728
    1598000 -256.789696
    1599000 -255.918317
    1600000 -257.838186
    1601000 -253.984172
    1602000 -255.054406
    1603000 -256.076463
    1604000 -255.940213
    1605000 -254.563144
    1606000 -254.371932
    1607000 -256.250304
    1608000 -254.781709
    1609000 -254.237787
    1610000 -255.930669
    1611000 -254.414094
    1612000 -259.547345
    1613000 -256.056209
    1614000 -258.595111
    1615000 -254.821659
    1616000 -258.376153
    1617000 -255.863622
    1618000 -255.248319
    1619000 -255.896986
    1620000 -255.308316
    1621000 -257.971420
    1622000 -257.984934
    1623000 -258.686968
    1624000 -254.952833
    1625000 -257.016510
    1626000 -254.071389
    1627000 -253.957052
    1628000 -254.163898
    1629000 -254.072090
    1630000 -253.967729
    1631000 -254.327103
    1632000 -254.202686
    1633000 -254.073580
    1634000 -254.148548
    1635000 -256.143941
    1636000 -259.499865
    1637000 -254.485886
    1638000 -254.474917
    1639000 -256.060344
    1640000 -254.444523
    1641000 -254.048711
    1642000 -254.098062
    1643000 -256.218943
    1644000 -260.967861
    1645000 -260.496911
    1646000 -259.412439
    1647000 -255.973945
    1648000 -257.311507
    1649000 -255.953971
    1650000 -254.575349
    1651000 -254.035771
    1652000 -254.401252
    1653000 -257.115287
    1654000 -265.679439
    1655000 -255.320171
    1656000 -256.824004
    1657000 -256.138895
    1658000 -254.353517
    1659000 -256.440633
    1660000 -254.051663
    1661000 -254.572823
    1662000 -257.154769
    1663000 -258.424384
    1664000 -260.999882
    1665000 -254.053784
    1666000 -256.980786
    1667000 -254.333333
    1668000 -255.010334
    1669000 -254.076982
    1670000 -254.360182
    1671000 -260.002344
    1672000 -258.679996
    1673000 -256.764470
    1674000 -254.192680
    1675000 -254.742396
    1676000 -256.812775
    1677000 -255.608837
    1678000 -256.399444
    1679000 -257.127028
    1680000 -256.451474
    1681000 -254.584584
    1682000 -259.517470
    1683000 -257.703905
    1684000 -256.439207
    1685000 -257.350612
    1686000 -254.314679
    1687000 -254.600678
    1688000 -257.581376
    1689000 -256.265632
    1690000 -256.039119
    1691000 -256.396348
    1692000 -255.607018
    1693000 -258.151488
    1694000 -256.331250
    1695000 -254.232862
    1696000 -256.060280
    1697000 -255.803917
    1698000 -256.178049
    1699000 -253.946996
    1700000 -256.258516
    1701000 -255.363319
    1702000 -254.620191
    1703000 -257.979324
    1704000 -254.390969
    1705000 -258.084608
    1706000 -260.199768
    1707000 -255.942412
    1708000 -259.957148
    1709000 -257.930539
    1710000 -256.046903
    1711000 -257.671017
    1712000 -257.311096
    1713000 -256.519510
    1714000 -260.212935
    1715000 -258.727831
    1716000 -256.037040
    1717000 -253.967325
    1718000 -254.965646
    1719000 -254.573734
    1720000 -256.417120
    1721000 -256.384866
    1722000 -260.154786
    1723000 -257.738899
    1724000 -258.422238
    1725000 -256.688800
    1726000 -255.377773
    1727000 -255.439216
    1728000 -256.866409
    1729000 -256.301891
    1730000 -263.303336
    1731000 -254.657323
    1732000 -255.899178
    1733000 -256.471917
    1734000 -254.283698
    1735000 -258.716966
    1736000 -259.959427
    1737000 -260.433307
    1738000 -256.201226
    1739000 -254.892696
    1740000 -254.226917
    1741000 -254.135012
    1742000 -257.879748
    1743000 -258.370591
    1744000 -256.196857
    1745000 -256.493658
    1746000 -260.613542
    1747000 -254.458607
    1748000 -254.068410
    1749000 -258.574927
    1750000 -260.836744
    1751000 -254.332108
    1752000 -255.883302
    1753000 -259.878025
    1754000 -257.628518
    1755000 -257.608897
    1756000 -258.495104
    1757000 -254.448325
    1758000 -256.791066
    1759000 -260.195256
    1760000 -254.316587
    1761000 -254.070169
    1762000 -254.174553
    1763000 -255.226808
    1764000 -254.916104
    1765000 -260.190402
    1766000 -254.041260
    1767000 -260.217250
    1768000 -254.506529
    1769000 -254.990526
    1770000 -254.965200
    1771000 -258.084812
    1772000 -254.000880
    1773000 -254.751621
    1774000 -259.457833
    1775000 -255.406641
    1776000 -254.327794
    1777000 -258.080636
    1778000 -254.255921
    1779000 -254.410529
    1780000 -254.150919
    1781000 -259.952937
    1782000 -253.990044
    1783000 -255.143507
    1784000 -258.607516
    1785000 -265.689451
    1786000 -254.861295
    1787000 -256.476019
    1788000 -254.277646
    1789000 -259.231433
    1790000 -258.257268
    1791000 -254.285713
    1792000 -254.632329
    1793000 -254.265334
    1794000 -261.047247
    1795000 -259.171790
    1796000 -258.014615
    1797000 -258.667483
    1798000 -255.920429
    1799000 -255.004109
    1800000 -254.207478
    1801000 -254.704080
    1802000 -254.175136
    1803000 -256.747679
    1804000 -253.962907
    1805000 -256.628450
    1806000 -257.871755
    1807000 -257.134563
    1808000 -256.057776
    1809000 -258.181489
    1810000 -254.381850
    1811000 -253.990806
    1812000 -254.980530
    1813000 -256.694640
    1814000 -258.815152
    1815000 -259.657919
    1816000 -254.244240
    1817000 -256.094521
    1818000 -254.297591
    1819000 -258.730573
    1820000 -254.234617
    1821000 -254.699069
    1822000 -254.582550
    1823000 -256.304071
    1824000 -254.160359
    1825000 -258.406641
    1826000 -258.478029
    1827000 -256.432174
    1828000 -258.658771
    1829000 -257.992910
    1830000 -257.624813
    1831000 -256.496645
    1832000 -254.086089
    1833000 -260.669426
    1834000 -254.318564
    1835000 -257.959522
    1836000 -255.180500
    1837000 -255.248260
    1838000 -254.158859
    1839000 -256.317541
    1840000 -259.367719
    1841000 -256.520670
    1842000 -258.128754
    1843000 -253.972575
    1844000 -254.909608
    1845000 -254.712695
    1846000 -259.462567
    1847000 -254.369560
    1848000 -254.077319
    1849000 -256.408780
    1850000 -255.819909
    1851000 -254.118010
    1852000 -254.492753
    1853000 -256.992891
    1854000 -254.209310
    1855000 -254.152424
    1856000 -259.910397
    1857000 -253.951146
    1858000 -259.845297
    1859000 -257.170459
    1860000 -254.736874
    1861000 -254.852567
    1862000 -260.372727
    1863000 -253.980388
    1864000 -256.450488
    1865000 -256.066286
    1866000 -263.129673
    1867000 -257.867929
    1868000 -256.166046
    1869000 -257.973488
    1870000 -256.107151
    1871000 -255.936204
    1872000 -255.510728
    1873000 -255.021338
    1874000 -254.565204
    1875000 -257.189352
    1876000 -256.799594
    1877000 -259.923841
    1878000 -256.151046
    1879000 -256.222190
    1880000 -258.183381
    1881000 -254.348079
    1882000 -254.847315
    1883000 -254.430965
    1884000 -254.220808
    1885000 -254.258496
    1886000 -254.895981
    1887000 -257.503500
    1888000 -256.688519
    1889000 -257.889692
    1890000 -259.152655
    1891000 -254.190998
    1892000 -254.512055
    1893000 -254.266875
    1894000 -254.116082
    1895000 -256.353607
    1896000 -258.067569
    1897000 -256.476286
    1898000 -258.540739
    1899000 -254.613478
    1900000 -254.837120
    1901000 -256.205220
    1902000 -254.186103
    1903000 -256.373693
    1904000 -255.145674
    1905000 -254.647807
    1906000 -255.906222
    1907000 -257.221927
    1908000 -254.026375
    1909000 -254.102141
    1910000 -256.983835
    1911000 -258.603724
    1912000 -255.194203
    1913000 -256.000238
    1914000 -254.097182
    1915000 -257.958649
    1916000 -254.447430
    1917000 -256.285819
    1918000 -256.019410
    1919000 -255.149910
    1920000 -257.843395
    1921000 -255.459342
    1922000 -254.920348
    1923000 -254.846786
    1924000 -257.036767
    1925000 -254.438362
    1926000 -256.104880
    1927000 -254.656757
    1928000 -262.007157
    1929000 -258.080374
    1930000 -254.142657
    1931000 -254.287295
    1932000 -253.984242
    1933000 -255.985732
    1934000 -254.009335
    1935000 -257.022808
    1936000 -256.251304
    1937000 -254.929550
    1938000 -257.668390
    1939000 -254.796472
    1940000 -258.693032
    1941000 -254.042294
    1942000 -254.392647
    1943000 -257.995969
    1944000 -256.775119
    1945000 -254.503832
    1946000 -257.625335
    1947000 -256.666147
    1948000 -254.440187
    1949000 -255.405530
    1950000 -254.147634
    1951000 -254.667665
    1952000 -256.450180
    1953000 -255.730318
    1954000 -254.646226
    1955000 -254.392333
    1956000 -259.170107
    1957000 -254.013923
    1958000 -256.431284
    1959000 -256.528110
    1960000 -254.678880
    1961000 -256.389988
    1962000 -258.991144
    1963000 -254.556226
    1964000 -261.270189
    1965000 -254.124773
    1966000 -258.005997
    1967000 -254.353920
    1968000 -254.582264
    1969000 -256.496185
    1970000 -254.140661
    1971000 -254.641236
    1972000 -256.841290
    1973000 -255.169999
    1974000 -260.096616
    1975000 -255.954853
    1976000 -255.712791
    1977000 -254.249888
    1978000 -255.052686
    1979000 -254.281301
    1980000 -256.267177
    1981000 -258.442659
    1982000 -254.732685
    1983000 -255.905808
    1984000 -260.873283
    1985000 -257.087047
    1986000 -257.997512
    1987000 -255.980470
    1988000 -256.574579
    1989000 -256.665037
    1990000 -258.370030
    1991000 -254.433109
    1992000 -254.425705
    1993000 -254.553475
    1994000 -256.127368
    1995000 -256.761957
    1996000 -257.952511
    1997000 -256.728871
    1998000 -254.830261
    1999000 -254.925077
    2000000 -258.040862
