    genPlus1     beta
        1000  0.981285
        2000  0.982331
        3000  0.970195
        4000  0.952691
        5000  0.862846
        6000  0.749083
        7000  0.971765
        8000  0.815279
        9000  0.877871
       10000  0.911940
       11000  0.667240
       12000  0.887744
       13000  0.949086
       14000  0.961239
       15000  0.972109
       16000  0.950017
       17000  0.953544
       18000  0.973389
       19000  0.970488
       20000  0.933652
       21000  0.936348
       22000  1.005510
       23000  0.936359
       24000  0.950461
       25000  0.967706
       26000  0.972079
       27000  0.956266
       28000  0.969666
       29000  0.937557
       30000  0.898710
       31000  0.959111
       32000  0.926726
       33000  0.961502
       34000  0.882505
       35000  0.889108
       36000  0.963008
       37000  0.963656
       38000  0.978085
       39000  0.901053
       40000  0.860874
       41000  0.970437
       42000  0.941963
       43000  0.968828
       44000  0.977987
       45000  0.878797
       46000  0.958255
       47000  0.988246
       48000  0.902535
       49000  0.962838
       50000  0.916660
       51000  0.907296
       52000  0.970157
       53000  0.928449
       54000  0.972633
       55000  0.922491
       56000  0.984906
       57000  0.972446
       58000  0.943309
       59000  0.979943
       60000  0.963870
       61000  0.919338
       62000  0.966647
       63000  0.906371
       64000  0.880815
       65000  0.931566
       66000  0.971442
       67000  0.954555
       68000  0.976483
       69000  0.952282
       70000  0.954244
       71000  0.855778
       72000  0.947946
       73000  0.941698
       74000  0.897839
       75000  0.971150
       76000  0.961083
       77000  0.963129
       78000  0.948125
       79000  0.973304
       80000  0.906492
       81000  0.956755
       82000  0.933395
       83000  0.930430
       84000  0.970612
       85000  0.976356
       86000  0.888981
       87000  0.841626
       88000  0.975943
       89000  0.970336
       90000  0.942438
       91000  0.951268
       92000  0.953005
       93000  0.995223
       94000  0.945013
       95000  0.948082
       96000  0.962907
       97000  0.959369
       98000  0.852405
       99000  0.950212
      100000  0.967586
      101000  0.885587
      102000  0.923422
      103000  0.971963
      104000  0.934639
      105000  0.954370
      106000  0.964911
      107000  0.870817
      108000  0.959712
      109000  1.012164
      110000  0.936223
      111000  0.934755
      112000  0.889874
      113000  0.939620
      114000  0.835153
      115000  0.914215
      116000  0.967430
      117000  0.863439
      118000  0.854261
      119000  0.963380
      120000  0.886573
      121000  0.952438
      122000  0.889336
      123000  0.942756
      124000  0.947022
      125000  0.928769
      126000  0.941980
      127000  0.923045
      128000  0.780223
      129000  0.817213
      130000  0.988063
      131000  0.809625
      132000  0.876324
      133000  0.870683
      134000  0.935738
      135000  0.922119
      136000  0.969412
      137000  0.863055
      138000  0.934910
      139000  0.881436
      140000  0.851633
      141000  0.944024
      142000  0.974298
      143000  0.909556
      144000  0.944541
      145000  0.966725
      146000  0.982546
      147000  0.939956
      148000  0.902638
      149000  0.963240
      150000  0.930552
      151000  0.928616
      152000  0.918698
      153000  0.877631
      154000  0.900910
      155000  0.943681
      156000  0.960796
      157000  0.951517
      158000  0.973021
      159000  0.935024
      160000  0.872463
      161000  0.979689
      162000  0.943372
      163000  0.802207
      164000  0.837516
      165000  0.972796
      166000  0.852130
      167000  0.957059
      168000  0.957358
      169000  0.958131
      170000  0.980169
      171000  0.886894
      172000  0.971755
      173000  0.972433
      174000  0.925175
      175000  0.975650
      176000  0.861188
      177000  0.917437
      178000  0.962052
      179000  0.945294
      180000  0.873218
      181000  0.965663
      182000  0.962625
      183000  0.910454
      184000  0.880008
      185000  0.975586
      186000  0.872306
      187000  0.974033
      188000  0.972805
      189000  0.967463
      190000  0.907448
      191000  0.874940
      192000  0.877500
      193000  0.947062
      194000  0.939136
      195000  0.963327
      196000  0.773391
      197000  0.879091
      198000  0.864535
      199000  0.860848
      200000  0.964948
      201000  0.941581
      202000  0.918979
      203000  0.940273
      204000  0.939627
      205000  0.961907
      206000  0.960515
      207000  0.953883
      208000  0.923868
      209000  0.963254
      210000  0.958237
      211000  0.946015
      212000  0.982323
      213000  0.911776
      214000  0.971254
      215000  0.929524
      216000  0.920821
      217000  0.976946
      218000  0.952597
      219000  0.982172
      220000  0.967847
      221000  0.951466
      222000  0.977774
      223000  0.957334
      224000  0.957230
      225000  0.849812
      226000  0.816621
      227000  0.859832
      228000  0.855741
      229000  0.904118
      230000  0.898139
      231000  0.913871
      232000  0.807952
      233000  0.962003
      234000  0.926515
      235000  0.872915
      236000  0.952344
      237000  0.918915
      238000  0.961495
      239000  0.955537
      240000  0.849098
      241000  0.961738
      242000  0.951062
      243000  0.718801
      244000  0.956613
      245000  0.931717
      246000  0.969221
      247000  0.955776
      248000  0.927039
      249000  0.912122
      250000  0.975938
      251000  0.988470
      252000  0.922514
      253000  0.888138
      254000  0.997464
      255000  0.846374
      256000  0.827333
      257000  0.916088
      258000  0.908260
      259000  0.922223
      260000  0.918670
      261000  0.951467
      262000  0.949279
      263000  0.966045
      264000  0.939528
      265000  0.950126
      266000  0.973653
      267000  0.962098
      268000  0.841602
      269000  0.896942
      270000  0.968369
      271000  0.936295
      272000  0.980723
      273000  0.977257
      274000  0.938936
      275000  0.957882
      276000  0.925666
      277000  0.864339
      278000  0.936569
      279000  0.952388
      280000  0.970352
      281000  0.881057
      282000  0.974427
      283000  0.891974
      284000  0.918276
      285000  0.968186
      286000  0.965194
      287000  0.973883
      288000  0.966573
      289000  0.885772
      290000  0.793696
      291000  0.982836
      292000  0.972759
      293000  0.944860
      294000  0.829138
      295000  0.963923
      296000  0.958929
      297000  0.882960
      298000  0.973208
      299000  0.966844
      300000  0.899333
      301000  0.972612
      302000  0.840246
      303000  0.889847
      304000  0.909166
      305000  0.975939
      306000  0.964362
      307000  0.755607
      308000  0.923821
      309000  0.968246
      310000  0.968574
      311000  0.966002
      312000  0.857918
      313000  0.867985
      314000  0.945288
      315000  0.930002
      316000  0.979189
      317000  0.976223
      318000  0.884684
      319000  0.951950
      320000  0.920796
      321000  0.982387
      322000  0.938953
      323000  0.960955
      324000  0.923537
      325000  0.900032
      326000  0.924154
      327000  0.925258
      328000  0.848343
      329000  0.897837
      330000  0.972237
      331000  0.857269
      332000  0.915070
      333000  0.923779
      334000  0.970309
      335000  0.934084
      336000  0.889039
      337000  0.950254
      338000  0.995651
      339000  0.961247
      340000  0.964748
      341000  0.848643
      342000  0.957753
      343000  0.930378
      344000  0.971356
      345000  0.949237
      346000  0.866168
      347000  0.974133
      348000  0.965073
      349000  0.971609
      350000  0.951176
      351000  0.749120
      352000  0.921350
      353000  0.960114
      354000  0.961046
      355000  0.834230
      356000  0.975928
      357000  0.949644
      358000  0.896181
      359000  0.877000
      360000  0.971131
      361000  0.925498
      362000  0.928329
      363000  0.937240
      364000  0.966586
      365000  0.854189
      366000  0.977554
      367000  0.974528
      368000  0.970293
      369000  0.921853
      370000  0.871829
      371000  0.943708
      372000  0.918541
      373000  0.949316
      374000  0.933019
      375000  0.899266
      376000  0.969215
      377000  0.954360
      378000  0.940493
      379000  0.962647
      380000  0.884015
      381000  0.938606
      382000  0.829947
      383000  0.964932
      384000  0.908238
      385000  0.898855
      386000  0.964379
      387000  0.951500
      388000  0.974003
      389000  0.973282
      390000  0.907310
      391000  0.921242
      392000  0.899229
      393000  0.944368
      394000  0.941113
      395000  0.978541
      396000  0.952943
      397000  0.961093
      398000  0.994580
      399000  0.884059
      400000  0.871993
      401000  0.868990
      402000  0.985659
      403000  0.959675
      404000  0.930556
      405000  0.906012
      406000  0.943606
      407000  0.938382
      408000  0.738293
      409000  0.932041
      410000  0.815343
      411000  0.826149
      412000  0.941750
      413000  0.968760
      414000  0.964029
      415000  0.887832
      416000  0.986632
      417000  0.918457
      418000  0.909435
      419000  0.911868
      420000  0.963673
      421000  0.967705
      422000  0.828951
      423000  0.948843
      424000  0.958445
      425000  0.846626
      426000  0.919356
      427000  0.973964
      428000  0.937983
      429000  0.816331
      430000  0.958717
      431000  0.932550
      432000  0.845381
      433000  0.957239
      434000  0.850815
      435000  0.943308
      436000  0.960142
      437000  0.908085
      438000  0.846722
      439000  0.882927
      440000  0.960727
      441000  0.930061
      442000  0.982599
      443000  0.874142
      444000  0.927329
      445000  0.970954
      446000  0.972091
      447000  0.954872
      448000  0.913483
      449000  0.972094
      450000  0.875321
      451000  0.940215
      452000  0.912293
      453000  0.972282
      454000  0.973579
      455000  0.833821
      456000  0.961251
      457000  0.966832
      458000  0.958738
      459000  0.958001
      460000  0.871013
      461000  0.937991
      462000  0.957912
      463000  0.910781
      464000  0.972403
      465000  0.953273
      466000  0.871271
      467000  0.942402
      468000  0.966448
      469000  0.964194
      470000  0.931002
      471000  0.928963
      472000  0.980978
      473000  0.859356
      474000  0.928406
      475000  0.901277
      476000  0.966336
      477000  0.942311
      478000  0.965671
      479000  0.867585
      480000  0.946838
      481000  0.922926
      482000  0.944140
      483000  0.856361
      484000  0.917699
      485000  0.886286
      486000  0.955733
      487000  0.967339
      488000  0.896192
      489000  0.932276
      490000  0.985048
      491000  0.913667
      492000  0.916633
      493000  0.969252
      494000  0.934176
      495000  0.947023
      496000  0.988649
      497000  0.942283
      498000  0.959083
      499000  0.980818
      500000  0.906704
      501000  0.905681
      502000  0.983176
      503000  0.874380
      504000  0.956594
      505000  0.940198
      506000  0.979715
      507000  0.871081
      508000  0.968497
      509000  1.007136
      510000  0.901823
      511000  0.955905
      512000  0.951010
      513000  0.805460
      514000  0.873902
      515000  0.962613
      516000  0.932587
      517000  0.839274
      518000  0.846576
      519000  0.956702
      520000  0.938560
      521000  0.939217
      522000  0.929699
      523000  0.926549
      524000  0.978197
      525000  0.923279
      526000  0.952734
      527000  0.980727
      528000  0.897372
      529000  0.819921
      530000  0.904029
      531000  0.953257
      532000  0.837114
      533000  0.916756
      534000  0.944493
      535000  0.963678
      536000  0.941271
      537000  0.917049
      538000  0.944791
      539000  0.875776
      540000  0.928143
      541000  0.724518
      542000  0.931512
      543000  0.959578
      544000  0.983037
      545000  0.968271
      546000  0.982650
      547000  0.961757
      548000  0.974838
      549000  0.925252
      550000  0.963309
      551000  0.905571
      552000  0.926225
      553000  0.954829
      554000  0.795247
      555000  0.892472
      556000  0.964994
      557000  0.943490
      558000  0.959009
      559000  0.968836
      560000  0.888543
      561000  0.934686
      562000  0.948102
      563000  0.900749
      564000  0.872289
      565000  0.928574
      566000  0.964723
      567000  0.928864
      568000  0.898697
      569000  0.970388
      570000  0.974193
      571000  0.972644
      572000  0.803814
      573000  0.959991
      574000  0.880370
      575000  0.872850
      576000  0.943732
      577000  0.967260
      578000  0.910673
      579000  0.978274
      580000  0.807506
      581000  0.943107
      582000  0.907210
      583000  0.978036
      584000  0.868665
      585000  0.966526
      586000  0.978046
      587000  0.958076
      588000  0.968459
      589000  0.875202
      590000  0.936072
      591000  0.924336
      592000  0.840109
      593000  0.877554
      594000  0.969167
      595000  0.806365
      596000  0.952938
      597000  0.917516
      598000  0.948895
      599000  0.959503
      600000  0.894838
      601000  0.829872
      602000  0.948837
      603000  0.959901
      604000  0.915566
      605000  0.888864
      606000  0.918642
      607000  0.947743
      608000  0.957941
      609000  0.973131
      610000  0.946687
      611000  0.969060
      612000  0.962907
      613000  0.971084
      614000  0.918731
      615000  0.938636
      616000  0.921434
      617000  0.984000
      618000  0.974890
      619000  0.954817
      620000  0.960417
      621000  0.945672
      622000  0.883043
      623000  0.843184
      624000  0.902445
      625000  0.905291
      626000  0.879332
      627000  0.948147
      628000  0.896188
      629000  0.803729
      630000  0.929358
      631000  0.899992
      632000  0.954156
      633000  0.922758
      634000  0.814348
      635000  0.827806
      636000  0.893105
      637000  0.961106
      638000  0.901978
      639000  0.971598
      640000  0.959386
      641000  0.933838
      642000  0.861540
      643000  0.949282
      644000  0.918851
      645000  0.899289
      646000  0.853704
      647000  0.909836
      648000  0.980725
      649000  0.833321
      650000  0.947012
      651000  0.895627
      652000  0.858408
      653000  0.964916
      654000  0.947732
      655000  0.967292
      656000  0.976513
      657000  0.938367
      658000  0.884690
      659000  0.971188
      660000  0.823511
      661000  0.887339
      662000  0.927209
      663000  0.986415
      664000  0.936260
      665000  0.941868
      666000  0.961005
      667000  0.914936
      668000  0.961153
      669000  0.957253
      670000  0.970536
      671000  0.966674
      672000  0.983368
      673000  0.862790
      674000  0.902651
      675000  0.944086
      676000  0.806865
      677000  0.941024
      678000  0.895892
      679000  0.979705
      680000  0.902067
      681000  0.901396
      682000  0.957825
      683000  0.960153
      684000  0.902261
      685000  0.951275
      686000  0.987201
      687000  0.963089
      688000  0.864809
      689000  0.979673
      690000  0.972199
      691000  0.959767
      692000  0.989099
      693000  0.852851
      694000  0.975485
      695000  0.965812
      696000  0.969235
      697000  0.929648
      698000  0.935011
      699000  0.866923
      700000  0.974636
      701000  0.954258
      702000  0.956998
      703000  0.911221
      704000  0.792863
      705000  0.940525
      706000  0.976748
      707000  0.968504
      708000  0.859241
      709000  0.861895
      710000  0.909756
      711000  0.939176
      712000  0.957872
      713000  0.980739
      714000  0.971157
      715000  0.847632
      716000  0.968529
      717000  0.919393
      718000  0.900069
      719000  0.774231
      720000  0.952126
      721000  0.945357
      722000  0.941923
      723000  0.900374
      724000  0.959922
      725000  0.948135
      726000  0.972977
      727000  0.962548
      728000  0.938902
      729000  0.952547
      730000  0.928718
      731000  0.912117
      732000  0.911788
      733000  0.961000
      734000  0.957220
      735000  0.963561
      736000  0.973626
      737000  0.930981
      738000  0.975121
      739000  0.945995
      740000  0.928283
      741000  0.975001
      742000  0.938431
      743000  0.959981
      744000  0.900509
      745000  0.899818
      746000  0.842247
      747000  0.972940
      748000  0.927257
      749000  0.970923
      750000  0.944055
      751000  0.743285
      752000  0.943076
      753000  0.964587
      754000  0.831275
      755000  0.944392
      756000  0.962793
      757000  0.974925
      758000  0.850017
      759000  0.911877
      760000  0.805574
      761000  0.907552
      762000  0.962653
      763000  0.901966
      764000  0.962984
      765000  0.954037
      766000  0.930808
      767000  0.968814
      768000  0.951595
      769000  0.884626
      770000  0.964465
      771000  0.947606
      772000  0.947774
      773000  0.922289
      774000  0.917135
      775000  0.872401
      776000  0.987335
      777000  0.955928
      778000  0.796378
      779000  0.913743
      780000  0.939436
      781000  0.946183
      782000  0.921931
      783000  0.826816
      784000  0.871884
      785000  0.942287
      786000  0.861435
      787000  0.955376
      788000  0.926955
      789000  0.951058
      790000  0.978668
      791000  0.933747
      792000  0.978917
      793000  0.941285
      794000  0.960431
      795000  0.948148
      796000  0.943599
      797000  0.887136
      798000  0.922874
      799000  0.904925
      800000  0.893919
      801000  0.885947
      802000  0.929620
      803000  0.958617
      804000  0.965620
      805000  0.974014
      806000  0.894995
      807000  0.910427
      808000  0.957950
      809000  0.978895
      810000  0.950783
      811000  0.926042
      812000  0.974886
      813000  0.926518
      814000  0.869627
      815000  0.921969
      816000  0.783741
      817000  0.824336
      818000  0.921443
      819000  0.971560
      820000  0.942929
      821000  0.946543
      822000  0.896936
      823000  0.975374
      824000  0.955575
      825000  0.959412
      826000  0.942935
      827000  0.983660
      828000  0.968408
      829000  0.975709
      830000  0.965650
      831000  0.951611
      832000  0.962216
      833000  0.966961
      834000  0.894696
      835000  0.974129
      836000  0.958678
      837000  0.951773
      838000  0.964932
      839000  0.919663
      840000  0.869535
      841000  0.923834
      842000  0.967711
      843000  0.726139
      844000  0.901501
      845000  0.950174
      846000  0.925757
      847000  0.988193
      848000  0.844165
      849000  0.956411
      850000  0.871515
      851000  0.874760
      852000  0.786976
      853000  0.932790
      854000  0.779715
      855000  0.903494
      856000  0.930485
      857000  0.920597
      858000  0.975682
      859000  0.947835
      860000  0.925144
      861000  0.901799
      862000  0.929051
      863000  0.892989
      864000  0.837345
      865000  0.967191
      866000  0.940669
      867000  0.900897
      868000  0.916857
      869000  0.954905
      870000  0.953949
      871000  0.957458
      872000  0.904940
      873000  0.919470
      874000  0.943490
      875000  0.961247
      876000  0.829921
      877000  0.931682
      878000  0.945150
      879000  0.845292
      880000  0.897128
      881000  0.965805
      882000  0.798723
      883000  0.947302
      884000  0.966740
      885000  0.935628
      886000  0.971356
      887000  0.963654
      888000  0.937310
      889000  0.912610
      890000  0.927233
      891000  0.922702
      892000  0.961814
      893000  0.854337
      894000  0.976055
      895000  0.918825
      896000  0.769336
      897000  0.961525
      898000  0.974928
      899000  0.976891
      900000  0.773722
      901000  0.957326
      902000  0.952347
      903000  0.980753
      904000  0.958177
      905000  0.935008
      906000  0.919834
      907000  0.970070
      908000  0.894238
      909000  0.973838
      910000  0.868663
      911000  0.834517
      912000  0.859449
      913000  0.885265
      914000  0.972997
      915000  0.915012
      916000  0.958528
      917000  0.991895
      918000  0.891532
      919000  0.954369
      920000  0.952771
      921000  0.823996
      922000  0.903404
      923000  0.959261
      924000  0.889034
      925000  0.976266
      926000  0.949852
      927000  0.968808
      928000  0.969501
      929000  0.871983
      930000  0.884486
      931000  0.912365
      932000  0.909560
      933000  0.858782
      934000  0.889485
      935000  0.839856
      936000  0.906060
      937000  0.938678
      938000  0.964656
      939000  0.970673
      940000  0.956802
      941000  0.919064
      942000  0.817547
      943000  0.824069
      944000  0.973975
      945000  0.956769
      946000  0.908057
      947000  0.949944
      948000  0.865068
      949000  0.945722
      950000  0.877774
      951000  0.942850
      952000  0.944311
      953000  0.758643
      954000  0.903344
      955000  0.954083
      956000  0.953798
      957000  0.919931
      958000  0.880453
      959000  0.931776
      960000  0.958101
      961000  0.933041
      962000  0.950586
      963000  0.973783
      964000  0.972960
      965000  0.888175
      966000  0.954244
      967000  0.847879
      968000  0.915846
      969000  0.910944
      970000  0.921990
      971000  0.968069
      972000  0.990762
      973000  0.863822
      974000  0.971163
      975000  0.957507
      976000  0.961173
      977000  0.952952
      978000  0.888163
      979000  0.949548
      980000  0.890040
      981000  0.927872
      982000  0.964655
      983000  0.946474
      984000  0.979341
      985000  0.990327
      986000  0.925925
      987000  0.931820
      988000  0.759943
      989000  0.928016
      990000  0.970688
      991000  0.956209
      992000  0.984582
      993000  0.941638
      994000  0.858720
      995000  0.920177
      996000  0.907503
      997000  0.974948
      998000  0.949470
      999000  0.888380
     1000000  0.941969
     1001000  0.900394
     1002000  0.963918
     1003000  0.884344
     1004000  0.998421
     1005000  0.950803
     1006000  0.980618
     1007000  0.958502
     1008000  0.941692
     1009000  0.973357
     1010000  0.902214
     1011000  0.950677
     1012000  0.904055
     1013000  0.974179
     1014000  0.894672
     1015000  0.881473
     1016000  0.961580
     1017000  0.969569
     1018000  0.956718
     1019000  0.970831
     1020000  0.948189
     1021000  0.954321
     1022000  0.912998
     1023000  0.926609
     1024000  0.832340
     1025000  0.959184
     1026000  0.927638
     1027000  0.936491
     1028000  0.917325
     1029000  0.939574
     1030000  0.845940
     1031000  0.921200
     1032000  0.923988
     1033000  0.812120
     1034000  0.973733
     1035000  0.919176
     1036000  0.873306
     1037000  0.960938
     1038000  0.915898
     1039000  0.981086
     1040000  0.968910
     1041000  0.950070
     1042000  0.974304
     1043000  0.848992
     1044000  0.960876
     1045000  0.950213
     1046000  0.939078
     1047000  0.901193
     1048000  0.823919
     1049000  0.920210
     1050000  0.951616
     1051000  0.969840
     1052000  0.866140
     1053000  0.915270
     1054000  0.984485
     1055000  0.931744
     1056000  0.926278
     1057000  0.884385
     1058000  0.816283
     1059000  0.823587
     1060000  0.944014
     1061000  0.962992
     1062000  0.918431
     1063000  0.974402
     1064000  0.970552
     1065000  0.943473
     1066000  0.984946
     1067000  0.883650
     1068000  0.957803
     1069000  0.984043
     1070000  0.968136
     1071000  0.967704
     1072000  0.870752
     1073000  0.913239
     1074000  0.922230
     1075000  0.947305
     1076000  0.890712
     1077000  0.963737
     1078000  0.883561
     1079000  0.916398
     1080000  0.802251
     1081000  0.957572
     1082000  0.919416
     1083000  0.902191
     1084000  0.968743
     1085000  0.942510
     1086000  0.969227
     1087000  0.920512
     1088000  0.829015
     1089000  0.921757
     1090000  0.953918
     1091000  0.777990
     1092000  0.799280
     1093000  0.946120
     1094000  0.971981
     1095000  0.860815
     1096000  0.926817
     1097000  0.951221
     1098000  0.939960
     1099000  0.938021
     1100000  0.979791
     1101000  0.902548
     1102000  0.955621
     1103000  0.821687
     1104000  0.929780
     1105000  0.975006
     1106000  0.905115
     1107000  0.913588
     1108000  0.867464
     1109000  0.931407
     1110000  0.879276
     1111000  0.925749
     1112000  0.883587
     1113000  0.961646
     1114000  0.932452
     1115000  0.856866
     1116000  0.846062
     1117000  0.969651
     1118000  0.967527
     1119000  0.949037
     1120000  0.884141
     1121000  0.939327
     1122000  0.903072
     1123000  0.804875
     1124000  0.809599
     1125000  0.930934
     1126000  0.920060
     1127000  0.908072
     1128000  0.966885
     1129000  0.870290
     1130000  0.971929
     1131000  0.925928
     1132000  0.972566
     1133000  0.951383
     1134000  0.934073
     1135000  0.885617
     1136000  0.908932
     1137000  0.968506
     1138000  0.901782
     1139000  0.870017
     1140000  0.944388
     1141000  0.966686
     1142000  0.957296
     1143000  0.944920
     1144000  0.923050
     1145000  0.866618
     1146000  0.970220
     1147000  0.839107
     1148000  0.827361
     1149000  0.980374
     1150000  0.951186
     1151000  0.972819
     1152000  0.970968
     1153000  0.940793
     1154000  0.921442
     1155000  0.869585
     1156000  0.933737
     1157000  0.938706
     1158000  0.976264
     1159000  0.917789
     1160000  0.918198
     1161000  0.945923
     1162000  0.829485
     1163000  0.916117
     1164000  0.884750
     1165000  0.863952
     1166000  0.874404
     1167000  0.933801
     1168000  0.900297
     1169000  0.972649
     1170000  0.962723
     1171000  0.963853
     1172000  0.959211
     1173000  0.917637
     1174000  0.938309
     1175000  0.966999
     1176000  0.952476
     1177000  0.980386
     1178000  0.949225
     1179000  0.906415
     1180000  0.885365
     1181000  0.939579
     1182000  0.950607
     1183000  0.925222
     1184000  0.894700
     1185000  1.003122
     1186000  0.933575
     1187000  0.944113
     1188000  0.937889
     1189000  0.972635
     1190000  0.983624
     1191000  0.974089
     1192000  0.949143
     1193000  0.884562
     1194000  0.924616
     1195000  0.817287
     1196000  0.961189
     1197000  0.909176
     1198000  0.815583
     1199000  1.001582
     1200000  0.836915
     1201000  0.917136
     1202000  0.959602
     1203000  0.980775
     1204000  0.971534
     1205000  0.993833
     1206000  0.976997
     1207000  0.972104
     1208000  0.921823
     1209000  0.873365
     1210000  0.900933
     1211000  0.947071
     1212000  0.930838
     1213000  0.975328
     1214000  0.946470
     1215000  0.936458
     1216000  0.974342
     1217000  0.958166
     1218000  0.976693
     1219000  0.977213
     1220000  0.877692
     1221000  0.939880
     1222000  0.971678
     1223000  0.904761
     1224000  0.961555
     1225000  0.928143
     1226000  0.952044
     1227000  0.964055
     1228000  0.859827
     1229000  0.937179
     1230000  0.968343
     1231000  0.997129
     1232000  0.972004
     1233000  0.909722
     1234000  0.978570
     1235000  0.974039
     1236000  0.874379
     1237000  0.933570
     1238000  0.936075
     1239000  0.968636
     1240000  0.927415
     1241000  0.966426
     1242000  0.937346
     1243000  0.926832
     1244000  0.912477
     1245000  0.926799
     1246000  0.965890
     1247000  0.885272
     1248000  0.996751
     1249000  0.942367
     1250000  0.964151
     1251000  0.933773
     1252000  0.923062
     1253000  0.977752
     1254000  0.914064
     1255000  0.961108
     1256000  0.965470
     1257000  0.963639
     1258000  0.928726
     1259000  0.927388
     1260000  0.934324
     1261000  0.981507
     1262000  0.970678
     1263000  0.884743
     1264000  0.871886
     1265000  0.956096
     1266000  0.721913
     1267000  0.942023
     1268000  0.910126
     1269000  0.971747
     1270000  0.908559
     1271000  0.960725
     1272000  0.978558
     1273000  0.935478
     1274000  0.978881
     1275000  0.961665
     1276000  0.962707
     1277000  0.927470
     1278000  0.875863
     1279000  0.956776
     1280000  0.954452
     1281000  0.953256
     1282000  0.947426
     1283000  0.971970
     1284000  0.883927
     1285000  0.921574
     1286000  0.963757
     1287000  0.929397
     1288000  0.922203
     1289000  0.979333
     1290000  0.935597
     1291000  0.976548
     1292000  0.906000
     1293000  0.972871
     1294000  0.953696
     1295000  0.962328
     1296000  0.858356
     1297000  0.917514
     1298000  0.952078
     1299000  0.796027
     1300000  0.986825
     1301000  0.929979
     1302000  0.919458
     1303000  0.968183
     1304000  0.936670
     1305000  0.950237
     1306000  0.951723
     1307000  0.965599
     1308000  0.882090
     1309000  0.951390
     1310000  0.822329
     1311000  0.958608
     1312000  1.014800
     1313000  0.904219
     1314000  0.904057
     1315000  0.964905
     1316000  0.897410
     1317000  0.821806
     1318000  0.950129
     1319000  0.949582
     1320000  0.994686
     1321000  0.977645
     1322000  0.940827
     1323000  0.933620
     1324000  0.954740
     1325000  0.988724
     1326000  0.974744
     1327000  0.945750
     1328000  0.897557
     1329000  0.971772
     1330000  0.977210
     1331000  0.942878
     1332000  0.943941
     1333000  0.972528
     1334000  0.735951
     1335000  0.958893
     1336000  0.919697
     1337000  0.919202
     1338000  0.942655
     1339000  0.949574
     1340000  0.962593
     1341000  0.939783
     1342000  0.973758
     1343000  0.951323
     1344000  0.974265
     1345000  0.930458
     1346000  0.916892
     1347000  0.921973
     1348000  0.969853
     1349000  0.885415
     1350000  0.944111
     1351000  0.903074
     1352000  0.973436
     1353000  0.872048
     1354000  0.923520
     1355000  0.938933
     1356000  0.861902
     1357000  0.921276
     1358000  0.919411
     1359000  0.962168
     1360000  0.932919
     1361000  0.916887
     1362000  0.948561
     1363000  0.902619
     1364000  0.889501
     1365000  0.974029
     1366000  0.910192
     1367000  0.939923
     1368000  0.928745
     1369000  0.955049
     1370000  0.869014
     1371000  0.942590
     1372000  0.940230
     1373000  0.915666
     1374000  0.912306
     1375000  0.935987
     1376000  0.895127
     1377000  0.936497
     1378000  0.973624
     1379000  0.864829
     1380000  0.931834
     1381000  0.882909
     1382000  0.943559
     1383000  0.947085
     1384000  0.938646
     1385000  0.974092
     1386000  0.969562
     1387000  0.923925
     1388000  0.926427
     1389000  0.970700
     1390000  0.901283
     1391000  0.954489
     1392000  0.915287
     1393000  0.978270
     1394000  0.907695
     1395000  0.931346
     1396000  0.966716
     1397000  0.962882
     1398000  0.915613
     1399000  0.975555
     1400000  0.959520
     1401000  0.955182
     1402000  0.977414
     1403000  0.932368
     1404000  0.968578
     1405000  0.967160
     1406000  0.982494
     1407000  0.960491
     1408000  0.863618
     1409000  0.967632
     1410000  0.935055
     1411000  0.950883
     1412000  0.918342
     1413000  0.939509
     1414000  0.962014
     1415000  0.910383
     1416000  0.945044
     1417000  0.969127
     1418000  0.961990
     1419000  0.961470
     1420000  0.931883
     1421000  0.965071
     1422000  0.827532
     1423000  0.974411
     1424000  0.867231
     1425000  0.944017
     1426000  0.830335
     1427000  0.904365
     1428000  0.960890
     1429000  0.955804
     1430000  0.940293
     1431000  0.970332
     1432000  0.893656
     1433000  0.936204
     1434000  0.949325
     1435000  0.865673
     1436000  0.949852
     1437000  0.931924
     1438000  0.939221
     1439000  0.733429
     1440000  0.908685
     1441000  0.918528
     1442000  0.917929
     1443000  0.958292
     1444000  0.900569
     1445000  0.970304
     1446000  0.977618
     1447000  0.939998
     1448000  0.924631
     1449000  0.898113
     1450000  0.958318
     1451000  0.955624
     1452000  0.891865
     1453000  0.889760
     1454000  0.959646
     1455000  0.889724
     1456000  0.868466
     1457000  0.892584
     1458000  0.953653
     1459000  0.944646
     1460000  0.895406
     1461000  0.951560
     1462000  0.884238
     1463000  0.979319
     1464000  0.969708
     1465000  0.892502
     1466000  0.987550
     1467000  0.919012
     1468000  0.827010
     1469000  0.962341
     1470000  0.895292
     1471000  0.956694
     1472000  0.931282
     1473000  0.966178
     1474000  0.961666
     1475000  0.890819
     1476000  0.964078
     1477000  0.922975
     1478000  0.932317
     1479000  0.928485
     1480000  0.885422
     1481000  0.925693
     1482000  0.930432
     1483000  0.961489
     1484000  0.959972
     1485000  0.961838
     1486000  0.954737
     1487000  0.903742
     1488000  0.869724
     1489000  0.824716
     1490000  0.973961
     1491000  0.859504
     1492000  0.941492
     1493000  0.965492
     1494000  0.961768
     1495000  0.850080
     1496000  0.948654
     1497000  0.949684
     1498000  0.881284
     1499000  0.947501
     1500000  0.949148
     1501000  0.934690
     1502000  0.931923
     1503000  0.892518
     1504000  0.916722
     1505000  0.942451
     1506000  0.901566
     1507000  0.896672
     1508000  0.977456
     1509000  0.972977
     1510000  0.954209
     1511000  0.975392
     1512000  0.969869
     1513000  0.910305
     1514000  0.948553
     1515000  0.944067
     1516000  0.975387
     1517000  0.875818
     1518000  0.971885
     1519000  0.938703
     1520000  0.946523
     1521000  0.958314
     1522000  0.916783
     1523000  0.926065
     1524000  0.987553
     1525000  0.964054
     1526000  0.961989
     1527000  0.889788
     1528000  0.785072
     1529000  0.918976
     1530000  0.972284
     1531000  0.974739
     1532000  0.970335
     1533000  0.877990
     1534000  0.735390
     1535000  0.918078
     1536000  0.946189
     1537000  0.892020
     1538000  0.892394
     1539000  0.967401
     1540000  0.908470
     1541000  0.997183
     1542000  0.836460
     1543000  0.954416
     1544000  0.884724
     1545000  0.954813
     1546000  0.880088
     1547000  0.953848
     1548000  0.990203
     1549000  0.859397
     1550000  0.966081
     1551000  0.916498
     1552000  0.956709
     1553000  0.953854
     1554000  0.962418
     1555000  0.930689
     1556000  0.949277
     1557000  0.959470
     1558000  0.850727
     1559000  0.980107
     1560000  0.922455
     1561000  0.845005
     1562000  0.958098
     1563000  0.955630
     1564000  0.802491
     1565000  0.931173
     1566000  0.895444
     1567000  0.951756
     1568000  0.966761
     1569000  0.873010
     1570000  0.970619
     1571000  0.813842
     1572000  0.929233
     1573000  0.907529
     1574000  0.947080
     1575000  0.912629
     1576000  0.955262
     1577000  0.974804
     1578000  0.873034
     1579000  0.924718
     1580000  0.929961
     1581000  1.003578
     1582000  0.862544
     1583000  0.919206
     1584000  0.973574
     1585000  0.950026
     1586000  0.921582
     1587000  0.937630
     1588000  0.966352
     1589000  0.859129
     1590000  0.939386
     1591000  0.982902
     1592000  0.848993
     1593000  0.970176
     1594000  0.900893
     1595000  0.955258
     1596000  0.970198
     1597000  0.942280
     1598000  0.907742
     1599000  0.930697
     1600000  0.942641
     1601000  0.924917
     1602000  0.949362
     1603000  0.942440
     1604000  0.763612
     1605000  0.898195
     1606000  0.963615
     1607000  0.942936
     1608000  0.933399
     1609000  0.915225
     1610000  0.943341
     1611000  0.966030
     1612000  0.967756
     1613000  0.803951
     1614000  0.760477
     1615000  0.934893
     1616000  0.930179
     1617000  0.881294
     1618000  0.949840
     1619000  0.883567
     1620000  0.919766
     1621000  0.903796
     1622000  0.982270
     1623000  0.886693
     1624000  0.938585
     1625000  0.910906
     1626000  0.971274
     1627000  0.943406
     1628000  0.898471
     1629000  0.973373
     1630000  0.970444
     1631000  0.916997
     1632000  0.892559
     1633000  0.902752
     1634000  0.920592
     1635000  0.826116
     1636000  0.977511
     1637000  0.897062
     1638000  0.978538
     1639000  0.940096
     1640000  0.975498
     1641000  0.862547
     1642000  0.976596
     1643000  0.999225
     1644000  0.883069
     1645000  0.957679
     1646000  0.973538
     1647000  0.838255
     1648000  0.893551
     1649000  0.890243
     1650000  0.917847
     1651000  0.920900
     1652000  0.953555
     1653000  0.945056
     1654000  0.942525
     1655000  0.979079
     1656000  0.974107
     1657000  0.934282
     1658000  0.981323
     1659000  0.937292
     1660000  0.932327
     1661000  0.957442
     1662000  0.767372
     1663000  0.970663
     1664000  0.948520
     1665000  0.975410
     1666000  0.987846
     1667000  0.948238
     1668000  0.973360
     1669000  0.977894
     1670000  0.928966
     1671000  0.839052
     1672000  0.983774
     1673000  0.910133
     1674000  0.886917
     1675000  0.811658
     1676000  0.976631
     1677000  0.929529
     1678000  0.966609
     1679000  0.963241
     1680000  0.915820
     1681000  0.948692
     1682000  0.869825
     1683000  0.848737
     1684000  0.967451
     1685000  0.898397
     1686000  0.983043
     1687000  0.972460
     1688000  0.857869
     1689000  0.981008
     1690000  0.763131
     1691000  0.963230
     1692000  0.967285
     1693000  0.890067
     1694000  0.942902
     1695000  0.968667
     1696000  0.829014
     1697000  0.963902
     1698000  0.982790
     1699000  0.940574
     1700000  0.853770
     1701000  0.938617
     1702000  0.952079
     1703000  0.972219
     1704000  0.919060
     1705000  0.938405
     1706000  0.876083
     1707000  0.824314
     1708000  0.895200
     1709000  0.943536
     1710000  0.945165
     1711000  0.955264
     1712000  0.912617
     1713000  0.915041
     1714000  0.916912
     1715000  0.937680
     1716000  0.909195
     1717000  0.920448
     1718000  0.961229
     1719000  0.840425
     1720000  0.830285
     1721000  0.932528
     1722000  0.946514
     1723000  0.892647
     1724000  0.961677
     1725000  0.957751
     1726000  0.973746
     1727000  0.979259
     1728000  0.910502
     1729000  0.937154
     1730000  0.943598
     1731000  0.911532
     1732000  0.955759
     1733000  0.922650
     1734000  0.962506
     1735000  0.933651
     1736000  0.917837
     1737000  0.965816
     1738000  0.968221
     1739000  0.948768
     1740000  0.966933
     1741000  0.971343
     1742000  0.963653
     1743000  0.877187
     1744000  0.930081
     1745000  0.907142
     1746000  0.775898
     1747000  0.950821
     1748000  0.864161
     1749000  0.962700
     1750000  0.918271
     1751000  0.971128
     1752000  0.691131
     1753000  0.912294
     1754000  0.935376
     1755000  0.968550
     1756000  0.952082
     1757000  0.753726
     1758000  0.753481
     1759000  0.936787
     1760000  0.920968
     1761000  0.918045
     1762000  0.973582
     1763000  0.969110
     1764000  0.859483
     1765000  0.919360
     1766000  0.911171
     1767000  0.945636
     1768000  0.923682
     1769000  0.937727
     1770000  0.839901
     1771000  0.948759
     1772000  0.970616
     1773000  0.920612
     1774000  0.878112
     1775000  0.937710
     1776000  0.920852
     1777000  0.947715
     1778000  0.888608
     1779000  0.869776
     1780000  0.973955
     1781000  0.916019
     1782000  0.894850
     1783000  0.900901
     1784000  0.986561
     1785000  0.889044
     1786000  0.877523
     1787000  0.925759
     1788000  0.859977
     1789000  0.923470
     1790000  0.930513
     1791000  0.847272
     1792000  0.951464
     1793000  0.918666
     1794000  0.940681
     1795000  0.861642
     1796000  0.916776
     1797000  0.810411
     1798000  0.879162
     1799000  0.962945
     1800000  0.974668
     1801000  0.902067
     1802000  0.948990
     1803000  0.892305
     1804000  0.957805
     1805000  0.940205
     1806000  0.937499
     1807000  0.943149
     1808000  0.949549
     1809000  0.894976
     1810000  0.955928
     1811000  0.972941
     1812000  0.960406
     1813000  0.946702
     1814000  0.966876
     1815000  0.943064
     1816000  0.895050
     1817000  0.925939
     1818000  0.971933
     1819000  0.974256
     1820000  0.941317
     1821000  0.945348
     1822000  0.926483
     1823000  0.979523
     1824000  0.972361
     1825000  0.833737
     1826000  0.933260
     1827000  0.983572
     1828000  0.946172
     1829000  0.795190
     1830000  0.943884
     1831000  0.931742
     1832000  0.912735
     1833000  0.941952
     1834000  0.948567
     1835000  0.979947
     1836000  0.870380
     1837000  0.970247
     1838000  0.934909
     1839000  0.899407
     1840000  0.876009
     1841000  0.883718
     1842000  0.743849
     1843000  0.949795
     1844000  0.942511
     1845000  0.922524
     1846000  0.926533
     1847000  0.965013
     1848000  0.973603
     1849000  0.815259
     1850000  0.885249
     1851000  0.986427
     1852000  0.973092
     1853000  0.920247
     1854000  0.966537
     1855000  0.909912
     1856000  0.965814
     1857000  0.858344
     1858000  0.943418
     1859000  0.940120
     1860000  0.958106
     1861000  0.930065
     1862000  0.947141
     1863000  0.930031
     1864000  0.958308
     1865000  0.947827
     1866000  0.955936
     1867000  0.931384
     1868000  0.911046
     1869000  0.948316
     1870000  0.948208
     1871000  0.803234
     1872000  0.812718
     1873000  0.937738
     1874000  0.974646
     1875000  0.964785
     1876000  0.949266
     1877000  0.901909
     1878000  0.932220
     1879000  0.967864
     1880000  0.903381
     1881000  0.916718
     1882000  0.928643
     1883000  0.856304
     1884000  0.946653
     1885000  0.920999
     1886000  0.942974
     1887000  0.963346
     1888000  0.958548
     1889000  0.947803
     1890000  0.968821
     1891000  0.939215
     1892000  0.947602
     1893000  0.906145
     1894000  0.970492
     1895000  0.952397
     1896000  0.977397
     1897000  0.911287
     1898000  0.964436
     1899000  0.802411
     1900000  0.929182
     1901000  0.943390
     1902000  0.963554
     1903000  0.949266
     1904000  0.912008
     1905000  0.952434
     1906000  0.958232
     1907000  0.932847
     1908000  0.948208
     1909000  0.916580
     1910000  0.915243
     1911000  0.930235
     1912000  0.927069
     1913000  0.973941
     1914000  0.966217
     1915000  0.912038
     1916000  0.977977
     1917000  0.974981
     1918000  0.790848
     1919000  0.972654
     1920000  0.879594
     1921000  0.969816
     1922000  0.973607
     1923000  0.920144
     1924000  0.821446
     1925000  0.907279
     1926000  0.901424
     1927000  0.936987
     1928000  0.923762
     1929000  0.963436
     1930000  0.984061
     1931000  0.970931
     1932000  0.835335
     1933000  0.978835
     1934000  0.987005
     1935000  0.968641
     1936000  0.949076
     1937000  0.963427
     1938000  0.946530
     1939000  0.871993
     1940000  0.812435
     1941000  0.962857
     1942000  0.969607
     1943000  0.945276
     1944000  0.921271
     1945000  0.958891
     1946000  0.960090
     1947000  0.973271
     1948000  0.870185
     1949000  0.949363
     1950000  0.874099
     1951000  0.943110
     1952000  0.910816
     1953000  0.963059
     1954000  0.950195
     1955000  0.858975
     1956000  0.829193
     1957000  0.919437
     1958000  0.910923
     1959000  0.970749
     1960000  0.951693
     1961000  0.943593
     1962000  0.934472
     1963000  0.926891
     1964000  0.974034
     1965000  0.916087
     1966000  0.977334
     1967000  0.978153
     1968000  0.977292
     1969000  0.960553
     1970000  0.922230
     1971000  0.926325
     1972000  0.971197
     1973000  0.948448
     1974000  0.938164
     1975000  0.922011
     1976000  0.963304
     1977000  0.905900
     1978000  0.953195
     1979000  0.971489
     1980000  0.937421
     1981000  0.930585
     1982000  0.820096
     1983000  0.906347
     1984000  0.941754
     1985000  0.954016
     1986000  0.972903
     1987000  0.988155
     1988000  0.966080
     1989000  0.965001
     1990000  0.969791
     1991000  0.958241
     1992000  0.938987
     1993000  0.945384
     1994000  0.823660
     1995000  0.922965
     1996000  0.971384
     1997000  0.893533
     1998000  0.838657
     1999000  0.956720
     2000000  0.974886
