    genPlus1     spaQ
        1000  0.431802
        2000  0.417360
        3000  0.421839
        4000  0.430541
        5000  0.413869
        6000  0.427124
        7000  0.424275
        8000  0.454713
        9000  0.431221
       10000  0.426088
       11000  0.425306
       12000  0.409373
       13000  0.418169
       14000  0.431729
       15000  0.420959
       16000  0.442332
       17000  0.423214
       18000  0.431919
       19000  0.416065
       20000  0.433112
       21000  0.435157
       22000  0.433593
       23000  0.413513
       24000  0.426674
       25000  0.419685
       26000  0.421543
       27000  0.420150
       28000  0.422790
       29000  0.412616
       30000  0.420576
       31000  0.428137
       32000  0.418206
       33000  0.413178
       34000  0.426111
       35000  0.411971
       36000  0.414108
       37000  0.424442
       38000  0.419512
       39000  0.421363
       40000  0.435408
       41000  0.423325
       42000  0.442013
       43000  0.428038
       44000  0.428784
       45000  0.417324
       46000  0.428109
       47000  0.427658
       48000  0.427539
       49000  0.441133
       50000  0.425175
       51000  0.438275
       52000  0.440069
       53000  0.415162
       54000  0.425210
       55000  0.429936
       56000  0.425700
       57000  0.428406
       58000  0.417179
       59000  0.421579
       60000  0.423763
       61000  0.426242
       62000  0.433195
       63000  0.413739
       64000  0.433059
       65000  0.435529
       66000  0.427005
       67000  0.426087
       68000  0.428990
       69000  0.422780
       70000  0.421476
       71000  0.427606
       72000  0.421332
       73000  0.416945
       74000  0.460380
       75000  0.424848
       76000  0.463265
       77000  0.436661
       78000  0.415549
       79000  0.424097
       80000  0.409487
       81000  0.429637
       82000  0.415997
       83000  0.429883
       84000  0.431516
       85000  0.425948
       86000  0.424909
       87000  0.433727
       88000  0.417782
       89000  0.428229
       90000  0.419618
       91000  0.430985
       92000  0.442052
       93000  0.429698
       94000  0.435823
       95000  0.427800
       96000  0.423269
       97000  0.413630
       98000  0.431279
       99000  0.421720
      100000  0.459798
      101000  0.430315
      102000  0.427647
      103000  0.430429
      104000  0.421002
      105000  0.425632
      106000  0.425495
      107000  0.438533
      108000  0.422833
      109000  0.428928
      110000  0.435636
      111000  0.422375
      112000  0.417315
      113000  0.431147
      114000  0.417697
      115000  0.431823
      116000  0.424232
      117000  0.418432
      118000  0.420353
      119000  0.409021
      120000  0.432005
      121000  0.421202
      122000  0.419821
      123000  0.431262
      124000  0.426851
      125000  0.457368
      126000  0.420646
      127000  0.425116
      128000  0.423821
      129000  0.432016
      130000  0.420190
      131000  0.429626
      132000  0.457586
      133000  0.416866
      134000  0.418560
      135000  0.421372
      136000  0.428193
      137000  0.415598
      138000  0.429361
      139000  0.420587
      140000  0.426324
      141000  0.422888
      142000  0.415043
      143000  0.433869
      144000  0.426419
      145000  0.411762
      146000  0.416592
      147000  0.415803
      148000  0.416228
      149000  0.430014
      150000  0.420015
      151000  0.425514
      152000  0.415729
      153000  0.419148
      154000  0.427014
      155000  0.441314
      156000  0.428476
      157000  0.427262
      158000  0.426437
      159000  0.433909
      160000  0.435364
      161000  0.429180
      162000  0.450704
      163000  0.424104
      164000  0.436835
      165000  0.428628
      166000  0.428492
      167000  0.426348
      168000  0.420163
      169000  0.410735
      170000  0.432030
      171000  0.425044
      172000  0.415516
      173000  0.428122
      174000  0.441042
      175000  0.426464
      176000  0.423905
      177000  0.420020
      178000  0.430218
      179000  0.426073
      180000  0.428874
      181000  0.429369
      182000  0.427650
      183000  0.438055
      184000  0.413574
      185000  0.433520
      186000  0.416233
      187000  0.413837
      188000  0.426027
      189000  0.417265
      190000  0.433521
      191000  0.431448
      192000  0.422772
      193000  0.409880
      194000  0.431289
      195000  0.421355
      196000  0.430869
      197000  0.422417
      198000  0.432271
      199000  0.431114
      200000  0.424292
      201000  0.417294
      202000  0.426622
      203000  0.423581
      204000  0.426914
      205000  0.433417
      206000  0.437523
      207000  0.428640
      208000  0.429234
      209000  0.409069
      210000  0.427731
      211000  0.420629
      212000  0.416550
      213000  0.405971
      214000  0.418376
      215000  0.423623
      216000  0.426739
      217000  0.421822
      218000  0.427823
      219000  0.432728
      220000  0.430450
      221000  0.437695
      222000  0.426489
      223000  0.422186
      224000  0.412807
      225000  0.419018
      226000  0.405502
      227000  0.423130
      228000  0.426083
      229000  0.430804
      230000  0.425938
      231000  0.423321
      232000  0.422766
      233000  0.422114
      234000  0.416415
      235000  0.429784
      236000  0.412438
      237000  0.426110
      238000  0.421177
      239000  0.419250
      240000  0.394092
      241000  0.430294
      242000  0.415730
      243000  0.433269
      244000  0.427896
      245000  0.439569
      246000  0.433474
      247000  0.428409
      248000  0.432614
      249000  0.420774
      250000  0.419453
      251000  0.429784
      252000  0.413792
      253000  0.431825
      254000  0.428569
      255000  0.424238
      256000  0.426145
      257000  0.428659
      258000  0.420390
      259000  0.430527
      260000  0.431861
      261000  0.425672
      262000  0.424500
      263000  0.430841
      264000  0.435784
      265000  0.419629
      266000  0.416700
      267000  0.436367
      268000  0.433009
      269000  0.432411
      270000  0.429408
      271000  0.423200
      272000  0.435288
      273000  0.412756
      274000  0.425281
      275000  0.424917
      276000  0.416850
      277000  0.427789
      278000  0.420379
      279000  0.431819
      280000  0.418790
      281000  0.419586
      282000  0.436136
      283000  0.425824
      284000  0.428854
      285000  0.423377
      286000  0.425030
      287000  0.420351
      288000  0.424878
      289000  0.427539
      290000  0.433749
      291000  0.423826
      292000  0.415345
      293000  0.429463
      294000  0.439896
      295000  0.423564
      296000  0.430068
      297000  0.428504
      298000  0.432143
      299000  0.423986
      300000  0.435657
      301000  0.427676
      302000  0.441006
      303000  0.416296
      304000  0.429559
      305000  0.417232
      306000  0.427471
      307000  0.427584
      308000  0.428437
      309000  0.427413
      310000  0.432693
      311000  0.419311
      312000  0.405216
      313000  0.419712
      314000  0.422503
      315000  0.444118
      316000  0.424059
      317000  0.438005
      318000  0.414780
      319000  0.427460
      320000  0.427500
      321000  0.419170
      322000  0.423759
      323000  0.429394
      324000  0.411433
      325000  0.419989
      326000  0.441414
      327000  0.433334
      328000  0.419015
      329000  0.432673
      330000  0.434630
      331000  0.427402
      332000  0.422511
      333000  0.419261
      334000  0.427031
      335000  0.427169
      336000  0.413472
      337000  0.426069
      338000  0.420657
      339000  0.425106
      340000  0.428460
      341000  0.421376
      342000  0.454664
      343000  0.425119
      344000  0.422678
      345000  0.433396
      346000  0.411918
      347000  0.426284
      348000  0.420915
      349000  0.419056
      350000  0.424630
      351000  0.421948
      352000  0.432810
      353000  0.425328
      354000  0.426406
      355000  0.417300
      356000  0.419162
      357000  0.420875
      358000  0.428860
      359000  0.432014
      360000  0.422248
      361000  0.428405
      362000  0.426360
      363000  0.438433
      364000  0.422644
      365000  0.427233
      366000  0.417657
      367000  0.406535
      368000  0.433046
      369000  0.420419
      370000  0.429635
      371000  0.455670
      372000  0.410865
      373000  0.422092
      374000  0.418867
      375000  0.426814
      376000  0.418343
      377000  0.420366
      378000  0.420989
      379000  0.423550
      380000  0.441493
      381000  0.419296
      382000  0.428262
      383000  0.424418
      384000  0.426759
      385000  0.421432
      386000  0.417788
      387000  0.427325
      388000  0.424062
      389000  0.426800
      390000  0.413876
      391000  0.419087
      392000  0.435156
      393000  0.433255
      394000  0.427612
      395000  0.432252
      396000  0.413550
      397000  0.424894
      398000  0.421876
      399000  0.425072
      400000  0.422694
      401000  0.407591
      402000  0.442155
      403000  0.406323
      404000  0.422825
      405000  0.435145
      406000  0.426139
      407000  0.423894
      408000  0.413273
      409000  0.419926
      410000  0.410386
      411000  0.429880
      412000  0.425436
      413000  0.430802
      414000  0.432988
      415000  0.438175
      416000  0.419292
      417000  0.431602
      418000  0.425717
      419000  0.427130
      420000  0.423469
      421000  0.419735
      422000  0.421739
      423000  0.406544
      424000  0.457083
      425000  0.421788
      426000  0.426977
      427000  0.414634
      428000  0.429400
      429000  0.422889
      430000  0.432925
      431000  0.415826
      432000  0.419561
      433000  0.421124
      434000  0.422607
      435000  0.425841
      436000  0.434086
      437000  0.432366
      438000  0.438195
      439000  0.425165
      440000  0.436917
      441000  0.428099
      442000  0.436005
      443000  0.413766
      444000  0.452051
      445000  0.429518
      446000  0.431892
      447000  0.434941
      448000  0.421021
      449000  0.428200
      450000  0.414134
      451000  0.427053
      452000  0.398712
      453000  0.418651
      454000  0.420332
      455000  0.431746
      456000  0.413743
      457000  0.426622
      458000  0.418758
      459000  0.424145
      460000  0.425785
      461000  0.432187
      462000  0.420421
      463000  0.427521
      464000  0.429769
      465000  0.453330
      466000  0.427416
      467000  0.438878
      468000  0.425646
      469000  0.425890
      470000  0.425257
      471000  0.430034
      472000  0.438145
      473000  0.424715
      474000  0.428157
      475000  0.416790
      476000  0.425733
      477000  0.432020
      478000  0.428546
      479000  0.429430
      480000  0.423312
      481000  0.427911
      482000  0.468219
      483000  0.425712
      484000  0.409762
      485000  0.418890
      486000  0.431715
      487000  0.417149
      488000  0.426696
      489000  0.433638
      490000  0.417135
      491000  0.431441
      492000  0.423207
      493000  0.431845
      494000  0.429266
      495000  0.426817
      496000  0.445420
      497000  0.424185
      498000  0.429636
      499000  0.427667
      500000  0.429928
      501000  0.420857
      502000  0.428950
      503000  0.422035
      504000  0.443939
      505000  0.424684
      506000  0.434843
      507000  0.432003
      508000  0.429015
      509000  0.433642
      510000  0.429348
      511000  0.427214
      512000  0.415177
      513000  0.419524
      514000  0.426136
      515000  0.428223
      516000  0.418391
      517000  0.437077
      518000  0.422039
      519000  0.415640
      520000  0.433478
      521000  0.424613
      522000  0.429283
      523000  0.421587
      524000  0.433874
      525000  0.424189
      526000  0.424584
      527000  0.441720
      528000  0.418901
      529000  0.420462
      530000  0.431629
      531000  0.423339
      532000  0.430033
      533000  0.424549
      534000  0.436086
      535000  0.422306
      536000  0.427029
      537000  0.412721
      538000  0.426815
      539000  0.429045
      540000  0.429590
      541000  0.433075
      542000  0.427765
      543000  0.428122
      544000  0.419462
      545000  0.427000
      546000  0.432384
      547000  0.411012
      548000  0.427167
      549000  0.415789
      550000  0.452280
      551000  0.425471
      552000  0.427369
      553000  0.418826
      554000  0.437258
      555000  0.422288
      556000  0.421725
      557000  0.424882
      558000  0.415703
      559000  0.414027
      560000  0.429863
      561000  0.425706
      562000  0.431237
      563000  0.421800
      564000  0.420494
      565000  0.422913
      566000  0.417550
      567000  0.418222
      568000  0.421778
      569000  0.427882
      570000  0.428893
      571000  0.407778
      572000  0.425829
      573000  0.430144
      574000  0.422987
      575000  0.414100
      576000  0.432334
      577000  0.416792
      578000  0.417544
      579000  0.442990
      580000  0.430675
      581000  0.424694
      582000  0.420454
      583000  0.412146
      584000  0.417761
      585000  0.421986
      586000  0.429378
      587000  0.441653
      588000  0.430987
      589000  0.413458
      590000  0.431217
      591000  0.419237
      592000  0.411136
      593000  0.422438
      594000  0.429526
      595000  0.423086
      596000  0.413165
      597000  0.419135
      598000  0.424082
      599000  0.436120
      600000  0.420891
      601000  0.419830
      602000  0.424824
      603000  0.426406
      604000  0.426265
      605000  0.431786
      606000  0.427578
      607000  0.425549
      608000  0.425321
      609000  0.406410
      610000  0.438778
      611000  0.432831
      612000  0.422575
      613000  0.435118
      614000  0.417686
      615000  0.426731
      616000  0.421421
      617000  0.431766
      618000  0.412976
      619000  0.419756
      620000  0.431703
      621000  0.442382
      622000  0.422283
      623000  0.433895
      624000  0.427308
      625000  0.419312
      626000  0.429188
      627000  0.432968
      628000  0.412635
      629000  0.426786
      630000  0.431299
      631000  0.426096
      632000  0.421586
      633000  0.428902
      634000  0.437558
      635000  0.424586
      636000  0.415891
      637000  0.443282
      638000  0.422286
      639000  0.432282
      640000  0.416070
      641000  0.420655
      642000  0.432214
      643000  0.409947
      644000  0.431646
      645000  0.417179
      646000  0.413572
      647000  0.429817
      648000  0.416159
      649000  0.445203
      650000  0.426878
      651000  0.417564
      652000  0.426689
      653000  0.434748
      654000  0.419509
      655000  0.426702
      656000  0.426679
      657000  0.412984
      658000  0.421208
      659000  0.423899
      660000  0.420133
      661000  0.415720
      662000  0.427957
      663000  0.420909
      664000  0.424764
      665000  0.432654
      666000  0.415867
      667000  0.430817
      668000  0.436075
      669000  0.425983
      670000  0.425645
      671000  0.417480
      672000  0.425091
      673000  0.424698
      674000  0.428154
      675000  0.431196
      676000  0.415358
      677000  0.425447
      678000  0.425419
      679000  0.432271
      680000  0.426899
      681000  0.429627
      682000  0.427469
      683000  0.425133
      684000  0.427457
      685000  0.419020
      686000  0.443766
      687000  0.432062
      688000  0.441858
      689000  0.423028
      690000  0.416948
      691000  0.424295
      692000  0.406611
      693000  0.423248
      694000  0.434169
      695000  0.439964
      696000  0.414147
      697000  0.437017
      698000  0.421779
      699000  0.430832
      700000  0.410453
      701000  0.423929
      702000  0.424857
      703000  0.423993
      704000  0.421765
      705000  0.428475
      706000  0.441611
      707000  0.430407
      708000  0.431450
      709000  0.420247
      710000  0.422649
      711000  0.417485
      712000  0.433197
      713000  0.423590
      714000  0.434618
      715000  0.421542
      716000  0.428054
      717000  0.430966
      718000  0.418754
      719000  0.410903
      720000  0.418383
      721000  0.415308
      722000  0.438122
      723000  0.426735
      724000  0.410188
      725000  0.424013
      726000  0.430265
      727000  0.421812
      728000  0.419811
      729000  0.433259
      730000  0.428120
      731000  0.423053
      732000  0.428085
      733000  0.420252
      734000  0.413803
      735000  0.429316
      736000  0.422700
      737000  0.425057
      738000  0.418443
      739000  0.425108
      740000  0.417927
      741000  0.407842
      742000  0.413806
      743000  0.420504
      744000  0.410734
      745000  0.425364
      746000  0.420310
      747000  0.420450
      748000  0.428481
      749000  0.426189
      750000  0.415593
      751000  0.426558
      752000  0.433563
      753000  0.428503
      754000  0.418948
      755000  0.424989
      756000  0.439453
      757000  0.428070
      758000  0.431841
      759000  0.423740
      760000  0.428169
      761000  0.430545
      762000  0.431255
      763000  0.424763
      764000  0.436239
      765000  0.414776
      766000  0.417047
      767000  0.423639
      768000  0.423503
      769000  0.409899
      770000  0.426763
      771000  0.422493
      772000  0.427504
      773000  0.423051
      774000  0.418868
      775000  0.426212
      776000  0.423830
      777000  0.420025
      778000  0.422392
      779000  0.417429
      780000  0.428768
      781000  0.425560
      782000  0.432596
      783000  0.425589
      784000  0.431591
      785000  0.421413
      786000  0.430307
      787000  0.422719
      788000  0.438064
      789000  0.435519
      790000  0.427305
      791000  0.423885
      792000  0.426992
      793000  0.419545
      794000  0.425761
      795000  0.434304
      796000  0.426752
      797000  0.424320
      798000  0.409657
      799000  0.430848
      800000  0.424971
      801000  0.427301
      802000  0.413865
      803000  0.414824
      804000  0.427717
      805000  0.427573
      806000  0.419541
      807000  0.424149
      808000  0.436098
      809000  0.424598
      810000  0.420757
      811000  0.415542
      812000  0.432153
      813000  0.422987
      814000  0.422438
      815000  0.438191
      816000  0.436441
      817000  0.426032
      818000  0.432079
      819000  0.417725
      820000  0.467453
      821000  0.429367
      822000  0.425768
      823000  0.427750
      824000  0.434149
      825000  0.429912
      826000  0.425715
      827000  0.421547
      828000  0.415048
      829000  0.429886
      830000  0.429081
      831000  0.440419
      832000  0.416855
      833000  0.407282
      834000  0.436607
      835000  0.439076
      836000  0.433870
      837000  0.406496
      838000  0.448513
      839000  0.430433
      840000  0.420729
      841000  0.425695
      842000  0.432605
      843000  0.426498
      844000  0.421324
      845000  0.426511
      846000  0.413004
      847000  0.428346
      848000  0.425922
      849000  0.427431
      850000  0.433026
      851000  0.421846
      852000  0.414937
      853000  0.424630
      854000  0.425042
      855000  0.422527
      856000  0.428076
      857000  0.419469
      858000  0.430853
      859000  0.426739
      860000  0.421169
      861000  0.421190
      862000  0.427380
      863000  0.417394
      864000  0.421099
      865000  0.436977
      866000  0.436674
      867000  0.426938
      868000  0.420008
      869000  0.410045
      870000  0.428482
      871000  0.436853
      872000  0.419655
      873000  0.433424
      874000  0.433493
      875000  0.423691
      876000  0.434012
      877000  0.411633
      878000  0.428433
      879000  0.417411
      880000  0.434107
      881000  0.429673
      882000  0.440564
      883000  0.429809
      884000  0.429647
      885000  0.415172
      886000  0.432942
      887000  0.455834
      888000  0.430006
      889000  0.431997
      890000  0.430544
      891000  0.411786
      892000  0.425923
      893000  0.435243
      894000  0.430071
      895000  0.423124
      896000  0.408380
      897000  0.412510
      898000  0.430513
      899000  0.433068
      900000  0.427569
      901000  0.427121
      902000  0.419539
      903000  0.454173
      904000  0.409456
      905000  0.421221
      906000  0.422646
      907000  0.433240
      908000  0.428164
      909000  0.435823
      910000  0.426379
      911000  0.424692
      912000  0.432372
      913000  0.421886
      914000  0.418627
      915000  0.421533
      916000  0.406103
      917000  0.430128
      918000  0.440593
      919000  0.416920
      920000  0.410013
      921000  0.421057
      922000  0.421932
      923000  0.419051
      924000  0.429902
      925000  0.418309
      926000  0.428834
      927000  0.419575
      928000  0.430186
      929000  0.413795
      930000  0.427882
      931000  0.434627
      932000  0.447059
      933000  0.427052
      934000  0.421781
      935000  0.434598
      936000  0.429453
      937000  0.431588
      938000  0.433534
      939000  0.428720
      940000  0.415385
      941000  0.429205
      942000  0.412071
      943000  0.430684
      944000  0.423974
      945000  0.429796
      946000  0.415738
      947000  0.423271
      948000  0.428982
      949000  0.416010
      950000  0.415048
      951000  0.415619
      952000  0.423399
      953000  0.407611
      954000  0.423738
      955000  0.419641
      956000  0.415951
      957000  0.429221
      958000  0.422898
      959000  0.419190
      960000  0.436515
      961000  0.432668
      962000  0.410863
      963000  0.428504
      964000  0.422005
      965000  0.427404
      966000  0.422045
      967000  0.427333
      968000  0.434409
      969000  0.424598
      970000  0.427484
      971000  0.426612
      972000  0.430770
      973000  0.432923
      974000  0.426756
      975000  0.431693
      976000  0.421551
      977000  0.424734
      978000  0.432926
      979000  0.422309
      980000  0.424854
      981000  0.408127
      982000  0.435689
      983000  0.430154
      984000  0.421760
      985000  0.410571
      986000  0.425236
      987000  0.412506
      988000  0.416905
      989000  0.435427
      990000  0.426889
      991000  0.427141
      992000  0.422202
      993000  0.424702
      994000  0.432189
      995000  0.422148
      996000  0.415536
      997000  0.419970
      998000  0.432720
      999000  0.429199
     1000000  0.422617
