    genPlus1     spaQ
        1000  0.191498
        2000  0.209537
        3000  0.131692
        4000  0.237078
        5000  0.266819
        6000  0.204728
        7000  0.167273
        8000  0.161827
        9000  0.195836
       10000  0.161140
       11000  0.188625
       12000  0.149384
       13000  0.205803
       14000  0.150236
       15000  0.193014
       16000  0.199962
       17000  0.191406
       18000  0.148239
       19000  0.125658
       20000  0.196388
       21000  0.163680
       22000  0.155084
       23000  0.140368
       24000  0.184471
       25000  0.159498
       26000  0.213268
       27000  0.159089
       28000  0.199547
       29000  0.157204
       30000  0.185743
       31000  0.224549
       32000  0.226510
       33000  0.092367
       34000  0.201290
       35000  0.287151
       36000  0.190446
       37000  0.191533
       38000  0.174166
       39000  0.221379
       40000  0.194045
       41000  0.142156
       42000  0.149889
       43000  0.172255
       44000  0.145174
       45000  0.244658
       46000  0.270115
       47000  0.140516
       48000  0.132257
       49000  0.171905
       50000  0.210773
       51000  0.157703
       52000  0.203096
       53000  0.143738
       54000  0.198610
       55000  0.167617
       56000  0.221348
       57000  0.193056
       58000  0.211091
       59000  0.178802
       60000  0.189917
       61000  0.150045
       62000  0.205568
       63000  0.201709
       64000  0.150415
       65000  0.278796
       66000  0.145795
       67000  0.223845
       68000  0.232477
       69000  0.189517
       70000  0.211570
       71000  0.151147
       72000  0.171127
       73000  0.184813
       74000  0.122378
       75000  0.159610
       76000  0.211813
       77000  0.201266
       78000  0.178056
       79000  0.111417
       80000  0.160468
       81000  0.123925
       82000  0.200019
       83000  0.142279
       84000  0.215887
       85000  0.214668
       86000  0.176451
       87000  0.239834
       88000  0.199578
       89000  0.149756
       90000  0.121706
       91000  0.171308
       92000  0.163152
       93000  0.183929
       94000  0.153039
       95000  0.207351
       96000  0.166506
       97000  0.133165
       98000  0.147599
       99000  0.255761
      100000  0.187951
      101000  0.221841
      102000  0.081588
      103000  0.207560
      104000  0.166202
      105000  0.179145
      106000  0.184593
      107000  0.148435
      108000  0.220816
      109000  0.147611
      110000  0.172775
      111000  0.235429
      112000  0.139964
      113000  0.130364
      114000  0.182388
      115000  0.173695
      116000  0.151210
      117000  0.210041
      118000  0.140836
      119000  0.213258
      120000  0.155338
      121000  0.220922
      122000  0.145219
      123000  0.162233
      124000  0.110814
      125000  0.232205
      126000  0.194886
      127000  0.179688
      128000  0.186404
      129000  0.216662
      130000  0.159201
      131000  0.186021
      132000  0.144623
      133000  0.198045
      134000  0.125383
      135000  0.206609
      136000  0.213679
      137000  0.180299
      138000  0.150274
      139000  0.187673
      140000  0.129260
      141000  0.133344
      142000  0.250692
      143000  0.272238
      144000  0.151901
      145000  0.165488
      146000  0.162575
      147000  0.182494
      148000  0.204906
      149000  0.199532
      150000  0.183733
      151000  0.119097
      152000  0.215549
      153000  0.214544
      154000  0.171584
      155000  0.164176
      156000  0.211843
      157000  0.132620
      158000  0.202310
      159000  0.190233
      160000  0.169665
      161000  0.195773
      162000  0.191580
      163000  0.186233
      164000  0.184893
      165000  0.216651
      166000  0.134146
      167000  0.191269
      168000  0.220702
      169000  0.143075
      170000  0.275857
      171000  0.204816
      172000  0.223706
      173000  0.199848
      174000  0.128134
      175000  0.218717
      176000  0.281121
      177000  0.165916
      178000  0.185730
      179000  0.189061
      180000  0.148541
      181000  0.203893
      182000  0.158856
      183000  0.156179
      184000  0.141160
      185000  0.239791
      186000  0.215930
      187000  0.172016
      188000  0.153444
      189000  0.215738
      190000  0.198142
      191000  0.174878
      192000  0.222236
      193000  0.195503
      194000  0.147164
      195000  0.208982
      196000  0.225844
      197000  0.186149
      198000  0.121098
      199000  0.219368
      200000  0.202295
      201000  0.225951
      202000  0.186814
      203000  0.172952
      204000  0.241354
      205000  0.156671
      206000  0.168303
      207000  0.168767
      208000  0.240414
      209000  0.141371
      210000  0.156584
      211000  0.147791
      212000  0.186335
      213000  0.188646
      214000  0.222126
      215000  0.123527
      216000  0.164217
      217000  0.118048
      218000  0.197808
      219000  0.182464
      220000  0.166945
      221000  0.164710
      222000  0.198535
      223000  0.170191
      224000  0.302447
      225000  0.142783
      226000  0.166109
      227000  0.251402
      228000  0.149362
      229000  0.187672
      230000  0.178138
      231000  0.233331
      232000  0.156103
      233000  0.179247
      234000  0.185280
      235000  0.192632
      236000  0.195821
      237000  0.181404
      238000  0.160871
      239000  0.216190
      240000  0.167490
      241000  0.244541
      242000  0.120324
      243000  0.208184
      244000  0.189701
      245000  0.261064
      246000  0.197145
      247000  0.188358
      248000  0.169254
      249000  0.137641
      250000  0.226805
      251000  0.259666
      252000  0.201658
      253000  0.223805
      254000  0.180725
      255000  0.135914
      256000  0.173656
      257000  0.222736
      258000  0.173947
      259000  0.139093
      260000  0.189580
      261000  0.179108
      262000  0.273384
      263000  0.163478
      264000  0.196328
      265000  0.167973
      266000  0.144467
      267000  0.173312
      268000  0.243241
      269000  0.221922
      270000  0.182234
      271000  0.139997
      272000  0.188242
      273000  0.171715
      274000  0.239157
      275000  0.210062
      276000  0.227067
      277000  0.157738
      278000  0.212796
      279000  0.204602
      280000  0.206553
      281000  0.138687
      282000  0.175334
      283000  0.261573
      284000  0.164975
      285000  0.182752
      286000  0.143101
      287000  0.123263
      288000  0.194824
      289000  0.157340
      290000  0.231487
      291000  0.139719
      292000  0.243781
      293000  0.147493
      294000  0.171254
      295000  0.169535
      296000  0.244745
      297000  0.157584
      298000  0.167329
      299000  0.190022
      300000  0.162553
      301000  0.120909
      302000  0.147970
      303000  0.192591
      304000  0.205584
      305000  0.177510
      306000  0.206672
      307000  0.166862
      308000  0.181031
      309000  0.178102
      310000  0.240284
      311000  0.143366
      312000  0.220129
      313000  0.161431
      314000  0.164991
      315000  0.112413
      316000  0.181467
      317000  0.184332
      318000  0.214869
      319000  0.150370
      320000  0.137824
      321000  0.217909
      322000  0.197807
      323000  0.165619
      324000  0.239832
      325000  0.112408
      326000  0.177519
      327000  0.157120
      328000  0.197388
      329000  0.234379
      330000  0.186827
      331000  0.197648
      332000  0.233436
      333000  0.212361
      334000  0.237287
      335000  0.152022
      336000  0.257863
      337000  0.190313
      338000  0.211362
      339000  0.220590
      340000  0.191648
      341000  0.199913
      342000  0.176368
      343000  0.109600
      344000  0.165970
      345000  0.238561
      346000  0.156772
      347000  0.180481
      348000  0.194874
      349000  0.183438
      350000  0.139013
      351000  0.161216
      352000  0.147845
      353000  0.162500
      354000  0.259811
      355000  0.168197
      356000  0.200737
      357000  0.238220
      358000  0.220613
      359000  0.146992
      360000  0.188408
      361000  0.181915
      362000  0.202584
      363000  0.138422
      364000  0.184950
      365000  0.138326
      366000  0.208188
      367000  0.212598
      368000  0.188049
      369000  0.132493
      370000  0.174508
      371000  0.211081
      372000  0.244584
      373000  0.161322
      374000  0.237971
      375000  0.156398
      376000  0.154124
      377000  0.135913
      378000  0.175508
      379000  0.182796
      380000  0.215746
      381000  0.168907
      382000  0.165577
      383000  0.162835
      384000  0.164687
      385000  0.246994
      386000  0.254179
      387000  0.176786
      388000  0.190600
      389000  0.167304
      390000  0.161202
      391000  0.187075
      392000  0.115672
      393000  0.167429
      394000  0.175779
      395000  0.167593
      396000  0.246857
      397000  0.171605
      398000  0.234273
      399000  0.143255
      400000  0.196810
      401000  0.177212
      402000  0.172673
      403000  0.250853
      404000  0.164596
      405000  0.165685
      406000  0.165800
      407000  0.182022
      408000  0.176097
      409000  0.200250
      410000  0.202665
      411000  0.152696
      412000  0.228332
      413000  0.215269
      414000  0.192284
      415000  0.242235
      416000  0.143894
      417000  0.120230
      418000  0.171421
      419000  0.128904
      420000  0.155198
      421000  0.195734
      422000  0.192687
      423000  0.183127
      424000  0.205931
      425000  0.126672
      426000  0.185469
      427000  0.237165
      428000  0.182311
      429000  0.198884
      430000  0.141816
      431000  0.206137
      432000  0.222421
      433000  0.174784
      434000  0.172333
      435000  0.264767
      436000  0.207628
      437000  0.223911
      438000  0.136387
      439000  0.162617
      440000  0.177326
      441000  0.123113
      442000  0.171727
      443000  0.189262
      444000  0.259736
      445000  0.247570
      446000  0.178366
      447000  0.207124
      448000  0.146259
      449000  0.257902
      450000  0.205297
      451000  0.231404
      452000  0.115873
      453000  0.179286
      454000  0.173004
      455000  0.159356
      456000  0.246648
      457000  0.176341
      458000  0.149046
      459000  0.211695
      460000  0.315130
      461000  0.201552
      462000  0.197072
      463000  0.163882
      464000  0.176763
      465000  0.230392
      466000  0.124658
      467000  0.134127
      468000  0.184481
      469000  0.161862
      470000  0.207013
      471000  0.186595
      472000  0.213565
      473000  0.177515
      474000  0.227385
      475000  0.206399
      476000  0.183778
      477000  0.214096
      478000  0.199259
      479000  0.223887
      480000  0.189802
      481000  0.216061
      482000  0.182308
      483000  0.227331
      484000  0.183482
      485000  0.233781
      486000  0.195093
      487000  0.180906
      488000  0.147635
      489000  0.159239
      490000  0.171938
      491000  0.247853
      492000  0.198291
      493000  0.124916
      494000  0.149063
      495000  0.195060
      496000  0.198459
      497000  0.157372
      498000  0.147308
      499000  0.201377
      500000  0.167962
      501000  0.250451
      502000  0.157994
      503000  0.231897
      504000  0.236250
      505000  0.200276
      506000  0.127684
      507000  0.207981
      508000  0.152152
      509000  0.254989
      510000  0.141347
      511000  0.180912
      512000  0.165010
      513000  0.221941
      514000  0.206800
      515000  0.183146
      516000  0.205689
      517000  0.169249
      518000  0.212704
      519000  0.145575
      520000  0.199606
      521000  0.212991
      522000  0.172881
      523000  0.193047
      524000  0.158965
      525000  0.178970
      526000  0.201262
      527000  0.165496
      528000  0.220143
      529000  0.186728
      530000  0.182984
      531000  0.120958
      532000  0.143011
      533000  0.138519
      534000  0.132289
      535000  0.255081
      536000  0.201279
      537000  0.093137
      538000  0.158465
      539000  0.224343
      540000  0.168996
      541000  0.145451
      542000  0.159658
      543000  0.168927
      544000  0.198504
      545000  0.154155
      546000  0.154125
      547000  0.160783
      548000  0.173397
      549000  0.233144
      550000  0.251883
      551000  0.174426
      552000  0.179211
      553000  0.208042
      554000  0.241575
      555000  0.230146
      556000  0.140699
      557000  0.228402
      558000  0.187741
      559000  0.198831
      560000  0.148137
      561000  0.204822
      562000  0.213894
      563000  0.199786
      564000  0.165741
      565000  0.249794
      566000  0.151447
      567000  0.173244
      568000  0.219614
      569000  0.197407
      570000  0.186059
      571000  0.157078
      572000  0.155870
      573000  0.228384
      574000  0.174708
      575000  0.188760
      576000  0.199852
      577000  0.175530
      578000  0.181131
      579000  0.161667
      580000  0.215863
      581000  0.193026
      582000  0.241523
      583000  0.145161
      584000  0.161638
      585000  0.166880
      586000  0.194757
      587000  0.213271
      588000  0.147691
      589000  0.212728
      590000  0.213303
      591000  0.212270
      592000  0.211754
      593000  0.231633
      594000  0.168603
      595000  0.204172
      596000  0.202350
      597000  0.192090
      598000  0.148882
      599000  0.117065
      600000  0.234662
      601000  0.229657
      602000  0.229948
      603000  0.225090
      604000  0.133893
      605000  0.153890
      606000  0.170261
      607000  0.207798
      608000  0.183510
      609000  0.197463
      610000  0.121323
      611000  0.216460
      612000  0.170276
      613000  0.181400
      614000  0.204856
      615000  0.289726
      616000  0.230552
      617000  0.174520
      618000  0.190836
      619000  0.204723
      620000  0.170027
      621000  0.212601
      622000  0.120250
      623000  0.268365
      624000  0.215859
      625000  0.209033
      626000  0.194840
      627000  0.208539
      628000  0.195441
      629000  0.146841
      630000  0.226670
      631000  0.214747
      632000  0.161296
      633000  0.173568
      634000  0.187975
      635000  0.123869
      636000  0.135593
      637000  0.206799
      638000  0.168905
      639000  0.152531
      640000  0.169120
      641000  0.162355
      642000  0.082498
      643000  0.138028
      644000  0.164656
      645000  0.162140
      646000  0.193371
      647000  0.154891
      648000  0.217988
      649000  0.217691
      650000  0.204481
      651000  0.174636
      652000  0.183410
      653000  0.228922
      654000  0.223922
      655000  0.203339
      656000  0.177306
      657000  0.176828
      658000  0.173016
      659000  0.175830
      660000  0.153630
      661000  0.133125
      662000  0.195671
      663000  0.202893
      664000  0.199945
      665000  0.153524
      666000  0.152121
      667000  0.171909
      668000  0.228358
      669000  0.220183
      670000  0.142530
      671000  0.175449
      672000  0.172424
      673000  0.151065
      674000  0.208358
      675000  0.191249
      676000  0.147539
      677000  0.158624
      678000  0.175078
      679000  0.182308
      680000  0.209863
      681000  0.244106
      682000  0.160040
      683000  0.194565
      684000  0.162712
      685000  0.202618
      686000  0.143388
      687000  0.247405
      688000  0.196516
      689000  0.143456
      690000  0.169618
      691000  0.223950
      692000  0.320924
      693000  0.204608
      694000  0.248853
      695000  0.189551
      696000  0.215290
      697000  0.160359
      698000  0.223385
      699000  0.137018
      700000  0.178579
      701000  0.151751
      702000  0.221563
      703000  0.176918
      704000  0.170382
      705000  0.198675
      706000  0.166601
      707000  0.232835
      708000  0.194577
      709000  0.159794
      710000  0.246579
      711000  0.238634
      712000  0.178759
      713000  0.170052
      714000  0.149460
      715000  0.199279
      716000  0.163459
      717000  0.203413
      718000  0.141352
      719000  0.189700
      720000  0.153816
      721000  0.192218
      722000  0.103539
      723000  0.221318
      724000  0.156677
      725000  0.120311
      726000  0.137056
      727000  0.150762
      728000  0.234433
      729000  0.144733
      730000  0.152246
      731000  0.172675
      732000  0.176539
      733000  0.199310
      734000  0.249863
      735000  0.146483
      736000  0.160913
      737000  0.173516
      738000  0.254101
      739000  0.235793
      740000  0.223807
      741000  0.226962
      742000  0.207966
      743000  0.176704
      744000  0.192495
      745000  0.151181
      746000  0.244171
      747000  0.151542
      748000  0.260227
      749000  0.168517
      750000  0.282178
      751000  0.167929
      752000  0.180031
      753000  0.175036
      754000  0.171621
      755000  0.196824
      756000  0.217489
      757000  0.143466
      758000  0.186917
      759000  0.125430
      760000  0.210722
      761000  0.226844
      762000  0.183246
      763000  0.114690
      764000  0.166700
      765000  0.151859
      766000  0.189140
      767000  0.215549
      768000  0.178589
      769000  0.175949
      770000  0.229009
      771000  0.187341
      772000  0.227959
      773000  0.226534
      774000  0.187307
      775000  0.175390
      776000  0.192174
      777000  0.219504
      778000  0.162551
      779000  0.240075
      780000  0.210950
      781000  0.185078
      782000  0.244016
      783000  0.169762
      784000  0.194144
      785000  0.192038
      786000  0.223402
      787000  0.162564
      788000  0.210740
      789000  0.197727
      790000  0.154328
      791000  0.163597
      792000  0.209487
      793000  0.168339
      794000  0.189755
      795000  0.175809
      796000  0.224460
      797000  0.151923
      798000  0.238059
      799000  0.196086
      800000  0.175553
      801000  0.241906
      802000  0.244067
      803000  0.168611
      804000  0.135448
      805000  0.136567
      806000  0.234585
      807000  0.213377
      808000  0.162147
      809000  0.181014
      810000  0.176022
      811000  0.164489
      812000  0.190990
      813000  0.109641
      814000  0.126432
      815000  0.232465
      816000  0.124428
      817000  0.174231
      818000  0.184040
      819000  0.128903
      820000  0.202996
      821000  0.158464
      822000  0.135830
      823000  0.102448
      824000  0.162399
      825000  0.164804
      826000  0.110782
      827000  0.188562
      828000  0.166748
      829000  0.222100
      830000  0.240503
      831000  0.190977
      832000  0.224045
      833000  0.184206
      834000  0.187271
      835000  0.142710
      836000  0.132298
      837000  0.131189
      838000  0.288611
      839000  0.212466
      840000  0.127129
      841000  0.210959
      842000  0.161012
      843000  0.141556
      844000  0.182745
      845000  0.221213
      846000  0.233523
      847000  0.179511
      848000  0.186252
      849000  0.212045
      850000  0.174995
      851000  0.215587
      852000  0.205336
      853000  0.226289
      854000  0.144204
      855000  0.180988
      856000  0.243800
      857000  0.162570
      858000  0.234925
      859000  0.145776
      860000  0.142568
      861000  0.146693
      862000  0.145106
      863000  0.189044
      864000  0.201871
      865000  0.168234
      866000  0.184474
      867000  0.208933
      868000  0.162447
      869000  0.177734
      870000  0.184790
      871000  0.148598
      872000  0.129979
      873000  0.160599
      874000  0.202132
      875000  0.202659
      876000  0.224490
      877000  0.125768
      878000  0.168855
      879000  0.251722
      880000  0.218322
      881000  0.162105
      882000  0.203855
      883000  0.263313
      884000  0.227814
      885000  0.148197
      886000  0.195758
      887000  0.182138
      888000  0.213061
      889000  0.142283
      890000  0.185786
      891000  0.213042
      892000  0.227504
      893000  0.167705
      894000  0.243552
      895000  0.165436
      896000  0.135052
      897000  0.133760
      898000  0.185061
      899000  0.221061
      900000  0.162208
      901000  0.171915
      902000  0.181060
      903000  0.165654
      904000  0.213512
      905000  0.229852
      906000  0.162071
      907000  0.188859
      908000  0.146977
      909000  0.254750
      910000  0.176199
      911000  0.206945
      912000  0.253442
      913000  0.176199
      914000  0.166767
      915000  0.174311
      916000  0.209371
      917000  0.156299
      918000  0.206064
      919000  0.178675
      920000  0.166128
      921000  0.124703
      922000  0.116022
      923000  0.187192
      924000  0.233531
      925000  0.223410
      926000  0.182839
      927000  0.153722
      928000  0.153127
      929000  0.185636
      930000  0.171053
      931000  0.183289
      932000  0.230580
      933000  0.181796
      934000  0.218130
      935000  0.238996
      936000  0.207408
      937000  0.151742
      938000  0.210085
      939000  0.134160
      940000  0.197253
      941000  0.235496
      942000  0.177655
      943000  0.184737
      944000  0.166720
      945000  0.274077
      946000  0.145582
      947000  0.222356
      948000  0.112743
      949000  0.233767
      950000  0.195087
      951000  0.155583
      952000  0.250172
      953000  0.186527
      954000  0.161106
      955000  0.194601
      956000  0.174844
      957000  0.195574
      958000  0.187724
      959000  0.198316
      960000  0.198907
      961000  0.255121
      962000  0.152265
      963000  0.237823
      964000  0.183486
      965000  0.171742
      966000  0.237086
      967000  0.209260
      968000  0.209020
      969000  0.140285
      970000  0.187370
      971000  0.205483
      972000  0.213898
      973000  0.107248
      974000  0.207614
      975000  0.162227
      976000  0.154082
      977000  0.209279
      978000  0.278587
      979000  0.153897
      980000  0.213523
      981000  0.171193
      982000  0.156804
      983000  0.147523
      984000  0.193959
      985000  0.205933
      986000  0.214258
      987000  0.239523
      988000  0.214530
      989000  0.269482
      990000  0.284127
      991000  0.181121
      992000  0.192825
      993000  0.169101
      994000  0.238696
      995000  0.226900
      996000  0.110511
      997000  0.220482
      998000  0.194584
      999000  0.185343
     1000000  0.159604
