       1000 -786.631570
       2000 -786.719669
       3000 -786.695330
       4000 -786.754580
       5000 -786.681692
       6000 -786.708664
       7000 -786.865123
       8000 -787.245862
       9000 -787.248532
      10000 -786.572215
      11000 -788.287776
      12000 -786.757230
      13000 -786.572234
      14000 -786.568820
      15000 -787.006305
      16000 -786.612311
      17000 -786.686200
      18000 -789.033868
      19000 -786.977864
      20000 -786.737041
      21000 -787.449372
      22000 -787.329033
      23000 -786.570304
      24000 -786.755129
      25000 -786.574286
      26000 -786.714931
      27000 -787.161193
      28000 -786.575585
      29000 -787.774740
      30000 -788.966917
      31000 -786.569478
      32000 -787.476229
      33000 -790.625215
      34000 -791.673916
      35000 -787.952180
      36000 -788.130946
      37000 -786.572520
      38000 -786.868100
      39000 -786.789895
      40000 -786.748902
      41000 -786.754376
      42000 -786.863835
      43000 -786.577625
      44000 -786.584158
      45000 -787.384657
      46000 -788.985001
      47000 -786.581942
      48000 -786.763019
      49000 -789.822105
      50000 -787.706932
      51000 -786.602161
      52000 -787.673070
      53000 -787.500662
      54000 -787.728909
      55000 -786.800499
      56000 -790.328911
      57000 -788.035822
      58000 -786.729602
      59000 -786.684653
      60000 -786.959369
      61000 -786.682352
      62000 -787.410809
      63000 -787.843409
      64000 -786.832272
      65000 -788.327560
      66000 -787.228424
      67000 -787.070769
      68000 -787.600594
      69000 -786.798033
      70000 -786.573855
      71000 -787.055831
      72000 -786.594976
      73000 -787.507748
      74000 -786.657446
      75000 -786.575895
      76000 -786.600193
      77000 -786.915393
      78000 -786.617823
      79000 -787.024783
      80000 -787.408298
      81000 -786.921706
      82000 -787.232477
      83000 -786.849788
      84000 -788.221912
      85000 -787.300366
      86000 -786.676835
      87000 -787.103289
      88000 -786.761393
      89000 -786.799867
      90000 -786.713907
      91000 -788.552427
      92000 -786.867925
      93000 -786.644496
      94000 -786.978992
      95000 -786.695217
      96000 -786.568880
      97000 -787.352877
      98000 -786.587307
      99000 -786.892919
     100000 -786.752446
     101000 -786.581855
     102000 -786.609308
     103000 -786.718690
     104000 -787.479183
     105000 -786.573654
     106000 -786.974879
     107000 -787.892023
     108000 -787.627412
     109000 -786.682024
     110000 -786.576523
     111000 -788.404583
     112000 -788.073693
     113000 -786.569020
     114000 -786.661376
     115000 -786.617956
     116000 -786.574139
     117000 -788.498056
     118000 -786.734471
     119000 -791.689082
     120000 -786.569382
     121000 -786.668882
     122000 -786.897701
     123000 -786.574572
     124000 -786.634178
     125000 -786.619075
     126000 -787.514343
     127000 -786.954953
     128000 -786.574436
     129000 -786.650618
     130000 -786.613937
     131000 -786.775600
     132000 -786.612351
     133000 -787.918562
     134000 -786.672282
     135000 -786.571107
     136000 -786.633781
     137000 -789.069184
     138000 -786.578340
     139000 -786.661253
     140000 -786.875079
     141000 -786.595414
     142000 -786.635226
     143000 -786.609756
     144000 -787.620802
     145000 -786.768543
     146000 -786.600924
     147000 -787.642247
     148000 -786.611159
     149000 -786.598997
     150000 -786.731952
     151000 -786.607864
     152000 -786.574978
     153000 -787.216130
     154000 -786.978388
     155000 -786.570683
     156000 -786.569713
     157000 -786.624512
     158000 -787.058465
     159000 -788.666258
     160000 -786.574219
     161000 -786.740420
     162000 -786.577726
     163000 -786.660438
     164000 -786.733073
     165000 -786.795901
     166000 -786.576058
     167000 -786.626116
     168000 -786.568954
     169000 -787.440144
     170000 -786.570253
     171000 -787.928265
     172000 -786.952396
     173000 -786.619608
     174000 -786.633550
     175000 -786.906470
     176000 -786.983196
     177000 -786.600912
     178000 -786.630167
     179000 -786.568853
     180000 -786.918758
     181000 -786.580364
     182000 -786.608799
     183000 -786.900519
     184000 -786.927983
     185000 -786.776533
     186000 -786.690411
     187000 -787.012530
     188000 -786.790813
     189000 -786.766353
     190000 -786.865255
     191000 -787.214346
     192000 -787.717830
     193000 -786.570134
     194000 -786.599671
     195000 -786.575166
     196000 -786.804257
     197000 -786.568855
     198000 -786.843827
     199000 -786.644830
     200000 -787.285000
     201000 -786.618639
     202000 -787.093604
     203000 -786.618985
     204000 -788.253876
     205000 -787.143392
     206000 -786.789642
     207000 -786.578133
     208000 -786.575715
     209000 -788.004628
     210000 -786.574132
     211000 -786.593315
     212000 -786.729600
     213000 -786.961856
     214000 -789.433729
     215000 -786.590394
     216000 -786.589017
     217000 -786.582556
     218000 -787.212850
     219000 -786.716030
     220000 -787.860590
     221000 -787.347205
     222000 -786.720313
     223000 -786.581689
     224000 -786.572602
     225000 -786.672657
     226000 -786.586946
     227000 -786.676959
     228000 -786.577489
     229000 -786.730094
     230000 -788.625801
     231000 -787.529309
     232000 -788.070742
     233000 -787.038616
     234000 -787.838801
     235000 -786.647315
     236000 -786.614233
     237000 -786.918315
     238000 -786.836304
     239000 -786.595796
     240000 -786.768201
     241000 -788.247325
     242000 -786.955209
     243000 -787.368944
     244000 -786.655522
     245000 -787.362592
     246000 -787.250008
     247000 -786.601538
     248000 -787.038184
     249000 -786.969155
     250000 -787.361706
     251000 -790.379455
     252000 -786.571210
     253000 -786.674502
     254000 -787.897831
     255000 -786.647272
     256000 -787.316355
     257000 -786.862081
     258000 -786.573920
     259000 -786.588518
     260000 -786.993606
     261000 -787.421153
     262000 -787.176971
     263000 -789.164616
     264000 -786.595200
     265000 -786.839868
     266000 -787.454804
     267000 -786.755580
     268000 -787.635608
     269000 -786.859333
     270000 -786.959448
     271000 -786.768405
     272000 -787.833781
     273000 -786.715304
     274000 -786.675341
     275000 -786.885178
     276000 -786.605726
     277000 -787.086629
     278000 -787.882750
     279000 -786.908617
     280000 -787.818386
     281000 -786.633437
     282000 -787.016341
     283000 -787.152378
     284000 -794.346311
     285000 -786.751959
     286000 -786.605751
     287000 -786.579682
     288000 -790.146667
     289000 -786.703377
     290000 -786.980318
     291000 -787.534956
     292000 -787.135759
     293000 -786.907919
     294000 -786.698449
     295000 -786.673219
     296000 -787.790910
     297000 -786.744477
     298000 -786.613809
     299000 -787.370273
     300000 -788.005403
     301000 -786.629538
     302000 -788.173241
     303000 -787.236310
     304000 -787.295584
     305000 -786.577478
     306000 -786.630639
     307000 -787.168999
     308000 -786.589600
     309000 -786.583487
     310000 -787.907630
     311000 -788.832107
     312000 -786.692100
     313000 -786.873158
     314000 -787.261388
     315000 -786.654026
     316000 -788.144453
     317000 -786.821286
     318000 -787.034754
     319000 -787.913728
     320000 -787.406537
     321000 -786.688096
     322000 -789.677971
     323000 -786.573320
     324000 -788.227336
     325000 -786.672938
     326000 -786.588609
     327000 -786.569445
     328000 -787.054620
     329000 -786.823728
     330000 -786.583676
     331000 -786.669183
     332000 -787.318436
     333000 -786.889572
     334000 -788.087059
     335000 -787.743626
     336000 -786.570467
     337000 -788.764403
     338000 -787.213958
     339000 -786.850606
     340000 -786.900261
     341000 -786.607738
     342000 -787.457889
     343000 -786.898918
     344000 -786.607521
     345000 -786.596762
     346000 -786.981561
     347000 -786.582026
     348000 -786.890512
     349000 -786.976905
     350000 -788.248497
     351000 -786.863050
     352000 -786.569090
     353000 -791.972806
     354000 -787.463297
     355000 -786.596382
     356000 -787.963817
     357000 -786.569720
     358000 -787.258356
     359000 -786.619796
     360000 -786.578479
     361000 -786.603781
     362000 -786.899919
     363000 -786.700673
     364000 -786.724386
     365000 -786.671068
     366000 -787.070659
     367000 -786.700730
     368000 -787.628220
     369000 -787.283898
     370000 -786.704871
     371000 -786.885240
     372000 -787.350200
     373000 -787.015478
     374000 -788.010530
     375000 -786.672279
     376000 -786.670320
     377000 -786.572326
     378000 -786.571109
     379000 -788.963150
     380000 -786.625486
     381000 -786.803956
     382000 -786.635751
     383000 -786.632270
     384000 -786.852294
     385000 -790.492685
     386000 -787.503373
     387000 -786.870900
     388000 -786.627392
     389000 -786.676863
     390000 -787.336640
     391000 -787.032391
     392000 -786.799907
     393000 -787.042621
     394000 -786.695497
     395000 -787.417844
     396000 -786.568923
     397000 -786.687057
     398000 -787.144826
     399000 -790.603522
     400000 -787.206430
     401000 -787.291722
     402000 -786.647743
     403000 -786.596274
     404000 -786.583577
     405000 -786.568747
     406000 -786.687236
     407000 -786.580586
     408000 -786.648248
     409000 -792.021949
     410000 -786.801421
     411000 -786.569834
     412000 -786.685604
     413000 -786.572973
     414000 -787.423774
     415000 -787.249496
     416000 -786.604926
     417000 -786.724764
     418000 -787.203983
     419000 -788.088046
     420000 -786.917589
     421000 -786.805815
     422000 -788.467786
     423000 -786.601786
     424000 -786.569815
     425000 -788.753517
     426000 -787.557224
     427000 -786.815069
     428000 -786.936511
     429000 -786.674000
     430000 -786.797903
     431000 -786.857565
     432000 -786.644241
     433000 -787.102422
     434000 -787.369507
     435000 -786.590687
     436000 -786.599211
     437000 -786.664932
     438000 -786.575163
     439000 -786.571072
     440000 -788.911035
     441000 -786.631102
     442000 -786.894648
     443000 -786.619194
     444000 -786.643236
     445000 -787.189386
     446000 -786.680283
     447000 -786.973676
     448000 -787.743591
     449000 -786.669245
     450000 -787.024247
     451000 -786.582088
     452000 -786.569684
     453000 -786.584212
     454000 -786.658068
     455000 -786.810812
     456000 -787.351738
     457000 -786.921680
     458000 -790.812074
     459000 -786.573846
     460000 -787.530038
     461000 -786.595355
     462000 -786.893907
     463000 -786.943400
     464000 -786.641658
     465000 -787.908367
     466000 -786.578253
     467000 -786.594552
     468000 -786.569711
     469000 -788.287617
     470000 -786.568784
     471000 -787.334003
     472000 -787.032732
     473000 -787.996251
     474000 -786.578144
     475000 -786.573165
     476000 -786.591623
     477000 -786.606616
     478000 -786.755429
     479000 -786.708668
     480000 -786.628622
     481000 -786.678332
     482000 -787.224122
     483000 -787.607114
     484000 -786.722783
     485000 -786.892028
     486000 -786.629886
     487000 -786.623687
     488000 -787.139882
     489000 -787.794233
     490000 -786.640853
     491000 -786.580501
     492000 -787.364356
     493000 -787.318329
     494000 -786.826678
     495000 -786.711250
     496000 -786.770057
     497000 -787.654841
     498000 -786.571087
     499000 -786.575239
     500000 -786.762191
     501000 -786.810025
     502000 -786.979192
     503000 -788.494976
     504000 -788.668784
     505000 -790.337970
     506000 -786.985710
     507000 -786.646147
     508000 -787.520880
     509000 -786.570308
     510000 -786.584345
     511000 -786.776292
     512000 -788.638924
     513000 -786.576418
     514000 -786.690020
     515000 -786.692984
     516000 -786.615193
     517000 -786.746199
     518000 -787.516273
     519000 -786.736965
     520000 -786.713776
     521000 -790.449212
     522000 -786.917045
     523000 -790.018572
     524000 -786.591822
     525000 -786.853078
     526000 -786.721889
     527000 -787.367633
     528000 -792.247105
     529000 -788.731370
     530000 -786.970927
     531000 -786.657681
     532000 -787.003238
     533000 -786.605982
     534000 -786.831391
     535000 -788.046827
     536000 -786.610637
     537000 -786.744575
     538000 -786.589751
     539000 -786.645485
     540000 -786.999070
     541000 -786.831710
     542000 -786.583136
     543000 -786.961826
     544000 -786.747005
     545000 -787.726454
     546000 -786.631066
     547000 -786.625746
     548000 -789.940849
     549000 -786.569073
     550000 -786.745883
     551000 -787.036757
     552000 -786.743526
     553000 -788.847517
     554000 -787.060826
     555000 -786.909382
     556000 -786.620358
     557000 -786.717329
     558000 -786.764420
     559000 -786.575599
     560000 -786.575535
     561000 -787.467305
     562000 -787.258601
     563000 -786.680050
     564000 -786.629588
     565000 -786.577324
     566000 -787.201626
     567000 -786.581419
     568000 -788.003265
     569000 -786.892461
     570000 -787.470212
     571000 -786.585149
     572000 -786.859326
     573000 -786.569585
     574000 -786.569430
     575000 -787.628189
     576000 -786.637769
     577000 -786.573755
     578000 -786.626433
     579000 -786.578289
     580000 -786.748244
     581000 -789.365643
     582000 -788.419371
     583000 -786.969024
     584000 -786.570181
     585000 -786.572228
     586000 -787.829689
     587000 -786.817572
     588000 -786.635719
     589000 -787.257906
     590000 -787.951264
     591000 -788.950847
     592000 -786.624846
     593000 -787.123844
     594000 -786.656706
     595000 -788.735177
     596000 -786.951263
     597000 -786.677507
     598000 -786.702369
     599000 -786.720021
     600000 -787.391232
     601000 -787.036164
     602000 -787.793552
     603000 -786.631922
     604000 -786.655385
     605000 -787.474747
     606000 -786.651645
     607000 -786.613108
     608000 -786.585079
     609000 -786.614724
     610000 -786.578960
     611000 -786.572546
     612000 -787.545495
     613000 -786.874323
     614000 -787.183146
     615000 -786.752378
     616000 -787.989886
     617000 -786.595107
     618000 -786.627080
     619000 -786.931824
     620000 -786.592349
     621000 -786.843032
     622000 -786.865107
     623000 -786.631945
     624000 -787.624726
     625000 -786.600146
     626000 -786.865808
     627000 -786.752263
     628000 -786.747627
     629000 -786.667379
     630000 -786.998406
     631000 -787.763694
     632000 -790.682420
     633000 -788.416325
     634000 -786.945426
     635000 -786.617133
     636000 -786.630812
     637000 -786.569591
     638000 -786.807594
     639000 -786.709092
     640000 -788.687126
     641000 -786.944646
     642000 -786.578181
     643000 -787.005764
     644000 -786.631476
     645000 -786.569219
     646000 -786.690433
     647000 -787.370333
     648000 -787.230247
     649000 -786.621634
     650000 -786.690852
     651000 -787.794607
     652000 -786.791981
     653000 -786.993724
     654000 -786.583039
     655000 -786.873455
     656000 -786.869260
     657000 -786.723945
     658000 -786.904715
     659000 -786.887330
     660000 -786.588166
     661000 -786.569209
     662000 -788.216337
     663000 -787.430974
     664000 -787.235121
     665000 -786.668717
     666000 -787.385050
     667000 -788.550207
     668000 -786.593318
     669000 -786.690575
     670000 -787.287368
     671000 -788.397525
     672000 -786.653576
     673000 -786.569447
     674000 -786.647702
     675000 -786.604295
     676000 -787.041790
     677000 -786.606717
     678000 -786.709324
     679000 -786.925135
     680000 -786.570064
     681000 -787.942375
     682000 -786.569657
     683000 -786.887659
     684000 -788.203218
     685000 -786.869971
     686000 -786.599542
     687000 -787.040904
     688000 -787.940433
     689000 -787.295977
     690000 -786.569026
     691000 -786.779705
     692000 -786.831840
     693000 -786.950289
     694000 -786.575347
     695000 -786.827168
     696000 -786.760130
     697000 -786.569178
     698000 -787.843568
     699000 -787.159269
     700000 -787.840027
     701000 -786.583855
     702000 -786.643634
     703000 -786.788515
     704000 -787.292693
     705000 -787.157315
     706000 -786.647651
     707000 -787.132183
     708000 -786.711310
     709000 -788.452578
     710000 -786.708070
     711000 -786.754909
     712000 -786.583714
     713000 -786.708380
     714000 -788.073744
     715000 -786.646508
     716000 -787.587523
     717000 -788.905350
     718000 -786.971627
     719000 -786.810125
     720000 -787.489441
     721000 -786.589369
     722000 -786.752914
     723000 -786.645796
     724000 -787.542946
     725000 -787.398301
     726000 -786.886056
     727000 -786.588048
     728000 -786.933641
     729000 -787.263436
     730000 -787.568363
     731000 -787.190190
     732000 -786.597146
     733000 -786.875388
     734000 -786.807978
     735000 -786.600980
     736000 -786.571364
     737000 -786.916000
     738000 -786.856624
     739000 -789.335659
     740000 -786.570631
     741000 -786.585887
     742000 -786.568767
     743000 -786.630331
     744000 -786.569886
     745000 -788.784189
     746000 -787.375483
     747000 -786.893124
     748000 -789.166515
     749000 -788.456657
     750000 -787.409141
     751000 -786.718413
     752000 -786.749044
     753000 -786.839372
     754000 -787.165133
     755000 -789.517267
     756000 -788.826877
     757000 -786.569401
     758000 -786.568820
     759000 -787.093967
     760000 -786.627260
     761000 -786.731023
     762000 -786.585923
     763000 -787.032369
     764000 -786.698603
     765000 -787.631137
     766000 -786.598713
     767000 -786.870159
     768000 -786.578033
     769000 -787.125945
     770000 -787.612531
     771000 -786.615789
     772000 -786.885922
     773000 -787.565240
     774000 -786.747537
     775000 -786.617737
     776000 -786.583774
     777000 -786.887091
     778000 -787.409243
     779000 -786.657610
     780000 -786.906915
     781000 -786.851451
     782000 -787.045107
     783000 -786.894705
     784000 -787.582625
     785000 -786.832732
     786000 -787.028681
     787000 -786.641530
     788000 -786.604512
     789000 -786.622924
     790000 -787.470212
     791000 -786.610503
     792000 -786.713140
     793000 -787.006903
     794000 -787.027407
     795000 -787.632886
     796000 -786.570041
     797000 -787.336682
     798000 -786.930730
     799000 -786.592962
     800000 -786.824615
     801000 -787.032715
     802000 -786.572768
     803000 -786.901476
     804000 -786.581015
     805000 -786.570410
     806000 -786.595233
     807000 -787.157628
     808000 -787.629085
     809000 -787.237426
     810000 -787.983542
     811000 -786.758146
     812000 -787.340874
     813000 -786.592671
     814000 -786.669134
     815000 -786.910442
     816000 -787.136096
     817000 -786.797033
     818000 -787.938369
     819000 -786.906654
     820000 -787.048694
     821000 -787.070713
     822000 -786.813294
     823000 -787.442102
     824000 -786.748392
     825000 -786.618812
     826000 -786.569669
     827000 -786.592456
     828000 -786.570197
     829000 -786.936953
     830000 -786.689291
     831000 -787.132380
     832000 -786.580481
     833000 -787.633675
     834000 -786.911640
     835000 -786.722645
     836000 -786.628484
     837000 -786.607608
     838000 -788.255561
     839000 -787.337886
     840000 -786.704020
     841000 -787.149884
     842000 -786.659671
     843000 -788.481534
     844000 -786.737957
     845000 -786.589956
     846000 -787.014594
     847000 -787.225945
     848000 -786.849748
     849000 -786.593189
     850000 -787.089234
     851000 -786.917285
     852000 -787.627057
     853000 -787.101213
     854000 -787.588830
     855000 -786.569189
     856000 -786.701758
     857000 -786.598898
     858000 -786.584188
     859000 -786.629289
     860000 -786.600525
     861000 -790.252671
     862000 -786.614672
     863000 -786.610010
     864000 -787.252842
     865000 -787.214774
     866000 -786.588564
     867000 -786.591337
     868000 -786.722549
     869000 -787.061169
     870000 -786.907786
     871000 -786.939795
     872000 -786.621922
     873000 -786.631048
     874000 -787.098266
     875000 -786.619893
     876000 -789.937140
     877000 -786.647141
     878000 -787.978975
     879000 -786.580829
     880000 -786.577057
     881000 -787.875535
     882000 -786.738403
     883000 -786.740608
     884000 -786.988274
     885000 -786.648942
     886000 -789.824033
     887000 -786.825290
     888000 -786.659981
     889000 -786.600257
     890000 -788.878509
     891000 -786.569893
     892000 -786.580311
     893000 -786.991427
     894000 -786.700237
     895000 -787.482813
     896000 -787.625179
     897000 -787.336813
     898000 -788.421344
     899000 -786.865050
     900000 -786.582414
     901000 -786.627175
     902000 -786.810861
     903000 -787.448773
     904000 -786.592880
     905000 -787.021738
     906000 -786.869450
     907000 -786.663104
     908000 -786.715809
     909000 -786.920917
     910000 -786.623301
     911000 -786.735142
     912000 -787.157919
     913000 -786.720819
     914000 -787.118575
     915000 -787.222608
     916000 -786.950321
     917000 -786.769779
     918000 -787.432205
     919000 -787.621771
     920000 -787.249242
     921000 -787.045664
     922000 -786.586309
     923000 -787.405851
     924000 -787.038085
     925000 -786.629598
     926000 -786.588272
     927000 -787.580586
     928000 -786.571451
     929000 -786.580148
     930000 -789.832411
     931000 -786.570972
     932000 -786.643912
     933000 -786.729778
     934000 -787.334954
     935000 -787.328689
     936000 -786.572282
     937000 -788.260345
     938000 -787.406232
     939000 -786.746436
     940000 -787.327305
     941000 -786.628058
     942000 -786.571470
     943000 -786.591911
     944000 -787.627895
     945000 -786.673830
     946000 -786.579557
     947000 -786.965402
     948000 -787.395012
     949000 -786.944759
     950000 -787.024437
     951000 -786.695308
     952000 -788.637250
     953000 -786.575201
     954000 -787.835377
     955000 -787.529821
     956000 -787.629860
     957000 -787.209703
     958000 -787.248263
     959000 -786.568739
     960000 -787.087317
     961000 -786.594999
     962000 -787.286466
     963000 -787.149751
     964000 -786.740118
     965000 -786.973554
     966000 -787.158858
     967000 -787.027615
     968000 -786.599707
     969000 -786.568763
     970000 -786.568898
     971000 -786.573608
     972000 -786.574424
     973000 -786.666112
     974000 -786.911270
     975000 -787.086131
     976000 -786.770969
     977000 -786.617990
     978000 -786.758813
     979000 -786.570023
     980000 -787.020923
     981000 -787.418632
     982000 -787.820466
     983000 -786.639623
     984000 -786.569088
     985000 -787.489335
     986000 -786.833530
     987000 -787.012918
     988000 -787.914738
     989000 -787.174382
     990000 -786.738698
     991000 -786.964626
     992000 -786.581047
     993000 -787.033386
     994000 -786.575687
     995000 -787.181155
     996000 -786.614573
     997000 -786.954182
     998000 -786.573225
     999000 -786.574373
    1000000 -787.034478
