    genPlus1     spaQ
        1000  0.430772
        2000  0.410392
        3000  0.398092
        4000  0.431926
        5000  0.426014
        6000  0.398975
        7000  0.435754
        8000  0.411926
        9000  0.447167
       10000  0.408450
       11000  0.401152
       12000  0.432880
       13000  0.441775
       14000  0.438220
       15000  0.409662
       16000  0.415835
       17000  0.412240
       18000  0.419697
       19000  0.410571
       20000  0.445314
       21000  0.440119
       22000  0.437158
       23000  0.404287
       24000  0.423819
       25000  0.413756
       26000  0.422871
       27000  0.436754
       28000  0.405958
       29000  0.450637
       30000  0.410783
       31000  0.413341
       32000  0.435312
       33000  0.418807
       34000  0.433296
       35000  0.440663
       36000  0.437239
       37000  0.423304
       38000  0.428696
       39000  0.446753
       40000  0.387653
       41000  0.420019
       42000  0.409486
       43000  0.411131
       44000  0.437674
       45000  0.431953
       46000  0.415208
       47000  0.448858
       48000  0.408749
       49000  0.439730
       50000  0.439132
       51000  0.405424
       52000  0.408527
       53000  0.425387
       54000  0.437080
       55000  0.443099
       56000  0.392999
       57000  0.406402
       58000  0.417905
       59000  0.411673
       60000  0.408407
       61000  0.433708
       62000  0.409905
       63000  0.412158
       64000  0.405236
       65000  0.444693
       66000  0.425162
       67000  0.431309
       68000  0.411191
       69000  0.447965
       70000  0.401647
       71000  0.437664
       72000  0.406681
       73000  0.449472
       74000  0.409813
       75000  0.407178
       76000  0.440920
       77000  0.413667
       78000  0.409316
       79000  0.401796
       80000  0.442021
       81000  0.387473
       82000  0.415691
       83000  0.443140
       84000  0.436018
       85000  0.413055
       86000  0.425250
       87000  0.423697
       88000  0.410224
       89000  0.398444
       90000  0.427125
       91000  0.441244
       92000  0.431128
       93000  0.411479
       94000  0.412553
       95000  0.390699
       96000  0.450053
       97000  0.400846
       98000  0.432768
       99000  0.403851
      100000  0.440632
      101000  0.434443
      102000  0.417203
      103000  0.404111
      104000  0.401410
      105000  0.434011
      106000  0.424524
      107000  0.410216
      108000  0.453601
      109000  0.412964
      110000  0.402049
      111000  0.419844
      112000  0.405047
      113000  0.432505
      114000  0.436572
      115000  0.408270
      116000  0.418812
      117000  0.460210
      118000  0.438306
      119000  0.403599
      120000  0.420518
      121000  0.417294
      122000  0.400026
      123000  0.414101
      124000  0.420742
      125000  0.431222
      126000  0.432016
      127000  0.431333
      128000  0.432675
      129000  0.437421
      130000  0.414843
      131000  0.384216
      132000  0.401746
      133000  0.426441
      134000  0.432178
      135000  0.433537
      136000  0.386649
      137000  0.420034
      138000  0.414024
      139000  0.422583
      140000  0.416873
      141000  0.415928
      142000  0.445986
      143000  0.428392
      144000  0.438157
      145000  0.402048
      146000  0.420200
      147000  0.446103
      148000  0.434380
      149000  0.403579
      150000  0.404829
      151000  0.452136
      152000  0.407758
      153000  0.405692
      154000  0.416321
      155000  0.401343
      156000  0.402433
      157000  0.435867
      158000  0.406707
      159000  0.442495
      160000  0.435765
      161000  0.438184
      162000  0.398126
      163000  0.447653
      164000  0.404274
      165000  0.405323
      166000  0.410815
      167000  0.441866
      168000  0.413176
      169000  0.406926
      170000  0.413105
      171000  0.408521
      172000  0.404671
      173000  0.395377
      174000  0.448924
      175000  0.418072
      176000  0.396600
      177000  0.401417
      178000  0.410499
      179000  0.438124
      180000  0.408633
      181000  0.400448
      182000  0.414756
      183000  0.397804
      184000  0.404485
      185000  0.407570
      186000  0.411769
      187000  0.419861
      188000  0.413112
      189000  0.409145
      190000  0.406698
      191000  0.415621
      192000  0.427341
      193000  0.407732
      194000  0.446880
      195000  0.436075
      196000  0.438586
      197000  0.406913
      198000  0.429057
      199000  0.444407
      200000  0.411664
      201000  0.436024
      202000  0.441326
      203000  0.420262
      204000  0.423268
      205000  0.434278
      206000  0.417651
      207000  0.402053
      208000  0.410079
      209000  0.438181
      210000  0.406919
      211000  0.454567
      212000  0.416754
      213000  0.404619
      214000  0.429426
      215000  0.437989
      216000  0.425086
      217000  0.409504
      218000  0.436662
      219000  0.436268
      220000  0.407766
      221000  0.410867
      222000  0.397355
      223000  0.437014
      224000  0.415549
      225000  0.424544
      226000  0.396191
      227000  0.398555
      228000  0.408647
      229000  0.425563
      230000  0.403330
      231000  0.431485
      232000  0.401514
      233000  0.428294
      234000  0.447109
      235000  0.417065
      236000  0.431484
      237000  0.403583
      238000  0.427203
      239000  0.409120
      240000  0.413798
      241000  0.405675
      242000  0.400382
      243000  0.408725
      244000  0.412301
      245000  0.396501
      246000  0.414486
      247000  0.421004
      248000  0.418413
      249000  0.407949
      250000  0.410010
      251000  0.412695
      252000  0.446163
      253000  0.404468
      254000  0.434626
      255000  0.432671
      256000  0.402849
      257000  0.416603
      258000  0.416110
      259000  0.402800
      260000  0.399373
      261000  0.406786
      262000  0.429447
      263000  0.435027
      264000  0.410175
      265000  0.435627
      266000  0.409578
      267000  0.427056
      268000  0.428583
      269000  0.408333
      270000  0.431085
      271000  0.426541
      272000  0.414572
      273000  0.417661
      274000  0.411898
      275000  0.444635
      276000  0.420197
      277000  0.437433
      278000  0.409463
      279000  0.446172
      280000  0.412970
      281000  0.404097
      282000  0.417030
      283000  0.413628
      284000  0.397292
      285000  0.417342
      286000  0.415402
      287000  0.399775
      288000  0.421988
      289000  0.418080
      290000  0.413451
      291000  0.409402
      292000  0.432035
      293000  0.414694
      294000  0.403278
      295000  0.425469
      296000  0.433130
      297000  0.423098
      298000  0.394457
      299000  0.448271
      300000  0.399082
      301000  0.405106
      302000  0.410611
      303000  0.407280
      304000  0.421245
      305000  0.436960
      306000  0.443560
      307000  0.440277
      308000  0.407407
      309000  0.434708
      310000  0.407412
      311000  0.449364
      312000  0.435338
      313000  0.434807
      314000  0.416992
      315000  0.394215
      316000  0.405218
      317000  0.412176
      318000  0.434302
      319000  0.432188
      320000  0.404509
      321000  0.408398
      322000  0.403154
      323000  0.404703
      324000  0.417592
      325000  0.457127
      326000  0.406020
      327000  0.443322
      328000  0.421376
      329000  0.406921
      330000  0.441810
      331000  0.420727
      332000  0.430259
      333000  0.426558
      334000  0.433344
      335000  0.410777
      336000  0.416109
      337000  0.407273
      338000  0.416528
      339000  0.422349
      340000  0.401172
      341000  0.444741
      342000  0.439756
      343000  0.439371
      344000  0.400936
      345000  0.435065
      346000  0.439160
      347000  0.439848
      348000  0.401876
      349000  0.419890
      350000  0.410151
      351000  0.441814
      352000  0.425167
      353000  0.398836
      354000  0.403680
      355000  0.384043
      356000  0.427998
      357000  0.402851
      358000  0.444349
      359000  0.430128
      360000  0.403894
      361000  0.404199
      362000  0.421597
      363000  0.412474
      364000  0.401628
      365000  0.395104
      366000  0.446678
      367000  0.413924
      368000  0.427382
      369000  0.419533
      370000  0.415934
      371000  0.434717
      372000  0.420299
      373000  0.394369
      374000  0.401363
      375000  0.435239
      376000  0.406154
      377000  0.439156
      378000  0.437081
      379000  0.446164
      380000  0.422583
      381000  0.404226
      382000  0.411003
      383000  0.406139
      384000  0.411579
      385000  0.430398
      386000  0.419394
      387000  0.406394
      388000  0.419369
      389000  0.400314
      390000  0.411123
      391000  0.402181
      392000  0.434760
      393000  0.410748
      394000  0.410357
      395000  0.443592
      396000  0.408337
      397000  0.443859
      398000  0.421513
      399000  0.408599
      400000  0.411988
      401000  0.429715
      402000  0.435072
      403000  0.425913
      404000  0.423996
      405000  0.412334
      406000  0.421193
      407000  0.403526
      408000  0.436107
      409000  0.435575
      410000  0.413628
      411000  0.414807
      412000  0.414846
      413000  0.442097
      414000  0.424173
      415000  0.410498
      416000  0.414306
      417000  0.434881
      418000  0.400979
      419000  0.443294
      420000  0.446224
      421000  0.406628
      422000  0.408894
      423000  0.408418
      424000  0.432207
      425000  0.431335
      426000  0.411364
      427000  0.411651
      428000  0.403822
      429000  0.448779
      430000  0.429867
      431000  0.383574
      432000  0.415815
      433000  0.408821
      434000  0.427578
      435000  0.417560
      436000  0.420477
      437000  0.409152
      438000  0.432873
      439000  0.450391
      440000  0.425828
      441000  0.406970
      442000  0.409025
      443000  0.402528
      444000  0.439045
      445000  0.431261
      446000  0.408988
      447000  0.412407
      448000  0.439430
      449000  0.417691
      450000  0.397711
      451000  0.437901
      452000  0.426790
      453000  0.434832
      454000  0.438861
      455000  0.439586
      456000  0.406306
      457000  0.413946
      458000  0.404133
      459000  0.443628
      460000  0.411249
      461000  0.413278
      462000  0.406928
      463000  0.441212
      464000  0.412114
      465000  0.437526
      466000  0.434004
      467000  0.408760
      468000  0.439811
      469000  0.431256
      470000  0.403921
      471000  0.409093
      472000  0.413045
      473000  0.398088
      474000  0.432737
      475000  0.428585
      476000  0.431253
      477000  0.414523
      478000  0.433658
      479000  0.412405
      480000  0.415264
      481000  0.406063
      482000  0.421452
      483000  0.414145
      484000  0.447122
      485000  0.406849
      486000  0.422053
      487000  0.424829
      488000  0.421017
      489000  0.411208
      490000  0.440529
      491000  0.406794
      492000  0.404264
      493000  0.433824
      494000  0.436650
      495000  0.420875
      496000  0.436166
      497000  0.418751
      498000  0.413607
      499000  0.414951
      500000  0.413346
      501000  0.408925
      502000  0.411982
      503000  0.413058
      504000  0.430170
      505000  0.406524
      506000  0.412763
      507000  0.404155
      508000  0.433960
      509000  0.444605
      510000  0.409413
      511000  0.415437
      512000  0.404640
      513000  0.399222
      514000  0.416222
      515000  0.410830
      516000  0.400994
      517000  0.441489
      518000  0.411956
      519000  0.435644
      520000  0.408455
      521000  0.444346
      522000  0.416543
      523000  0.437178
      524000  0.380357
      525000  0.443172
      526000  0.423788
      527000  0.408035
      528000  0.403040
      529000  0.418026
      530000  0.432142
      531000  0.408714
      532000  0.404665
      533000  0.422582
      534000  0.436951
      535000  0.403421
      536000  0.449860
      537000  0.409844
      538000  0.427322
      539000  0.414601
      540000  0.398907
      541000  0.432162
      542000  0.387104
      543000  0.444148
      544000  0.424613
      545000  0.408841
      546000  0.429969
      547000  0.402039
      548000  0.432325
      549000  0.416028
      550000  0.443336
      551000  0.442959
      552000  0.414749
      553000  0.452265
      554000  0.408263
      555000  0.450570
      556000  0.404019
      557000  0.405867
      558000  0.414685
      559000  0.435927
      560000  0.414020
      561000  0.437123
      562000  0.412482
      563000  0.436424
      564000  0.425868
      565000  0.443818
      566000  0.436425
      567000  0.397883
      568000  0.417129
      569000  0.446817
      570000  0.415623
      571000  0.424382
      572000  0.425558
      573000  0.406380
      574000  0.417298
      575000  0.415784
      576000  0.444431
      577000  0.410433
      578000  0.442744
      579000  0.412102
      580000  0.444409
      581000  0.413828
      582000  0.451900
      583000  0.402690
      584000  0.426602
      585000  0.432074
      586000  0.437330
      587000  0.394980
      588000  0.406625
      589000  0.409657
      590000  0.410845
      591000  0.450330
      592000  0.414136
      593000  0.419069
      594000  0.407807
      595000  0.421367
      596000  0.418578
      597000  0.435451
      598000  0.442149
      599000  0.435805
      600000  0.407016
      601000  0.413692
      602000  0.425099
      603000  0.401278
      604000  0.409852
      605000  0.438658
      606000  0.440633
      607000  0.418498
      608000  0.404989
      609000  0.417217
      610000  0.408137
      611000  0.406359
      612000  0.437377
      613000  0.418081
      614000  0.451558
      615000  0.400750
      616000  0.429992
      617000  0.410020
      618000  0.431479
      619000  0.422088
      620000  0.401018
      621000  0.404326
      622000  0.433368
      623000  0.419472
      624000  0.423375
      625000  0.436029
      626000  0.410829
      627000  0.445259
      628000  0.412417
      629000  0.409956
      630000  0.432259
      631000  0.407820
      632000  0.427961
      633000  0.445482
      634000  0.441670
      635000  0.438859
      636000  0.423035
      637000  0.439222
      638000  0.413280
      639000  0.411112
      640000  0.431288
      641000  0.413641
      642000  0.405052
      643000  0.407975
      644000  0.413228
      645000  0.447409
      646000  0.446574
      647000  0.399039
      648000  0.420838
      649000  0.394542
      650000  0.403594
      651000  0.433375
      652000  0.437766
      653000  0.406770
      654000  0.391389
      655000  0.399078
      656000  0.409447
      657000  0.422101
      658000  0.431994
      659000  0.405183
      660000  0.409942
      661000  0.414668
      662000  0.408346
      663000  0.435567
      664000  0.399994
      665000  0.420774
      666000  0.438469
      667000  0.437502
      668000  0.402921
      669000  0.401214
      670000  0.399219
      671000  0.403971
      672000  0.436450
      673000  0.404539
      674000  0.432060
      675000  0.438526
      676000  0.445125
      677000  0.402624
      678000  0.405997
      679000  0.439619
      680000  0.430961
      681000  0.419590
      682000  0.437889
      683000  0.398285
      684000  0.441729
      685000  0.407246
      686000  0.405021
      687000  0.404537
      688000  0.391179
      689000  0.435160
      690000  0.442669
      691000  0.404808
      692000  0.425170
      693000  0.413525
      694000  0.412196
      695000  0.434898
      696000  0.416551
      697000  0.422881
      698000  0.396615
      699000  0.437078
      700000  0.412301
      701000  0.442655
      702000  0.413402
      703000  0.435432
      704000  0.416230
      705000  0.400152
      706000  0.433274
      707000  0.427662
      708000  0.439346
      709000  0.417807
      710000  0.415081
      711000  0.446060
      712000  0.417809
      713000  0.432603
      714000  0.415005
      715000  0.412611
      716000  0.408090
      717000  0.415985
      718000  0.416412
      719000  0.422418
      720000  0.416807
      721000  0.406300
      722000  0.408929
      723000  0.410892
      724000  0.404937
      725000  0.435680
      726000  0.441210
      727000  0.405858
      728000  0.438314
      729000  0.410798
      730000  0.406215
      731000  0.406992
      732000  0.437304
      733000  0.431410
      734000  0.406903
      735000  0.443825
      736000  0.433059
      737000  0.415989
      738000  0.434855
      739000  0.418892
      740000  0.431603
      741000  0.421039
      742000  0.403662
      743000  0.437961
      744000  0.406148
      745000  0.425410
      746000  0.423168
      747000  0.411210
      748000  0.398932
      749000  0.411639
      750000  0.408545
      751000  0.440353
      752000  0.416871
      753000  0.414038
      754000  0.403808
      755000  0.405269
      756000  0.444696
      757000  0.433791
      758000  0.402336
      759000  0.401294
      760000  0.439798
      761000  0.405141
      762000  0.407707
      763000  0.426757
      764000  0.430216
      765000  0.409740
      766000  0.407318
      767000  0.437737
      768000  0.418164
      769000  0.398715
      770000  0.422401
      771000  0.413787
      772000  0.400999
      773000  0.410874
      774000  0.421824
      775000  0.406607
      776000  0.419795
      777000  0.433538
      778000  0.405049
      779000  0.409054
      780000  0.412886
      781000  0.445988
      782000  0.438088
      783000  0.443379
      784000  0.446701
      785000  0.407130
      786000  0.425732
      787000  0.421375
      788000  0.408877
      789000  0.431720
      790000  0.439085
      791000  0.426966
      792000  0.412598
      793000  0.438140
      794000  0.403931
      795000  0.446794
      796000  0.442416
      797000  0.434963
      798000  0.431988
      799000  0.442266
      800000  0.424187
      801000  0.446113
      802000  0.406844
      803000  0.449423
      804000  0.399869
      805000  0.417145
      806000  0.407397
      807000  0.406176
      808000  0.392450
      809000  0.447569
      810000  0.436856
      811000  0.418667
      812000  0.433201
      813000  0.439098
      814000  0.412063
      815000  0.434445
      816000  0.409043
      817000  0.436290
      818000  0.403980
      819000  0.414857
      820000  0.415700
      821000  0.435636
      822000  0.449690
      823000  0.427496
      824000  0.392461
      825000  0.429281
      826000  0.439297
      827000  0.410976
      828000  0.433212
      829000  0.420474
      830000  0.404777
      831000  0.440830
      832000  0.397439
      833000  0.407425
      834000  0.407771
      835000  0.439671
      836000  0.399485
      837000  0.400154
      838000  0.416449
      839000  0.410190
      840000  0.430040
      841000  0.415786
      842000  0.397732
      843000  0.417115
      844000  0.412480
      845000  0.433447
      846000  0.447093
      847000  0.397341
      848000  0.422273
      849000  0.448394
      850000  0.447031
      851000  0.449864
      852000  0.402381
      853000  0.431435
      854000  0.429345
      855000  0.441769
      856000  0.415630
      857000  0.408587
      858000  0.400868
      859000  0.419608
      860000  0.415327
      861000  0.420611
      862000  0.438990
      863000  0.436228
      864000  0.434702
      865000  0.413055
      866000  0.410329
      867000  0.441558
      868000  0.415840
      869000  0.435429
      870000  0.427789
      871000  0.411753
      872000  0.424096
      873000  0.433331
      874000  0.433690
      875000  0.435038
      876000  0.406206
      877000  0.405576
      878000  0.413560
      879000  0.417945
      880000  0.418467
      881000  0.427030
      882000  0.405654
      883000  0.442918
      884000  0.409357
      885000  0.442763
      886000  0.441274
      887000  0.391602
      888000  0.439647
      889000  0.402379
      890000  0.440113
      891000  0.429886
      892000  0.428975
      893000  0.418379
      894000  0.417139
      895000  0.403420
      896000  0.427513
      897000  0.448032
      898000  0.414385
      899000  0.427093
      900000  0.414785
      901000  0.409967
      902000  0.414448
      903000  0.407959
      904000  0.417452
      905000  0.406886
      906000  0.414090
      907000  0.395647
      908000  0.409740
      909000  0.421222
      910000  0.408181
      911000  0.456269
      912000  0.444612
      913000  0.436060
      914000  0.446207
      915000  0.416309
      916000  0.423870
      917000  0.410149
      918000  0.441559
      919000  0.408252
      920000  0.400999
      921000  0.408143
      922000  0.441787
      923000  0.438184
      924000  0.400848
      925000  0.406248
      926000  0.415216
      927000  0.407367
      928000  0.437002
      929000  0.443539
      930000  0.437308
      931000  0.407381
      932000  0.405195
      933000  0.448970
      934000  0.447154
      935000  0.407866
      936000  0.395513
      937000  0.454596
      938000  0.435267
      939000  0.405316
      940000  0.417370
      941000  0.416795
      942000  0.439307
      943000  0.410245
      944000  0.432100
      945000  0.409624
      946000  0.450078
      947000  0.408400
      948000  0.439826
      949000  0.445163
      950000  0.429113
      951000  0.413678
      952000  0.397240
      953000  0.423198
      954000  0.403202
      955000  0.434743
      956000  0.411479
      957000  0.424331
      958000  0.426699
      959000  0.414355
      960000  0.436794
      961000  0.411890
      962000  0.410366
      963000  0.446366
      964000  0.405276
      965000  0.404399
      966000  0.417351
      967000  0.410296
      968000  0.432679
      969000  0.447172
      970000  0.441267
      971000  0.408771
      972000  0.415244
      973000  0.431165
      974000  0.449541
      975000  0.414531
      976000  0.401295
      977000  0.408692
      978000  0.446915
      979000  0.437703
      980000  0.420274
      981000  0.401641
      982000  0.440319
      983000  0.408416
      984000  0.413920
      985000  0.399517
      986000  0.425366
      987000  0.440146
      988000  0.439923
      989000  0.410614
      990000  0.405778
      991000  0.405648
      992000  0.406743
      993000  0.404455
      994000  0.409269
      995000  0.437760
      996000  0.409440
      997000  0.442139
      998000  0.415064
      999000  0.419928
     1000000  0.418191
