    genPlus1     spaQ
        1000  0.403620
        2000  0.423270
        3000  0.401083
        4000  0.411864
        5000  0.441449
        6000  0.403234
        7000  0.413805
        8000  0.442112
        9000  0.440574
       10000  0.426352
       11000  0.435213
       12000  0.395424
       13000  0.410755
       14000  0.436903
       15000  0.395263
       16000  0.441493
       17000  0.406781
       18000  0.418110
       19000  0.402042
       20000  0.407839
       21000  0.416984
       22000  0.413206
       23000  0.405405
       24000  0.414691
       25000  0.387284
       26000  0.427038
       27000  0.420564
       28000  0.438984
       29000  0.437360
       30000  0.414336
       31000  0.413312
       32000  0.408766
       33000  0.405984
       34000  0.438487
       35000  0.428992
       36000  0.414236
       37000  0.419173
       38000  0.410166
       39000  0.429577
       40000  0.437372
       41000  0.432987
       42000  0.427425
       43000  0.393787
       44000  0.409954
       45000  0.432040
       46000  0.439313
       47000  0.442985
       48000  0.416991
       49000  0.454249
       50000  0.417708
       51000  0.436837
       52000  0.455228
       53000  0.428765
       54000  0.452116
       55000  0.422680
       56000  0.399887
       57000  0.429026
       58000  0.430883
       59000  0.411479
       60000  0.436630
       61000  0.419555
       62000  0.422374
       63000  0.412609
       64000  0.424623
       65000  0.426543
       66000  0.397445
       67000  0.409726
       68000  0.411348
       69000  0.413741
       70000  0.405009
       71000  0.419317
       72000  0.402762
       73000  0.420274
       74000  0.437065
       75000  0.409515
       76000  0.435440
       77000  0.431551
       78000  0.415195
       79000  0.399668
       80000  0.397639
       81000  0.426030
       82000  0.412800
       83000  0.443282
       84000  0.439398
       85000  0.446086
       86000  0.415879
       87000  0.421356
       88000  0.416962
       89000  0.443033
       90000  0.424514
       91000  0.434269
       92000  0.432526
       93000  0.412230
       94000  0.420791
       95000  0.438026
       96000  0.397187
       97000  0.416185
       98000  0.390744
       99000  0.439817
      100000  0.396678
      101000  0.385561
      102000  0.417552
      103000  0.411847
      104000  0.405795
      105000  0.444142
      106000  0.432655
      107000  0.409489
      108000  0.415035
      109000  0.412163
      110000  0.406985
      111000  0.412773
      112000  0.402342
      113000  0.407548
      114000  0.409886
      115000  0.453090
      116000  0.409908
      117000  0.408371
      118000  0.440062
      119000  0.429742
      120000  0.406160
      121000  0.411299
      122000  0.441965
      123000  0.404013
      124000  0.419087
      125000  0.402783
      126000  0.435553
      127000  0.426004
      128000  0.414933
      129000  0.437093
      130000  0.409865
      131000  0.404729
      132000  0.405630
      133000  0.403238
      134000  0.407931
      135000  0.399034
      136000  0.418230
      137000  0.423401
      138000  0.409724
      139000  0.442258
      140000  0.410910
      141000  0.398861
      142000  0.418616
      143000  0.442644
      144000  0.411287
      145000  0.420001
      146000  0.409577
      147000  0.442406
      148000  0.439812
      149000  0.406893
      150000  0.421138
      151000  0.424663
      152000  0.428882
      153000  0.392468
      154000  0.410826
      155000  0.419907
      156000  0.417777
      157000  0.412720
      158000  0.447425
      159000  0.446265
      160000  0.442593
      161000  0.410665
      162000  0.449554
      163000  0.437689
      164000  0.443018
      165000  0.393929
      166000  0.400370
      167000  0.418741
      168000  0.441680
      169000  0.409056
      170000  0.414257
      171000  0.418691
      172000  0.419166
      173000  0.410845
      174000  0.401754
      175000  0.407596
      176000  0.421272
      177000  0.431974
      178000  0.414932
      179000  0.418189
      180000  0.439992
      181000  0.433797
      182000  0.456532
      183000  0.384986
      184000  0.415829
      185000  0.425707
      186000  0.440534
      187000  0.435364
      188000  0.400768
      189000  0.409920
      190000  0.429953
      191000  0.411391
      192000  0.435153
      193000  0.405077
      194000  0.422083
      195000  0.407504
      196000  0.411548
      197000  0.410496
      198000  0.406214
      199000  0.416004
      200000  0.422212
      201000  0.405824
      202000  0.415396
      203000  0.432904
      204000  0.419281
      205000  0.410407
      206000  0.420039
      207000  0.433115
      208000  0.414036
      209000  0.441436
      210000  0.443104
      211000  0.440968
      212000  0.404832
      213000  0.445454
      214000  0.420695
      215000  0.459024
      216000  0.417344
      217000  0.440000
      218000  0.415487
      219000  0.442692
      220000  0.425276
      221000  0.424564
      222000  0.438013
      223000  0.419176
      224000  0.415644
      225000  0.410250
      226000  0.429739
      227000  0.440451
      228000  0.445558
      229000  0.424433
      230000  0.441673
      231000  0.433856
      232000  0.436775
      233000  0.423131
      234000  0.406562
      235000  0.411574
      236000  0.414596
      237000  0.410585
      238000  0.425576
      239000  0.410651
      240000  0.439689
      241000  0.402493
      242000  0.409883
      243000  0.438801
      244000  0.409047
      245000  0.407586
      246000  0.422581
      247000  0.435395
      248000  0.411434
      249000  0.439759
      250000  0.405199
      251000  0.441200
      252000  0.437989
      253000  0.409703
      254000  0.444822
      255000  0.432125
      256000  0.405454
      257000  0.409129
      258000  0.408585
      259000  0.407197
      260000  0.428352
      261000  0.428789
      262000  0.408136
      263000  0.425973
      264000  0.428280
      265000  0.434193
      266000  0.425493
      267000  0.415215
      268000  0.446190
      269000  0.450469
      270000  0.428268
      271000  0.415705
      272000  0.424929
      273000  0.424816
      274000  0.440790
      275000  0.405111
      276000  0.398354
      277000  0.436191
      278000  0.449856
      279000  0.442446
      280000  0.408197
      281000  0.431945
      282000  0.395770
      283000  0.405830
      284000  0.437978
      285000  0.404563
      286000  0.440198
      287000  0.439484
      288000  0.446096
      289000  0.416399
      290000  0.449179
      291000  0.417506
      292000  0.441679
      293000  0.436771
      294000  0.414261
      295000  0.401159
      296000  0.447441
      297000  0.414356
      298000  0.446693
      299000  0.406262
      300000  0.408949
      301000  0.444509
      302000  0.444461
      303000  0.439091
      304000  0.402969
      305000  0.417039
      306000  0.414955
      307000  0.436383
      308000  0.388226
      309000  0.409966
      310000  0.410574
      311000  0.414568
      312000  0.427844
      313000  0.395871
      314000  0.422561
      315000  0.397267
      316000  0.433916
      317000  0.442337
      318000  0.412156
      319000  0.427100
      320000  0.401978
      321000  0.419017
      322000  0.420256
      323000  0.407411
      324000  0.430539
      325000  0.410620
      326000  0.412645
      327000  0.425561
      328000  0.448624
      329000  0.406340
      330000  0.415123
      331000  0.404245
      332000  0.413643
      333000  0.439135
      334000  0.422449
      335000  0.438193
      336000  0.430211
      337000  0.426329
      338000  0.408785
      339000  0.409158
      340000  0.440887
      341000  0.411710
      342000  0.409287
      343000  0.409749
      344000  0.413566
      345000  0.450192
      346000  0.408186
      347000  0.447377
      348000  0.430576
      349000  0.444273
      350000  0.416522
      351000  0.397784
      352000  0.422096
      353000  0.414317
      354000  0.419984
      355000  0.414400
      356000  0.410197
      357000  0.414745
      358000  0.397959
      359000  0.428823
      360000  0.440618
      361000  0.416486
      362000  0.439127
      363000  0.444395
      364000  0.413699
      365000  0.405828
      366000  0.409738
      367000  0.405226
      368000  0.405844
      369000  0.443586
      370000  0.409958
      371000  0.450527
      372000  0.439399
      373000  0.416978
      374000  0.404642
      375000  0.435363
      376000  0.434545
      377000  0.405154
      378000  0.422561
      379000  0.412904
      380000  0.417314
      381000  0.404706
      382000  0.404052
      383000  0.417809
      384000  0.399377
      385000  0.420550
      386000  0.441562
      387000  0.403313
      388000  0.441908
      389000  0.411458
      390000  0.406349
      391000  0.427430
      392000  0.452678
      393000  0.405050
      394000  0.416698
      395000  0.442992
      396000  0.446310
      397000  0.407380
      398000  0.409574
      399000  0.425372
      400000  0.421168
      401000  0.415029
      402000  0.411794
      403000  0.408210
      404000  0.416937
      405000  0.413516
      406000  0.399592
      407000  0.429668
      408000  0.405758
      409000  0.414950
      410000  0.411621
      411000  0.438713
      412000  0.406344
      413000  0.407754
      414000  0.429691
      415000  0.408640
      416000  0.410981
      417000  0.383558
      418000  0.448549
      419000  0.418765
      420000  0.434630
      421000  0.409785
      422000  0.405717
      423000  0.431734
      424000  0.404124
      425000  0.413783
      426000  0.436881
      427000  0.421840
      428000  0.442335
      429000  0.437651
      430000  0.406560
      431000  0.410603
      432000  0.443627
      433000  0.436091
      434000  0.435316
      435000  0.433564
      436000  0.450838
      437000  0.449712
      438000  0.453096
      439000  0.404691
      440000  0.432403
      441000  0.414529
      442000  0.402820
      443000  0.405755
      444000  0.400793
      445000  0.417650
      446000  0.420666
      447000  0.397466
      448000  0.426538
      449000  0.428747
      450000  0.412491
      451000  0.409382
      452000  0.446593
      453000  0.411583
      454000  0.433388
      455000  0.428731
      456000  0.406615
      457000  0.431847
      458000  0.408825
      459000  0.406511
      460000  0.419105
      461000  0.419861
      462000  0.437531
      463000  0.398396
      464000  0.425613
      465000  0.408406
      466000  0.427771
      467000  0.435039
      468000  0.459898
      469000  0.437655
      470000  0.429289
      471000  0.411212
      472000  0.412649
      473000  0.416484
      474000  0.423240
      475000  0.415653
      476000  0.439702
      477000  0.431929
      478000  0.432480
      479000  0.444472
      480000  0.438918
      481000  0.419441
      482000  0.415252
      483000  0.414261
      484000  0.412493
      485000  0.414488
      486000  0.412226
      487000  0.442793
      488000  0.413189
      489000  0.411943
      490000  0.406059
      491000  0.418335
      492000  0.417533
      493000  0.411058
      494000  0.426705
      495000  0.398760
      496000  0.445396
      497000  0.397015
      498000  0.452133
      499000  0.429445
      500000  0.438246
      501000  0.410130
      502000  0.404305
      503000  0.382758
      504000  0.433093
      505000  0.440979
      506000  0.406956
      507000  0.398906
      508000  0.402579
      509000  0.413731
      510000  0.414568
      511000  0.424394
      512000  0.412903
      513000  0.434599
      514000  0.413809
      515000  0.444796
      516000  0.410690
      517000  0.407879
      518000  0.444746
      519000  0.410763
      520000  0.446898
      521000  0.437669
      522000  0.410137
      523000  0.405843
      524000  0.405169
      525000  0.434981
      526000  0.426568
      527000  0.416943
      528000  0.442336
      529000  0.438110
      530000  0.445177
      531000  0.395963
      532000  0.438909
      533000  0.437145
      534000  0.412946
      535000  0.404891
      536000  0.401103
      537000  0.417106
      538000  0.414257
      539000  0.427834
      540000  0.443063
      541000  0.410335
      542000  0.420903
      543000  0.422735
      544000  0.434849
      545000  0.411944
      546000  0.435874
      547000  0.426654
      548000  0.426991
      549000  0.406768
      550000  0.408441
      551000  0.446946
      552000  0.440775
      553000  0.412054
      554000  0.407991
      555000  0.401853
      556000  0.412933
      557000  0.433113
      558000  0.433438
      559000  0.409351
      560000  0.409763
      561000  0.416540
      562000  0.427361
      563000  0.409898
      564000  0.427573
      565000  0.411682
      566000  0.424860
      567000  0.411551
      568000  0.436566
      569000  0.424799
      570000  0.437941
      571000  0.403540
      572000  0.413625
      573000  0.411320
      574000  0.426231
      575000  0.416806
      576000  0.421955
      577000  0.408831
      578000  0.403266
      579000  0.442718
      580000  0.445233
      581000  0.406292
      582000  0.392550
      583000  0.397791
      584000  0.417868
      585000  0.413319
      586000  0.414219
      587000  0.460908
      588000  0.445208
      589000  0.396284
      590000  0.438368
      591000  0.402374
      592000  0.396042
      593000  0.383668
      594000  0.409358
      595000  0.408914
      596000  0.432659
      597000  0.454052
      598000  0.397433
      599000  0.429871
      600000  0.423409
      601000  0.411330
      602000  0.419123
      603000  0.447108
      604000  0.398544
      605000  0.418624
      606000  0.448145
      607000  0.418739
      608000  0.433389
      609000  0.410854
      610000  0.394418
      611000  0.404205
      612000  0.435084
      613000  0.434999
      614000  0.414254
      615000  0.432238
      616000  0.421662
      617000  0.449789
      618000  0.442831
      619000  0.423351
      620000  0.420849
      621000  0.412485
      622000  0.407011
      623000  0.415301
      624000  0.395928
      625000  0.398404
      626000  0.405009
      627000  0.449119
      628000  0.446047
      629000  0.439313
      630000  0.410648
      631000  0.435102
      632000  0.432484
      633000  0.434208
      634000  0.408394
      635000  0.407290
      636000  0.414178
      637000  0.435828
      638000  0.412181
      639000  0.442794
      640000  0.410885
      641000  0.417223
      642000  0.422767
      643000  0.458284
      644000  0.406302
      645000  0.435988
      646000  0.437245
      647000  0.443249
      648000  0.436480
      649000  0.416768
      650000  0.428202
      651000  0.407878
      652000  0.421002
      653000  0.429346
      654000  0.432043
      655000  0.401754
      656000  0.409342
      657000  0.415014
      658000  0.417125
      659000  0.409103
      660000  0.409202
      661000  0.431465
      662000  0.416654
      663000  0.418099
      664000  0.412063
      665000  0.422774
      666000  0.415122
      667000  0.410553
      668000  0.439893
      669000  0.405888
      670000  0.431211
      671000  0.441778
      672000  0.441967
      673000  0.422335
      674000  0.402293
      675000  0.406045
      676000  0.441966
      677000  0.419641
      678000  0.426806
      679000  0.444501
      680000  0.433063
      681000  0.440488
      682000  0.439786
      683000  0.412471
      684000  0.407798
      685000  0.441363
      686000  0.450079
      687000  0.410076
      688000  0.444381
      689000  0.433123
      690000  0.449577
      691000  0.405131
      692000  0.411208
      693000  0.405868
      694000  0.411189
      695000  0.419387
      696000  0.420249
      697000  0.417626
      698000  0.414396
      699000  0.412612
      700000  0.421313
      701000  0.405750
      702000  0.402099
      703000  0.440154
      704000  0.445186
      705000  0.409739
      706000  0.399635
      707000  0.405079
      708000  0.408163
      709000  0.406574
      710000  0.417709
      711000  0.408961
      712000  0.421117
      713000  0.408404
      714000  0.449816
      715000  0.439250
      716000  0.410429
      717000  0.431094
      718000  0.410785
      719000  0.406786
      720000  0.416678
      721000  0.403974
      722000  0.412447
      723000  0.429177
      724000  0.428928
      725000  0.431357
      726000  0.407987
      727000  0.429076
      728000  0.438059
      729000  0.445999
      730000  0.409915
      731000  0.403201
      732000  0.405229
      733000  0.422286
      734000  0.435182
      735000  0.401335
      736000  0.407013
      737000  0.412769
      738000  0.440053
      739000  0.440781
      740000  0.411065
      741000  0.421132
      742000  0.449639
      743000  0.417666
      744000  0.406857
      745000  0.439794
      746000  0.437974
      747000  0.406212
      748000  0.426290
      749000  0.443858
      750000  0.421043
      751000  0.415071
      752000  0.414090
      753000  0.440227
      754000  0.411397
      755000  0.411279
      756000  0.418780
      757000  0.414647
      758000  0.417107
      759000  0.395461
      760000  0.405744
      761000  0.436296
      762000  0.422029
      763000  0.418449
      764000  0.414736
      765000  0.406235
      766000  0.408004
      767000  0.439492
      768000  0.424356
      769000  0.431071
      770000  0.423304
      771000  0.417281
      772000  0.412546
      773000  0.396932
      774000  0.423328
      775000  0.420672
      776000  0.426839
      777000  0.420376
      778000  0.403849
      779000  0.410652
      780000  0.407416
      781000  0.438709
      782000  0.439007
      783000  0.429853
      784000  0.440201
      785000  0.408840
      786000  0.438445
      787000  0.424676
      788000  0.414204
      789000  0.395875
      790000  0.424544
      791000  0.414975
      792000  0.404721
      793000  0.430752
      794000  0.411916
      795000  0.423493
      796000  0.414450
      797000  0.406948
      798000  0.412532
      799000  0.416815
      800000  0.446804
      801000  0.412852
      802000  0.407729
      803000  0.437574
      804000  0.409276
      805000  0.420944
      806000  0.412082
      807000  0.432858
      808000  0.455825
      809000  0.442465
      810000  0.425631
      811000  0.399272
      812000  0.439630
      813000  0.433527
      814000  0.408128
      815000  0.414461
      816000  0.405055
      817000  0.444094
      818000  0.422412
      819000  0.398579
      820000  0.411030
      821000  0.403204
      822000  0.421462
      823000  0.407455
      824000  0.435834
      825000  0.414485
      826000  0.426953
      827000  0.408020
      828000  0.409331
      829000  0.420638
      830000  0.396441
      831000  0.444361
      832000  0.404738
      833000  0.423425
      834000  0.429228
      835000  0.402577
      836000  0.424737
      837000  0.403981
      838000  0.410924
      839000  0.438923
      840000  0.443685
      841000  0.442833
      842000  0.403607
      843000  0.430885
      844000  0.407216
      845000  0.427346
      846000  0.427566
      847000  0.439553
      848000  0.416510
      849000  0.447411
      850000  0.457410
      851000  0.400848
      852000  0.405877
      853000  0.421661
      854000  0.414245
      855000  0.430714
      856000  0.407534
      857000  0.412627
      858000  0.440041
      859000  0.389765
      860000  0.432714
      861000  0.454014
      862000  0.405571
      863000  0.437587
      864000  0.409061
      865000  0.406852
      866000  0.416893
      867000  0.422835
      868000  0.412504
      869000  0.440459
      870000  0.431075
      871000  0.410060
      872000  0.418260
      873000  0.420564
      874000  0.403420
      875000  0.409145
      876000  0.413650
      877000  0.416501
      878000  0.407834
      879000  0.428195
      880000  0.408233
      881000  0.446341
      882000  0.404636
      883000  0.418376
      884000  0.405685
      885000  0.436382
      886000  0.414899
      887000  0.412423
      888000  0.418373
      889000  0.410535
      890000  0.433962
      891000  0.435097
      892000  0.407680
      893000  0.415676
      894000  0.436562
      895000  0.397994
      896000  0.443729
      897000  0.413174
      898000  0.410867
      899000  0.412679
      900000  0.421087
      901000  0.409658
      902000  0.409937
      903000  0.406648
      904000  0.403402
      905000  0.429858
      906000  0.401935
      907000  0.414372
      908000  0.438230
      909000  0.436118
      910000  0.401314
      911000  0.439055
      912000  0.401099
      913000  0.443760
      914000  0.432668
      915000  0.438745
      916000  0.423801
      917000  0.412024
      918000  0.407285
      919000  0.405095
      920000  0.405480
      921000  0.413290
      922000  0.435292
      923000  0.444931
      924000  0.428484
      925000  0.434527
      926000  0.441121
      927000  0.404054
      928000  0.409858
      929000  0.410853
      930000  0.440989
      931000  0.420681
      932000  0.414024
      933000  0.451741
      934000  0.424057
      935000  0.439913
      936000  0.423577
      937000  0.438001
      938000  0.414735
      939000  0.438889
      940000  0.416513
      941000  0.421402
      942000  0.412057
      943000  0.411648
      944000  0.445457
      945000  0.407445
      946000  0.419071
      947000  0.437236
      948000  0.396544
      949000  0.397541
      950000  0.418217
      951000  0.413144
      952000  0.434522
      953000  0.416898
      954000  0.408709
      955000  0.393516
      956000  0.423224
      957000  0.397632
      958000  0.440826
      959000  0.438035
      960000  0.434996
      961000  0.431856
      962000  0.450138
      963000  0.414065
      964000  0.405828
      965000  0.413624
      966000  0.417768
      967000  0.437666
      968000  0.438839
      969000  0.403686
      970000  0.410525
      971000  0.412060
      972000  0.421497
      973000  0.437691
      974000  0.411573
      975000  0.428813
      976000  0.414344
      977000  0.409525
      978000  0.404490
      979000  0.441297
      980000  0.417481
      981000  0.424922
      982000  0.446340
      983000  0.397994
      984000  0.409578
      985000  0.401896
      986000  0.418694
      987000  0.441413
      988000  0.425413
      989000  0.436098
      990000  0.428558
      991000  0.430789
      992000  0.442713
      993000  0.405930
      994000  0.426262
      995000  0.404089
      996000  0.421600
      997000  0.411989
      998000  0.419501
      999000  0.439581
     1000000  0.447971
