       1000 -263.945821
       2000 -263.697095
       3000 -265.713283
       4000 -271.397371
       5000 -262.665821
       6000 -263.390259
       7000 -264.017163
       8000 -270.895206
       9000 -265.198905
      10000 -264.304917
      11000 -264.485495
      12000 -268.406084
      13000 -263.811888
      14000 -267.616956
      15000 -263.964545
      16000 -263.427089
      17000 -262.034313
      18000 -262.873607
      19000 -271.479970
      20000 -267.117888
      21000 -265.308186
      22000 -263.820065
      23000 -262.779682
      24000 -266.225270
      25000 -265.752974
      26000 -263.785714
      27000 -263.703011
      28000 -262.488411
      29000 -262.242538
      30000 -263.804740
      31000 -262.144004
      32000 -273.194691
      33000 -262.387415
      34000 -267.377082
      35000 -262.914545
      36000 -263.189461
      37000 -263.076267
      38000 -262.022840
      39000 -265.970560
      40000 -263.969760
      41000 -262.437145
      42000 -262.730254
      43000 -262.683406
      44000 -268.152269
      45000 -265.807187
      46000 -263.858710
      47000 -264.062490
      48000 -262.192356
      49000 -263.152406
      50000 -264.011692
      51000 -268.762480
      52000 -263.692744
      53000 -264.703978
      54000 -269.387730
      55000 -263.900309
      56000 -266.785010
      57000 -265.822565
      58000 -264.696561
      59000 -264.749105
      60000 -270.937357
      61000 -264.055102
      62000 -264.070725
      63000 -263.967365
      64000 -267.467944
      65000 -263.854050
      66000 -262.541806
      67000 -262.112348
      68000 -264.248676
      69000 -262.162763
      70000 -264.857743
      71000 -267.250651
      72000 -264.542096
      73000 -269.384520
      74000 -263.900893
      75000 -263.933921
      76000 -262.535137
      77000 -274.195283
      78000 -262.284925
      79000 -265.338462
      80000 -267.614242
      81000 -270.108306
      82000 -264.223904
      83000 -263.520007
      84000 -262.175163
      85000 -265.202563
      86000 -262.084594
      87000 -262.668187
      88000 -264.866535
      89000 -262.174742
      90000 -264.526959
      91000 -267.240365
      92000 -265.632725
      93000 -270.236386
      94000 -269.173737
      95000 -262.898917
      96000 -261.991369
      97000 -264.439029
      98000 -262.601128
      99000 -268.534298
     100000 -265.410573
     101000 -265.320118
     102000 -264.458837
     103000 -269.932197
     104000 -265.565397
     105000 -270.049722
     106000 -264.014092
     107000 -262.430004
     108000 -263.702083
     109000 -263.847153
     110000 -269.672162
     111000 -262.116772
     112000 -262.287700
     113000 -266.448022
     114000 -263.222494
     115000 -262.778310
     116000 -268.298319
     117000 -263.080813
     118000 -267.616566
     119000 -264.634656
     120000 -264.063284
     121000 -268.097334
     122000 -262.388922
     123000 -265.236193
     124000 -262.873176
     125000 -266.687615
     126000 -263.595905
     127000 -270.541884
     128000 -265.965019
     129000 -265.828806
     130000 -262.521688
     131000 -265.785684
     132000 -265.089511
     133000 -262.587742
     134000 -262.747249
     135000 -265.677615
     136000 -267.773325
     137000 -263.700254
     138000 -263.760535
     139000 -264.485824
     140000 -263.860191
     141000 -265.708619
     142000 -264.463889
     143000 -262.086367
     144000 -264.246270
     145000 -266.454444
     146000 -269.578847
     147000 -262.947766
     148000 -262.625169
     149000 -265.498641
     150000 -263.872058
     151000 -269.553568
     152000 -267.816657
     153000 -266.211799
     154000 -262.165499
     155000 -268.963854
     156000 -265.546459
     157000 -275.883265
     158000 -264.241373
     159000 -265.220538
     160000 -261.999861
     161000 -264.021792
     162000 -267.142384
     163000 -265.659746
     164000 -262.752297
     165000 -263.986903
     166000 -262.663635
     167000 -271.598136
     168000 -261.987687
     169000 -274.542672
     170000 -264.816301
     171000 -263.942925
     172000 -266.238921
     173000 -264.427357
     174000 -263.886471
     175000 -268.580569
     176000 -264.464163
     177000 -269.931076
     178000 -263.155359
     179000 -264.279850
     180000 -266.100870
     181000 -271.372362
     182000 -262.046032
     183000 -263.390237
     184000 -265.700040
     185000 -262.239899
     186000 -264.114155
     187000 -264.578153
     188000 -263.842043
     189000 -263.300092
     190000 -263.775402
     191000 -265.185489
     192000 -277.158577
     193000 -264.078008
     194000 -262.564775
     195000 -262.033425
     196000 -264.419012
     197000 -263.891207
     198000 -265.048994
     199000 -266.682113
     200000 -262.164913
     201000 -265.916299
     202000 -262.545561
     203000 -264.730313
     204000 -267.577484
     205000 -268.584689
     206000 -262.963550
     207000 -264.678893
     208000 -262.009708
     209000 -262.546761
     210000 -264.371396
     211000 -263.832447
     212000 -263.283358
     213000 -263.942426
     214000 -265.850738
     215000 -263.758975
     216000 -267.578327
     217000 -262.063832
     218000 -262.292781
     219000 -267.392122
     220000 -262.173361
     221000 -264.372712
     222000 -268.088490
     223000 -274.264871
     224000 -273.364896
     225000 -266.326146
     226000 -264.664832
     227000 -264.468253
     228000 -265.257270
     229000 -266.310023
     230000 -263.547091
     231000 -262.129016
     232000 -264.072798
     233000 -268.445279
     234000 -264.652054
     235000 -265.674481
     236000 -262.010336
     237000 -262.891873
     238000 -265.228307
     239000 -263.727311
     240000 -262.479656
     241000 -263.452471
     242000 -265.915792
     243000 -265.355580
     244000 -262.532213
     245000 -269.858938
     246000 -267.942599
     247000 -264.482262
     248000 -265.987968
     249000 -263.862730
     250000 -264.512711
     251000 -263.061230
     252000 -264.055145
     253000 -266.264022
     254000 -272.020304
     255000 -262.814548
     256000 -263.236728
     257000 -263.783956
     258000 -262.298309
     259000 -266.562187
     260000 -263.858613
     261000 -263.698177
     262000 -264.835007
     263000 -263.948744
     264000 -265.718465
     265000 -264.803308
     266000 -262.154071
     267000 -262.191033
     268000 -263.982874
     269000 -271.926275
     270000 -264.251314
     271000 -262.681423
     272000 -265.763801
     273000 -263.969535
     274000 -263.695311
     275000 -262.654704
     276000 -262.014283
     277000 -267.813765
     278000 -264.665366
     279000 -263.801041
     280000 -262.443094
     281000 -264.303343
     282000 -262.477608
     283000 -270.401633
     284000 -262.268167
     285000 -263.959473
     286000 -269.211101
     287000 -266.158951
     288000 -263.812919
     289000 -263.851506
     290000 -263.913345
     291000 -269.151509
     292000 -269.500110
     293000 -263.817873
     294000 -262.015727
     295000 -266.672413
     296000 -267.920451
     297000 -269.513407
     298000 -264.066537
     299000 -267.666796
     300000 -264.900224
     301000 -262.037596
     302000 -264.911819
     303000 -263.509538
     304000 -267.697477
     305000 -264.541129
     306000 -263.288059
     307000 -270.082732
     308000 -265.360760
     309000 -271.983888
     310000 -263.841746
     311000 -265.668722
     312000 -270.364857
     313000 -263.963141
     314000 -268.502213
     315000 -262.226895
     316000 -263.098532
     317000 -264.809781
     318000 -265.770310
     319000 -262.198627
     320000 -264.267067
     321000 -262.001594
     322000 -263.912107
     323000 -264.073485
     324000 -264.241198
     325000 -269.533585
     326000 -264.570257
     327000 -261.989360
     328000 -262.079830
     329000 -263.979596
     330000 -262.812316
     331000 -263.754612
     332000 -263.784217
     333000 -267.721600
     334000 -266.536485
     335000 -273.422916
     336000 -263.105649
     337000 -265.319384
     338000 -270.750418
     339000 -268.734018
     340000 -265.069933
     341000 -264.225766
     342000 -265.632068
     343000 -261.984018
     344000 -264.138076
     345000 -262.100959
     346000 -267.238564
     347000 -262.097787
     348000 -263.954902
     349000 -263.626978
     350000 -264.046608
     351000 -262.066390
     352000 -263.212137
     353000 -273.764959
     354000 -263.975746
     355000 -266.151262
     356000 -262.545556
     357000 -264.169913
     358000 -262.107844
     359000 -264.103518
     360000 -264.370943
     361000 -269.032460
     362000 -265.607142
     363000 -267.692034
     364000 -273.409452
     365000 -263.980904
     366000 -270.986041
     367000 -263.782766
     368000 -263.690006
     369000 -272.413372
     370000 -263.904694
     371000 -263.007103
     372000 -264.022455
     373000 -262.572386
     374000 -263.434433
     375000 -263.563492
     376000 -262.440566
     377000 -263.336364
     378000 -263.753934
     379000 -264.032945
     380000 -264.345272
     381000 -267.577513
     382000 -263.777040
     383000 -264.162887
     384000 -263.861915
     385000 -262.328727
     386000 -263.348313
     387000 -265.697399
     388000 -262.445008
     389000 -262.874850
     390000 -263.156192
     391000 -262.829747
     392000 -263.007394
     393000 -264.108405
     394000 -262.623875
     395000 -263.807092
     396000 -263.905855
     397000 -263.787876
     398000 -263.866533
     399000 -267.593842
     400000 -262.278928
     401000 -272.348379
     402000 -263.747560
     403000 -262.198122
     404000 -266.540022
     405000 -262.630212
     406000 -266.045523
     407000 -263.412965
     408000 -266.793391
     409000 -265.968802
     410000 -263.833617
     411000 -265.705186
     412000 -264.385903
     413000 -272.193877
     414000 -262.276199
     415000 -263.698007
     416000 -262.513612
     417000 -266.098812
     418000 -264.003103
     419000 -267.235177
     420000 -264.284659
     421000 -262.343342
     422000 -264.549771
     423000 -264.894599
     424000 -262.365760
     425000 -264.332963
     426000 -262.168651
     427000 -266.018427
     428000 -264.737415
     429000 -271.553934
     430000 -264.423634
     431000 -267.636438
     432000 -266.560942
     433000 -264.539470
     434000 -264.066213
     435000 -267.617313
     436000 -271.226211
     437000 -262.532781
     438000 -263.026460
     439000 -265.887612
     440000 -262.488602
     441000 -268.598685
     442000 -263.851115
     443000 -264.510541
     444000 -262.438261
     445000 -266.528613
     446000 -265.430774
     447000 -267.902472
     448000 -263.907601
     449000 -267.588991
     450000 -262.873015
     451000 -264.448721
     452000 -265.779734
     453000 -264.500619
     454000 -264.257392
     455000 -265.212984
     456000 -264.487755
     457000 -277.068474
     458000 -264.124391
     459000 -263.859985
     460000 -262.059081
     461000 -265.658430
     462000 -263.115246
     463000 -270.522986
     464000 -267.393249
     465000 -262.785549
     466000 -264.091174
     467000 -267.625411
     468000 -263.806233
     469000 -264.806423
     470000 -265.026106
     471000 -262.340584
     472000 -263.200442
     473000 -262.885539
     474000 -264.065090
     475000 -264.440211
     476000 -265.991281
     477000 -263.176530
     478000 -271.830592
     479000 -262.597691
     480000 -267.082661
     481000 -268.066966
     482000 -263.573865
     483000 -267.913438
     484000 -262.413949
     485000 -263.767573
     486000 -264.370357
     487000 -265.297505
     488000 -262.236668
     489000 -266.211197
     490000 -263.750677
     491000 -263.170378
     492000 -264.598047
     493000 -265.831510
     494000 -265.668437
     495000 -265.169354
     496000 -269.257610
     497000 -263.935411
     498000 -263.756861
     499000 -264.636374
     500000 -264.178256
     501000 -263.509665
     502000 -266.014453
     503000 -263.203119
     504000 -267.667681
     505000 -264.294586
     506000 -265.646158
     507000 -263.368493
     508000 -263.897546
     509000 -265.725072
     510000 -264.327114
     511000 -276.675777
     512000 -263.041898
     513000 -262.134110
     514000 -265.939542
     515000 -266.232649
     516000 -262.082321
     517000 -263.713825
     518000 -262.981706
     519000 -265.271167
     520000 -263.722514
     521000 -262.331581
     522000 -265.673599
     523000 -263.719089
     524000 -264.719145
     525000 -266.395080
     526000 -262.123191
     527000 -263.841943
     528000 -262.665124
     529000 -262.536204
     530000 -265.636770
     531000 -262.586838
     532000 -263.970285
     533000 -264.504464
     534000 -263.964872
     535000 -263.636261
     536000 -272.843529
     537000 -266.477880
     538000 -264.593950
     539000 -263.742256
     540000 -262.715376
     541000 -267.997032
     542000 -264.164155
     543000 -264.076656
     544000 -265.897948
     545000 -262.310789
     546000 -263.220912
     547000 -264.442048
     548000 -262.249832
     549000 -264.927725
     550000 -263.947994
     551000 -263.728451
     552000 -262.766273
     553000 -262.421727
     554000 -263.950820
     555000 -268.831280
     556000 -264.215097
     557000 -262.455196
     558000 -264.390254
     559000 -267.671140
     560000 -263.802241
     561000 -263.846297
     562000 -262.116444
     563000 -263.465865
     564000 -264.862101
     565000 -269.648921
     566000 -262.312298
     567000 -265.114709
     568000 -267.577647
     569000 -265.025262
     570000 -262.257588
     571000 -263.277888
     572000 -263.806202
     573000 -264.488134
     574000 -264.404645
     575000 -263.924521
     576000 -262.525742
     577000 -262.400731
     578000 -268.603435
     579000 -264.324771
     580000 -265.747964
     581000 -262.344634
     582000 -264.593471
     583000 -262.367870
     584000 -262.315097
     585000 -263.867517
     586000 -269.219681
     587000 -263.683519
     588000 -266.732218
     589000 -264.758544
     590000 -262.387285
     591000 -264.355487
     592000 -263.877392
     593000 -264.032415
     594000 -263.728186
     595000 -263.508164
     596000 -262.145903
     597000 -262.064143
     598000 -263.840208
     599000 -264.513005
     600000 -262.637886
     601000 -263.961766
     602000 -269.768586
     603000 -264.443098
     604000 -264.846141
     605000 -265.152203
     606000 -264.586106
     607000 -264.708960
     608000 -269.712736
     609000 -267.469526
     610000 -262.533403
     611000 -263.583918
     612000 -262.839717
     613000 -262.137450
     614000 -266.907162
     615000 -262.112629
     616000 -269.614951
     617000 -264.623181
     618000 -263.802585
     619000 -262.217974
     620000 -262.187884
     621000 -264.281807
     622000 -266.002158
     623000 -265.821667
     624000 -264.052973
     625000 -262.056781
     626000 -263.895493
     627000 -269.607433
     628000 -263.738006
     629000 -263.946904
     630000 -262.022544
     631000 -262.132397
     632000 -272.655815
     633000 -264.837398
     634000 -263.725964
     635000 -264.585609
     636000 -266.251520
     637000 -268.587263
     638000 -264.073461
     639000 -263.987278
     640000 -265.831133
     641000 -267.849605
     642000 -264.008694
     643000 -265.343726
     644000 -271.257095
     645000 -263.255894
     646000 -264.539120
     647000 -263.022959
     648000 -263.120940
     649000 -264.085627
     650000 -262.411074
     651000 -272.306587
     652000 -261.985172
     653000 -262.358858
     654000 -268.040635
     655000 -263.999799
     656000 -267.770026
     657000 -263.444378
     658000 -263.323643
     659000 -266.341063
     660000 -271.691788
     661000 -263.944466
     662000 -263.933068
     663000 -262.331770
     664000 -265.763436
     665000 -264.219607
     666000 -263.002176
     667000 -262.020850
     668000 -268.293885
     669000 -262.151241
     670000 -263.347365
     671000 -265.416929
     672000 -262.894433
     673000 -261.988149
     674000 -262.502882
     675000 -268.213584
     676000 -262.760954
     677000 -264.219713
     678000 -264.500649
     679000 -262.329727
     680000 -266.446213
     681000 -267.479184
     682000 -263.894802
     683000 -266.079602
     684000 -263.269416
     685000 -263.950085
     686000 -262.235198
     687000 -269.901821
     688000 -265.686270
     689000 -265.120914
     690000 -265.087792
     691000 -262.420100
     692000 -266.573833
     693000 -263.953064
     694000 -271.633571
     695000 -268.433013
     696000 -263.510988
     697000 -264.448152
     698000 -262.013157
     699000 -263.956026
     700000 -267.779243
     701000 -263.098775
     702000 -271.932579
     703000 -262.133632
     704000 -266.027964
     705000 -267.579960
     706000 -265.408384
     707000 -264.448284
     708000 -262.087773
     709000 -264.053320
     710000 -263.084362
     711000 -262.795341
     712000 -265.183909
     713000 -262.368231
     714000 -262.991640
     715000 -262.868929
     716000 -270.194212
     717000 -262.757657
     718000 -262.054932
     719000 -262.433252
     720000 -265.943424
     721000 -264.279060
     722000 -263.774180
     723000 -263.293429
     724000 -262.160036
     725000 -266.758208
     726000 -265.862678
     727000 -263.184009
     728000 -265.977975
     729000 -264.195723
     730000 -263.744947
     731000 -267.709669
     732000 -264.674778
     733000 -263.079032
     734000 -263.689245
     735000 -262.611853
     736000 -264.231950
     737000 -263.870136
     738000 -263.219713
     739000 -264.206298
     740000 -265.890027
     741000 -273.249085
     742000 -262.968663
     743000 -266.643693
     744000 -271.982277
     745000 -263.131518
     746000 -262.882023
     747000 -262.382005
     748000 -263.742852
     749000 -264.418211
     750000 -262.566575
     751000 -263.815431
     752000 -263.819457
     753000 -262.511081
     754000 -263.256446
     755000 -264.624339
     756000 -263.953701
     757000 -265.760885
     758000 -263.506648
     759000 -262.522343
     760000 -267.500481
     761000 -270.326604
     762000 -264.610442
     763000 -262.534740
     764000 -262.771293
     765000 -264.455203
     766000 -263.693282
     767000 -265.631878
     768000 -262.236702
     769000 -262.964774
     770000 -263.252324
     771000 -263.532745
     772000 -263.411959
     773000 -264.106089
     774000 -263.917955
     775000 -264.760970
     776000 -262.071780
     777000 -266.072293
     778000 -262.764539
     779000 -269.971189
     780000 -264.416632
     781000 -264.064460
     782000 -265.849902
     783000 -264.255777
     784000 -262.648092
     785000 -267.646896
     786000 -264.720393
     787000 -263.970013
     788000 -263.901556
     789000 -262.411654
     790000 -263.060380
     791000 -262.413367
     792000 -263.751874
     793000 -265.126406
     794000 -264.513830
     795000 -262.788819
     796000 -265.735305
     797000 -266.089156
     798000 -262.003638
     799000 -269.768055
     800000 -263.310825
     801000 -275.071759
     802000 -262.772357
     803000 -262.098516
     804000 -266.046703
     805000 -262.202523
     806000 -263.244891
     807000 -263.324146
     808000 -269.098834
     809000 -262.446051
     810000 -265.869112
     811000 -264.615574
     812000 -264.227856
     813000 -263.250123
     814000 -263.496158
     815000 -263.796755
     816000 -263.251581
     817000 -266.426464
     818000 -263.960388
     819000 -264.835127
     820000 -265.635290
     821000 -264.762699
     822000 -264.235680
     823000 -263.695884
     824000 -269.616295
     825000 -263.751804
     826000 -264.008627
     827000 -265.658149
     828000 -264.699812
     829000 -262.891711
     830000 -267.603076
     831000 -267.635191
     832000 -263.061941
     833000 -262.804991
     834000 -262.140331
     835000 -266.337306
     836000 -262.512570
     837000 -264.492260
     838000 -263.773737
     839000 -267.306888
     840000 -263.830412
     841000 -262.230614
     842000 -266.005570
     843000 -269.581001
     844000 -262.023508
     845000 -264.982851
     846000 -262.683044
     847000 -267.309280
     848000 -261.973761
     849000 -262.016434
     850000 -268.867245
     851000 -266.980262
     852000 -268.066392
     853000 -262.364362
     854000 -262.959764
     855000 -263.870119
     856000 -262.128879
     857000 -264.211444
     858000 -262.067595
     859000 -264.480561
     860000 -266.581745
     861000 -263.688298
     862000 -263.163914
     863000 -274.956775
     864000 -262.342624
     865000 -265.818528
     866000 -263.219735
     867000 -264.868311
     868000 -264.650974
     869000 -264.324289
     870000 -263.737617
     871000 -262.380457
     872000 -263.258312
     873000 -265.485056
     874000 -262.004886
     875000 -263.899675
     876000 -265.329543
     877000 -262.052696
     878000 -269.214151
     879000 -263.749401
     880000 -264.473205
     881000 -262.566509
     882000 -263.432040
     883000 -263.927754
     884000 -262.789825
     885000 -267.589412
     886000 -268.742330
     887000 -262.515320
     888000 -262.037609
     889000 -266.160788
     890000 -262.539650
     891000 -264.026469
     892000 -263.038694
     893000 -263.763714
     894000 -262.019413
     895000 -264.417272
     896000 -276.786778
     897000 -262.462167
     898000 -263.798792
     899000 -264.276273
     900000 -263.704432
     901000 -264.746826
     902000 -265.244164
     903000 -268.548967
     904000 -265.843223
     905000 -265.706812
     906000 -267.838656
     907000 -262.573260
     908000 -263.693139
     909000 -264.323732
     910000 -262.296005
     911000 -265.244676
     912000 -268.101840
     913000 -264.834094
     914000 -262.785128
     915000 -264.901702
     916000 -263.894609
     917000 -277.036934
     918000 -264.062938
     919000 -267.582526
     920000 -264.447146
     921000 -262.955746
     922000 -269.203998
     923000 -262.750206
     924000 -262.074597
     925000 -267.038299
     926000 -263.685881
     927000 -264.338357
     928000 -265.833420
     929000 -263.837269
     930000 -263.885718
     931000 -263.920253
     932000 -263.061610
     933000 -263.157166
     934000 -265.734473
     935000 -267.946663
     936000 -265.774376
     937000 -264.106881
     938000 -264.313367
     939000 -271.608726
     940000 -264.213262
     941000 -264.583983
     942000 -263.336658
     943000 -268.160401
     944000 -263.971280
     945000 -265.749349
     946000 -266.651360
     947000 -268.250028
     948000 -268.108320
     949000 -263.947881
     950000 -268.881265
     951000 -263.027898
     952000 -262.943421
     953000 -267.346839
     954000 -262.761249
     955000 -263.968067
     956000 -263.736123
     957000 -264.551538
     958000 -265.109069
     959000 -262.873021
     960000 -264.964313
     961000 -263.685865
     962000 -264.252090
     963000 -266.044576
     964000 -263.765160
     965000 -266.166121
     966000 -264.255840
     967000 -262.072989
     968000 -266.309802
     969000 -262.338503
     970000 -266.081659
     971000 -263.692200
     972000 -263.900529
     973000 -262.778087
     974000 -265.975592
     975000 -265.761320
     976000 -262.429041
     977000 -263.966066
     978000 -262.309297
     979000 -266.087427
     980000 -263.811445
     981000 -267.989197
     982000 -263.785976
     983000 -262.176097
     984000 -262.068017
     985000 -263.710469
     986000 -264.247055
     987000 -270.938512
     988000 -264.158275
     989000 -262.492163
     990000 -263.815445
     991000 -263.846079
     992000 -263.708637
     993000 -262.995126
     994000 -263.837366
     995000 -264.510272
     996000 -264.225287
     997000 -262.699250
     998000 -263.551716
     999000 -264.346984
    1000000 -267.656771
    1001000 -268.327319
    1002000 -265.818235
    1003000 -263.960744
    1004000 -262.485688
    1005000 -262.389330
    1006000 -264.832795
    1007000 -263.835155
    1008000 -264.172408
    1009000 -269.147191
    1010000 -269.733549
    1011000 -262.496710
    1012000 -264.108657
    1013000 -263.991925
    1014000 -267.611024
    1015000 -265.807909
    1016000 -262.598453
    1017000 -262.781856
    1018000 -265.115190
    1019000 -263.819678
    1020000 -263.126083
    1021000 -264.448632
    1022000 -262.185847
    1023000 -263.094924
    1024000 -265.905528
    1025000 -262.949586
    1026000 -262.710184
    1027000 -264.358950
    1028000 -263.854930
    1029000 -266.075195
    1030000 -269.398202
    1031000 -265.209521
    1032000 -267.577515
    1033000 -264.981759
    1034000 -262.458605
    1035000 -266.030053
    1036000 -263.830104
    1037000 -270.091954
    1038000 -266.143171
    1039000 -268.970303
    1040000 -265.770949
    1041000 -263.850522
    1042000 -262.436939
    1043000 -262.350210
    1044000 -262.302424
    1045000 -270.438631
    1046000 -262.424069
    1047000 -265.941857
    1048000 -263.821379
    1049000 -264.189264
    1050000 -262.725196
    1051000 -263.332230
    1052000 -262.869722
    1053000 -263.526197
    1054000 -263.751302
    1055000 -269.547538
    1056000 -266.617105
    1057000 -262.678398
    1058000 -262.726300
    1059000 -264.190538
    1060000 -264.109731
    1061000 -263.938060
    1062000 -264.830997
    1063000 -264.038115
    1064000 -262.546690
    1065000 -264.861484
    1066000 -263.981705
    1067000 -262.580013
    1068000 -266.611340
    1069000 -263.840595
    1070000 -267.689230
    1071000 -269.399472
    1072000 -265.588239
    1073000 -270.669403
    1074000 -263.835540
    1075000 -267.705875
    1076000 -262.518998
    1077000 -263.741286
    1078000 -263.720046
    1079000 -262.920012
    1080000 -264.249146
    1081000 -262.691697
    1082000 -263.834757
    1083000 -269.790435
    1084000 -262.426746
    1085000 -266.419346
    1086000 -264.017398
    1087000 -264.047449
    1088000 -269.931452
    1089000 -262.111505
    1090000 -263.245819
    1091000 -262.039105
    1092000 -263.721277
    1093000 -263.446554
    1094000 -269.294042
    1095000 -264.448962
    1096000 -271.440017
    1097000 -262.518785
    1098000 -261.994403
    1099000 -263.755360
    1100000 -262.231956
    1101000 -262.676874
    1102000 -271.408885
    1103000 -267.584989
    1104000 -262.010988
    1105000 -262.109097
    1106000 -262.343150
    1107000 -262.256793
    1108000 -275.217776
    1109000 -264.713599
    1110000 -263.764067
    1111000 -262.970720
    1112000 -263.908658
    1113000 -267.025389
    1114000 -263.927971
    1115000 -262.431797
    1116000 -264.221977
    1117000 -267.062902
    1118000 -278.958205
    1119000 -262.895311
    1120000 -264.120046
    1121000 -265.656679
    1122000 -264.695669
    1123000 -262.424386
    1124000 -263.923961
    1125000 -268.230278
    1126000 -265.825909
    1127000 -262.577097
    1128000 -262.360015
    1129000 -263.993449
    1130000 -264.855093
    1131000 -262.034711
    1132000 -262.078404
    1133000 -263.719942
    1134000 -266.026515
    1135000 -263.311612
    1136000 -262.018154
    1137000 -267.699959
    1138000 -262.185039
    1139000 -267.705632
    1140000 -262.095289
    1141000 -264.354268
    1142000 -262.200717
    1143000 -262.949166
    1144000 -262.521123
    1145000 -262.399499
    1146000 -266.227519
    1147000 -267.830137
    1148000 -269.606456
    1149000 -264.278037
    1150000 -263.776266
    1151000 -263.882421
    1152000 -262.032152
    1153000 -264.756471
    1154000 -263.701826
    1155000 -261.977964
    1156000 -264.220946
    1157000 -262.406299
    1158000 -263.722900
    1159000 -265.293206
    1160000 -262.579555
    1161000 -263.215306
    1162000 -262.220655
    1163000 -270.040420
    1164000 -267.641796
    1165000 -268.887941
    1166000 -262.166627
    1167000 -262.327544
    1168000 -263.717247
    1169000 -262.011303
    1170000 -264.552271
    1171000 -264.432636
    1172000 -263.220314
    1173000 -262.808743
    1174000 -263.913615
    1175000 -264.018295
    1176000 -265.679701
    1177000 -264.781674
    1178000 -263.875813
    1179000 -264.636978
    1180000 -265.984404
    1181000 -262.262018
    1182000 -263.691601
    1183000 -270.206742
    1184000 -266.983860
    1185000 -266.332957
    1186000 -262.770361
    1187000 -262.000395
    1188000 -267.621239
    1189000 -267.725533
    1190000 -265.279684
    1191000 -262.708665
    1192000 -262.120955
    1193000 -262.168647
    1194000 -266.018748
    1195000 -273.917881
    1196000 -262.070131
    1197000 -264.071901
    1198000 -264.436288
    1199000 -269.573291
    1200000 -262.803545
    1201000 -262.839682
    1202000 -265.092250
    1203000 -262.115871
    1204000 -263.067865
    1205000 -264.525512
    1206000 -263.948347
    1207000 -262.206067
    1208000 -264.049897
    1209000 -262.236361
    1210000 -261.988259
    1211000 -265.759253
    1212000 -264.271663
    1213000 -264.210300
    1214000 -262.229533
    1215000 -263.853586
    1216000 -262.981295
    1217000 -267.581191
    1218000 -264.286408
    1219000 -270.516970
    1220000 -264.135741
    1221000 -262.051061
    1222000 -265.522549
    1223000 -264.360696
    1224000 -262.487787
    1225000 -264.582808
    1226000 -263.931182
    1227000 -263.480654
    1228000 -266.123472
    1229000 -266.031271
    1230000 -263.752886
    1231000 -264.166059
    1232000 -266.602627
    1233000 -265.666795
    1234000 -262.162650
    1235000 -264.046250
    1236000 -262.002870
    1237000 -264.005865
    1238000 -264.247793
    1239000 -267.693687
    1240000 -262.185113
    1241000 -263.956241
    1242000 -266.356955
    1243000 -262.689593
    1244000 -263.724671
    1245000 -268.558769
    1246000 -267.673891
    1247000 -262.176851
    1248000 -269.641986
    1249000 -265.684643
    1250000 -262.461095
    1251000 -265.914581
    1252000 -262.373909
    1253000 -264.187366
    1254000 -268.624773
    1255000 -262.131374
    1256000 -262.133831
    1257000 -263.728845
    1258000 -261.998665
    1259000 -262.302273
    1260000 -263.825482
    1261000 -263.669757
    1262000 -262.201730
    1263000 -263.719016
    1264000 -265.975885
    1265000 -268.525810
    1266000 -264.352771
    1267000 -262.247829
    1268000 -262.947292
    1269000 -264.889597
    1270000 -262.644035
    1271000 -262.368440
    1272000 -267.962781
    1273000 -263.720060
    1274000 -265.611778
    1275000 -262.325690
    1276000 -263.934712
    1277000 -269.628187
    1278000 -266.917515
    1279000 -264.483374
    1280000 -264.295096
    1281000 -267.615805
    1282000 -263.984504
    1283000 -266.164445
    1284000 -262.750157
    1285000 -263.770716
    1286000 -262.665027
    1287000 -264.567220
    1288000 -262.349874
    1289000 -263.401193
    1290000 -262.199205
    1291000 -263.773394
    1292000 -263.800379
    1293000 -268.879992
    1294000 -264.276248
    1295000 -263.778327
    1296000 -268.012063
    1297000 -263.786500
    1298000 -267.628881
    1299000 -263.135824
    1300000 -267.581926
    1301000 -262.505056
    1302000 -267.760640
    1303000 -274.543185
    1304000 -267.580563
    1305000 -266.148093
    1306000 -262.195953
    1307000 -262.007007
    1308000 -267.935517
    1309000 -262.780390
    1310000 -263.772480
    1311000 -262.089920
    1312000 -265.386280
    1313000 -262.376300
    1314000 -271.383215
    1315000 -264.900696
    1316000 -262.503840
    1317000 -265.410890
    1318000 -265.850103
    1319000 -264.888392
    1320000 -264.370385
    1321000 -262.789234
    1322000 -264.616403
    1323000 -262.367306
    1324000 -262.598734
    1325000 -266.749369
    1326000 -263.315089
    1327000 -269.502569
    1328000 -262.197296
    1329000 -271.586199
    1330000 -263.829425
    1331000 -267.845062
    1332000 -262.528484
    1333000 -262.655200
    1334000 -262.299844
    1335000 -262.495998
    1336000 -264.304131
    1337000 -262.085323
    1338000 -262.964673
    1339000 -263.621117
    1340000 -264.625560
    1341000 -264.002048
    1342000 -263.972686
    1343000 -264.095129
    1344000 -262.458878
    1345000 -264.972686
    1346000 -265.000739
    1347000 -267.948822
    1348000 -274.960014
    1349000 -266.411897
    1350000 -264.331576
    1351000 -274.003714
    1352000 -262.010161
    1353000 -264.064599
    1354000 -262.045473
    1355000 -262.477874
    1356000 -271.537995
    1357000 -265.583153
    1358000 -267.130637
    1359000 -264.169208
    1360000 -263.069019
    1361000 -263.337646
    1362000 -268.312338
    1363000 -262.027691
    1364000 -262.517714
    1365000 -263.968564
    1366000 -264.071621
    1367000 -263.864458
    1368000 -262.860212
    1369000 -264.036778
    1370000 -262.285622
    1371000 -267.633584
    1372000 -270.042964
    1373000 -269.515744
    1374000 -265.709382
    1375000 -265.173296
    1376000 -262.003458
    1377000 -262.389394
    1378000 -262.677148
    1379000 -262.359472
    1380000 -262.540638
    1381000 -269.796846
    1382000 -262.071463
    1383000 -263.917721
    1384000 -263.768100
    1385000 -262.267616
    1386000 -262.093501
    1387000 -262.746127
    1388000 -267.586199
    1389000 -264.200376
    1390000 -262.201516
    1391000 -264.749695
    1392000 -262.034601
    1393000 -265.717214
    1394000 -264.000758
    1395000 -273.612477
    1396000 -263.732262
    1397000 -262.209808
    1398000 -266.870877
    1399000 -263.763779
    1400000 -262.717779
    1401000 -262.815023
    1402000 -263.743908
    1403000 -265.998669
    1404000 -263.866398
    1405000 -263.877373
    1406000 -264.785126
    1407000 -265.247424
    1408000 -263.723194
    1409000 -261.976996
    1410000 -265.803204
    1411000 -264.506235
    1412000 -262.199051
    1413000 -262.784148
    1414000 -263.825243
    1415000 -268.283193
    1416000 -266.095371
    1417000 -266.303076
    1418000 -262.018309
    1419000 -264.008909
    1420000 -262.381608
    1421000 -265.136700
    1422000 -262.242400
    1423000 -264.154890
    1424000 -263.714486
    1425000 -265.316996
    1426000 -262.105853
    1427000 -263.148603
    1428000 -262.474834
    1429000 -262.024757
    1430000 -264.082392
    1431000 -265.515919
    1432000 -264.501492
    1433000 -263.155215
    1434000 -262.710417
    1435000 -262.052738
    1436000 -262.082200
    1437000 -263.235624
    1438000 -262.188069
    1439000 -267.578712
    1440000 -263.926084
    1441000 -267.588765
    1442000 -262.335336
    1443000 -265.065299
    1444000 -264.134108
    1445000 -264.155422
    1446000 -262.703479
    1447000 -266.765299
    1448000 -261.986441
    1449000 -262.533641
    1450000 -262.768004
    1451000 -263.186113
    1452000 -262.934323
    1453000 -264.929873
    1454000 -262.057218
    1455000 -262.355324
    1456000 -264.173263
    1457000 -266.567339
    1458000 -264.289284
    1459000 -262.016831
    1460000 -263.691753
    1461000 -262.428667
    1462000 -263.110595
    1463000 -264.084267
    1464000 -267.871245
    1465000 -269.448177
    1466000 -262.237174
    1467000 -262.728998
    1468000 -263.710884
    1469000 -264.493800
    1470000 -263.709957
    1471000 -268.046748
    1472000 -261.972012
    1473000 -271.487474
    1474000 -262.524013
    1475000 -265.777375
    1476000 -263.705711
    1477000 -271.940070
    1478000 -268.745816
    1479000 -261.982969
    1480000 -262.988528
    1481000 -267.581579
    1482000 -267.676690
    1483000 -267.739591
    1484000 -269.319166
    1485000 -262.316560
    1486000 -261.975071
    1487000 -262.031490
    1488000 -262.234028
    1489000 -264.139573
    1490000 -262.345665
    1491000 -262.600575
    1492000 -262.320286
    1493000 -268.573528
    1494000 -262.686086
    1495000 -264.116611
    1496000 -262.346783
    1497000 -264.389131
    1498000 -267.280839
    1499000 -262.716830
    1500000 -263.131873
    1501000 -267.734924
    1502000 -265.354898
    1503000 -262.462310
    1504000 -262.272196
    1505000 -264.447418
    1506000 -270.906053
    1507000 -268.424874
    1508000 -265.144476
    1509000 -263.054213
    1510000 -262.148309
    1511000 -264.218129
    1512000 -267.672094
    1513000 -266.057092
    1514000 -262.409551
    1515000 -264.564153
    1516000 -264.289629
    1517000 -269.502757
    1518000 -264.342954
    1519000 -263.761445
    1520000 -262.109895
    1521000 -263.786574
    1522000 -262.536044
    1523000 -263.725855
    1524000 -262.005732
    1525000 -264.575065
    1526000 -265.842992
    1527000 -262.332350
    1528000 -264.134543
    1529000 -263.729705
    1530000 -268.961474
    1531000 -262.212522
    1532000 -262.370019
    1533000 -264.231218
    1534000 -262.795361
    1535000 -262.174495
    1536000 -263.929874
    1537000 -266.165449
    1538000 -263.717969
    1539000 -264.584705
    1540000 -262.671780
    1541000 -265.163262
    1542000 -266.216041
    1543000 -262.102666
    1544000 -262.624465
    1545000 -262.775435
    1546000 -263.882268
    1547000 -263.988132
    1548000 -264.018732
    1549000 -264.541266
    1550000 -262.022151
    1551000 -265.688902
    1552000 -263.697623
    1553000 -264.435967
    1554000 -265.987753
    1555000 -266.679821
    1556000 -262.564430
    1557000 -262.169162
    1558000 -262.542357
    1559000 -262.483969
    1560000 -265.597649
    1561000 -270.056478
    1562000 -262.075140
    1563000 -262.507729
    1564000 -263.740617
    1565000 -264.556267
    1566000 -266.801959
    1567000 -263.183198
    1568000 -262.010548
    1569000 -265.453833
    1570000 -262.105151
    1571000 -262.445916
    1572000 -264.454043
    1573000 -266.344898
    1574000 -261.979096
    1575000 -264.142713
    1576000 -264.356266
    1577000 -263.793181
    1578000 -264.472063
    1579000 -270.318530
    1580000 -265.770743
    1581000 -271.441236
    1582000 -266.748308
    1583000 -266.632256
    1584000 -265.838697
    1585000 -265.162774
    1586000 -268.052219
    1587000 -263.917934
    1588000 -262.782664
    1589000 -262.122756
    1590000 -264.571637
    1591000 -264.050404
    1592000 -263.079902
    1593000 -264.479099
    1594000 -263.494129
    1595000 -262.278132
    1596000 -264.174635
    1597000 -265.775465
    1598000 -264.098902
    1599000 -263.210553
    1600000 -262.045798
    1601000 -271.914384
    1602000 -264.614295
    1603000 -263.797434
    1604000 -263.947380
    1605000 -270.976631
    1606000 -264.647300
    1607000 -263.718845
    1608000 -266.346390
    1609000 -271.068922
    1610000 -262.336617
    1611000 -267.590567
    1612000 -264.085389
    1613000 -265.119045
    1614000 -264.436528
    1615000 -266.383124
    1616000 -262.223269
    1617000 -262.909639
    1618000 -263.705178
    1619000 -262.047026
    1620000 -264.493669
    1621000 -263.952271
    1622000 -264.283348
    1623000 -264.189503
    1624000 -263.829675
    1625000 -263.103410
    1626000 -263.411790
    1627000 -265.803948
    1628000 -262.961779
    1629000 -264.592700
    1630000 -263.343682
    1631000 -262.016076
    1632000 -264.031207
    1633000 -266.166590
    1634000 -263.859064
    1635000 -275.836864
    1636000 -262.611025
    1637000 -265.755409
    1638000 -263.346229
    1639000 -268.002934
    1640000 -262.620219
    1641000 -265.994228
    1642000 -265.161305
    1643000 -264.540536
    1644000 -264.373978
    1645000 -262.362491
    1646000 -265.974813
    1647000 -263.930674
    1648000 -269.909401
    1649000 -262.149203
    1650000 -264.431108
    1651000 -264.021269
    1652000 -264.639298
    1653000 -264.366755
    1654000 -268.524836
    1655000 -264.135105
    1656000 -262.804549
    1657000 -264.274150
    1658000 -263.721309
    1659000 -262.087093
    1660000 -270.764015
    1661000 -269.781997
    1662000 -264.058210
    1663000 -264.710528
    1664000 -263.056396
    1665000 -264.719095
    1666000 -262.340870
    1667000 -262.496261
    1668000 -271.187596
    1669000 -269.513034
    1670000 -264.465305
    1671000 -265.788330
    1672000 -262.492530
    1673000 -263.698525
    1674000 -269.543512
    1675000 -264.675913
    1676000 -263.881304
    1677000 -263.803660
    1678000 -263.856868
    1679000 -262.085172
    1680000 -264.163338
    1681000 -265.872831
    1682000 -266.031146
    1683000 -269.338163
    1684000 -268.259839
    1685000 -264.020167
    1686000 -262.153743
    1687000 -262.356089
    1688000 -264.845143
    1689000 -263.716017
    1690000 -262.320304
    1691000 -263.807949
    1692000 -262.501039
    1693000 -265.428297
    1694000 -264.783402
    1695000 -264.959878
    1696000 -266.339345
    1697000 -269.950167
    1698000 -268.967390
    1699000 -265.860280
    1700000 -264.467286
    1701000 -265.632958
    1702000 -264.742471
    1703000 -262.558182
    1704000 -262.226355
    1705000 -262.719983
    1706000 -265.932277
    1707000 -264.071535
    1708000 -269.500307
    1709000 -264.058865
    1710000 -266.667378
    1711000 -263.577590
    1712000 -264.542862
    1713000 -262.816499
    1714000 -264.239869
    1715000 -263.933963
    1716000 -263.789845
    1717000 -267.752172
    1718000 -265.886615
    1719000 -264.412754
    1720000 -262.222116
    1721000 -269.210646
    1722000 -262.666497
    1723000 -264.489705
    1724000 -267.579732
    1725000 -263.616490
    1726000 -262.134372
    1727000 -262.151166
    1728000 -263.904690
    1729000 -262.757917
    1730000 -262.573998
    1731000 -273.202271
    1732000 -263.610896
    1733000 -265.986882
    1734000 -263.380141
    1735000 -269.374452
    1736000 -263.747639
    1737000 -262.357750
    1738000 -263.709455
    1739000 -270.937976
    1740000 -262.601841
    1741000 -262.209404
    1742000 -263.874786
    1743000 -264.243336
    1744000 -262.131285
    1745000 -267.719781
    1746000 -268.740942
    1747000 -271.385307
    1748000 -269.736692
    1749000 -263.940888
    1750000 -264.395782
    1751000 -265.937422
    1752000 -269.527024
    1753000 -267.985478
    1754000 -262.111940
    1755000 -267.751640
    1756000 -267.592660
    1757000 -267.171509
    1758000 -262.329736
    1759000 -264.513729
    1760000 -261.989661
    1761000 -262.068082
    1762000 -265.839719
    1763000 -265.809745
    1764000 -261.988524
    1765000 -265.112683
    1766000 -262.173241
    1767000 -262.080888
    1768000 -265.090299
    1769000 -266.710827
    1770000 -263.995448
    1771000 -262.136721
    1772000 -264.155437
    1773000 -264.939726
    1774000 -264.045493
    1775000 -264.043697
    1776000 -268.502923
    1777000 -264.831552
    1778000 -262.333800
    1779000 -266.051890
    1780000 -262.243871
    1781000 -263.811969
    1782000 -268.831668
    1783000 -263.375042
    1784000 -268.172601
    1785000 -263.820860
    1786000 -264.345950
    1787000 -265.787190
    1788000 -265.854514
    1789000 -262.733207
    1790000 -262.318907
    1791000 -263.320922
    1792000 -266.189026
    1793000 -264.271198
    1794000 -262.114110
    1795000 -265.689200
    1796000 -264.555346
    1797000 -265.388033
    1798000 -273.280224
    1799000 -272.080853
    1800000 -275.410370
    1801000 -269.757299
    1802000 -263.059458
    1803000 -261.992161
    1804000 -262.724800
    1805000 -262.406149
    1806000 -262.283961
    1807000 -263.429916
    1808000 -263.011891
    1809000 -271.372230
    1810000 -265.798226
    1811000 -262.502011
    1812000 -263.808270
    1813000 -262.107723
    1814000 -264.353973
    1815000 -266.416166
    1816000 -265.708592
    1817000 -264.302300
    1818000 -264.946608
    1819000 -266.240209
    1820000 -262.572381
    1821000 -262.048441
    1822000 -263.971834
    1823000 -265.642141
    1824000 -265.440920
    1825000 -262.119927
    1826000 -267.676554
    1827000 -269.541102
    1828000 -266.043080
    1829000 -264.429081
    1830000 -262.057557
    1831000 -262.058717
    1832000 -264.699223
    1833000 -263.977063
    1834000 -267.878720
    1835000 -264.653852
    1836000 -264.880934
    1837000 -262.470397
    1838000 -263.734697
    1839000 -267.192747
    1840000 -263.220557
    1841000 -264.052418
    1842000 -262.086328
    1843000 -264.254641
    1844000 -263.889570
    1845000 -270.034307
    1846000 -265.857101
    1847000 -263.769940
    1848000 -266.538694
    1849000 -263.863428
    1850000 -266.185065
    1851000 -264.241307
    1852000 -263.753464
    1853000 -264.490849
    1854000 -263.375258
    1855000 -262.549811
    1856000 -265.793492
    1857000 -264.097256
    1858000 -262.424221
    1859000 -264.255901
    1860000 -264.187180
    1861000 -262.997134
    1862000 -263.272532
    1863000 -262.337683
    1864000 -265.925300
    1865000 -266.583406
    1866000 -261.991974
    1867000 -265.649753
    1868000 -264.728797
    1869000 -264.091559
    1870000 -263.972186
    1871000 -263.723148
    1872000 -265.937317
    1873000 -262.134691
    1874000 -263.933483
    1875000 -269.730217
    1876000 -264.875693
    1877000 -264.325920
    1878000 -263.373251
    1879000 -269.642252
    1880000 -261.972048
    1881000 -264.573851
    1882000 -262.409974
    1883000 -266.926377
    1884000 -267.416810
    1885000 -264.961662
    1886000 -263.082355
    1887000 -265.665808
    1888000 -269.218211
    1889000 -263.763097
    1890000 -262.121662
    1891000 -261.978544
    1892000 -264.843702
    1893000 -262.940399
    1894000 -272.920716
    1895000 -263.868129
    1896000 -267.607389
    1897000 -262.383937
    1898000 -267.064866
    1899000 -263.722933
    1900000 -262.576001
    1901000 -262.380470
    1902000 -266.305139
    1903000 -262.620835
    1904000 -262.537012
    1905000 -265.536418
    1906000 -262.857689
    1907000 -263.992236
    1908000 -262.257127
    1909000 -264.726740
    1910000 -262.407700
    1911000 -262.324434
    1912000 -263.668017
    1913000 -266.623755
    1914000 -262.047130
    1915000 -262.260948
    1916000 -267.514591
    1917000 -263.855838
    1918000 -264.664647
    1919000 -262.131407
    1920000 -271.507773
    1921000 -263.818268
    1922000 -265.101564
    1923000 -262.256900
    1924000 -267.594485
    1925000 -267.660699
    1926000 -264.025010
    1927000 -266.351847
    1928000 -262.074770
    1929000 -269.501990
    1930000 -264.935920
    1931000 -262.178019
    1932000 -267.961980
    1933000 -264.593310
    1934000 -262.486559
    1935000 -262.943076
    1936000 -265.200140
    1937000 -272.159963
    1938000 -266.561063
    1939000 -262.373277
    1940000 -267.682755
    1941000 -262.224601
    1942000 -263.329648
    1943000 -262.270997
    1944000 -262.454599
    1945000 -263.257931
    1946000 -267.675521
    1947000 -264.400957
    1948000 -264.557881
    1949000 -266.508779
    1950000 -263.939535
    1951000 -263.707201
    1952000 -264.014740
    1953000 -262.105598
    1954000 -262.038824
    1955000 -264.081300
    1956000 -262.094403
    1957000 -263.728903
    1958000 -263.708276
    1959000 -262.840050
    1960000 -263.747017
    1961000 -264.320222
    1962000 -264.525910
    1963000 -264.426917
    1964000 -265.713669
    1965000 -264.946560
    1966000 -267.617603
    1967000 -263.916209
    1968000 -262.268527
    1969000 -262.340354
    1970000 -262.058536
    1971000 -264.115411
    1972000 -264.458478
    1973000 -264.231604
    1974000 -267.826633
    1975000 -263.742727
    1976000 -262.760551
    1977000 -262.110765
    1978000 -264.447202
    1979000 -262.288825
    1980000 -271.153868
    1981000 -262.516118
    1982000 -262.127241
    1983000 -265.681689
    1984000 -262.635664
    1985000 -267.007410
    1986000 -263.003484
    1987000 -262.201746
    1988000 -262.579477
    1989000 -265.902619
    1990000 -270.811458
    1991000 -262.459877
    1992000 -261.977900
    1993000 -264.938788
    1994000 -262.262872
    1995000 -264.146600
    1996000 -269.510260
    1997000 -269.693262
    1998000 -262.462218
    1999000 -262.053913
    2000000 -262.295543
    2001000 -267.606336
    2002000 -262.057535
    2003000 -262.467197
    2004000 -265.855008
    2005000 -262.211819
    2006000 -263.802992
    2007000 -268.399074
    2008000 -264.887926
    2009000 -269.872591
    2010000 -267.588510
    2011000 -265.728108
    2012000 -262.583796
    2013000 -266.186433
    2014000 -262.014951
    2015000 -262.959733
    2016000 -262.206180
    2017000 -263.254155
    2018000 -262.520603
    2019000 -267.631606
    2020000 -263.781361
    2021000 -262.722075
    2022000 -266.731095
    2023000 -264.328252
    2024000 -263.804538
    2025000 -271.627414
    2026000 -262.205028
    2027000 -265.267435
    2028000 -262.134237
    2029000 -262.467296
    2030000 -264.461532
    2031000 -262.822539
    2032000 -270.240124
    2033000 -263.701858
    2034000 -269.738533
    2035000 -262.021961
    2036000 -272.475504
    2037000 -263.406998
    2038000 -264.378796
    2039000 -264.822061
    2040000 -262.025028
    2041000 -267.974431
    2042000 -265.680371
    2043000 -262.228619
    2044000 -266.329994
    2045000 -264.176437
    2046000 -267.579061
    2047000 -265.689772
    2048000 -264.477459
    2049000 -262.663217
    2050000 -274.035121
    2051000 -262.861540
    2052000 -269.241434
    2053000 -262.955185
    2054000 -265.345274
    2055000 -264.642161
    2056000 -262.378955
    2057000 -262.601967
    2058000 -262.636733
    2059000 -263.027235
    2060000 -263.813284
    2061000 -265.094251
    2062000 -264.112792
    2063000 -262.134723
    2064000 -269.530863
    2065000 -264.147543
    2066000 -263.888557
    2067000 -262.434315
    2068000 -263.386904
    2069000 -271.097601
    2070000 -262.214239
    2071000 -263.021118
    2072000 -263.740937
    2073000 -263.941791
    2074000 -272.020791
    2075000 -266.620458
    2076000 -268.071980
    2077000 -262.446210
    2078000 -263.048936
    2079000 -265.005605
    2080000 -266.986577
    2081000 -262.288068
    2082000 -263.518008
    2083000 -265.838957
    2084000 -268.987843
    2085000 -262.950313
    2086000 -264.814479
    2087000 -264.705837
    2088000 -266.930809
    2089000 -268.617564
    2090000 -262.714878
    2091000 -262.414698
    2092000 -266.650110
    2093000 -262.254072
    2094000 -268.068542
    2095000 -262.648993
    2096000 -262.631483
    2097000 -264.226815
    2098000 -263.718880
    2099000 -264.019007
    2100000 -262.931683
    2101000 -262.139768
    2102000 -262.272830
    2103000 -262.286676
    2104000 -264.517040
    2105000 -262.231227
    2106000 -263.221751
    2107000 -265.792250
    2108000 -265.909796
    2109000 -264.728412
    2110000 -262.045109
    2111000 -262.768180
    2112000 -264.415919
    2113000 -263.835494
    2114000 -262.564476
    2115000 -262.863615
    2116000 -263.985209
    2117000 -263.813950
    2118000 -264.278669
    2119000 -272.723232
    2120000 -267.037257
    2121000 -262.443582
    2122000 -266.647750
    2123000 -264.048832
    2124000 -264.133236
    2125000 -268.554476
    2126000 -262.009582
    2127000 -262.051861
    2128000 -274.579515
    2129000 -263.939150
    2130000 -271.790252
    2131000 -263.787855
    2132000 -262.511944
    2133000 -271.864141
    2134000 -264.215235
    2135000 -262.047041
    2136000 -265.200877
    2137000 -264.342557
    2138000 -264.119128
    2139000 -269.814820
    2140000 -262.542865
    2141000 -263.835615
    2142000 -263.590974
    2143000 -265.069177
    2144000 -261.995814
    2145000 -264.326795
    2146000 -262.251015
    2147000 -269.889619
    2148000 -262.085216
    2149000 -262.167114
    2150000 -263.504797
    2151000 -263.869014
    2152000 -262.124611
    2153000 -265.830145
    2154000 -262.401200
    2155000 -266.431262
    2156000 -267.578279
    2157000 -263.811554
    2158000 -262.200135
    2159000 -262.634825
    2160000 -263.829684
    2161000 -262.612719
    2162000 -266.107930
    2163000 -263.699596
    2164000 -265.042172
    2165000 -262.999931
    2166000 -263.942065
    2167000 -263.875087
    2168000 -263.747782
    2169000 -264.017754
    2170000 -266.059952
    2171000 -262.492053
    2172000 -263.813551
    2173000 -262.063922
    2174000 -263.910012
    2175000 -266.385005
    2176000 -262.869729
    2177000 -262.100470
    2178000 -263.280159
    2179000 -262.684506
    2180000 -266.285800
    2181000 -262.497519
    2182000 -262.272007
    2183000 -263.259240
    2184000 -262.576432
    2185000 -264.346276
    2186000 -264.198432
    2187000 -265.428964
    2188000 -262.090581
    2189000 -264.095562
    2190000 -265.712000
    2191000 -262.627365
    2192000 -277.551207
    2193000 -262.195408
    2194000 -261.978672
    2195000 -271.413967
    2196000 -265.691007
    2197000 -262.180895
    2198000 -261.990426
    2199000 -262.692622
    2200000 -263.127990
    2201000 -265.760699
    2202000 -262.077300
    2203000 -265.276933
    2204000 -267.750110
    2205000 -265.782436
    2206000 -262.075313
    2207000 -264.563610
    2208000 -263.277625
    2209000 -262.909462
    2210000 -265.708284
    2211000 -262.033778
    2212000 -269.256158
    2213000 -262.123415
    2214000 -262.724880
    2215000 -264.834234
    2216000 -267.788174
    2217000 -269.288755
    2218000 -263.749042
    2219000 -264.132399
    2220000 -262.155752
    2221000 -263.703912
    2222000 -262.827125
    2223000 -265.996235
    2224000 -262.454475
    2225000 -263.946592
    2226000 -268.023838
    2227000 -263.905238
    2228000 -262.116194
    2229000 -262.347133
    2230000 -264.212904
    2231000 -269.505951
    2232000 -264.201300
    2233000 -263.902172
    2234000 -263.060467
    2235000 -264.653065
    2236000 -263.895281
    2237000 -267.873506
    2238000 -263.908777
    2239000 -262.781613
    2240000 -265.044354
    2241000 -262.551907
    2242000 -262.023515
    2243000 -271.435994
    2244000 -269.428122
    2245000 -265.859413
    2246000 -262.161052
    2247000 -262.067974
    2248000 -264.449816
    2249000 -263.957578
    2250000 -264.333439
    2251000 -262.867227
    2252000 -262.909923
    2253000 -271.723503
    2254000 -262.415921
    2255000 -262.205766
    2256000 -262.484143
    2257000 -262.200510
    2258000 -262.066139
    2259000 -269.477221
    2260000 -268.269541
    2261000 -266.385861
    2262000 -264.443708
    2263000 -265.730304
    2264000 -263.193125
    2265000 -266.860668
    2266000 -265.671717
    2267000 -264.986154
    2268000 -269.541437
    2269000 -266.987514
    2270000 -264.009673
    2271000 -266.351006
    2272000 -264.100641
    2273000 -262.954884
    2274000 -265.001796
    2275000 -262.667101
    2276000 -263.766596
    2277000 -266.554359
    2278000 -262.269855
    2279000 -268.566038
    2280000 -263.077548
    2281000 -263.711838
    2282000 -264.382175
    2283000 -264.769405
    2284000 -267.715506
    2285000 -265.304510
    2286000 -262.199086
    2287000 -266.028277
    2288000 -262.041748
    2289000 -264.649665
    2290000 -264.248303
    2291000 -271.669046
    2292000 -262.110015
    2293000 -262.120935
    2294000 -264.360436
    2295000 -264.340708
    2296000 -263.808821
    2297000 -262.901262
    2298000 -264.628039
    2299000 -264.052693
    2300000 -264.044883
    2301000 -263.711132
    2302000 -264.185754
    2303000 -263.943637
    2304000 -273.191678
    2305000 -265.065790
    2306000 -267.584567
    2307000 -262.249275
    2308000 -266.433919
    2309000 -262.751274
    2310000 -263.733597
    2311000 -266.487770
    2312000 -264.558726
    2313000 -262.296337
    2314000 -268.604609
    2315000 -263.921491
    2316000 -266.689406
    2317000 -264.174441
    2318000 -262.518905
    2319000 -262.170478
    2320000 -264.518585
    2321000 -265.708883
    2322000 -268.269707
    2323000 -264.044358
    2324000 -262.468023
    2325000 -263.130887
    2326000 -265.841665
    2327000 -268.453212
    2328000 -264.190662
    2329000 -264.108115
    2330000 -265.842774
    2331000 -263.977651
    2332000 -262.105532
    2333000 -265.682858
    2334000 -267.724775
    2335000 -262.094182
    2336000 -261.999802
    2337000 -267.577484
    2338000 -263.129114
    2339000 -263.032774
    2340000 -264.874819
    2341000 -265.683213
    2342000 -264.771100
    2343000 -263.972468
    2344000 -265.735580
    2345000 -262.953816
    2346000 -262.789486
    2347000 -266.600159
    2348000 -269.589784
    2349000 -263.102872
    2350000 -262.210599
    2351000 -273.198503
    2352000 -263.223001
    2353000 -263.200942
    2354000 -265.298686
    2355000 -264.399593
    2356000 -269.502169
    2357000 -263.273554
    2358000 -271.620282
    2359000 -262.001622
    2360000 -267.782862
    2361000 -264.497159
    2362000 -271.669094
    2363000 -266.851875
    2364000 -265.544185
    2365000 -267.767104
    2366000 -265.996532
    2367000 -262.560040
    2368000 -262.559511
    2369000 -263.761146
    2370000 -262.243435
    2371000 -263.823916
    2372000 -267.842291
    2373000 -270.208512
    2374000 -262.174145
    2375000 -263.596584
    2376000 -272.059634
    2377000 -262.191966
    2378000 -262.331505
    2379000 -261.978107
    2380000 -264.041846
    2381000 -264.541591
    2382000 -261.981539
    2383000 -263.985537
    2384000 -264.142376
    2385000 -262.926330
    2386000 -264.261963
    2387000 -266.861563
    2388000 -263.578034
    2389000 -266.000525
    2390000 -265.845161
    2391000 -268.241073
    2392000 -263.756756
    2393000 -267.838601
    2394000 -267.919914
    2395000 -264.503451
    2396000 -262.001217
    2397000 -264.717021
    2398000 -273.429049
    2399000 -265.244302
    2400000 -262.039230
    2401000 -264.494757
    2402000 -262.362787
    2403000 -267.809099
    2404000 -269.500982
    2405000 -265.951252
    2406000 -262.199438
    2407000 -264.095999
    2408000 -262.175938
    2409000 -264.071109
    2410000 -263.962740
    2411000 -262.327025
    2412000 -264.814166
    2413000 -264.113468
    2414000 -264.013532
    2415000 -268.600907
    2416000 -263.727400
    2417000 -263.815522
    2418000 -266.336682
    2419000 -264.238052
    2420000 -263.917436
    2421000 -263.784437
    2422000 -264.681227
    2423000 -264.045861
    2424000 -264.601604
    2425000 -271.263190
    2426000 -262.126772
    2427000 -262.366197
    2428000 -264.407678
    2429000 -269.533789
    2430000 -263.833629
    2431000 -262.287104
    2432000 -263.601248
    2433000 -267.895256
    2434000 -267.692550
    2435000 -265.640109
    2436000 -263.849754
    2437000 -271.713214
    2438000 -265.369200
    2439000 -263.597087
    2440000 -267.952447
    2441000 -267.716607
    2442000 -262.973206
    2443000 -263.947165
    2444000 -263.391025
    2445000 -263.106190
    2446000 -264.738499
    2447000 -263.101658
    2448000 -266.067137
    2449000 -263.711289
    2450000 -267.366027
    2451000 -264.015866
    2452000 -262.891096
    2453000 -268.057144
    2454000 -262.516964
    2455000 -262.263009
    2456000 -261.995950
    2457000 -268.054971
    2458000 -264.397493
    2459000 -262.910149
    2460000 -264.789989
    2461000 -263.220779
    2462000 -263.691158
    2463000 -262.552423
    2464000 -264.569604
    2465000 -262.965555
    2466000 -264.536803
    2467000 -265.315282
    2468000 -262.624032
    2469000 -263.121540
    2470000 -262.546952
    2471000 -262.581173
    2472000 -265.450537
    2473000 -263.241492
    2474000 -264.556955
    2475000 -266.483398
    2476000 -264.912617
    2477000 -262.945183
    2478000 -273.762802
    2479000 -263.926292
    2480000 -271.074129
    2481000 -263.093025
    2482000 -263.742649
    2483000 -262.247436
    2484000 -263.602412
    2485000 -261.978688
    2486000 -266.088448
    2487000 -267.619552
    2488000 -262.341396
    2489000 -267.577509
    2490000 -265.460402
    2491000 -265.531808
    2492000 -264.057127
    2493000 -264.857409
    2494000 -267.705684
    2495000 -263.717278
    2496000 -264.020555
    2497000 -270.938063
    2498000 -267.324339
    2499000 -264.884245
    2500000 -265.667908
    2501000 -264.703519
    2502000 -266.140203
    2503000 -262.164208
    2504000 -262.192091
    2505000 -262.342720
    2506000 -263.567017
    2507000 -263.765472
    2508000 -264.821888
    2509000 -262.276380
    2510000 -264.028817
    2511000 -263.075924
    2512000 -263.101844
    2513000 -268.706379
    2514000 -262.149501
    2515000 -264.310600
    2516000 -265.975780
    2517000 -264.761630
    2518000 -262.704699
    2519000 -269.233101
    2520000 -262.137453
    2521000 -265.560898
    2522000 -264.280340
    2523000 -262.565712
    2524000 -264.065435
    2525000 -263.800426
    2526000 -268.221014
    2527000 -262.430947
    2528000 -262.491449
    2529000 -262.414110
    2530000 -264.349014
    2531000 -264.257460
    2532000 -262.500584
    2533000 -263.236676
    2534000 -268.698133
    2535000 -265.580586
    2536000 -264.069685
    2537000 -262.474997
    2538000 -263.850531
    2539000 -264.533217
    2540000 -263.590783
    2541000 -264.415359
    2542000 -263.930707
    2543000 -264.019881
    2544000 -267.394830
    2545000 -263.194059
    2546000 -263.842044
    2547000 -262.985316
    2548000 -263.107662
    2549000 -264.676000
    2550000 -271.903470
    2551000 -263.553840
    2552000 -264.470459
    2553000 -262.176574
    2554000 -264.649140
    2555000 -264.947438
    2556000 -268.502128
    2557000 -262.534770
    2558000 -263.222574
    2559000 -264.150250
    2560000 -265.656705
    2561000 -264.895099
    2562000 -282.291798
    2563000 -263.820959
    2564000 -262.005216
    2565000 -262.305845
    2566000 -263.360773
    2567000 -264.375741
    2568000 -262.004205
    2569000 -266.356492
    2570000 -264.047340
    2571000 -275.051519
    2572000 -263.939425
    2573000 -268.410779
    2574000 -262.706594
    2575000 -263.763327
    2576000 -273.267006
    2577000 -265.741469
    2578000 -265.667001
    2579000 -263.733000
    2580000 -263.915065
    2581000 -266.377419
    2582000 -264.475327
    2583000 -262.987202
    2584000 -264.055901
    2585000 -263.940755
    2586000 -263.038757
    2587000 -263.870030
    2588000 -269.585981
    2589000 -262.192692
    2590000 -262.382663
    2591000 -263.470906
    2592000 -267.348440
    2593000 -264.158121
    2594000 -269.354480
    2595000 -262.183767
    2596000 -265.782940
    2597000 -266.112636
    2598000 -265.930517
    2599000 -268.061727
    2600000 -263.688144
    2601000 -265.645618
    2602000 -262.193952
    2603000 -268.916661
    2604000 -263.685219
    2605000 -266.549259
    2606000 -268.104324
    2607000 -262.850495
    2608000 -265.072849
    2609000 -262.872259
    2610000 -265.712766
    2611000 -264.549906
    2612000 -267.733322
    2613000 -264.363249
    2614000 -263.690140
    2615000 -262.209002
    2616000 -262.553941
    2617000 -264.733423
    2618000 -271.375673
    2619000 -277.503433
    2620000 -268.877965
    2621000 -262.806866
    2622000 -262.329155
    2623000 -264.113057
    2624000 -268.948568
    2625000 -264.131267
    2626000 -263.821294
    2627000 -263.775557
    2628000 -262.277395
    2629000 -269.313404
    2630000 -266.279502
    2631000 -263.644107
    2632000 -263.861795
    2633000 -262.943932
    2634000 -263.804192
    2635000 -263.056110
    2636000 -262.377367
    2637000 -262.968677
    2638000 -268.624301
    2639000 -264.210793
    2640000 -264.094453
    2641000 -262.487519
    2642000 -269.134446
    2643000 -263.985275
    2644000 -262.115283
    2645000 -262.908951
    2646000 -263.868429
    2647000 -264.163777
    2648000 -273.837300
    2649000 -272.646305
    2650000 -264.213884
    2651000 -262.226760
    2652000 -269.835552
    2653000 -264.791245
    2654000 -262.083816
    2655000 -263.915500
    2656000 -265.078995
    2657000 -264.561042
    2658000 -265.162215
    2659000 -262.275290
    2660000 -262.477522
    2661000 -262.831125
    2662000 -263.988586
    2663000 -262.878580
    2664000 -267.802199
    2665000 -262.365148
    2666000 -263.927067
    2667000 -263.838311
    2668000 -263.981313
    2669000 -263.841540
    2670000 -264.302224
    2671000 -263.809205
    2672000 -261.999071
    2673000 -268.472829
    2674000 -263.781941
    2675000 -264.077758
    2676000 -264.905389
    2677000 -263.707023
    2678000 -264.301704
    2679000 -263.845207
    2680000 -263.695066
    2681000 -267.877016
    2682000 -262.437621
    2683000 -265.466047
    2684000 -263.962253
    2685000 -263.321299
    2686000 -264.221369
    2687000 -273.338940
    2688000 -263.930220
    2689000 -264.463612
    2690000 -271.883936
    2691000 -262.295239
    2692000 -262.232841
    2693000 -262.452204
    2694000 -263.098696
    2695000 -262.232972
    2696000 -269.761222
    2697000 -262.461874
    2698000 -264.875724
    2699000 -263.801061
    2700000 -263.983175
    2701000 -262.972988
    2702000 -271.188966
    2703000 -265.653098
    2704000 -263.937012
    2705000 -269.183170
    2706000 -264.021537
    2707000 -262.552033
    2708000 -262.559308
    2709000 -266.878529
    2710000 -264.314432
    2711000 -262.752808
    2712000 -263.118758
    2713000 -262.226546
    2714000 -262.275085
    2715000 -267.263113
    2716000 -263.698044
    2717000 -264.968041
    2718000 -263.878615
    2719000 -262.336732
    2720000 -262.270617
    2721000 -262.275398
    2722000 -262.161637
    2723000 -264.095976
    2724000 -263.903577
    2725000 -265.991032
    2726000 -264.321947
    2727000 -263.927495
    2728000 -268.386196
    2729000 -264.688620
    2730000 -265.703496
    2731000 -262.996824
    2732000 -263.059968
    2733000 -266.431864
    2734000 -263.987123
    2735000 -264.752500
    2736000 -269.554819
    2737000 -265.976389
    2738000 -262.070957
    2739000 -263.020745
    2740000 -263.747139
    2741000 -266.952263
    2742000 -262.457241
    2743000 -264.534938
    2744000 -264.037912
    2745000 -267.577484
    2746000 -264.098980
    2747000 -267.615527
    2748000 -263.999306
    2749000 -268.677793
    2750000 -262.656157
    2751000 -263.685664
    2752000 -262.559660
    2753000 -265.833704
    2754000 -267.639081
    2755000 -268.285226
    2756000 -262.446559
    2757000 -271.422618
    2758000 -269.391638
    2759000 -263.901120
    2760000 -262.208398
    2761000 -263.777907
    2762000 -262.386609
    2763000 -266.260642
    2764000 -262.053555
    2765000 -264.079463
    2766000 -264.898857
    2767000 -264.087018
    2768000 -270.831899
    2769000 -262.323731
    2770000 -268.227023
    2771000 -269.371049
    2772000 -262.367107
    2773000 -262.572944
    2774000 -263.695612
    2775000 -264.647448
    2776000 -265.765075
    2777000 -262.189901
    2778000 -263.638586
    2779000 -263.890817
    2780000 -267.636995
    2781000 -265.678424
    2782000 -262.342118
    2783000 -262.819871
    2784000 -263.585537
    2785000 -269.447666
    2786000 -271.272452
    2787000 -262.559130
    2788000 -264.172704
    2789000 -263.688645
    2790000 -267.670869
    2791000 -262.505808
    2792000 -263.712230
    2793000 -268.026132
    2794000 -262.816699
    2795000 -262.846893
    2796000 -262.518102
    2797000 -273.993984
    2798000 -267.724457
    2799000 -262.608968
    2800000 -263.898184
    2801000 -264.274484
    2802000 -263.719010
    2803000 -263.775452
    2804000 -264.402694
    2805000 -262.348235
    2806000 -266.046198
    2807000 -263.685805
    2808000 -263.711631
    2809000 -262.129943
    2810000 -264.306011
    2811000 -262.375603
    2812000 -262.277876
    2813000 -263.727515
    2814000 -264.014884
    2815000 -266.163947
    2816000 -264.114324
    2817000 -269.823289
    2818000 -265.303228
    2819000 -264.211983
    2820000 -263.988282
    2821000 -266.596014
    2822000 -264.192166
    2823000 -268.010570
    2824000 -262.188239
    2825000 -262.680152
    2826000 -264.176436
    2827000 -262.069567
    2828000 -263.800733
    2829000 -265.735267
    2830000 -262.537375
    2831000 -262.833818
    2832000 -264.481349
    2833000 -265.023557
    2834000 -262.315736
    2835000 -264.074148
    2836000 -268.239360
    2837000 -263.043298
    2838000 -263.712612
    2839000 -268.258311
    2840000 -263.750450
    2841000 -262.141956
    2842000 -263.131456
    2843000 -267.590084
    2844000 -263.759582
    2845000 -262.143643
    2846000 -262.096644
    2847000 -272.317570
    2848000 -269.319467
    2849000 -264.540861
    2850000 -269.914686
    2851000 -266.300526
    2852000 -264.220035
    2853000 -269.622539
    2854000 -267.693461
    2855000 -262.078167
    2856000 -263.478409
    2857000 -262.729924
    2858000 -263.965626
    2859000 -264.386766
    2860000 -270.214444
    2861000 -265.918350
    2862000 -265.153199
    2863000 -263.935947
    2864000 -263.698506
    2865000 -269.906688
    2866000 -264.587379
    2867000 -264.285731
    2868000 -264.828975
    2869000 -264.522293
    2870000 -262.128814
    2871000 -264.373871
    2872000 -262.412214
    2873000 -264.331093
    2874000 -270.477796
    2875000 -264.547533
    2876000 -263.683080
    2877000 -263.238567
    2878000 -265.649999
    2879000 -271.376050
    2880000 -264.633336
    2881000 -264.422498
    2882000 -268.736889
    2883000 -265.650331
    2884000 -271.872427
    2885000 -262.561769
    2886000 -262.557182
    2887000 -262.746678
    2888000 -262.014258
    2889000 -263.930491
    2890000 -267.626272
    2891000 -262.990660
    2892000 -264.063858
    2893000 -267.998766
    2894000 -262.457220
    2895000 -269.429756
    2896000 -264.540049
    2897000 -265.675133
    2898000 -262.328982
    2899000 -270.941125
    2900000 -273.403041
    2901000 -262.355354
    2902000 -264.773809
    2903000 -263.793767
    2904000 -262.353979
    2905000 -263.885150
    2906000 -269.819358
    2907000 -274.594669
    2908000 -271.371923
    2909000 -266.106550
    2910000 -266.102015
    2911000 -262.683025
    2912000 -262.611961
    2913000 -263.920708
    2914000 -264.099233
    2915000 -263.792171
    2916000 -264.260541
    2917000 -263.433157
    2918000 -271.397947
    2919000 -262.166770
    2920000 -262.940850
    2921000 -265.706390
    2922000 -267.632831
    2923000 -262.867097
    2924000 -267.591505
    2925000 -268.205752
    2926000 -268.117323
    2927000 -264.244497
    2928000 -262.548862
    2929000 -262.748418
    2930000 -264.454251
    2931000 -267.587777
    2932000 -264.480251
    2933000 -264.966741
    2934000 -263.408548
    2935000 -264.449212
    2936000 -271.856887
    2937000 -267.863068
    2938000 -263.736009
    2939000 -265.748962
    2940000 -265.681768
    2941000 -262.100413
    2942000 -268.876237
    2943000 -262.487067
    2944000 -264.144198
    2945000 -262.379851
    2946000 -262.172669
    2947000 -264.280042
    2948000 -263.967954
    2949000 -264.341536
    2950000 -262.218022
    2951000 -265.950008
    2952000 -265.654462
    2953000 -263.024980
    2954000 -263.780525
    2955000 -264.308605
    2956000 -263.880534
    2957000 -266.302538
    2958000 -262.445392
    2959000 -271.931657
    2960000 -261.998543
    2961000 -272.958233
    2962000 -263.115418
    2963000 -264.190959
    2964000 -262.280055
    2965000 -263.689610
    2966000 -262.213706
    2967000 -262.292891
    2968000 -262.782380
    2969000 -263.707968
    2970000 -268.408374
    2971000 -262.143828
    2972000 -262.469322
    2973000 -264.139403
    2974000 -265.654331
    2975000 -262.475043
    2976000 -262.475077
    2977000 -264.709182
    2978000 -264.141613
    2979000 -269.047561
    2980000 -262.469403
    2981000 -264.153970
    2982000 -263.085869
    2983000 -266.073623
    2984000 -268.912282
    2985000 -263.762510
    2986000 -267.263291
    2987000 -265.311042
    2988000 -264.021661
    2989000 -264.581267
    2990000 -271.057426
    2991000 -263.826049
    2992000 -266.463938
    2993000 -264.210386
    2994000 -263.814583
    2995000 -263.710235
    2996000 -265.655748
    2997000 -265.002602
    2998000 -264.369926
    2999000 -264.301550
    3000000 -263.115147
