       1000 -807.577063
       2000 -810.508052
       3000 -807.484577
       4000 -811.453839
       5000 -807.448773
       6000 -807.494717
       7000 -807.589038
       8000 -807.602697
       9000 -807.472006
      10000 -808.988025
      11000 -807.673288
      12000 -810.574654
      13000 -813.665017
      14000 -810.545580
      15000 -807.401429
      16000 -807.551207
      17000 -807.913970
      18000 -808.006861
      19000 -807.407212
      20000 -808.138876
      21000 -808.133959
      22000 -807.502435
      23000 -809.870007
      24000 -808.154801
      25000 -810.526175
      26000 -807.400746
      27000 -808.107067
      28000 -807.439762
      29000 -807.669602
      30000 -808.251609
      31000 -807.553407
      32000 -807.763658
      33000 -807.433238
      34000 -808.891990
      35000 -808.304804
      36000 -807.480113
      37000 -807.509860
      38000 -808.661300
      39000 -807.399853
      40000 -807.413263
      41000 -813.665108
      42000 -811.052166
      43000 -808.188539
      44000 -807.476891
      45000 -807.589696
      46000 -807.632276
      47000 -807.763990
      48000 -807.671084
      49000 -807.782466
      50000 -807.884735
      51000 -808.361281
      52000 -808.278566
      53000 -809.385071
      54000 -807.531557
      55000 -807.505663
      56000 -807.557425
      57000 -807.670596
      58000 -807.602819
      59000 -807.610503
      60000 -807.656210
      61000 -808.889480
      62000 -808.051107
      63000 -807.868304
      64000 -807.923791
      65000 -807.422967
      66000 -807.440715
      67000 -808.966665
      68000 -807.470214
      69000 -810.424424
      70000 -807.698152
      71000 -807.453222
      72000 -807.720966
      73000 -808.854588
      74000 -807.763881
      75000 -807.399835
      76000 -807.678507
      77000 -807.479695
      78000 -807.733183
      79000 -808.861220
      80000 -807.413417
      81000 -807.406035
      82000 -808.055162
      83000 -807.513548
      84000 -807.665878
      85000 -807.431234
      86000 -810.115900
      87000 -807.901040
      88000 -807.560050
      89000 -808.378755
      90000 -807.416511
      91000 -810.565650
      92000 -807.700398
      93000 -810.452498
      94000 -807.507369
      95000 -807.566131
      96000 -807.402585
      97000 -809.439451
      98000 -807.426267
      99000 -807.482298
     100000 -807.581948
     101000 -808.620357
     102000 -807.748412
     103000 -810.420857
     104000 -807.826698
     105000 -808.018725
     106000 -810.341632
     107000 -807.496789
     108000 -811.445034
     109000 -810.069007
     110000 -807.615077
     111000 -810.420922
     112000 -807.512253
     113000 -807.405291
     114000 -807.408158
     115000 -807.930022
     116000 -807.629927
     117000 -807.563012
     118000 -807.440237
     119000 -813.734400
     120000 -818.314650
     121000 -807.399705
     122000 -808.102825
     123000 -807.400766
     124000 -807.454089
     125000 -807.827993
     126000 -807.995652
     127000 -807.432087
     128000 -807.480100
     129000 -807.632222
     130000 -807.769436
     131000 -809.099356
     132000 -808.073927
     133000 -809.596244
     134000 -807.419549
     135000 -808.381845
     136000 -813.680534
     137000 -807.790453
     138000 -807.703655
     139000 -807.518030
     140000 -808.110558
     141000 -810.423671
     142000 -807.413444
     143000 -807.705713
     144000 -807.550993
     145000 -807.588722
     146000 -807.408714
     147000 -807.438224
     148000 -808.494613
     149000 -807.570868
     150000 -808.419389
     151000 -807.766144
     152000 -807.924233
     153000 -807.405591
     154000 -808.128355
     155000 -807.424937
     156000 -807.457551
     157000 -807.452673
     158000 -813.113931
     159000 -808.783723
     160000 -807.418502
     161000 -807.542762
     162000 -810.676545
     163000 -807.541671
     164000 -808.006879
     165000 -807.414724
     166000 -807.519683
     167000 -808.003314
     168000 -807.409416
     169000 -808.265110
     170000 -807.527631
     171000 -807.669680
     172000 -807.761956
     173000 -815.227218
     174000 -807.408117
     175000 -813.481484
     176000 -807.914102
     177000 -807.906842
     178000 -807.412353
     179000 -807.407311
     180000 -807.483023
     181000 -807.912295
     182000 -808.430400
     183000 -808.683215
     184000 -807.441205
     185000 -807.399337
     186000 -810.132858
     187000 -811.162492
     188000 -808.000929
     189000 -807.404634
     190000 -807.421244
     191000 -807.837716
     192000 -807.636025
     193000 -807.445936
     194000 -807.452761
     195000 -807.403675
     196000 -807.420134
     197000 -808.184578
     198000 -811.133958
     199000 -807.429517
     200000 -807.444771
     201000 -807.985664
     202000 -808.300145
     203000 -807.734893
     204000 -807.534532
     205000 -811.348350
     206000 -807.529552
     207000 -807.428104
     208000 -808.347177
     209000 -807.828936
     210000 -807.409578
     211000 -807.732031
     212000 -807.688805
     213000 -807.447368
     214000 -808.301265
     215000 -808.551508
     216000 -811.212324
     217000 -807.469772
     218000 -807.421697
     219000 -811.565737
     220000 -807.491236
     221000 -807.462773
     222000 -808.495912
     223000 -808.499867
     224000 -810.468539
     225000 -810.578022
     226000 -810.432681
     227000 -807.410465
     228000 -807.452892
     229000 -808.204264
     230000 -807.713419
     231000 -807.664574
     232000 -807.648731
     233000 -808.332354
     234000 -807.439915
     235000 -807.687095
     236000 -807.406208
     237000 -807.948556
     238000 -807.415044
     239000 -807.457288
     240000 -808.119801
     241000 -807.925900
     242000 -807.457026
     243000 -807.466608
     244000 -807.571657
     245000 -813.505780
     246000 -808.988884
     247000 -809.528836
     248000 -807.463235
     249000 -807.428245
     250000 -808.191566
     251000 -807.896676
     252000 -807.433339
     253000 -808.134663
     254000 -807.405146
     255000 -807.473653
     256000 -808.540503
     257000 -810.638279
     258000 -807.455367
     259000 -810.526253
     260000 -810.174130
     261000 -808.334599
     262000 -807.672246
     263000 -807.738246
     264000 -807.788226
     265000 -807.834413
     266000 -807.649114
     267000 -807.401266
     268000 -809.453053
     269000 -807.713475
     270000 -813.529483
     271000 -807.492960
     272000 -808.383660
     273000 -807.726224
     274000 -809.828174
     275000 -809.210136
     276000 -809.412984
     277000 -807.401405
     278000 -807.606870
     279000 -807.404342
     280000 -807.501951
     281000 -807.432122
     282000 -807.781199
     283000 -810.455052
     284000 -807.917126
     285000 -807.451808
     286000 -807.459035
     287000 -807.547697
     288000 -807.399506
     289000 -807.558062
     290000 -807.399716
     291000 -807.411106
     292000 -807.640767
     293000 -809.576266
     294000 -807.494732
     295000 -813.959446
     296000 -809.709717
     297000 -807.489810
     298000 -807.805816
     299000 -807.424936
     300000 -813.404839
     301000 -808.909561
     302000 -807.558669
     303000 -807.668668
     304000 -807.679499
     305000 -810.419004
     306000 -807.818928
     307000 -811.514083
     308000 -807.925093
     309000 -807.467731
     310000 -807.982473
     311000 -807.826626
     312000 -807.556810
     313000 -807.612728
     314000 -808.021113
     315000 -807.409006
     316000 -807.410774
     317000 -808.649188
     318000 -807.403949
     319000 -807.442914
     320000 -817.231959
     321000 -807.406893
     322000 -807.950816
     323000 -807.819560
     324000 -810.475093
     325000 -807.411169
     326000 -807.500268
     327000 -807.414508
     328000 -807.652226
     329000 -809.467321
     330000 -807.416822
     331000 -812.185895
     332000 -809.643998
     333000 -807.667346
     334000 -807.459557
     335000 -807.947600
     336000 -807.442658
     337000 -808.261528
     338000 -810.428117
     339000 -809.608031
     340000 -807.420395
     341000 -808.328715
     342000 -807.500501
     343000 -807.709775
     344000 -807.408712
     345000 -807.813197
     346000 -807.431473
     347000 -811.046270
     348000 -807.493805
     349000 -807.856409
     350000 -808.097504
     351000 -807.594391
     352000 -808.233577
     353000 -807.496582
     354000 -807.476356
     355000 -814.803735
     356000 -808.212121
     357000 -807.445997
     358000 -810.786065
     359000 -810.562771
     360000 -808.498879
     361000 -808.837918
     362000 -807.606534
     363000 -807.399868
     364000 -807.534927
     365000 -807.399667
     366000 -807.633140
     367000 -807.671725
     368000 -807.409499
     369000 -807.457156
     370000 -807.399914
     371000 -808.205803
     372000 -808.440979
     373000 -807.652981
     374000 -807.401291
     375000 -808.263217
     376000 -807.464608
     377000 -807.403048
     378000 -813.488107
     379000 -807.625792
     380000 -807.442744
     381000 -807.451771
     382000 -807.600482
     383000 -807.535211
     384000 -810.424174
     385000 -807.544987
     386000 -808.370725
     387000 -807.425995
     388000 -807.634461
     389000 -807.418525
     390000 -807.493509
     391000 -808.327984
     392000 -810.537600
     393000 -807.404090
     394000 -808.800512
     395000 -807.704263
     396000 -808.208641
     397000 -807.503956
     398000 -808.125599
     399000 -807.439083
     400000 -807.858329
     401000 -808.367802
     402000 -807.528612
     403000 -808.892971
     404000 -808.731104
     405000 -807.675104
     406000 -807.416906
     407000 -807.452556
     408000 -809.217711
     409000 -807.402355
     410000 -807.992857
     411000 -807.830989
     412000 -807.427758
     413000 -809.254051
     414000 -807.400165
     415000 -807.479615
     416000 -807.404537
     417000 -808.200972
     418000 -808.516002
     419000 -807.463292
     420000 -807.805574
     421000 -807.484357
     422000 -807.457433
     423000 -807.951868
     424000 -807.407654
     425000 -807.483081
     426000 -810.540083
     427000 -808.272947
     428000 -808.881860
     429000 -807.896383
     430000 -807.832524
     431000 -807.452652
     432000 -807.506764
     433000 -807.821660
     434000 -807.469375
     435000 -808.239870
     436000 -807.428398
     437000 -808.392070
     438000 -808.158568
     439000 -807.401757
     440000 -807.492537
     441000 -807.400207
     442000 -810.470882
     443000 -810.393421
     444000 -807.488524
     445000 -807.495040
     446000 -807.404197
     447000 -808.009787
     448000 -807.401489
     449000 -807.590464
     450000 -807.695232
     451000 -807.540915
     452000 -807.982615
     453000 -807.869994
     454000 -807.472522
     455000 -807.458183
     456000 -807.583918
     457000 -810.486557
     458000 -807.413037
     459000 -807.908872
     460000 -813.410177
     461000 -810.419393
     462000 -807.675349
     463000 -807.405116
     464000 -807.619240
     465000 -808.990993
     466000 -808.490391
     467000 -807.401001
     468000 -807.447414
     469000 -809.524210
     470000 -807.401394
     471000 -809.374399
     472000 -807.428435
     473000 -807.628180
     474000 -807.474194
     475000 -807.428595
     476000 -807.424591
     477000 -808.153445
     478000 -809.619887
     479000 -807.517695
     480000 -808.957305
     481000 -807.719147
     482000 -807.399913
     483000 -807.444352
     484000 -807.458620
     485000 -808.156877
     486000 -807.458538
     487000 -807.819992
     488000 -810.211728
     489000 -807.493170
     490000 -807.410293
     491000 -807.492113
     492000 -813.399771
     493000 -807.515703
     494000 -809.479019
     495000 -807.434424
     496000 -808.554996
     497000 -810.669530
     498000 -808.254107
     499000 -807.848639
     500000 -807.877133
     501000 -807.561912
     502000 -807.408450
     503000 -808.223899
     504000 -807.511430
     505000 -809.529809
     506000 -807.542161
     507000 -807.515428
     508000 -807.486460
     509000 -808.040339
     510000 -807.548535
     511000 -807.674070
     512000 -807.514997
     513000 -807.875534
     514000 -807.424930
     515000 -813.849332
     516000 -807.511167
     517000 -807.877491
     518000 -809.943303
     519000 -811.551531
     520000 -807.682918
     521000 -808.321543
     522000 -810.448328
     523000 -807.963268
     524000 -807.423166
     525000 -807.720645
     526000 -807.402564
     527000 -807.705165
     528000 -808.644199
     529000 -807.814125
     530000 -807.431625
     531000 -807.830456
     532000 -807.411960
     533000 -813.954214
     534000 -807.420137
     535000 -807.406153
     536000 -807.499193
     537000 -807.624544
     538000 -807.404826
     539000 -807.415033
     540000 -810.498932
     541000 -807.934198
     542000 -807.685530
     543000 -808.219803
     544000 -808.281058
     545000 -807.597830
     546000 -810.705463
     547000 -809.338541
     548000 -807.851913
     549000 -808.579493
     550000 -807.506558
     551000 -808.656364
     552000 -807.747844
     553000 -807.700656
     554000 -808.151451
     555000 -807.654760
     556000 -807.510079
     557000 -807.415574
     558000 -808.621189
     559000 -813.524748
     560000 -809.315957
     561000 -808.271606
     562000 -807.601381
     563000 -807.399448
     564000 -810.512574
     565000 -807.619391
     566000 -807.429210
     567000 -807.445673
     568000 -807.831901
     569000 -808.987442
     570000 -808.249132
     571000 -810.817168
     572000 -809.810635
     573000 -807.665984
     574000 -808.153112
     575000 -807.507392
     576000 -807.621537
     577000 -810.151080
     578000 -808.295018
     579000 -810.422520
     580000 -807.757163
     581000 -809.343546
     582000 -808.009002
     583000 -808.425147
     584000 -807.595062
     585000 -807.537829
     586000 -814.931449
     587000 -816.547737
     588000 -808.698822
     589000 -807.677063
     590000 -807.870804
     591000 -810.928546
     592000 -807.932063
     593000 -807.774355
     594000 -807.411559
     595000 -807.401404
     596000 -807.799915
     597000 -807.759473
     598000 -807.610304
     599000 -807.675614
     600000 -809.187691
     601000 -808.415284
     602000 -808.634082
     603000 -807.421768
     604000 -807.400871
     605000 -810.419219
     606000 -807.425114
     607000 -808.163661
     608000 -810.855758
     609000 -807.703719
     610000 -807.406597
     611000 -807.555682
     612000 -810.420219
     613000 -807.973008
     614000 -807.399180
     615000 -807.695109
     616000 -807.399498
     617000 -807.654212
     618000 -807.493850
     619000 -808.118129
     620000 -807.500060
     621000 -810.290889
     622000 -807.414404
     623000 -808.910538
     624000 -807.620249
     625000 -811.189333
     626000 -811.329879
     627000 -807.490004
     628000 -809.546349
     629000 -807.403026
     630000 -807.630095
     631000 -807.469670
     632000 -807.411467
     633000 -808.690875
     634000 -808.717143
     635000 -808.874555
     636000 -808.029618
     637000 -808.758932
     638000 -810.677169
     639000 -808.294996
     640000 -807.399308
     641000 -807.399431
     642000 -807.421846
     643000 -807.526163
     644000 -808.837276
     645000 -808.569975
     646000 -807.427785
     647000 -807.702386
     648000 -807.493263
     649000 -813.397398
     650000 -807.695038
     651000 -808.509936
     652000 -808.739142
     653000 -807.452697
     654000 -807.605202
     655000 -808.721900
     656000 -810.470941
     657000 -807.653417
     658000 -807.474448
     659000 -807.686053
     660000 -807.516886
     661000 -807.596061
     662000 -808.344291
     663000 -807.924938
     664000 -808.553376
     665000 -809.190019
     666000 -809.717841
     667000 -809.308098
     668000 -807.563186
     669000 -807.652291
     670000 -808.017340
     671000 -807.612938
     672000 -807.555407
     673000 -808.843056
     674000 -807.402684
     675000 -807.804147
     676000 -807.736869
     677000 -807.402320
     678000 -810.767005
     679000 -807.401433
     680000 -808.211809
     681000 -807.958084
     682000 -807.481352
     683000 -808.911812
     684000 -807.416481
     685000 -808.465052
     686000 -807.450970
     687000 -810.016125
     688000 -807.883275
     689000 -807.785411
     690000 -807.460001
     691000 -808.005419
     692000 -807.519769
     693000 -807.555406
     694000 -807.411314
     695000 -807.941388
     696000 -808.009236
     697000 -807.834854
     698000 -807.668935
     699000 -809.709762
     700000 -807.975915
     701000 -807.412586
     702000 -807.555198
     703000 -807.485794
     704000 -809.337102
     705000 -813.397448
     706000 -807.402345
     707000 -807.457977
     708000 -807.425406
     709000 -807.437335
     710000 -807.497679
     711000 -807.483580
     712000 -807.519343
     713000 -807.655569
     714000 -807.616521
     715000 -807.405744
     716000 -810.558100
     717000 -807.617712
     718000 -807.425152
     719000 -809.432953
     720000 -808.076531
     721000 -807.949325
     722000 -809.208495
     723000 -807.440793
     724000 -810.433472
     725000 -807.728331
     726000 -807.420655
     727000 -808.049297
     728000 -807.725989
     729000 -807.750792
     730000 -809.661485
     731000 -808.689436
     732000 -807.407967
     733000 -807.581745
     734000 -807.480276
     735000 -807.610005
     736000 -808.095360
     737000 -807.701486
     738000 -807.405073
     739000 -808.741429
     740000 -808.207045
     741000 -807.811279
     742000 -808.000459
     743000 -807.830599
     744000 -808.798885
     745000 -807.465509
     746000 -807.415074
     747000 -807.399224
     748000 -807.437890
     749000 -807.399314
     750000 -807.664080
     751000 -807.651464
     752000 -807.483562
     753000 -807.410433
     754000 -807.501609
     755000 -807.427836
     756000 -807.417597
     757000 -807.405387
     758000 -807.410949
     759000 -807.645406
     760000 -809.451452
     761000 -807.399447
     762000 -810.713170
     763000 -808.572561
     764000 -810.455784
     765000 -807.840202
     766000 -807.594818
     767000 -807.523917
     768000 -811.326194
     769000 -808.154452
     770000 -819.602490
     771000 -807.494528
     772000 -807.760713
     773000 -808.905743
     774000 -807.998689
     775000 -807.402598
     776000 -807.514203
     777000 -807.989901
     778000 -807.430252
     779000 -807.649045
     780000 -807.399399
     781000 -810.831214
     782000 -807.556090
     783000 -807.851701
     784000 -807.404237
     785000 -807.399186
     786000 -809.452821
     787000 -809.471293
     788000 -807.544172
     789000 -807.399432
     790000 -809.620561
     791000 -807.558131
     792000 -808.509279
     793000 -813.855747
     794000 -807.571395
     795000 -810.619950
     796000 -808.032497
     797000 -807.458882
     798000 -807.534673
     799000 -807.837125
     800000 -807.435266
     801000 -810.705825
     802000 -807.684884
     803000 -808.271251
     804000 -807.560784
     805000 -807.410433
     806000 -810.421808
     807000 -807.401487
     808000 -813.614338
     809000 -808.609109
     810000 -807.655874
     811000 -807.558002
     812000 -807.719766
     813000 -807.622807
     814000 -807.570420
     815000 -807.517837
     816000 -807.441886
     817000 -808.385401
     818000 -807.934559
     819000 -807.912528
     820000 -807.407713
     821000 -810.952409
     822000 -807.555959
     823000 -807.488889
     824000 -808.806875
     825000 -808.468423
     826000 -807.797810
     827000 -807.999805
     828000 -813.409591
     829000 -807.481729
     830000 -807.415108
     831000 -807.444293
     832000 -809.044216
     833000 -809.043266
     834000 -807.554123
     835000 -807.775503
     836000 -807.535177
     837000 -807.949314
     838000 -807.590243
     839000 -807.417399
     840000 -808.270870
     841000 -809.207290
     842000 -807.402248
     843000 -809.132336
     844000 -807.747791
     845000 -807.446865
     846000 -807.399843
     847000 -814.220136
     848000 -808.649585
     849000 -807.552001
     850000 -807.399402
     851000 -810.420560
     852000 -807.585720
     853000 -807.643469
     854000 -810.591152
     855000 -807.581882
     856000 -813.601692
     857000 -807.787154
     858000 -808.686925
     859000 -807.575774
     860000 -809.364528
     861000 -807.408269
     862000 -807.477551
     863000 -807.401595
     864000 -807.515126
     865000 -807.665547
     866000 -808.105897
     867000 -807.805473
     868000 -807.616383
     869000 -807.400717
     870000 -809.447193
     871000 -807.464722
     872000 -807.611345
     873000 -807.498029
     874000 -809.677325
     875000 -807.640129
     876000 -807.624249
     877000 -810.429026
     878000 -807.488182
     879000 -807.417118
     880000 -808.180269
     881000 -807.610360
     882000 -807.500637
     883000 -807.441569
     884000 -807.452231
     885000 -813.541666
     886000 -808.285310
     887000 -807.616204
     888000 -807.399530
     889000 -807.485460
     890000 -807.427052
     891000 -807.738894
     892000 -808.416764
     893000 -807.631398
     894000 -807.933253
     895000 -810.888130
     896000 -807.569391
     897000 -812.181125
     898000 -807.861625
     899000 -807.401497
     900000 -815.244550
     901000 -808.592339
     902000 -810.629901
     903000 -813.398359
     904000 -807.457038
     905000 -807.471661
     906000 -807.611198
     907000 -808.817194
     908000 -809.157644
     909000 -807.411730
     910000 -807.428878
     911000 -807.456629
     912000 -807.436070
     913000 -810.429432
     914000 -811.236465
     915000 -807.665332
     916000 -811.445485
     917000 -807.428758
     918000 -807.887260
     919000 -810.095171
     920000 -809.044402
     921000 -807.598320
     922000 -810.084410
     923000 -808.069433
     924000 -807.469009
     925000 -807.435359
     926000 -807.583585
     927000 -807.589555
     928000 -809.714165
     929000 -807.411669
     930000 -811.158327
     931000 -807.541156
     932000 -811.561878
     933000 -808.239082
     934000 -807.484941
     935000 -808.071038
     936000 -807.906876
     937000 -811.427199
     938000 -807.434278
     939000 -810.779240
     940000 -807.863036
     941000 -807.918357
     942000 -808.567174
     943000 -810.450461
     944000 -807.631279
     945000 -807.402153
     946000 -808.095857
     947000 -807.420095
     948000 -808.918850
     949000 -810.969631
     950000 -807.528385
     951000 -811.750793
     952000 -808.380072
     953000 -808.748535
     954000 -807.426853
     955000 -807.400692
     956000 -807.716569
     957000 -807.747082
     958000 -807.506975
     959000 -808.782807
     960000 -808.066224
     961000 -807.399194
     962000 -807.569664
     963000 -807.986511
     964000 -807.410353
     965000 -810.696188
     966000 -813.948493
     967000 -807.412074
     968000 -807.737978
     969000 -809.864663
     970000 -807.452263
     971000 -811.459740
     972000 -809.205173
     973000 -810.448549
     974000 -813.403238
     975000 -808.477404
     976000 -807.458276
     977000 -807.403761
     978000 -808.005858
     979000 -808.216399
     980000 -809.835469
     981000 -807.514211
     982000 -807.463759
     983000 -808.749353
     984000 -807.733533
     985000 -807.402651
     986000 -807.413015
     987000 -807.545174
     988000 -808.117848
     989000 -809.396335
     990000 -809.713459
     991000 -807.418646
     992000 -811.275804
     993000 -807.411000
     994000 -813.488817
     995000 -808.444894
     996000 -807.722397
     997000 -810.707102
     998000 -810.585222
     999000 -807.677243
    1000000 -809.177426
