    genPlus1     spaQ
        1000  0.572825
        2000  0.564326
        3000  0.559090
        4000  0.578384
        5000  0.562622
        6000  0.572676
        7000  0.557500
        8000  0.573462
        9000  0.570526
       10000  0.571216
       11000  0.566445
       12000  0.571068
       13000  0.572221
       14000  0.575280
       15000  0.572792
       16000  0.569861
       17000  0.561620
       18000  0.563835
       19000  0.551865
       20000  0.572688
       21000  0.571097
       22000  0.571658
       23000  0.572883
       24000  0.560772
       25000  0.567687
       26000  0.573073
       27000  0.585138
       28000  0.580175
       29000  0.578423
       30000  0.573734
       31000  0.582202
       32000  0.578372
       33000  0.569677
       34000  0.578877
       35000  0.567194
       36000  0.577084
       37000  0.559446
       38000  0.575153
       39000  0.567495
       40000  0.560947
       41000  0.577159
       42000  0.570186
       43000  0.564201
       44000  0.556148
       45000  0.568601
       46000  0.578013
       47000  0.574750
       48000  0.559282
       49000  0.574053
       50000  0.568520
       51000  0.577455
       52000  0.573587
       53000  0.574493
       54000  0.580830
       55000  0.561715
       56000  0.564206
       57000  0.573445
       58000  0.580545
       59000  0.563095
       60000  0.564918
       61000  0.561347
       62000  0.571824
       63000  0.580781
       64000  0.574171
       65000  0.567307
       66000  0.583016
       67000  0.575985
       68000  0.568912
       69000  0.576820
       70000  0.568798
       71000  0.586397
       72000  0.566951
       73000  0.575603
       74000  0.562912
       75000  0.574051
       76000  0.569660
       77000  0.570590
       78000  0.564690
       79000  0.558497
       80000  0.582014
       81000  0.567187
       82000  0.572052
       83000  0.574521
       84000  0.568671
       85000  0.567026
       86000  0.578979
       87000  0.568176
       88000  0.578929
       89000  0.579206
       90000  0.566741
       91000  0.570031
       92000  0.562462
       93000  0.568097
       94000  0.557269
       95000  0.574693
       96000  0.573471
       97000  0.569275
       98000  0.575792
       99000  0.575595
      100000  0.565335
      101000  0.576652
      102000  0.577765
      103000  0.568759
      104000  0.559572
      105000  0.579232
      106000  0.573689
      107000  0.573782
      108000  0.567888
      109000  0.560441
      110000  0.577411
      111000  0.570447
      112000  0.576978
      113000  0.569695
      114000  0.574542
      115000  0.567419
      116000  0.571417
      117000  0.567241
      118000  0.576833
      119000  0.584093
      120000  0.569619
      121000  0.572165
      122000  0.578644
      123000  0.568231
      124000  0.562195
      125000  0.568230
      126000  0.569435
      127000  0.564002
      128000  0.586417
      129000  0.555649
      130000  0.575213
      131000  0.570676
      132000  0.583310
      133000  0.562249
      134000  0.574914
      135000  0.564765
      136000  0.572156
      137000  0.559296
      138000  0.566022
      139000  0.568563
      140000  0.572184
      141000  0.578615
      142000  0.561800
      143000  0.572831
      144000  0.570303
      145000  0.584413
      146000  0.579188
      147000  0.570337
      148000  0.569705
      149000  0.565571
      150000  0.567492
      151000  0.571329
      152000  0.559308
      153000  0.561118
      154000  0.569364
      155000  0.575557
      156000  0.577471
      157000  0.565487
      158000  0.573058
      159000  0.572484
      160000  0.562693
      161000  0.573990
      162000  0.575359
      163000  0.564626
      164000  0.580583
      165000  0.549493
      166000  0.573472
      167000  0.558444
      168000  0.563236
      169000  0.570745
      170000  0.570074
      171000  0.570151
      172000  0.573881
      173000  0.567944
      174000  0.563968
      175000  0.550264
      176000  0.587934
      177000  0.581773
      178000  0.562642
      179000  0.575355
      180000  0.565112
      181000  0.571264
      182000  0.577556
      183000  0.562014
      184000  0.565385
      185000  0.566398
      186000  0.568917
      187000  0.563604
      188000  0.571743
      189000  0.565680
      190000  0.570130
      191000  0.566876
      192000  0.582683
      193000  0.576589
      194000  0.565241
      195000  0.581073
      196000  0.572416
      197000  0.560917
      198000  0.594716
      199000  0.581943
      200000  0.552449
      201000  0.573968
      202000  0.580506
      203000  0.575752
      204000  0.583293
      205000  0.573661
      206000  0.563989
      207000  0.560624
      208000  0.570729
      209000  0.570047
      210000  0.568350
      211000  0.571618
      212000  0.574450
      213000  0.564223
      214000  0.580465
      215000  0.580348
      216000  0.568361
      217000  0.564008
      218000  0.570055
      219000  0.565985
      220000  0.571514
      221000  0.567003
      222000  0.561720
      223000  0.572756
      224000  0.554715
      225000  0.575522
      226000  0.569026
      227000  0.572100
      228000  0.586067
      229000  0.558969
      230000  0.576091
      231000  0.575144
      232000  0.567035
      233000  0.562092
      234000  0.570383
      235000  0.572553
      236000  0.565535
      237000  0.569626
      238000  0.583145
      239000  0.587995
      240000  0.556370
      241000  0.561046
      242000  0.562157
      243000  0.568095
      244000  0.564759
      245000  0.566889
      246000  0.558692
      247000  0.570772
      248000  0.571902
      249000  0.553295
      250000  0.580923
      251000  0.570877
      252000  0.577406
      253000  0.576419
      254000  0.571644
      255000  0.577688
      256000  0.576124
      257000  0.574170
      258000  0.569823
      259000  0.569503
      260000  0.574469
      261000  0.568163
      262000  0.571964
      263000  0.566373
      264000  0.570736
      265000  0.561329
      266000  0.574643
      267000  0.565129
      268000  0.571387
      269000  0.589063
      270000  0.572264
      271000  0.562193
      272000  0.567159
      273000  0.574395
      274000  0.568488
      275000  0.576060
      276000  0.582967
      277000  0.581326
      278000  0.565683
      279000  0.563096
      280000  0.567667
      281000  0.583956
      282000  0.568848
      283000  0.567560
      284000  0.570220
      285000  0.572920
      286000  0.562050
      287000  0.556818
      288000  0.561693
      289000  0.576786
      290000  0.566080
      291000  0.569935
      292000  0.573185
      293000  0.562815
      294000  0.578268
      295000  0.569496
      296000  0.557021
      297000  0.573221
      298000  0.567909
      299000  0.559949
      300000  0.566329
      301000  0.571337
      302000  0.570316
      303000  0.567876
      304000  0.570511
      305000  0.567023
      306000  0.581272
      307000  0.568228
      308000  0.565130
      309000  0.570065
      310000  0.582491
      311000  0.579951
      312000  0.575036
      313000  0.581475
      314000  0.572354
      315000  0.580651
      316000  0.579480
      317000  0.581950
      318000  0.571662
      319000  0.575448
      320000  0.578910
      321000  0.564715
      322000  0.564197
      323000  0.576717
      324000  0.566193
      325000  0.568539
      326000  0.573902
      327000  0.563684
      328000  0.575059
      329000  0.578079
      330000  0.556732
      331000  0.555087
      332000  0.569198
      333000  0.566340
      334000  0.578123
      335000  0.565669
      336000  0.577651
      337000  0.587029
      338000  0.570062
      339000  0.572964
      340000  0.575644
      341000  0.571033
      342000  0.576659
      343000  0.580617
      344000  0.559023
      345000  0.572718
      346000  0.561957
      347000  0.560935
      348000  0.563913
      349000  0.561676
      350000  0.571155
      351000  0.579399
      352000  0.566739
      353000  0.559769
      354000  0.564274
      355000  0.567089
      356000  0.566650
      357000  0.565461
      358000  0.556839
      359000  0.560853
      360000  0.567742
      361000  0.571303
      362000  0.568349
      363000  0.572249
      364000  0.575460
      365000  0.567619
      366000  0.571073
      367000  0.560760
      368000  0.563899
      369000  0.580893
      370000  0.572918
      371000  0.567387
      372000  0.577228
      373000  0.565256
      374000  0.562958
      375000  0.565896
      376000  0.586424
      377000  0.563870
      378000  0.573181
      379000  0.566077
      380000  0.568671
      381000  0.568943
      382000  0.572204
      383000  0.574541
      384000  0.560182
      385000  0.565259
      386000  0.568856
      387000  0.559544
      388000  0.579658
      389000  0.570829
      390000  0.570835
      391000  0.578839
      392000  0.566864
      393000  0.567690
      394000  0.573502
      395000  0.564216
      396000  0.562894
      397000  0.568050
      398000  0.561174
      399000  0.563817
      400000  0.570538
      401000  0.571552
      402000  0.572640
      403000  0.568106
      404000  0.563550
      405000  0.559201
      406000  0.576020
      407000  0.582743
      408000  0.558291
      409000  0.573278
      410000  0.568824
      411000  0.573786
      412000  0.569780
      413000  0.580177
      414000  0.575955
      415000  0.574991
      416000  0.568529
      417000  0.571522
      418000  0.562595
      419000  0.573817
      420000  0.581389
      421000  0.572020
      422000  0.567074
      423000  0.588112
      424000  0.571490
      425000  0.567040
      426000  0.569243
      427000  0.575661
      428000  0.566071
      429000  0.578652
      430000  0.574680
      431000  0.570943
      432000  0.562747
      433000  0.572512
      434000  0.561580
      435000  0.563508
      436000  0.570402
      437000  0.565835
      438000  0.576524
      439000  0.578956
      440000  0.574082
      441000  0.556692
      442000  0.552457
      443000  0.572706
      444000  0.564356
      445000  0.557422
      446000  0.564927
      447000  0.577260
      448000  0.574571
      449000  0.582019
      450000  0.573131
      451000  0.574675
      452000  0.563098
      453000  0.576984
      454000  0.573386
      455000  0.564591
      456000  0.564933
      457000  0.562859
      458000  0.565470
      459000  0.565426
      460000  0.576290
      461000  0.560296
      462000  0.568231
      463000  0.576072
      464000  0.543594
      465000  0.567850
      466000  0.581019
      467000  0.580336
      468000  0.571865
      469000  0.570081
      470000  0.564893
      471000  0.556125
      472000  0.567147
      473000  0.594380
      474000  0.555501
      475000  0.567309
      476000  0.573863
      477000  0.577316
      478000  0.570885
      479000  0.573873
      480000  0.576427
      481000  0.569263
      482000  0.562733
      483000  0.571943
      484000  0.564354
      485000  0.567853
      486000  0.565657
      487000  0.554064
      488000  0.569547
      489000  0.573407
      490000  0.570881
      491000  0.577485
      492000  0.563221
      493000  0.573449
      494000  0.562929
      495000  0.577337
      496000  0.554135
      497000  0.566359
      498000  0.575825
      499000  0.570112
      500000  0.567777
      501000  0.566816
      502000  0.565404
      503000  0.556865
      504000  0.575984
      505000  0.573728
      506000  0.574913
      507000  0.575761
      508000  0.561586
      509000  0.584365
      510000  0.568293
      511000  0.575022
      512000  0.553742
      513000  0.562668
      514000  0.558210
      515000  0.568996
      516000  0.569074
      517000  0.568949
      518000  0.564591
      519000  0.558104
      520000  0.562858
      521000  0.565148
      522000  0.565809
      523000  0.570684
      524000  0.575850
      525000  0.572358
      526000  0.571257
      527000  0.568123
      528000  0.565972
      529000  0.580959
      530000  0.565027
      531000  0.560348
      532000  0.556299
      533000  0.562106
      534000  0.569600
      535000  0.579294
      536000  0.571419
      537000  0.576129
      538000  0.567185
      539000  0.570192
      540000  0.573093
      541000  0.557222
      542000  0.568279
      543000  0.559786
      544000  0.574723
      545000  0.577208
      546000  0.577071
      547000  0.578106
      548000  0.581037
      549000  0.566428
      550000  0.569590
      551000  0.565150
      552000  0.562579
      553000  0.566718
      554000  0.590656
      555000  0.577282
      556000  0.566993
      557000  0.578456
      558000  0.566984
      559000  0.573699
      560000  0.573572
      561000  0.571510
      562000  0.565253
      563000  0.558544
      564000  0.556207
      565000  0.565707
      566000  0.571426
      567000  0.566440
      568000  0.585497
      569000  0.573996
      570000  0.559964
      571000  0.557012
      572000  0.561226
      573000  0.577311
      574000  0.563846
      575000  0.573949
      576000  0.582885
      577000  0.561217
      578000  0.579032
      579000  0.562450
      580000  0.559844
      581000  0.566680
      582000  0.563397
      583000  0.570492
      584000  0.572514
      585000  0.581986
      586000  0.571727
      587000  0.568548
      588000  0.563605
      589000  0.575503
      590000  0.574957
      591000  0.563188
      592000  0.566882
      593000  0.556951
      594000  0.566812
      595000  0.565394
      596000  0.586688
      597000  0.570249
      598000  0.576985
      599000  0.574583
      600000  0.565666
      601000  0.555733
      602000  0.573753
      603000  0.572277
      604000  0.557763
      605000  0.573247
      606000  0.564724
      607000  0.566240
      608000  0.569329
      609000  0.579325
      610000  0.564094
      611000  0.554739
      612000  0.574802
      613000  0.567493
      614000  0.563113
      615000  0.569416
      616000  0.578217
      617000  0.569428
      618000  0.567230
      619000  0.578628
      620000  0.564019
      621000  0.575361
      622000  0.581874
      623000  0.571410
      624000  0.572043
      625000  0.570797
      626000  0.568311
      627000  0.566651
      628000  0.577209
      629000  0.561068
      630000  0.569181
      631000  0.565861
      632000  0.572433
      633000  0.588046
      634000  0.566730
      635000  0.557896
      636000  0.561335
      637000  0.571008
      638000  0.582742
      639000  0.565051
      640000  0.569707
      641000  0.570946
      642000  0.568252
      643000  0.558546
      644000  0.568073
      645000  0.565375
      646000  0.561753
      647000  0.575232
      648000  0.574691
      649000  0.554749
      650000  0.569958
      651000  0.570000
      652000  0.567869
      653000  0.567550
      654000  0.568352
      655000  0.571008
      656000  0.562107
      657000  0.575505
      658000  0.569334
      659000  0.565409
      660000  0.580051
      661000  0.580798
      662000  0.561447
      663000  0.585579
      664000  0.580448
      665000  0.568693
      666000  0.573369
      667000  0.574965
      668000  0.557005
      669000  0.571862
      670000  0.569588
      671000  0.568382
      672000  0.559602
      673000  0.572139
      674000  0.571491
      675000  0.568961
      676000  0.577941
      677000  0.566950
      678000  0.562920
      679000  0.564456
      680000  0.569646
      681000  0.570031
      682000  0.572597
      683000  0.576184
      684000  0.568911
      685000  0.574267
      686000  0.560969
      687000  0.573393
      688000  0.576682
      689000  0.577088
      690000  0.568150
      691000  0.572277
      692000  0.554294
      693000  0.560511
      694000  0.564883
      695000  0.575733
      696000  0.561237
      697000  0.578745
      698000  0.583379
      699000  0.579549
      700000  0.566795
      701000  0.567258
      702000  0.552832
      703000  0.572264
      704000  0.563255
      705000  0.561372
      706000  0.572282
      707000  0.579874
      708000  0.575772
      709000  0.577447
      710000  0.564799
      711000  0.577784
      712000  0.574480
      713000  0.580263
      714000  0.571897
      715000  0.581539
      716000  0.579787
      717000  0.574508
      718000  0.574534
      719000  0.564847
      720000  0.569549
      721000  0.564890
      722000  0.565524
      723000  0.552415
      724000  0.571760
      725000  0.567755
      726000  0.574421
      727000  0.574261
      728000  0.569821
      729000  0.562160
      730000  0.561423
      731000  0.581585
      732000  0.559181
      733000  0.559788
      734000  0.559289
      735000  0.576916
      736000  0.572075
      737000  0.570006
      738000  0.554579
      739000  0.577570
      740000  0.580497
      741000  0.560510
      742000  0.558327
      743000  0.567044
      744000  0.577208
      745000  0.564658
      746000  0.580741
      747000  0.579468
      748000  0.572761
      749000  0.566760
      750000  0.575164
      751000  0.584171
      752000  0.568522
      753000  0.591618
      754000  0.563443
      755000  0.572282
      756000  0.579337
      757000  0.575595
      758000  0.568006
      759000  0.568175
      760000  0.576059
      761000  0.563924
      762000  0.566570
      763000  0.567407
      764000  0.585838
      765000  0.558140
      766000  0.567780
      767000  0.573829
      768000  0.580577
      769000  0.575379
      770000  0.560162
      771000  0.569913
      772000  0.562980
      773000  0.569174
      774000  0.568057
      775000  0.559055
      776000  0.565619
      777000  0.567737
      778000  0.577578
      779000  0.569651
      780000  0.576558
      781000  0.579951
      782000  0.567678
      783000  0.575601
      784000  0.567114
      785000  0.569684
      786000  0.568286
      787000  0.575894
      788000  0.571464
      789000  0.579016
      790000  0.578232
      791000  0.568078
      792000  0.567226
      793000  0.570464
      794000  0.570725
      795000  0.576593
      796000  0.568392
      797000  0.574337
      798000  0.563869
      799000  0.571532
      800000  0.568052
      801000  0.569712
      802000  0.569599
      803000  0.558110
      804000  0.569000
      805000  0.566234
      806000  0.570735
      807000  0.583455
      808000  0.571224
      809000  0.568402
      810000  0.573083
      811000  0.555208
      812000  0.569282
      813000  0.575795
      814000  0.572960
      815000  0.572375
      816000  0.570270
      817000  0.565183
      818000  0.568726
      819000  0.568393
      820000  0.577631
      821000  0.581557
      822000  0.579202
      823000  0.565391
      824000  0.574301
      825000  0.570517
      826000  0.580572
      827000  0.572821
      828000  0.570777
      829000  0.569616
      830000  0.578275
      831000  0.558286
      832000  0.579655
      833000  0.569013
      834000  0.569983
      835000  0.566564
      836000  0.579082
      837000  0.574454
      838000  0.571038
      839000  0.556045
      840000  0.575358
      841000  0.563410
      842000  0.578090
      843000  0.587377
      844000  0.575572
      845000  0.584152
      846000  0.558168
      847000  0.569631
      848000  0.581731
      849000  0.575389
      850000  0.570270
      851000  0.580007
      852000  0.572325
      853000  0.574609
      854000  0.576332
      855000  0.562626
      856000  0.570293
      857000  0.573495
      858000  0.557437
      859000  0.557343
      860000  0.557244
      861000  0.560232
      862000  0.575202
      863000  0.556751
      864000  0.572152
      865000  0.579542
      866000  0.564026
      867000  0.568545
      868000  0.570705
      869000  0.579335
      870000  0.566427
      871000  0.575210
      872000  0.552112
      873000  0.570561
      874000  0.561717
      875000  0.564988
      876000  0.577627
      877000  0.563112
      878000  0.580380
      879000  0.572998
      880000  0.576178
      881000  0.564703
      882000  0.563072
      883000  0.568953
      884000  0.563546
      885000  0.566368
      886000  0.575089
      887000  0.568167
      888000  0.567538
      889000  0.573338
      890000  0.574798
      891000  0.576293
      892000  0.571446
      893000  0.581958
      894000  0.573257
      895000  0.577536
      896000  0.575752
      897000  0.574259
      898000  0.568845
      899000  0.567732
      900000  0.565904
      901000  0.565487
      902000  0.574715
      903000  0.580796
      904000  0.574081
      905000  0.576584
      906000  0.575184
      907000  0.573454
      908000  0.576046
      909000  0.564918
      910000  0.572120
      911000  0.558603
      912000  0.574139
      913000  0.563971
      914000  0.560040
      915000  0.564465
      916000  0.576925
      917000  0.565526
      918000  0.572831
      919000  0.574950
      920000  0.560978
      921000  0.559088
      922000  0.574535
      923000  0.587919
      924000  0.579614
      925000  0.561798
      926000  0.566116
      927000  0.584127
      928000  0.564710
      929000  0.572245
      930000  0.562785
      931000  0.571702
      932000  0.583660
      933000  0.575596
      934000  0.568038
      935000  0.578467
      936000  0.557175
      937000  0.558208
      938000  0.568890
      939000  0.574745
      940000  0.559335
      941000  0.579704
      942000  0.570970
      943000  0.563177
      944000  0.566874
      945000  0.563270
      946000  0.569984
      947000  0.579048
      948000  0.567026
      949000  0.572006
      950000  0.564560
      951000  0.572873
      952000  0.578657
      953000  0.581643
      954000  0.575798
      955000  0.570480
      956000  0.576195
      957000  0.568017
      958000  0.567930
      959000  0.580654
      960000  0.571804
      961000  0.566077
      962000  0.561486
      963000  0.572525
      964000  0.568538
      965000  0.568177
      966000  0.568622
      967000  0.560807
      968000  0.570302
      969000  0.575889
      970000  0.557564
      971000  0.572145
      972000  0.587592
      973000  0.574241
      974000  0.568987
      975000  0.564720
      976000  0.573057
      977000  0.553139
      978000  0.559782
      979000  0.571335
      980000  0.568813
      981000  0.571490
      982000  0.572438
      983000  0.581604
      984000  0.560234
      985000  0.570377
      986000  0.565666
      987000  0.563432
      988000  0.568535
      989000  0.569513
      990000  0.571706
      991000  0.554279
      992000  0.583078
      993000  0.576179
      994000  0.564258
      995000  0.567533
      996000  0.578754
      997000  0.571079
      998000  0.555393
      999000  0.575486
     1000000  0.567935
