    genPlus1     spaQ
        1000  0.432451
        2000  0.397557
        3000  0.411822
        4000  0.406462
        5000  0.384013
        6000  0.409091
        7000  0.392295
        8000  0.403101
        9000  0.412418
       10000  0.394735
       11000  0.368074
       12000  0.401420
       13000  0.390703
       14000  0.419723
       15000  0.407396
       16000  0.335192
       17000  0.422054
       18000  0.372325
       19000  0.392021
       20000  0.400118
       21000  0.406233
       22000  0.406791
       23000  0.414610
       24000  0.407616
       25000  0.432393
       26000  0.379294
       27000  0.410266
       28000  0.356132
       29000  0.402716
       30000  0.424550
       31000  0.396253
       32000  0.420848
       33000  0.389611
       34000  0.399793
       35000  0.352980
       36000  0.334818
       37000  0.397773
       38000  0.414135
       39000  0.407830
       40000  0.399609
       41000  0.397682
       42000  0.420617
       43000  0.429323
       44000  0.409390
       45000  0.437574
       46000  0.412711
       47000  0.403129
       48000  0.351734
       49000  0.397785
       50000  0.415628
       51000  0.419967
       52000  0.403127
       53000  0.343031
       54000  0.412395
       55000  0.437388
       56000  0.411284
       57000  0.406751
       58000  0.401161
       59000  0.416827
       60000  0.403805
       61000  0.391173
       62000  0.374554
       63000  0.405123
       64000  0.393499
       65000  0.406509
       66000  0.400168
       67000  0.391365
       68000  0.424927
       69000  0.399861
       70000  0.394215
       71000  0.358440
       72000  0.417588
       73000  0.330893
       74000  0.425308
       75000  0.413825
       76000  0.352220
       77000  0.430191
       78000  0.390079
       79000  0.400265
       80000  0.365292
       81000  0.399718
       82000  0.436397
       83000  0.400282
       84000  0.397196
       85000  0.406240
       86000  0.359791
       87000  0.333993
       88000  0.336601
       89000  0.350376
       90000  0.363884
       91000  0.398825
       92000  0.415595
       93000  0.409683
       94000  0.412103
       95000  0.440292
       96000  0.395361
       97000  0.424224
       98000  0.419277
       99000  0.413648
      100000  0.419717
      101000  0.352667
      102000  0.324420
      103000  0.388623
      104000  0.362224
      105000  0.410696
      106000  0.406611
      107000  0.390708
      108000  0.423654
      109000  0.353578
      110000  0.412726
      111000  0.350458
      112000  0.350438
      113000  0.404130
      114000  0.393776
      115000  0.391072
      116000  0.403009
      117000  0.399095
      118000  0.429718
      119000  0.404199
      120000  0.404648
      121000  0.405403
      122000  0.396964
      123000  0.325367
      124000  0.338878
      125000  0.439225
      126000  0.399094
      127000  0.395400
      128000  0.402919
      129000  0.393824
      130000  0.403091
      131000  0.418830
      132000  0.362986
      133000  0.399700
      134000  0.405406
      135000  0.409875
      136000  0.391730
      137000  0.418704
      138000  0.410779
      139000  0.404884
      140000  0.410993
      141000  0.347859
      142000  0.404524
      143000  0.441470
      144000  0.399605
      145000  0.411798
      146000  0.391743
      147000  0.432893
      148000  0.403997
      149000  0.414704
      150000  0.451087
      151000  0.442252
      152000  0.330318
      153000  0.409019
      154000  0.399629
      155000  0.409749
      156000  0.402775
      157000  0.393039
      158000  0.439380
      159000  0.401690
      160000  0.389242
      161000  0.417522
      162000  0.334082
      163000  0.361747
      164000  0.428954
      165000  0.402319
      166000  0.431437
      167000  0.411779
      168000  0.410870
      169000  0.362746
      170000  0.406672
      171000  0.398719
      172000  0.396632
      173000  0.415233
      174000  0.407256
      175000  0.399473
      176000  0.413139
      177000  0.327655
      178000  0.413739
      179000  0.440888
      180000  0.362564
      181000  0.338316
      182000  0.403471
      183000  0.398386
      184000  0.404457
      185000  0.434979
      186000  0.412562
      187000  0.399117
      188000  0.429122
      189000  0.400745
      190000  0.375335
      191000  0.405170
      192000  0.388739
      193000  0.405715
      194000  0.393803
      195000  0.407057
      196000  0.400323
      197000  0.401504
      198000  0.356740
      199000  0.392272
      200000  0.421807
      201000  0.354905
      202000  0.364715
      203000  0.396708
      204000  0.353672
      205000  0.413695
      206000  0.385030
      207000  0.421926
      208000  0.359122
      209000  0.405079
      210000  0.396482
      211000  0.365357
      212000  0.373187
      213000  0.409184
      214000  0.411484
      215000  0.441461
      216000  0.347496
      217000  0.395218
      218000  0.442384
      219000  0.423407
      220000  0.414090
      221000  0.407321
      222000  0.411346
      223000  0.405569
      224000  0.409803
      225000  0.425341
      226000  0.401263
      227000  0.402766
      228000  0.398887
      229000  0.405229
      230000  0.424749
      231000  0.367781
      232000  0.418160
      233000  0.408710
      234000  0.424302
      235000  0.409232
      236000  0.399430
      237000  0.384473
      238000  0.404454
      239000  0.431809
      240000  0.421066
      241000  0.398490
      242000  0.413895
      243000  0.393588
      244000  0.399892
      245000  0.426945
      246000  0.350841
      247000  0.399892
      248000  0.359235
      249000  0.423568
      250000  0.415173
      251000  0.433379
      252000  0.352948
      253000  0.349033
      254000  0.325222
      255000  0.330318
      256000  0.410747
      257000  0.432389
      258000  0.389043
      259000  0.416072
      260000  0.400652
      261000  0.398894
      262000  0.413075
      263000  0.398997
      264000  0.394756
      265000  0.404401
      266000  0.428217
      267000  0.407081
      268000  0.391749
      269000  0.400425
      270000  0.357047
      271000  0.411800
      272000  0.353031
      273000  0.428431
      274000  0.402909
      275000  0.363253
      276000  0.430993
      277000  0.413254
      278000  0.418153
      279000  0.399889
      280000  0.383985
      281000  0.400685
      282000  0.434385
      283000  0.329883
      284000  0.435390
      285000  0.433546
      286000  0.403615
      287000  0.388988
      288000  0.392935
      289000  0.362663
      290000  0.424853
      291000  0.329687
      292000  0.346865
      293000  0.399928
      294000  0.421566
      295000  0.403975
      296000  0.434861
      297000  0.408887
      298000  0.410446
      299000  0.353232
      300000  0.352125
      301000  0.404829
      302000  0.395458
      303000  0.401735
      304000  0.395783
      305000  0.399693
      306000  0.399131
      307000  0.405251
      308000  0.424425
      309000  0.397156
      310000  0.417987
      311000  0.389355
      312000  0.415743
      313000  0.414613
      314000  0.418343
      315000  0.411938
      316000  0.401044
      317000  0.408183
      318000  0.386055
      319000  0.382200
      320000  0.401750
      321000  0.408875
      322000  0.399904
      323000  0.404876
      324000  0.402839
      325000  0.386754
      326000  0.404596
      327000  0.400541
      328000  0.411891
      329000  0.364724
      330000  0.402100
      331000  0.419305
      332000  0.407369
      333000  0.415873
      334000  0.415602
      335000  0.415148
      336000  0.393910
      337000  0.403769
      338000  0.400459
      339000  0.391197
      340000  0.403597
      341000  0.332165
      342000  0.358053
      343000  0.399171
      344000  0.412491
      345000  0.347795
      346000  0.403454
      347000  0.414199
      348000  0.418356
      349000  0.433693
      350000  0.437677
      351000  0.419700
      352000  0.347575
      353000  0.397454
      354000  0.396432
      355000  0.427862
      356000  0.402657
      357000  0.408565
      358000  0.389060
      359000  0.420592
      360000  0.397713
      361000  0.401298
      362000  0.352971
      363000  0.394003
      364000  0.402730
      365000  0.407693
      366000  0.409750
      367000  0.411174
      368000  0.412872
      369000  0.354774
      370000  0.332297
      371000  0.419069
      372000  0.392167
      373000  0.358685
      374000  0.431217
      375000  0.429683
      376000  0.409924
      377000  0.399671
      378000  0.394403
      379000  0.412129
      380000  0.389372
      381000  0.400021
      382000  0.418485
      383000  0.398832
      384000  0.399013
      385000  0.399692
      386000  0.398858
      387000  0.405651
      388000  0.396972
      389000  0.412976
      390000  0.426071
      391000  0.401223
      392000  0.397083
      393000  0.428425
      394000  0.392220
      395000  0.400186
      396000  0.411637
      397000  0.355622
      398000  0.392353
      399000  0.396580
      400000  0.411862
      401000  0.417212
      402000  0.389309
      403000  0.405716
      404000  0.416556
      405000  0.406984
      406000  0.394798
      407000  0.440085
      408000  0.405155
      409000  0.398933
      410000  0.407826
      411000  0.383246
      412000  0.411100
      413000  0.355155
      414000  0.359425
      415000  0.419186
      416000  0.420349
      417000  0.401622
      418000  0.420611
      419000  0.433778
      420000  0.394536
      421000  0.400852
      422000  0.403051
      423000  0.342398
      424000  0.404574
      425000  0.411788
      426000  0.412392
      427000  0.399917
      428000  0.345074
      429000  0.398661
      430000  0.400665
      431000  0.410084
      432000  0.414729
      433000  0.364980
      434000  0.405857
      435000  0.412067
      436000  0.429801
      437000  0.346564
      438000  0.414261
      439000  0.383409
      440000  0.358079
      441000  0.345003
      442000  0.409063
      443000  0.410091
      444000  0.364186
      445000  0.411080
      446000  0.424769
      447000  0.367361
      448000  0.369733
      449000  0.393798
      450000  0.351031
      451000  0.342579
      452000  0.420820
      453000  0.433391
      454000  0.340268
      455000  0.396456
      456000  0.392811
      457000  0.407099
      458000  0.431865
      459000  0.416657
      460000  0.415890
      461000  0.395647
      462000  0.418885
      463000  0.429670
      464000  0.436456
      465000  0.394963
      466000  0.398257
      467000  0.405854
      468000  0.383837
      469000  0.412130
      470000  0.401898
      471000  0.405462
      472000  0.426796
      473000  0.427034
      474000  0.399072
      475000  0.392082
      476000  0.407775
      477000  0.397889
      478000  0.406824
      479000  0.395199
      480000  0.387493
      481000  0.333215
      482000  0.401879
      483000  0.360461
      484000  0.399942
      485000  0.403363
      486000  0.405547
      487000  0.405091
      488000  0.342387
      489000  0.368501
      490000  0.414259
      491000  0.400878
      492000  0.381559
      493000  0.427389
      494000  0.406336
      495000  0.406805
      496000  0.406912
      497000  0.341377
      498000  0.380633
      499000  0.408368
      500000  0.392334
      501000  0.403492
      502000  0.432602
      503000  0.403039
      504000  0.395113
      505000  0.407812
      506000  0.364259
      507000  0.415541
      508000  0.406141
      509000  0.421429
      510000  0.401554
      511000  0.406143
      512000  0.353724
      513000  0.394480
      514000  0.422102
      515000  0.438107
      516000  0.391363
      517000  0.398657
      518000  0.408944
      519000  0.402551
      520000  0.392371
      521000  0.407619
      522000  0.416874
      523000  0.396643
      524000  0.409567
      525000  0.398227
      526000  0.350959
      527000  0.331936
      528000  0.396945
      529000  0.359928
      530000  0.360195
      531000  0.417565
      532000  0.404544
      533000  0.440756
      534000  0.393716
      535000  0.432155
      536000  0.410097
      537000  0.412041
      538000  0.416342
      539000  0.355152
      540000  0.410744
      541000  0.399716
      542000  0.422001
      543000  0.395502
      544000  0.423071
      545000  0.359702
      546000  0.396596
      547000  0.405117
      548000  0.406344
      549000  0.415356
      550000  0.396204
      551000  0.405010
      552000  0.397067
      553000  0.383504
      554000  0.408269
      555000  0.329974
      556000  0.398266
      557000  0.334421
      558000  0.423756
      559000  0.436902
      560000  0.433964
      561000  0.405949
      562000  0.404109
      563000  0.390518
      564000  0.427720
      565000  0.403566
      566000  0.372553
      567000  0.385704
      568000  0.327983
      569000  0.356511
      570000  0.431709
      571000  0.390819
      572000  0.402967
      573000  0.422481
      574000  0.387169
      575000  0.395527
      576000  0.326946
      577000  0.349659
      578000  0.412724
      579000  0.400596
      580000  0.451752
      581000  0.401043
      582000  0.372001
      583000  0.396126
      584000  0.399102
      585000  0.416746
      586000  0.416467
      587000  0.400896
      588000  0.382737
      589000  0.398186
      590000  0.396236
      591000  0.403159
      592000  0.414425
      593000  0.414428
      594000  0.407769
      595000  0.399682
      596000  0.410892
      597000  0.392871
      598000  0.403645
      599000  0.358512
      600000  0.409087
      601000  0.383315
      602000  0.422192
      603000  0.403913
      604000  0.440570
      605000  0.391220
      606000  0.399098
      607000  0.413133
      608000  0.408394
      609000  0.401608
      610000  0.436971
      611000  0.424171
      612000  0.378379
      613000  0.364469
      614000  0.406924
      615000  0.410696
      616000  0.405871
      617000  0.443055
      618000  0.428494
      619000  0.415905
      620000  0.396074
      621000  0.404765
      622000  0.415325
      623000  0.416169
      624000  0.400287
      625000  0.406230
      626000  0.413369
      627000  0.421753
      628000  0.436048
      629000  0.437247
      630000  0.397924
      631000  0.430798
      632000  0.401181
      633000  0.398515
      634000  0.358860
      635000  0.409401
      636000  0.404198
      637000  0.404651
      638000  0.408254
      639000  0.393575
      640000  0.413646
      641000  0.410202
      642000  0.414856
      643000  0.392131
      644000  0.415832
      645000  0.438077
      646000  0.432047
      647000  0.405919
      648000  0.400766
      649000  0.397305
      650000  0.435371
      651000  0.382027
      652000  0.398317
      653000  0.366955
      654000  0.422297
      655000  0.428006
      656000  0.407000
      657000  0.411565
      658000  0.388713
      659000  0.411662
      660000  0.403460
      661000  0.328693
      662000  0.354365
      663000  0.347868
      664000  0.397220
      665000  0.404512
      666000  0.352902
      667000  0.332364
      668000  0.405246
      669000  0.394893
      670000  0.344401
      671000  0.355458
      672000  0.408133
      673000  0.426220
      674000  0.419619
      675000  0.411440
      676000  0.410307
      677000  0.400288
      678000  0.398988
      679000  0.413758
      680000  0.402021
      681000  0.430001
      682000  0.406061
      683000  0.344553
      684000  0.400805
      685000  0.432941
      686000  0.403546
      687000  0.405686
      688000  0.408117
      689000  0.409815
      690000  0.397935
      691000  0.424765
      692000  0.403888
      693000  0.389834
      694000  0.395277
      695000  0.397726
      696000  0.433387
      697000  0.394654
      698000  0.369463
      699000  0.408945
      700000  0.438945
      701000  0.440130
      702000  0.394546
      703000  0.403109
      704000  0.401939
      705000  0.407103
      706000  0.398723
      707000  0.402621
      708000  0.406978
      709000  0.394590
      710000  0.390840
      711000  0.327510
      712000  0.358506
      713000  0.404140
      714000  0.338113
      715000  0.408521
      716000  0.398346
      717000  0.447602
      718000  0.414771
      719000  0.422562
      720000  0.430116
      721000  0.420003
      722000  0.392568
      723000  0.399962
      724000  0.405878
      725000  0.410884
      726000  0.434172
      727000  0.409082
      728000  0.418710
      729000  0.409054
      730000  0.407841
      731000  0.389771
      732000  0.360601
      733000  0.337021
      734000  0.400464
      735000  0.419108
      736000  0.397398
      737000  0.386158
      738000  0.430530
      739000  0.429887
      740000  0.428838
      741000  0.406900
      742000  0.401287
      743000  0.380092
      744000  0.404195
      745000  0.396505
      746000  0.407545
      747000  0.391664
      748000  0.403839
      749000  0.393300
      750000  0.402817
      751000  0.402465
      752000  0.403966
      753000  0.406663
      754000  0.404448
      755000  0.399123
      756000  0.341244
      757000  0.321425
      758000  0.400046
      759000  0.401916
      760000  0.348056
      761000  0.400069
      762000  0.321651
      763000  0.440894
      764000  0.382629
      765000  0.359410
      766000  0.411078
      767000  0.353834
      768000  0.345211
      769000  0.360299
      770000  0.359343
      771000  0.391806
      772000  0.391126
      773000  0.411174
      774000  0.406022
      775000  0.354113
      776000  0.355172
      777000  0.404629
      778000  0.424862
      779000  0.390926
      780000  0.400173
      781000  0.404547
      782000  0.403845
      783000  0.365711
      784000  0.392200
      785000  0.433767
      786000  0.402302
      787000  0.395226
      788000  0.353264
      789000  0.383585
      790000  0.395983
      791000  0.400914
      792000  0.431713
      793000  0.396233
      794000  0.398793
      795000  0.387024
      796000  0.366785
      797000  0.419601
      798000  0.405639
      799000  0.407476
      800000  0.400641
      801000  0.397056
      802000  0.346006
      803000  0.422791
      804000  0.420499
      805000  0.395206
      806000  0.409072
      807000  0.423306
      808000  0.414781
      809000  0.392938
      810000  0.405061
      811000  0.409536
      812000  0.395912
      813000  0.425170
      814000  0.414752
      815000  0.425344
      816000  0.399887
      817000  0.403361
      818000  0.410196
      819000  0.358386
      820000  0.396283
      821000  0.397435
      822000  0.416131
      823000  0.399313
      824000  0.394318
      825000  0.422010
      826000  0.408103
      827000  0.414370
      828000  0.364446
      829000  0.404278
      830000  0.394779
      831000  0.410393
      832000  0.394171
      833000  0.415564
      834000  0.407290
      835000  0.419878
      836000  0.405198
      837000  0.410964
      838000  0.422310
      839000  0.399384
      840000  0.400208
      841000  0.402254
      842000  0.408797
      843000  0.398312
      844000  0.365521
      845000  0.331368
      846000  0.332181
      847000  0.385178
      848000  0.432807
      849000  0.399830
      850000  0.402513
      851000  0.417071
      852000  0.399482
      853000  0.404591
      854000  0.406960
      855000  0.354406
      856000  0.395131
      857000  0.390320
      858000  0.335034
      859000  0.411469
      860000  0.347628
      861000  0.363547
      862000  0.348601
      863000  0.399588
      864000  0.398499
      865000  0.410738
      866000  0.386878
      867000  0.416062
      868000  0.339624
      869000  0.432769
      870000  0.369034
      871000  0.361460
      872000  0.416777
      873000  0.349837
      874000  0.399857
      875000  0.386810
      876000  0.427384
      877000  0.410276
      878000  0.410176
      879000  0.425572
      880000  0.435945
      881000  0.431010
      882000  0.402914
      883000  0.359624
      884000  0.342792
      885000  0.350949
      886000  0.407778
      887000  0.341947
      888000  0.334221
      889000  0.442162
      890000  0.428572
      891000  0.426495
      892000  0.403981
      893000  0.398139
      894000  0.404953
      895000  0.405267
      896000  0.397642
      897000  0.406445
      898000  0.371086
      899000  0.363794
      900000  0.384884
      901000  0.396341
      902000  0.402383
      903000  0.432518
      904000  0.413841
      905000  0.407687
      906000  0.433681
      907000  0.414114
      908000  0.406150
      909000  0.410396
      910000  0.399646
      911000  0.415125
      912000  0.403576
      913000  0.411565
      914000  0.401717
      915000  0.398165
      916000  0.392165
      917000  0.409369
      918000  0.411916
      919000  0.395706
      920000  0.396672
      921000  0.412321
      922000  0.341072
      923000  0.402047
      924000  0.419422
      925000  0.416244
      926000  0.427258
      927000  0.397149
      928000  0.380151
      929000  0.407765
      930000  0.403901
      931000  0.432321
      932000  0.324968
      933000  0.408423
      934000  0.421226
      935000  0.417118
      936000  0.415083
      937000  0.410285
      938000  0.418134
      939000  0.409830
      940000  0.418383
      941000  0.429284
      942000  0.407783
      943000  0.348144
      944000  0.370382
      945000  0.356349
      946000  0.395683
      947000  0.398274
      948000  0.411562
      949000  0.446534
      950000  0.409186
      951000  0.410915
      952000  0.405499
      953000  0.399666
      954000  0.400246
      955000  0.377780
      956000  0.395815
      957000  0.412149
      958000  0.409528
      959000  0.429923
      960000  0.408815
      961000  0.412563
      962000  0.396553
      963000  0.315261
      964000  0.406790
      965000  0.395829
      966000  0.351048
      967000  0.357122
      968000  0.426869
      969000  0.409663
      970000  0.398197
      971000  0.349357
      972000  0.399982
      973000  0.347637
      974000  0.410497
      975000  0.403642
      976000  0.422801
      977000  0.397592
      978000  0.399804
      979000  0.435970
      980000  0.431435
      981000  0.432539
      982000  0.412431
      983000  0.406444
      984000  0.392911
      985000  0.451081
      986000  0.427133
      987000  0.409818
      988000  0.409533
      989000  0.405026
      990000  0.408154
      991000  0.419968
      992000  0.406995
      993000  0.394228
      994000  0.404694
      995000  0.402988
      996000  0.399187
      997000  0.405727
      998000  0.402217
      999000  0.400440
     1000000  0.401199
