    genPlus1     spaQ
        1000  0.477164
        2000  0.490384
        3000  0.461106
        4000  0.478109
        5000  0.461734
        6000  0.469345
        7000  0.484797
        8000  0.465894
        9000  0.465781
       10000  0.465481
       11000  0.470034
       12000  0.473525
       13000  0.458686
       14000  0.460735
       15000  0.466580
       16000  0.465336
       17000  0.432454
       18000  0.476124
       19000  0.473650
       20000  0.420537
       21000  0.477067
       22000  0.464488
       23000  0.463952
       24000  0.464498
       25000  0.463807
       26000  0.484684
       27000  0.413654
       28000  0.453394
       29000  0.471345
       30000  0.467176
       31000  0.476987
       32000  0.460603
       33000  0.470964
       34000  0.472309
       35000  0.447099
       36000  0.477135
       37000  0.470598
       38000  0.479683
       39000  0.472781
       40000  0.476467
       41000  0.467853
       42000  0.472670
       43000  0.469105
       44000  0.475220
       45000  0.474800
       46000  0.463961
       47000  0.466188
       48000  0.483559
       49000  0.471685
       50000  0.466820
       51000  0.473076
       52000  0.464757
       53000  0.469274
       54000  0.467709
       55000  0.458350
       56000  0.462023
       57000  0.462899
       58000  0.456649
       59000  0.469774
       60000  0.451059
       61000  0.477844
       62000  0.471124
       63000  0.478550
       64000  0.473133
       65000  0.465073
       66000  0.444424
       67000  0.449306
       68000  0.454970
       69000  0.464326
       70000  0.477362
       71000  0.471785
       72000  0.457093
       73000  0.437883
       74000  0.470920
       75000  0.479507
       76000  0.461608
       77000  0.466478
       78000  0.462807
       79000  0.472491
       80000  0.472492
       81000  0.466754
       82000  0.480237
       83000  0.467917
       84000  0.475631
       85000  0.476708
       86000  0.455356
       87000  0.463853
       88000  0.472013
       89000  0.471497
       90000  0.480678
       91000  0.457340
       92000  0.435512
       93000  0.469718
       94000  0.478518
       95000  0.467715
       96000  0.435723
       97000  0.481111
       98000  0.471388
       99000  0.461636
      100000  0.461996
      101000  0.471696
      102000  0.468539
      103000  0.464437
      104000  0.452638
      105000  0.467401
      106000  0.431389
      107000  0.471511
      108000  0.455313
      109000  0.479783
      110000  0.483036
      111000  0.475178
      112000  0.449327
      113000  0.469641
      114000  0.475724
      115000  0.471207
      116000  0.419911
      117000  0.468293
      118000  0.473555
      119000  0.476177
      120000  0.460900
      121000  0.466124
      122000  0.466017
      123000  0.477654
      124000  0.454379
      125000  0.420508
      126000  0.475912
      127000  0.430492
      128000  0.461342
      129000  0.477772
      130000  0.467913
      131000  0.476847
      132000  0.474829
      133000  0.470672
      134000  0.473343
      135000  0.422189
      136000  0.472354
      137000  0.470544
      138000  0.477006
      139000  0.481832
      140000  0.455280
      141000  0.471987
      142000  0.474300
      143000  0.454936
      144000  0.480701
      145000  0.474522
      146000  0.473059
      147000  0.480616
      148000  0.467047
      149000  0.463007
      150000  0.471930
      151000  0.477000
      152000  0.459578
      153000  0.462060
      154000  0.467906
      155000  0.469431
      156000  0.459478
      157000  0.481698
      158000  0.463720
      159000  0.475284
      160000  0.474361
      161000  0.472149
      162000  0.466650
      163000  0.469120
      164000  0.470964
      165000  0.477653
      166000  0.463241
      167000  0.471948
      168000  0.471549
      169000  0.454564
      170000  0.464634
      171000  0.475361
      172000  0.485662
      173000  0.469007
      174000  0.470729
      175000  0.472591
      176000  0.483869
      177000  0.458294
      178000  0.471601
      179000  0.459951
      180000  0.448428
      181000  0.459259
      182000  0.487465
      183000  0.458666
      184000  0.472726
      185000  0.468399
      186000  0.463993
      187000  0.470532
      188000  0.465457
      189000  0.454544
      190000  0.466989
      191000  0.475291
      192000  0.465285
      193000  0.467591
      194000  0.483688
      195000  0.414393
      196000  0.456429
      197000  0.477136
      198000  0.475491
      199000  0.471388
      200000  0.416323
      201000  0.471055
      202000  0.467127
      203000  0.458517
      204000  0.473684
      205000  0.443992
      206000  0.476426
      207000  0.479793
      208000  0.468993
      209000  0.467551
      210000  0.472387
      211000  0.471279
      212000  0.469409
      213000  0.480428
      214000  0.465661
      215000  0.469168
      216000  0.471759
      217000  0.482346
      218000  0.470562
      219000  0.473231
      220000  0.474370
      221000  0.427338
      222000  0.463973
      223000  0.465882
      224000  0.479729
      225000  0.471929
      226000  0.469027
      227000  0.471216
      228000  0.466350
      229000  0.474743
      230000  0.459914
      231000  0.481715
      232000  0.481692
      233000  0.472355
      234000  0.464238
      235000  0.469601
      236000  0.474088
      237000  0.473584
      238000  0.469550
      239000  0.430867
      240000  0.468826
      241000  0.472655
      242000  0.484477
      243000  0.471275
      244000  0.468463
      245000  0.467841
      246000  0.485012
      247000  0.469670
      248000  0.468231
      249000  0.454305
      250000  0.478229
      251000  0.466252
      252000  0.473820
      253000  0.466877
      254000  0.467702
      255000  0.467661
      256000  0.416777
      257000  0.472146
      258000  0.471014
      259000  0.463193
      260000  0.488040
      261000  0.478207
      262000  0.460242
      263000  0.481004
      264000  0.465050
      265000  0.455768
      266000  0.455631
      267000  0.473810
      268000  0.484651
      269000  0.467759
      270000  0.490749
      271000  0.471393
      272000  0.450566
      273000  0.455186
      274000  0.455858
      275000  0.462533
      276000  0.460998
      277000  0.474198
      278000  0.477708
      279000  0.473577
      280000  0.475421
      281000  0.468355
      282000  0.466008
      283000  0.461309
      284000  0.460098
      285000  0.476955
      286000  0.462993
      287000  0.453538
      288000  0.466550
      289000  0.479601
      290000  0.482732
      291000  0.479440
      292000  0.452666
      293000  0.469065
      294000  0.474706
      295000  0.457093
      296000  0.464645
      297000  0.489843
      298000  0.468954
      299000  0.467803
      300000  0.492099
      301000  0.477819
      302000  0.475764
      303000  0.470597
      304000  0.454643
      305000  0.473751
      306000  0.470184
      307000  0.463351
      308000  0.475445
      309000  0.452753
      310000  0.462888
      311000  0.460168
      312000  0.475626
      313000  0.475746
      314000  0.460746
      315000  0.466326
      316000  0.469819
      317000  0.467627
      318000  0.462644
      319000  0.457144
      320000  0.482777
      321000  0.463655
      322000  0.402820
      323000  0.459221
      324000  0.477537
      325000  0.435219
      326000  0.462301
      327000  0.468298
      328000  0.454376
      329000  0.472309
      330000  0.461298
      331000  0.467465
      332000  0.471602
      333000  0.470326
      334000  0.465147
      335000  0.465974
      336000  0.475040
      337000  0.468960
      338000  0.463690
      339000  0.474394
      340000  0.469885
      341000  0.485393
      342000  0.465032
      343000  0.469540
      344000  0.463301
      345000  0.461626
      346000  0.467875
      347000  0.465016
      348000  0.466289
      349000  0.473815
      350000  0.463518
      351000  0.469337
      352000  0.466913
      353000  0.465474
      354000  0.449429
      355000  0.469483
      356000  0.482516
      357000  0.479657
      358000  0.452352
      359000  0.479901
      360000  0.466566
      361000  0.470194
      362000  0.464747
      363000  0.471831
      364000  0.456240
      365000  0.478674
      366000  0.414474
      367000  0.464399
      368000  0.466487
      369000  0.464566
      370000  0.465482
      371000  0.471487
      372000  0.471820
      373000  0.462324
      374000  0.471886
      375000  0.475822
      376000  0.472935
      377000  0.481448
      378000  0.457738
      379000  0.460302
      380000  0.464033
      381000  0.460669
      382000  0.460410
      383000  0.461632
      384000  0.452209
      385000  0.472413
      386000  0.454767
      387000  0.473590
      388000  0.470248
      389000  0.457569
      390000  0.455911
      391000  0.463646
      392000  0.468170
      393000  0.470936
      394000  0.447097
      395000  0.445152
      396000  0.472787
      397000  0.472171
      398000  0.467714
      399000  0.461358
      400000  0.456922
      401000  0.476682
      402000  0.465946
      403000  0.458858
      404000  0.461564
      405000  0.465015
      406000  0.463312
      407000  0.446580
      408000  0.464947
      409000  0.472112
      410000  0.467566
      411000  0.481301
      412000  0.462629
      413000  0.460787
      414000  0.471982
      415000  0.471688
      416000  0.477372
      417000  0.444113
      418000  0.450452
      419000  0.475867
      420000  0.471016
      421000  0.468877
      422000  0.435836
      423000  0.481282
      424000  0.464206
      425000  0.460099
      426000  0.465178
      427000  0.475208
      428000  0.471985
      429000  0.471376
      430000  0.482225
      431000  0.460481
      432000  0.459291
      433000  0.464991
      434000  0.475260
      435000  0.469538
      436000  0.461882
      437000  0.413505
      438000  0.462146
      439000  0.468759
      440000  0.462223
      441000  0.480044
      442000  0.468600
      443000  0.471084
      444000  0.458369
      445000  0.459312
      446000  0.468447
      447000  0.464718
      448000  0.460223
      449000  0.473120
      450000  0.477649
      451000  0.465972
      452000  0.467883
      453000  0.464714
      454000  0.456581
      455000  0.474474
      456000  0.467800
      457000  0.470144
      458000  0.463515
      459000  0.470351
      460000  0.458926
      461000  0.471810
      462000  0.464081
      463000  0.468691
      464000  0.453102
      465000  0.462026
      466000  0.460971
      467000  0.459482
      468000  0.464359
      469000  0.468590
      470000  0.467921
      471000  0.483069
      472000  0.452932
      473000  0.473436
      474000  0.456732
      475000  0.469065
      476000  0.487059
      477000  0.423917
      478000  0.466954
      479000  0.468580
      480000  0.459276
      481000  0.463325
      482000  0.471970
      483000  0.466194
      484000  0.470817
      485000  0.442366
      486000  0.461866
      487000  0.463033
      488000  0.480949
      489000  0.463597
      490000  0.476187
      491000  0.461378
      492000  0.461184
      493000  0.470199
      494000  0.467154
      495000  0.474178
      496000  0.455924
      497000  0.477966
      498000  0.464217
      499000  0.469522
      500000  0.486240
      501000  0.463622
      502000  0.466347
      503000  0.465594
      504000  0.471489
      505000  0.464132
      506000  0.477683
      507000  0.477667
      508000  0.466092
      509000  0.470054
      510000  0.471126
      511000  0.469684
      512000  0.470276
      513000  0.459711
      514000  0.467465
      515000  0.462545
      516000  0.478432
      517000  0.475327
      518000  0.471998
      519000  0.458790
      520000  0.465722
      521000  0.476996
      522000  0.469091
      523000  0.461525
      524000  0.462352
      525000  0.474454
      526000  0.469443
      527000  0.473956
      528000  0.480853
      529000  0.417859
      530000  0.466859
      531000  0.480504
      532000  0.477777
      533000  0.476281
      534000  0.484733
      535000  0.472759
      536000  0.471705
      537000  0.471945
      538000  0.464655
      539000  0.474858
      540000  0.464731
      541000  0.458798
      542000  0.460835
      543000  0.474687
      544000  0.465660
      545000  0.472681
      546000  0.467269
      547000  0.474992
      548000  0.468021
      549000  0.466462
      550000  0.471251
      551000  0.424028
      552000  0.468821
      553000  0.439015
      554000  0.463836
      555000  0.469356
      556000  0.473274
      557000  0.479500
      558000  0.464914
      559000  0.467195
      560000  0.450698
      561000  0.467578
      562000  0.468455
      563000  0.468812
      564000  0.466677
      565000  0.474018
      566000  0.462734
      567000  0.465759
      568000  0.466149
      569000  0.464180
      570000  0.487642
      571000  0.472144
      572000  0.475207
      573000  0.463378
      574000  0.464404
      575000  0.449906
      576000  0.466048
      577000  0.461524
      578000  0.465293
      579000  0.461760
      580000  0.470789
      581000  0.478205
      582000  0.473935
      583000  0.465709
      584000  0.474784
      585000  0.475015
      586000  0.466306
      587000  0.464896
      588000  0.453332
      589000  0.460148
      590000  0.472881
      591000  0.466376
      592000  0.461250
      593000  0.472483
      594000  0.459533
      595000  0.469166
      596000  0.474585
      597000  0.455974
      598000  0.465025
      599000  0.426808
      600000  0.472541
      601000  0.466928
      602000  0.469727
      603000  0.470340
      604000  0.469212
      605000  0.476785
      606000  0.463384
      607000  0.465215
      608000  0.464150
      609000  0.483583
      610000  0.471289
      611000  0.467791
      612000  0.488119
      613000  0.430998
      614000  0.462596
      615000  0.487584
      616000  0.472053
      617000  0.459827
      618000  0.467130
      619000  0.471333
      620000  0.485021
      621000  0.471236
      622000  0.469631
      623000  0.429013
      624000  0.470549
      625000  0.472362
      626000  0.459155
      627000  0.467862
      628000  0.477218
      629000  0.471282
      630000  0.475455
      631000  0.478278
      632000  0.468721
      633000  0.478460
      634000  0.477267
      635000  0.478518
      636000  0.470632
      637000  0.469922
      638000  0.472093
      639000  0.468836
      640000  0.470634
      641000  0.472822
      642000  0.456930
      643000  0.448756
      644000  0.465323
      645000  0.479768
      646000  0.472567
      647000  0.431848
      648000  0.465162
      649000  0.467884
      650000  0.462779
      651000  0.467096
      652000  0.465044
      653000  0.465635
      654000  0.450693
      655000  0.468218
      656000  0.473541
      657000  0.471017
      658000  0.483337
      659000  0.475320
      660000  0.480319
      661000  0.437468
      662000  0.479331
      663000  0.477245
      664000  0.460662
      665000  0.471439
      666000  0.481989
      667000  0.473150
      668000  0.469645
      669000  0.481298
      670000  0.474031
      671000  0.460405
      672000  0.421587
      673000  0.477601
      674000  0.482984
      675000  0.462787
      676000  0.465317
      677000  0.463070
      678000  0.467853
      679000  0.468603
      680000  0.467719
      681000  0.469724
      682000  0.475160
      683000  0.425651
      684000  0.482006
      685000  0.477995
      686000  0.467208
      687000  0.471314
      688000  0.469717
      689000  0.468936
      690000  0.486410
      691000  0.480022
      692000  0.428475
      693000  0.477728
      694000  0.474810
      695000  0.466883
      696000  0.470976
      697000  0.467316
      698000  0.459311
      699000  0.483904
      700000  0.435775
      701000  0.426542
      702000  0.474445
      703000  0.463380
      704000  0.456707
      705000  0.466174
      706000  0.473881
      707000  0.468416
      708000  0.486125
      709000  0.470171
      710000  0.460919
      711000  0.461377
      712000  0.472707
      713000  0.455817
      714000  0.470592
      715000  0.460578
      716000  0.459877
      717000  0.461779
      718000  0.464748
      719000  0.477995
      720000  0.476132
      721000  0.455920
      722000  0.465913
      723000  0.462755
      724000  0.467916
      725000  0.465850
      726000  0.468856
      727000  0.466435
      728000  0.482370
      729000  0.454904
      730000  0.469693
      731000  0.475116
      732000  0.483025
      733000  0.475556
      734000  0.466365
      735000  0.466701
      736000  0.456459
      737000  0.468092
      738000  0.476031
      739000  0.469486
      740000  0.461133
      741000  0.451946
      742000  0.463818
      743000  0.467626
      744000  0.469390
      745000  0.475823
      746000  0.463643
      747000  0.472454
      748000  0.468469
      749000  0.473235
      750000  0.462866
      751000  0.472239
      752000  0.474663
      753000  0.471390
      754000  0.465687
      755000  0.473797
      756000  0.467693
      757000  0.468842
      758000  0.464197
      759000  0.457344
      760000  0.483476
      761000  0.425647
      762000  0.478128
      763000  0.469763
      764000  0.483982
      765000  0.466463
      766000  0.471466
      767000  0.479972
      768000  0.427812
      769000  0.467173
      770000  0.465020
      771000  0.459066
      772000  0.473486
      773000  0.462378
      774000  0.477681
      775000  0.464827
      776000  0.463440
      777000  0.479527
      778000  0.470698
      779000  0.461549
      780000  0.462416
      781000  0.458746
      782000  0.473693
      783000  0.451606
      784000  0.474684
      785000  0.463163
      786000  0.476145
      787000  0.459821
      788000  0.465508
      789000  0.480644
      790000  0.460960
      791000  0.467738
      792000  0.466838
      793000  0.472471
      794000  0.476921
      795000  0.469916
      796000  0.472355
      797000  0.443841
      798000  0.461965
      799000  0.467824
      800000  0.473871
      801000  0.474505
      802000  0.468522
      803000  0.462592
      804000  0.473627
      805000  0.475589
      806000  0.467219
      807000  0.478310
      808000  0.471339
      809000  0.468676
      810000  0.461864
      811000  0.422281
      812000  0.471525
      813000  0.427424
      814000  0.457721
      815000  0.455586
      816000  0.468546
      817000  0.454132
      818000  0.467025
      819000  0.458944
      820000  0.464960
      821000  0.476750
      822000  0.484195
      823000  0.473891
      824000  0.477270
      825000  0.471529
      826000  0.466008
      827000  0.468636
      828000  0.465753
      829000  0.472020
      830000  0.467424
      831000  0.454203
      832000  0.469670
      833000  0.480726
      834000  0.468027
      835000  0.466057
      836000  0.468272
      837000  0.471592
      838000  0.456487
      839000  0.429167
      840000  0.475764
      841000  0.475358
      842000  0.474934
      843000  0.466620
      844000  0.463590
      845000  0.476631
      846000  0.486841
      847000  0.466165
      848000  0.468228
      849000  0.472284
      850000  0.472636
      851000  0.463567
      852000  0.471902
      853000  0.445624
      854000  0.464385
      855000  0.474964
      856000  0.467340
      857000  0.473306
      858000  0.471499
      859000  0.476259
      860000  0.469664
      861000  0.469642
      862000  0.465861
      863000  0.475268
      864000  0.478193
      865000  0.472940
      866000  0.442435
      867000  0.468400
      868000  0.468031
      869000  0.464354
      870000  0.471564
      871000  0.468128
      872000  0.473532
      873000  0.476359
      874000  0.462982
      875000  0.460568
      876000  0.464670
      877000  0.473770
      878000  0.459464
      879000  0.480325
      880000  0.480974
      881000  0.423135
      882000  0.463332
      883000  0.468802
      884000  0.469543
      885000  0.471499
      886000  0.482032
      887000  0.460407
      888000  0.481922
      889000  0.476663
      890000  0.454658
      891000  0.466633
      892000  0.471832
      893000  0.463955
      894000  0.486732
      895000  0.476394
      896000  0.466445
      897000  0.466077
      898000  0.467107
      899000  0.447079
      900000  0.470923
      901000  0.470517
      902000  0.465140
      903000  0.476394
      904000  0.464476
      905000  0.464887
      906000  0.440847
      907000  0.456698
      908000  0.443131
      909000  0.477750
      910000  0.457938
      911000  0.463283
      912000  0.471873
      913000  0.468716
      914000  0.463465
      915000  0.454897
      916000  0.472391
      917000  0.464813
      918000  0.474014
      919000  0.474347
      920000  0.473800
      921000  0.468417
      922000  0.467547
      923000  0.458265
      924000  0.465417
      925000  0.479191
      926000  0.476414
      927000  0.461286
      928000  0.462249
      929000  0.469107
      930000  0.456595
      931000  0.449698
      932000  0.477869
      933000  0.475892
      934000  0.467474
      935000  0.479360
      936000  0.471864
      937000  0.453336
      938000  0.470332
      939000  0.476880
      940000  0.467328
      941000  0.475659
      942000  0.460270
      943000  0.473141
      944000  0.465858
      945000  0.472984
      946000  0.475105
      947000  0.473655
      948000  0.466904
      949000  0.453083
      950000  0.489431
      951000  0.455615
      952000  0.456515
      953000  0.467377
      954000  0.468870
      955000  0.470560
      956000  0.469265
      957000  0.465088
      958000  0.479949
      959000  0.469896
      960000  0.478644
      961000  0.459656
      962000  0.477096
      963000  0.473812
      964000  0.485144
      965000  0.487265
      966000  0.473376
      967000  0.465089
      968000  0.461625
      969000  0.463576
      970000  0.474804
      971000  0.466343
      972000  0.424935
      973000  0.466236
      974000  0.464823
      975000  0.463027
      976000  0.471186
      977000  0.475858
      978000  0.462085
      979000  0.463333
      980000  0.456917
      981000  0.479393
      982000  0.473211
      983000  0.468076
      984000  0.458933
      985000  0.473051
      986000  0.476966
      987000  0.452819
      988000  0.464622
      989000  0.486560
      990000  0.468623
      991000  0.475533
      992000  0.475863
      993000  0.465002
      994000  0.466787
      995000  0.470286
      996000  0.463939
      997000  0.477790
      998000  0.489347
      999000  0.467896
     1000000  0.465072
