       1000 -231.821028
       2000 -232.819842
       3000 -231.341488
       4000 -234.214985
       5000 -230.833762
       6000 -231.605011
       7000 -235.468993
       8000 -234.780801
       9000 -233.957201
      10000 -233.416724
      11000 -233.389643
      12000 -231.816859
      13000 -236.369136
      14000 -232.133786
      15000 -230.975958
      16000 -233.977291
      17000 -231.164350
      18000 -230.700300
      19000 -232.554016
      20000 -231.136655
      21000 -239.552285
      22000 -233.197724
      23000 -231.286029
      24000 -231.722891
      25000 -233.630667
      26000 -230.616606
      27000 -230.983486
      28000 -230.843745
      29000 -230.806290
      30000 -235.251677
      31000 -233.010533
      32000 -230.802742
      33000 -231.046283
      34000 -231.067423
      35000 -231.248536
      36000 -231.015529
      37000 -232.544366
      38000 -235.108533
      39000 -231.587848
      40000 -233.914524
      41000 -231.548888
      42000 -231.034118
      43000 -230.770557
      44000 -233.124649
      45000 -230.671263
      46000 -233.752105
      47000 -231.377138
      48000 -230.653988
      49000 -233.341681
      50000 -230.577673
      51000 -230.887397
      52000 -233.710570
      53000 -231.218542
      54000 -237.547128
      55000 -230.862764
      56000 -231.274291
      57000 -230.780913
      58000 -231.750497
      59000 -235.359798
      60000 -238.994158
      61000 -232.009013
      62000 -232.614625
      63000 -232.051562
      64000 -230.661898
      65000 -236.881271
      66000 -231.207457
      67000 -232.733156
      68000 -230.756291
      69000 -232.693816
      70000 -231.155613
      71000 -230.959290
      72000 -231.051674
      73000 -231.178709
      74000 -230.785136
      75000 -231.665028
      76000 -231.695090
      77000 -234.777085
      78000 -231.151112
      79000 -231.047679
      80000 -231.652539
      81000 -231.515637
      82000 -236.441685
      83000 -230.846555
      84000 -231.313743
      85000 -231.052128
      86000 -230.694077
      87000 -232.530822
      88000 -231.476583
      89000 -231.140806
      90000 -233.005118
      91000 -230.730462
      92000 -231.475076
      93000 -231.065583
      94000 -231.051373
      95000 -230.737964
      96000 -232.018429
      97000 -230.869190
      98000 -231.430924
      99000 -232.450215
     100000 -231.530801
     101000 -233.325046
     102000 -234.855313
     103000 -234.491768
     104000 -233.222933
     105000 -230.713089
     106000 -231.535363
     107000 -231.608654
     108000 -234.513445
     109000 -233.443364
     110000 -232.700509
     111000 -237.596684
     112000 -236.348286
     113000 -230.617975
     114000 -231.132155
     115000 -233.167590
     116000 -231.168983
     117000 -230.829764
     118000 -232.023612
     119000 -234.755795
     120000 -230.975636
     121000 -232.263475
     122000 -233.294593
     123000 -230.579939
     124000 -231.514229
     125000 -233.239441
     126000 -231.258080
     127000 -230.650377
     128000 -232.844138
     129000 -232.099075
     130000 -232.842637
     131000 -232.590973
     132000 -232.681503
     133000 -231.683150
     134000 -233.030829
     135000 -232.245086
     136000 -230.876888
     137000 -230.928474
     138000 -230.959673
     139000 -232.847698
     140000 -232.939543
     141000 -234.569973
     142000 -231.102348
     143000 -237.186671
     144000 -230.788073
     145000 -231.005831
     146000 -230.880741
     147000 -230.617712
     148000 -231.175957
     149000 -232.906677
     150000 -232.071712
     151000 -232.993020
     152000 -231.761289
     153000 -235.428276
     154000 -233.280780
     155000 -233.422149
     156000 -231.422924
     157000 -233.867086
     158000 -235.849230
     159000 -233.128877
     160000 -231.542212
     161000 -230.984647
     162000 -230.995964
     163000 -237.893919
     164000 -233.877046
     165000 -230.972587
     166000 -230.901227
     167000 -232.782043
     168000 -231.730615
     169000 -231.394587
     170000 -230.836472
     171000 -231.125586
     172000 -232.147890
     173000 -232.626705
     174000 -231.311761
     175000 -233.677864
     176000 -234.426550
     177000 -230.675394
     178000 -230.660687
     179000 -234.878412
     180000 -232.965769
     181000 -231.826221
     182000 -233.623884
     183000 -237.151008
     184000 -231.732499
     185000 -232.147864
     186000 -234.015761
     187000 -233.690625
     188000 -232.711915
     189000 -231.195371
     190000 -233.333605
     191000 -236.424146
     192000 -232.413657
     193000 -232.383541
     194000 -231.439954
     195000 -233.719755
     196000 -230.752200
     197000 -232.664237
     198000 -231.340026
     199000 -231.101877
     200000 -231.079914
     201000 -232.000074
     202000 -232.389464
     203000 -233.175109
     204000 -235.212941
     205000 -234.343028
     206000 -230.570031
     207000 -231.207503
     208000 -233.944776
     209000 -237.549575
     210000 -233.273449
     211000 -231.563333
     212000 -234.650950
     213000 -231.756280
     214000 -232.445162
     215000 -232.747053
     216000 -232.441822
     217000 -232.638900
     218000 -234.838132
     219000 -231.676084
     220000 -232.937363
     221000 -231.815813
     222000 -230.968122
     223000 -231.520937
     224000 -231.284192
     225000 -230.644066
     226000 -231.005954
     227000 -231.989720
     228000 -232.581160
     229000 -232.670029
     230000 -232.983725
     231000 -230.583541
     232000 -230.891506
     233000 -231.281073
     234000 -230.672650
     235000 -231.811115
     236000 -230.648516
     237000 -230.705669
     238000 -232.843928
     239000 -230.729418
     240000 -231.553558
     241000 -232.566579
     242000 -232.011990
     243000 -233.913848
     244000 -232.568400
     245000 -230.708629
     246000 -233.547576
     247000 -230.983839
     248000 -230.586735
     249000 -232.537753
     250000 -231.237197
     251000 -230.772370
     252000 -233.302046
     253000 -231.446269
     254000 -230.746725
     255000 -231.918762
     256000 -233.077645
     257000 -232.207751
     258000 -231.158737
     259000 -231.344892
     260000 -231.035143
     261000 -232.860315
     262000 -232.840467
     263000 -230.825136
     264000 -231.233880
     265000 -230.976596
     266000 -233.064727
     267000 -230.569569
     268000 -239.337996
     269000 -232.538014
     270000 -231.843589
     271000 -233.157565
     272000 -230.932118
     273000 -231.027534
     274000 -230.684265
     275000 -232.779551
     276000 -230.624346
     277000 -232.252193
     278000 -232.073918
     279000 -230.975148
     280000 -230.954090
     281000 -230.971612
     282000 -232.072234
     283000 -234.825247
     284000 -232.461433
     285000 -231.048217
     286000 -231.497942
     287000 -230.583763
     288000 -230.628605
     289000 -232.567833
     290000 -235.245311
     291000 -230.961792
     292000 -232.551466
     293000 -235.329351
     294000 -230.612459
     295000 -230.926492
     296000 -232.062766
     297000 -235.348100
     298000 -234.977946
     299000 -231.210398
     300000 -231.405125
     301000 -235.300742
     302000 -230.735945
     303000 -230.639099
     304000 -233.532826
     305000 -232.990289
     306000 -231.090329
     307000 -232.203899
     308000 -230.629918
     309000 -233.267290
     310000 -233.871294
     311000 -234.422517
     312000 -231.726603
     313000 -232.609808
     314000 -232.714018
     315000 -231.103571
     316000 -231.527518
     317000 -236.511239
     318000 -230.749838
     319000 -230.711311
     320000 -230.592749
     321000 -233.142826
     322000 -230.723258
     323000 -235.324439
     324000 -235.572803
     325000 -233.630030
     326000 -234.895519
     327000 -230.760552
     328000 -230.574598
     329000 -232.913935
     330000 -232.736382
     331000 -232.775863
     332000 -238.492172
     333000 -230.994009
     334000 -233.109726
     335000 -231.200900
     336000 -232.852112
     337000 -231.036841
     338000 -232.227114
     339000 -231.216559
     340000 -232.376272
     341000 -230.759653
     342000 -231.099849
     343000 -231.297416
     344000 -230.643249
     345000 -230.615545
     346000 -230.849029
     347000 -231.018182
     348000 -232.179196
     349000 -230.737776
     350000 -232.078024
     351000 -230.910255
     352000 -231.849815
     353000 -230.801645
     354000 -231.157908
     355000 -231.548679
     356000 -230.746135
     357000 -230.711436
     358000 -230.650375
     359000 -230.646819
     360000 -230.681102
     361000 -231.543546
     362000 -230.640690
     363000 -232.793239
     364000 -232.186149
     365000 -231.416557
     366000 -233.092115
     367000 -232.504367
     368000 -231.744701
     369000 -233.107509
     370000 -232.187107
     371000 -232.764013
     372000 -234.327820
     373000 -230.614351
     374000 -236.502179
     375000 -232.885699
     376000 -230.706428
     377000 -233.081592
     378000 -232.932652
     379000 -231.281782
     380000 -235.160587
     381000 -230.864880
     382000 -235.731581
     383000 -236.478991
     384000 -231.088129
     385000 -231.141279
     386000 -232.811709
     387000 -232.607839
     388000 -233.056869
     389000 -230.683869
     390000 -232.328318
     391000 -233.534856
     392000 -231.972459
     393000 -232.773693
     394000 -231.422235
     395000 -235.733917
     396000 -231.198750
     397000 -231.068750
     398000 -232.787891
     399000 -231.004730
     400000 -230.597888
     401000 -231.319391
     402000 -230.615752
     403000 -231.406687
     404000 -232.300572
     405000 -231.514974
     406000 -234.499931
     407000 -230.804496
     408000 -233.877769
     409000 -230.884424
     410000 -233.023668
     411000 -232.137689
     412000 -233.165445
     413000 -231.077281
     414000 -231.171145
     415000 -233.557768
     416000 -233.324443
     417000 -230.624029
     418000 -231.079445
     419000 -233.038882
     420000 -234.226926
     421000 -230.956436
     422000 -230.740788
     423000 -230.700399
     424000 -231.841751
     425000 -230.827026
     426000 -231.051164
     427000 -231.108560
     428000 -230.650424
     429000 -230.873318
     430000 -230.635174
     431000 -230.841172
     432000 -234.500198
     433000 -230.961577
     434000 -236.444057
     435000 -235.471414
     436000 -230.616405
     437000 -230.983407
     438000 -235.649962
     439000 -231.699691
     440000 -232.017061
     441000 -230.748601
     442000 -230.686693
     443000 -231.602463
     444000 -237.806812
     445000 -234.765635
     446000 -232.248403
     447000 -232.734502
     448000 -232.735056
     449000 -236.128220
     450000 -231.683462
     451000 -231.409263
     452000 -230.601818
     453000 -233.920612
     454000 -231.174175
     455000 -234.098470
     456000 -232.550966
     457000 -232.332047
     458000 -230.709302
     459000 -231.155752
     460000 -231.119176
     461000 -234.761557
     462000 -233.224342
     463000 -233.100040
     464000 -232.625264
     465000 -231.902320
     466000 -231.791789
     467000 -231.100504
     468000 -231.786851
     469000 -232.746488
     470000 -230.816896
     471000 -232.651876
     472000 -233.258383
     473000 -232.100787
     474000 -232.897118
     475000 -233.055097
     476000 -230.899499
     477000 -231.117574
     478000 -230.917911
     479000 -233.311439
     480000 -232.840656
     481000 -230.912771
     482000 -230.673059
     483000 -233.439819
     484000 -231.772947
     485000 -233.180168
     486000 -231.386952
     487000 -231.611639
     488000 -235.586384
     489000 -231.486385
     490000 -230.966764
     491000 -231.240432
     492000 -231.807073
     493000 -230.703794
     494000 -232.807435
     495000 -230.881972
     496000 -231.981624
     497000 -234.029627
     498000 -230.870673
     499000 -234.352649
     500000 -232.454158
     501000 -230.903693
     502000 -231.034334
     503000 -233.318097
     504000 -232.500131
     505000 -230.920403
     506000 -230.878364
     507000 -234.878571
     508000 -231.685328
     509000 -230.619437
     510000 -230.796861
     511000 -230.754730
     512000 -232.997605
     513000 -231.877714
     514000 -237.428322
     515000 -232.553325
     516000 -231.159677
     517000 -233.110404
     518000 -230.583747
     519000 -230.600934
     520000 -230.860586
     521000 -231.734979
     522000 -234.938073
     523000 -232.698784
     524000 -230.851408
     525000 -231.753961
     526000 -232.860384
     527000 -231.659263
     528000 -232.691744
     529000 -232.289704
     530000 -231.151631
     531000 -230.986347
     532000 -238.234998
     533000 -231.947633
     534000 -231.274543
     535000 -234.246184
     536000 -231.024701
     537000 -233.585009
     538000 -231.272828
     539000 -231.714718
     540000 -233.611767
     541000 -231.655102
     542000 -231.167317
     543000 -233.319511
     544000 -231.404506
     545000 -230.633962
     546000 -231.026113
     547000 -231.934622
     548000 -231.410340
     549000 -230.594605
     550000 -230.689997
     551000 -233.825205
     552000 -232.595916
     553000 -232.765216
     554000 -233.421797
     555000 -232.214374
     556000 -230.943625
     557000 -230.678411
     558000 -232.868120
     559000 -234.430240
     560000 -230.582596
     561000 -231.868730
     562000 -231.737047
     563000 -230.644308
     564000 -231.676763
     565000 -234.577086
     566000 -230.598530
     567000 -232.732662
     568000 -230.730720
     569000 -231.861620
     570000 -232.853615
     571000 -231.758075
     572000 -230.958960
     573000 -230.905783
     574000 -233.451327
     575000 -231.638799
     576000 -231.495637
     577000 -232.652978
     578000 -234.150586
     579000 -233.797179
     580000 -232.119315
     581000 -231.573318
     582000 -231.447277
     583000 -231.211136
     584000 -231.492139
     585000 -230.595497
     586000 -231.613665
     587000 -230.663342
     588000 -233.066179
     589000 -231.853100
     590000 -230.768765
     591000 -230.630091
     592000 -230.991251
     593000 -232.942767
     594000 -230.711580
     595000 -232.338152
     596000 -231.013802
     597000 -230.582807
     598000 -232.844787
     599000 -235.062991
     600000 -230.769850
     601000 -231.288554
     602000 -233.565566
     603000 -231.875398
     604000 -231.764572
     605000 -230.731279
     606000 -235.075116
     607000 -230.607545
     608000 -233.759663
     609000 -230.578717
     610000 -235.632810
     611000 -234.565775
     612000 -230.640542
     613000 -232.709198
     614000 -231.697446
     615000 -230.600356
     616000 -230.612856
     617000 -231.354460
     618000 -232.259676
     619000 -235.622511
     620000 -231.001355
     621000 -232.513801
     622000 -231.323248
     623000 -232.001598
     624000 -231.368473
     625000 -230.571505
     626000 -231.906765
     627000 -233.485989
     628000 -230.622646
     629000 -231.014823
     630000 -231.528761
     631000 -230.716189
     632000 -231.261927
     633000 -234.536601
     634000 -231.337256
     635000 -230.707819
     636000 -233.603387
     637000 -230.857062
     638000 -237.693723
     639000 -231.071629
     640000 -230.598237
     641000 -232.718037
     642000 -231.287219
     643000 -234.688874
     644000 -232.226349
     645000 -231.568508
     646000 -230.908546
     647000 -234.890186
     648000 -230.996050
     649000 -231.118154
     650000 -232.662963
     651000 -230.971041
     652000 -230.591243
     653000 -230.638571
     654000 -233.124821
     655000 -231.697981
     656000 -230.905127
     657000 -230.970741
     658000 -231.939524
     659000 -231.611576
     660000 -230.991870
     661000 -231.081159
     662000 -232.609705
     663000 -231.445352
     664000 -231.228463
     665000 -230.823809
     666000 -232.722788
     667000 -231.536235
     668000 -232.586048
     669000 -230.854080
     670000 -230.571087
     671000 -231.223146
     672000 -231.322904
     673000 -231.756372
     674000 -231.532503
     675000 -232.904019
     676000 -232.637980
     677000 -231.885082
     678000 -232.216023
     679000 -233.989322
     680000 -235.397595
     681000 -231.661282
     682000 -230.693108
     683000 -231.208195
     684000 -232.203991
     685000 -231.075300
     686000 -230.842548
     687000 -232.564244
     688000 -238.444234
     689000 -231.053534
     690000 -231.357895
     691000 -233.324575
     692000 -231.043053
     693000 -231.288374
     694000 -236.841619
     695000 -230.998181
     696000 -232.538041
     697000 -235.404408
     698000 -231.656522
     699000 -232.585782
     700000 -231.854596
     701000 -230.983470
     702000 -232.090333
     703000 -230.719937
     704000 -231.683831
     705000 -236.441268
     706000 -233.348506
     707000 -230.671951
     708000 -233.292201
     709000 -230.600516
     710000 -231.277814
     711000 -233.461657
     712000 -233.001027
     713000 -230.648796
     714000 -231.376569
     715000 -230.946648
     716000 -232.639778
     717000 -231.749621
     718000 -234.880329
     719000 -232.181456
     720000 -232.545439
     721000 -232.691788
     722000 -233.432812
     723000 -234.977810
     724000 -238.850008
     725000 -235.041786
     726000 -230.758219
     727000 -232.767485
     728000 -233.067287
     729000 -237.067096
     730000 -230.779821
     731000 -230.829677
     732000 -230.740055
     733000 -233.618227
     734000 -232.717392
     735000 -230.927278
     736000 -230.604272
     737000 -233.391328
     738000 -230.804026
     739000 -231.403423
     740000 -234.532356
     741000 -234.966890
     742000 -231.070655
     743000 -234.634559
     744000 -230.599866
     745000 -232.746701
     746000 -237.350257
     747000 -232.982454
     748000 -231.272673
     749000 -231.183369
     750000 -234.887800
     751000 -230.938718
     752000 -233.128249
     753000 -230.843568
     754000 -232.641139
     755000 -231.886044
     756000 -230.750369
     757000 -232.959496
     758000 -230.753111
     759000 -234.192373
     760000 -231.470184
     761000 -232.928160
     762000 -234.289383
     763000 -233.217593
     764000 -230.723298
     765000 -235.601495
     766000 -233.406645
     767000 -231.265296
     768000 -230.980977
     769000 -230.703458
     770000 -234.882661
     771000 -232.146837
     772000 -234.047049
     773000 -231.279089
     774000 -231.258681
     775000 -230.773502
     776000 -231.722144
     777000 -230.896642
     778000 -231.625440
     779000 -231.472948
     780000 -231.543901
     781000 -230.585511
     782000 -232.821962
     783000 -231.657397
     784000 -235.726317
     785000 -230.883574
     786000 -233.635939
     787000 -231.521048
     788000 -237.633687
     789000 -231.039182
     790000 -230.635603
     791000 -230.646843
     792000 -232.554244
     793000 -232.319592
     794000 -231.915336
     795000 -232.155268
     796000 -235.635889
     797000 -232.618119
     798000 -231.174965
     799000 -232.574617
     800000 -230.660158
     801000 -230.937482
     802000 -230.814706
     803000 -232.468113
     804000 -231.753015
     805000 -231.520637
     806000 -231.025662
     807000 -230.614312
     808000 -233.785161
     809000 -230.965599
     810000 -230.859612
     811000 -234.859178
     812000 -230.884973
     813000 -231.195874
     814000 -231.321105
     815000 -230.790846
     816000 -231.313037
     817000 -231.035720
     818000 -232.556244
     819000 -235.155098
     820000 -230.972356
     821000 -231.294707
     822000 -232.963969
     823000 -230.834083
     824000 -230.894004
     825000 -234.867021
     826000 -231.794572
     827000 -234.837031
     828000 -231.214141
     829000 -230.859732
     830000 -237.563353
     831000 -234.618435
     832000 -236.708618
     833000 -231.266401
     834000 -233.517222
     835000 -234.708119
     836000 -230.998292
     837000 -230.780308
     838000 -230.931015
     839000 -230.812974
     840000 -230.856727
     841000 -230.862590
     842000 -230.895065
     843000 -230.855875
     844000 -233.317001
     845000 -232.924436
     846000 -232.577218
     847000 -230.704793
     848000 -234.539031
     849000 -231.245742
     850000 -232.809261
     851000 -233.165944
     852000 -231.384517
     853000 -231.543113
     854000 -231.808393
     855000 -232.588632
     856000 -230.718140
     857000 -230.577749
     858000 -232.154683
     859000 -230.934239
     860000 -230.847784
     861000 -230.571340
     862000 -232.748413
     863000 -234.507626
     864000 -232.820033
     865000 -232.668493
     866000 -231.939152
     867000 -230.804837
     868000 -231.637348
     869000 -230.820288
     870000 -230.595561
     871000 -231.297954
     872000 -231.180489
     873000 -236.922165
     874000 -231.530610
     875000 -231.020576
     876000 -232.061019
     877000 -232.260899
     878000 -230.924576
     879000 -233.017265
     880000 -231.993783
     881000 -230.677810
     882000 -233.604698
     883000 -230.615163
     884000 -231.032002
     885000 -230.998641
     886000 -230.909595
     887000 -230.874998
     888000 -232.895511
     889000 -232.955026
     890000 -237.219451
     891000 -231.419299
     892000 -230.685747
     893000 -232.925039
     894000 -231.107681
     895000 -230.696521
     896000 -232.925102
     897000 -232.783710
     898000 -230.910630
     899000 -230.614682
     900000 -231.443638
     901000 -231.949054
     902000 -231.089133
     903000 -233.157148
     904000 -231.303126
     905000 -233.003316
     906000 -231.074055
     907000 -230.713278
     908000 -236.452687
     909000 -233.470035
     910000 -231.205043
     911000 -233.648687
     912000 -231.684361
     913000 -231.208328
     914000 -231.595082
     915000 -230.980640
     916000 -238.448490
     917000 -233.405834
     918000 -233.503936
     919000 -232.607338
     920000 -230.723827
     921000 -230.793938
     922000 -231.933220
     923000 -232.793801
     924000 -232.518251
     925000 -232.932399
     926000 -231.635775
     927000 -234.791767
     928000 -234.856969
     929000 -231.042343
     930000 -232.238731
     931000 -232.968532
     932000 -230.999146
     933000 -230.579377
     934000 -231.215590
     935000 -230.978683
     936000 -231.391898
     937000 -230.867097
     938000 -232.662563
     939000 -230.741715
     940000 -237.220122
     941000 -231.674195
     942000 -231.112297
     943000 -231.799964
     944000 -230.886107
     945000 -233.395609
     946000 -230.870262
     947000 -233.427990
     948000 -231.068132
     949000 -230.825393
     950000 -231.522799
     951000 -233.540529
     952000 -233.883701
     953000 -232.793335
     954000 -230.773596
     955000 -231.957317
     956000 -234.697237
     957000 -230.611699
     958000 -232.687607
     959000 -231.216499
     960000 -230.699071
     961000 -231.946774
     962000 -230.572115
     963000 -231.172302
     964000 -230.766416
     965000 -232.692246
     966000 -232.690041
     967000 -233.078369
     968000 -231.055694
     969000 -231.063946
     970000 -231.455224
     971000 -230.712680
     972000 -231.059108
     973000 -231.200849
     974000 -230.604940
     975000 -232.662531
     976000 -233.117113
     977000 -230.644559
     978000 -230.584663
     979000 -231.266923
     980000 -230.827469
     981000 -231.282665
     982000 -230.667655
     983000 -233.277119
     984000 -232.391321
     985000 -230.733829
     986000 -233.588234
     987000 -234.708069
     988000 -231.153670
     989000 -230.861450
     990000 -232.483857
     991000 -230.895822
     992000 -231.979471
     993000 -231.421545
     994000 -231.069462
     995000 -234.538262
     996000 -231.067170
     997000 -231.028544
     998000 -232.799802
     999000 -232.093450
    1000000 -232.389169
