       1000 -257.919820
       2000 -260.198041
       3000 -257.199901
       4000 -259.186868
       5000 -256.362180
       6000 -262.152983
       7000 -256.390903
       8000 -258.220663
       9000 -258.406034
      10000 -257.042362
      11000 -258.220255
      12000 -257.077365
      13000 -258.465395
      14000 -256.328453
      15000 -256.884190
      16000 -260.914250
      17000 -256.382564
      18000 -256.976665
      19000 -259.021267
      20000 -259.467009
      21000 -257.263219
      22000 -258.512680
      23000 -261.131850
      24000 -257.314888
      25000 -260.651610
      26000 -256.329828
      27000 -259.245735
      28000 -256.838052
      29000 -257.314472
      30000 -259.200196
      31000 -256.534803
      32000 -258.745889
      33000 -256.468005
      34000 -258.889279
      35000 -256.842323
      36000 -261.173541
      37000 -265.566252
      38000 -256.594461
      39000 -256.925758
      40000 -261.586298
      41000 -257.046829
      42000 -257.757125
      43000 -258.697689
      44000 -256.535366
      45000 -267.517789
      46000 -256.859449
      47000 -258.191660
      48000 -256.974737
      49000 -258.090795
      50000 -257.358808
      51000 -256.449313
      52000 -256.487908
      53000 -258.292097
      54000 -258.092237
      55000 -256.909212
      56000 -259.031145
      57000 -258.215032
      58000 -258.361864
      59000 -262.220665
      60000 -256.298509
      61000 -256.573663
      62000 -256.304702
      63000 -260.371315
      64000 -256.605741
      65000 -259.658459
      66000 -256.385791
      67000 -260.372121
      68000 -256.469330
      69000 -256.424164
      70000 -258.071301
      71000 -258.669571
      72000 -257.480774
      73000 -256.914306
      74000 -256.668875
      75000 -258.885107
      76000 -256.961860
      77000 -256.594029
      78000 -256.296125
      79000 -258.374619
      80000 -256.468664
      81000 -259.528826
      82000 -257.114780
      83000 -258.895160
      84000 -257.474170
      85000 -258.584602
      86000 -258.646328
      87000 -256.531386
      88000 -256.533724
      89000 -256.635420
      90000 -256.536130
      91000 -258.724016
      92000 -256.422097
      93000 -256.602516
      94000 -256.590691
      95000 -262.485435
      96000 -264.370445
      97000 -258.220728
      98000 -264.069395
      99000 -257.130196
     100000 -256.349623
     101000 -256.723328
     102000 -256.977696
     103000 -258.292492
     104000 -259.198123
     105000 -260.301151
     106000 -256.533969
     107000 -256.416955
     108000 -257.220019
     109000 -256.480510
     110000 -259.976108
     111000 -256.475265
     112000 -258.721966
     113000 -256.823134
     114000 -257.230115
     115000 -257.371421
     116000 -256.551037
     117000 -256.825543
     118000 -256.302697
     119000 -261.712148
     120000 -259.420526
     121000 -258.501411
     122000 -257.882939
     123000 -257.240573
     124000 -260.134776
     125000 -257.182422
     126000 -260.040694
     127000 -256.883994
     128000 -261.925135
     129000 -256.518428
     130000 -256.369118
     131000 -256.378112
     132000 -256.590938
     133000 -256.316390
     134000 -257.722824
     135000 -258.571357
     136000 -259.497656
     137000 -257.422391
     138000 -258.242236
     139000 -261.908498
     140000 -263.469646
     141000 -256.761135
     142000 -258.423804
     143000 -258.447543
     144000 -260.369514
     145000 -256.413403
     146000 -257.195326
     147000 -256.469791
     148000 -258.288870
     149000 -256.777678
     150000 -263.920664
     151000 -258.152660
     152000 -256.530271
     153000 -256.773334
     154000 -260.412472
     155000 -261.355990
     156000 -256.401293
     157000 -256.517502
     158000 -258.469388
     159000 -259.096210
     160000 -258.642308
     161000 -258.554408
     162000 -257.471103
     163000 -256.753212
     164000 -256.870443
     165000 -259.591046
     166000 -260.381450
     167000 -256.641034
     168000 -261.969256
     169000 -258.200773
     170000 -256.513180
     171000 -257.688234
     172000 -258.724680
     173000 -257.926397
     174000 -256.522924
     175000 -256.470034
     176000 -258.063760
     177000 -260.393007
     178000 -256.632087
     179000 -257.217632
     180000 -260.498020
     181000 -256.759142
     182000 -256.603149
     183000 -262.619276
     184000 -258.233917
     185000 -257.130722
     186000 -257.916534
     187000 -256.914869
     188000 -257.298985
     189000 -257.218594
     190000 -264.153058
     191000 -260.698532
     192000 -256.502298
     193000 -256.924738
     194000 -256.334192
     195000 -256.928449
     196000 -262.092065
     197000 -256.795106
     198000 -257.495362
     199000 -257.076752
     200000 -258.121456
     201000 -258.462062
     202000 -259.321291
     203000 -256.517355
     204000 -256.752244
     205000 -258.566132
     206000 -256.715267
     207000 -258.015116
     208000 -256.338460
     209000 -256.577406
     210000 -256.899923
     211000 -258.075229
     212000 -259.179131
     213000 -257.403759
     214000 -259.863610
     215000 -260.114967
     216000 -266.175717
     217000 -260.170662
     218000 -256.329854
     219000 -260.664731
     220000 -262.540766
     221000 -257.333416
     222000 -257.147642
     223000 -256.306596
     224000 -257.134814
     225000 -259.578034
     226000 -258.321486
     227000 -256.960066
     228000 -259.711649
     229000 -259.501409
     230000 -260.523047
     231000 -257.315013
     232000 -256.690289
     233000 -265.884038
     234000 -256.748719
     235000 -258.693418
     236000 -257.422455
     237000 -260.323713
     238000 -257.633553
     239000 -260.167652
     240000 -256.781527
     241000 -258.240953
     242000 -256.521174
     243000 -259.126574
     244000 -261.931188
     245000 -256.528446
     246000 -258.336838
     247000 -262.881543
     248000 -257.327095
     249000 -256.992258
     250000 -260.614944
     251000 -260.275121
     252000 -256.467195
     253000 -260.516461
     254000 -260.088477
     255000 -257.784324
     256000 -257.109412
     257000 -260.279058
     258000 -258.551318
     259000 -260.169694
     260000 -256.588102
     261000 -256.336955
     262000 -260.792847
     263000 -259.445333
     264000 -256.493765
     265000 -263.714598
     266000 -258.540100
     267000 -257.823402
     268000 -258.864353
     269000 -257.157474
     270000 -259.283858
     271000 -256.373331
     272000 -256.436210
     273000 -258.024200
     274000 -256.416614
     275000 -256.673874
     276000 -257.500016
     277000 -259.340377
     278000 -260.880269
     279000 -256.504753
     280000 -257.376050
     281000 -261.435635
     282000 -256.532001
     283000 -257.653127
     284000 -258.187141
     285000 -256.607295
     286000 -266.573279
     287000 -256.427404
     288000 -261.882791
     289000 -257.420613
     290000 -260.913712
     291000 -257.762727
     292000 -256.809822
     293000 -258.347905
     294000 -261.802935
     295000 -258.352816
     296000 -256.624948
     297000 -256.485068
     298000 -258.476505
     299000 -261.696453
     300000 -257.547562
     301000 -257.338615
     302000 -260.129191
     303000 -256.924933
     304000 -257.271221
     305000 -256.825927
     306000 -257.357959
     307000 -260.162700
     308000 -256.305236
     309000 -256.830284
     310000 -256.655086
     311000 -260.416221
     312000 -257.401211
     313000 -256.306360
     314000 -256.496129
     315000 -256.320911
     316000 -257.008066
     317000 -256.346274
     318000 -257.036639
     319000 -257.396567
     320000 -260.091851
     321000 -257.799158
     322000 -261.116654
     323000 -256.764017
     324000 -259.894811
     325000 -256.422334
     326000 -256.920185
     327000 -257.025809
     328000 -256.899419
     329000 -257.277381
     330000 -262.006497
     331000 -257.082748
     332000 -256.449745
     333000 -256.841818
     334000 -261.659243
     335000 -258.250324
     336000 -260.376020
     337000 -256.514639
     338000 -258.252630
     339000 -260.229809
     340000 -258.056297
     341000 -256.349540
     342000 -259.556981
     343000 -265.291450
     344000 -260.549969
     345000 -256.840147
     346000 -259.512257
     347000 -258.223495
     348000 -259.070773
     349000 -260.418383
     350000 -260.155300
     351000 -257.931762
     352000 -260.304851
     353000 -262.147652
     354000 -262.576127
     355000 -256.296877
     356000 -258.486947
     357000 -256.847563
     358000 -259.563281
     359000 -256.766678
     360000 -257.672981
     361000 -258.062461
     362000 -259.509278
     363000 -256.394774
     364000 -257.597178
     365000 -260.401651
     366000 -256.550185
     367000 -258.520186
     368000 -258.298623
     369000 -260.658975
     370000 -256.380426
     371000 -262.857041
     372000 -258.229511
     373000 -256.425511
     374000 -258.231112
     375000 -256.647180
     376000 -256.486413
     377000 -263.198156
     378000 -258.000110
     379000 -257.208991
     380000 -256.577862
     381000 -256.810726
     382000 -256.983582
     383000 -257.646492
     384000 -260.203607
     385000 -256.448291
     386000 -257.742913
     387000 -256.544985
     388000 -256.555232
     389000 -261.247385
     390000 -256.482973
     391000 -257.561154
     392000 -256.465096
     393000 -260.330363
     394000 -260.392750
     395000 -260.485624
     396000 -256.634478
     397000 -256.315643
     398000 -256.478878
     399000 -256.414267
     400000 -260.659025
     401000 -256.398768
     402000 -258.142587
     403000 -262.120954
     404000 -262.001787
     405000 -259.010440
     406000 -256.599867
     407000 -260.218758
     408000 -261.211722
     409000 -258.716692
     410000 -260.321830
     411000 -258.901625
     412000 -258.708543
     413000 -261.759671
     414000 -260.273310
     415000 -258.242008
     416000 -257.264472
     417000 -260.153644
     418000 -256.501712
     419000 -256.381044
     420000 -258.378822
     421000 -257.555618
     422000 -258.442972
     423000 -257.057312
     424000 -256.939115
     425000 -257.715704
     426000 -257.534954
     427000 -256.542337
     428000 -256.452792
     429000 -262.884353
     430000 -256.301035
     431000 -261.560104
     432000 -257.055570
     433000 -258.726030
     434000 -259.735745
     435000 -256.438542
     436000 -257.265154
     437000 -256.598676
     438000 -257.105411
     439000 -256.365771
     440000 -256.782342
     441000 -261.470789
     442000 -256.436663
     443000 -256.987705
     444000 -259.123383
     445000 -258.665435
     446000 -259.247539
     447000 -257.412764
     448000 -262.164685
     449000 -262.102528
     450000 -260.988031
     451000 -260.520418
     452000 -257.478796
     453000 -256.381058
     454000 -257.128310
     455000 -258.665389
     456000 -256.490368
     457000 -257.567363
     458000 -256.374507
     459000 -259.004995
     460000 -256.510241
     461000 -256.545145
     462000 -258.682382
     463000 -256.798210
     464000 -257.285257
     465000 -257.531518
     466000 -256.506772
     467000 -257.657860
     468000 -258.799269
     469000 -256.704506
     470000 -256.901325
     471000 -256.537865
     472000 -260.243206
     473000 -257.123140
     474000 -257.315936
     475000 -257.831533
     476000 -257.558107
     477000 -256.680300
     478000 -256.698017
     479000 -260.465719
     480000 -261.185740
     481000 -256.353914
     482000 -256.669317
     483000 -257.546409
     484000 -260.723322
     485000 -259.930295
     486000 -259.325729
     487000 -256.536735
     488000 -264.553283
     489000 -257.271559
     490000 -260.521581
     491000 -260.369258
     492000 -260.189288
     493000 -256.623932
     494000 -256.455889
     495000 -256.850140
     496000 -258.609268
     497000 -259.440024
     498000 -259.917903
     499000 -256.628789
     500000 -258.539319
     501000 -257.063439
     502000 -256.703439
     503000 -257.962174
     504000 -260.251234
     505000 -257.193276
     506000 -256.513534
     507000 -257.353500
     508000 -256.370611
     509000 -260.696413
     510000 -260.600997
     511000 -256.315516
     512000 -258.118452
     513000 -261.770176
     514000 -256.807467
     515000 -262.575429
     516000 -256.502059
     517000 -260.211087
     518000 -260.168474
     519000 -262.139993
     520000 -257.233451
     521000 -258.243986
     522000 -257.815354
     523000 -260.037490
     524000 -261.927289
     525000 -259.758283
     526000 -259.750515
     527000 -260.260725
     528000 -257.584164
     529000 -258.305534
     530000 -256.468702
     531000 -256.307473
     532000 -259.080308
     533000 -260.534934
     534000 -256.576652
     535000 -262.550964
     536000 -257.297611
     537000 -257.567383
     538000 -256.692571
     539000 -262.470866
     540000 -257.927693
     541000 -257.209498
     542000 -259.902685
     543000 -258.879482
     544000 -257.457251
     545000 -274.953597
     546000 -256.652239
     547000 -257.043720
     548000 -261.176895
     549000 -257.180793
     550000 -257.676582
     551000 -257.096018
     552000 -256.810978
     553000 -260.996284
     554000 -257.681682
     555000 -263.536135
     556000 -258.902109
     557000 -259.084859
     558000 -260.657515
     559000 -256.458157
     560000 -256.356128
     561000 -258.623564
     562000 -256.923296
     563000 -256.579950
     564000 -261.388358
     565000 -256.422621
     566000 -257.349829
     567000 -257.845963
     568000 -256.947930
     569000 -256.733687
     570000 -256.627075
     571000 -256.906587
     572000 -257.921187
     573000 -258.885254
     574000 -257.573475
     575000 -262.823150
     576000 -257.702181
     577000 -257.020306
     578000 -262.156354
     579000 -256.464446
     580000 -257.227321
     581000 -257.142539
     582000 -256.463974
     583000 -256.397913
     584000 -258.049511
     585000 -256.539201
     586000 -257.005964
     587000 -258.241262
     588000 -260.370225
     589000 -256.453076
     590000 -258.648726
     591000 -256.745419
     592000 -256.537050
     593000 -257.345265
     594000 -256.772402
     595000 -257.074077
     596000 -256.854226
     597000 -256.545756
     598000 -256.447557
     599000 -256.319474
     600000 -256.832618
     601000 -256.470887
     602000 -256.296090
     603000 -258.414468
     604000 -260.325681
     605000 -260.399736
     606000 -259.417329
     607000 -257.379377
     608000 -256.484997
     609000 -257.883578
     610000 -256.310380
     611000 -256.757294
     612000 -257.600668
     613000 -260.224108
     614000 -258.151040
     615000 -257.246835
     616000 -267.348742
     617000 -257.727703
     618000 -256.307947
     619000 -257.067030
     620000 -257.166810
     621000 -259.441997
     622000 -256.564610
     623000 -257.412419
     624000 -256.527454
     625000 -256.827169
     626000 -256.407384
     627000 -261.546108
     628000 -256.732421
     629000 -257.300722
     630000 -262.030211
     631000 -263.513622
     632000 -259.420023
     633000 -256.970749
     634000 -259.084578
     635000 -259.350234
     636000 -259.188247
     637000 -258.362581
     638000 -256.950551
     639000 -260.286779
     640000 -258.580521
     641000 -260.077757
     642000 -256.364127
     643000 -259.291165
     644000 -256.381307
     645000 -257.594314
     646000 -256.342464
     647000 -256.617895
     648000 -256.920543
     649000 -258.502889
     650000 -256.502702
     651000 -257.527406
     652000 -257.526046
     653000 -256.619003
     654000 -256.674536
     655000 -257.149821
     656000 -256.626714
     657000 -270.459139
     658000 -257.027961
     659000 -257.334651
     660000 -263.982977
     661000 -256.792777
     662000 -256.383095
     663000 -256.686194
     664000 -256.470057
     665000 -257.286290
     666000 -261.739061
     667000 -256.855682
     668000 -256.487243
     669000 -257.088252
     670000 -256.873207
     671000 -256.942749
     672000 -257.361267
     673000 -260.022294
     674000 -257.753637
     675000 -256.770786
     676000 -256.646115
     677000 -256.978292
     678000 -256.416607
     679000 -257.284643
     680000 -259.431240
     681000 -258.272155
     682000 -256.893274
     683000 -257.896439
     684000 -257.158091
     685000 -258.057781
     686000 -258.315601
     687000 -256.925171
     688000 -259.969456
     689000 -258.041097
     690000 -256.662322
     691000 -258.286115
     692000 -256.452533
     693000 -262.351253
     694000 -256.540210
     695000 -257.617593
     696000 -256.577033
     697000 -256.412541
     698000 -256.476290
     699000 -257.759472
     700000 -256.562819
     701000 -256.349591
     702000 -260.285330
     703000 -257.694610
     704000 -256.991147
     705000 -256.970895
     706000 -258.630895
     707000 -258.162438
     708000 -256.379362
     709000 -256.412360
     710000 -261.091363
     711000 -256.339355
     712000 -257.568271
     713000 -256.300250
     714000 -256.318259
     715000 -260.555371
     716000 -258.384635
     717000 -258.440906
     718000 -264.481525
     719000 -256.932423
     720000 -256.751317
     721000 -258.710114
     722000 -257.151794
     723000 -256.875357
     724000 -256.300655
     725000 -256.595370
     726000 -256.689446
     727000 -257.450644
     728000 -256.428626
     729000 -256.520773
     730000 -256.766470
     731000 -259.681835
     732000 -256.859380
     733000 -257.228113
     734000 -258.833203
     735000 -258.036387
     736000 -257.058968
     737000 -259.548642
     738000 -256.460389
     739000 -256.439285
     740000 -257.508985
     741000 -257.849034
     742000 -258.528365
     743000 -256.909744
     744000 -256.350534
     745000 -258.186776
     746000 -257.147148
     747000 -260.969355
     748000 -256.299854
     749000 -256.591861
     750000 -259.513095
     751000 -261.071526
     752000 -257.669991
     753000 -257.618525
     754000 -257.003882
     755000 -260.178597
     756000 -261.049424
     757000 -259.535011
     758000 -264.036983
     759000 -257.246553
     760000 -256.917070
     761000 -256.749319
     762000 -256.608279
     763000 -257.004755
     764000 -257.539373
     765000 -258.970760
     766000 -260.161600
     767000 -257.262365
     768000 -256.730050
     769000 -261.225901
     770000 -257.442283
     771000 -260.773467
     772000 -257.562785
     773000 -258.260039
     774000 -256.528735
     775000 -259.941786
     776000 -257.033028
     777000 -259.699974
     778000 -261.726935
     779000 -256.763874
     780000 -256.455424
     781000 -256.423074
     782000 -257.254360
     783000 -256.365312
     784000 -260.243930
     785000 -258.451872
     786000 -257.151611
     787000 -256.300091
     788000 -259.677344
     789000 -256.493058
     790000 -257.534627
     791000 -256.799624
     792000 -257.365551
     793000 -259.353525
     794000 -258.926923
     795000 -257.212686
     796000 -259.923587
     797000 -263.399764
     798000 -257.071715
     799000 -257.292481
     800000 -262.912997
     801000 -256.367086
     802000 -266.384489
     803000 -257.145165
     804000 -257.166644
     805000 -256.922574
     806000 -256.823992
     807000 -262.884237
     808000 -256.506514
     809000 -256.567794
     810000 -256.430086
     811000 -258.564820
     812000 -258.959984
     813000 -258.211654
     814000 -260.158507
     815000 -258.370626
     816000 -256.670939
     817000 -256.530372
     818000 -258.031573
     819000 -257.256008
     820000 -257.624215
     821000 -258.685388
     822000 -263.701743
     823000 -257.716919
     824000 -260.495498
     825000 -258.705454
     826000 -260.575950
     827000 -256.615972
     828000 -257.686350
     829000 -256.756814
     830000 -256.349922
     831000 -261.579994
     832000 -257.268239
     833000 -260.006434
     834000 -256.303504
     835000 -256.996285
     836000 -256.423411
     837000 -256.967771
     838000 -261.175061
     839000 -257.280632
     840000 -257.544323
     841000 -258.553584
     842000 -259.702634
     843000 -259.068231
     844000 -257.155111
     845000 -258.581679
     846000 -257.042326
     847000 -256.508254
     848000 -258.549296
     849000 -256.936841
     850000 -258.464013
     851000 -260.450754
     852000 -257.322757
     853000 -257.746373
     854000 -264.228187
     855000 -261.752067
     856000 -260.457883
     857000 -262.154947
     858000 -257.240151
     859000 -256.517434
     860000 -257.615538
     861000 -257.443975
     862000 -257.326222
     863000 -260.686772
     864000 -263.807672
     865000 -257.432784
     866000 -256.314947
     867000 -258.291440
     868000 -260.653783
     869000 -257.079136
     870000 -257.394067
     871000 -256.634645
     872000 -259.256931
     873000 -256.556276
     874000 -256.556190
     875000 -257.622198
     876000 -256.580721
     877000 -256.321134
     878000 -256.717228
     879000 -256.734450
     880000 -258.754928
     881000 -256.511955
     882000 -260.602149
     883000 -262.558974
     884000 -256.709689
     885000 -257.723800
     886000 -256.412912
     887000 -257.182715
     888000 -262.864574
     889000 -275.171392
     890000 -258.576667
     891000 -257.339690
     892000 -256.807773
     893000 -256.525444
     894000 -258.492180
     895000 -260.634014
     896000 -257.076119
     897000 -256.384606
     898000 -265.051993
     899000 -256.527012
     900000 -258.317976
     901000 -259.526508
     902000 -258.452579
     903000 -257.619875
     904000 -257.187698
     905000 -256.406009
     906000 -258.599329
     907000 -256.485342
     908000 -259.535385
     909000 -256.420926
     910000 -256.453834
     911000 -257.803491
     912000 -256.388887
     913000 -259.166138
     914000 -265.313445
     915000 -260.433095
     916000 -262.433190
     917000 -260.254120
     918000 -256.747238
     919000 -257.249241
     920000 -256.376564
     921000 -257.871307
     922000 -261.330187
     923000 -256.959298
     924000 -256.792278
     925000 -258.194314
     926000 -257.150584
     927000 -259.302854
     928000 -262.074692
     929000 -256.760740
     930000 -256.690765
     931000 -256.773472
     932000 -258.635305
     933000 -260.462441
     934000 -260.890304
     935000 -257.624204
     936000 -261.809941
     937000 -256.411916
     938000 -256.555898
     939000 -257.048625
     940000 -263.762535
     941000 -256.586093
     942000 -260.055786
     943000 -256.354131
     944000 -262.227517
     945000 -261.247791
     946000 -257.918011
     947000 -260.361983
     948000 -260.461455
     949000 -256.601863
     950000 -256.480989
     951000 -263.985707
     952000 -257.001166
     953000 -262.328574
     954000 -256.728898
     955000 -256.423178
     956000 -261.100539
     957000 -260.234426
     958000 -259.907266
     959000 -256.553629
     960000 -263.114286
     961000 -258.519848
     962000 -256.592989
     963000 -258.584410
     964000 -256.909537
     965000 -259.444788
     966000 -261.998423
     967000 -257.428189
     968000 -259.918079
     969000 -256.328047
     970000 -259.455360
     971000 -262.034154
     972000 -257.976055
     973000 -258.506847
     974000 -257.132033
     975000 -257.316916
     976000 -256.433750
     977000 -256.671786
     978000 -259.087018
     979000 -261.329759
     980000 -262.520484
     981000 -256.415711
     982000 -258.521094
     983000 -258.590507
     984000 -257.584749
     985000 -258.503644
     986000 -259.863982
     987000 -256.515049
     988000 -256.534751
     989000 -263.706607
     990000 -258.284167
     991000 -256.650919
     992000 -257.929974
     993000 -257.171159
     994000 -262.309801
     995000 -256.574956
     996000 -257.124597
     997000 -256.910651
     998000 -259.778373
     999000 -262.142638
    1000000 -259.289037
