    genPlus1     spaQ
        1000  0.281909
        2000  0.265006
        3000  0.262473
        4000  0.375065
        5000  0.285034
        6000  0.316313
        7000  0.260454
        8000  0.301905
        9000  0.315912
       10000  0.226426
       11000  0.276393
       12000  0.274439
       13000  0.251261
       14000  0.199163
       15000  0.278423
       16000  0.277540
       17000  0.220486
       18000  0.229807
       19000  0.316548
       20000  0.239334
       21000  0.368844
       22000  0.283035
       23000  0.362697
       24000  0.248970
       25000  0.364836
       26000  0.301267
       27000  0.265290
       28000  0.202031
       29000  0.247269
       30000  0.314660
       31000  0.257932
       32000  0.245823
       33000  0.186256
       34000  0.277829
       35000  0.228094
       36000  0.284026
       37000  0.246329
       38000  0.240927
       39000  0.304969
       40000  0.281027
       41000  0.325415
       42000  0.266318
       43000  0.254212
       44000  0.314178
       45000  0.307547
       46000  0.230142
       47000  0.220036
       48000  0.298908
       49000  0.290723
       50000  0.263087
       51000  0.308034
       52000  0.232469
       53000  0.229443
       54000  0.255757
       55000  0.254062
       56000  0.272456
       57000  0.229598
       58000  0.228968
       59000  0.271074
       60000  0.219326
       61000  0.219288
       62000  0.256919
       63000  0.292634
       64000  0.294172
       65000  0.304156
       66000  0.228649
       67000  0.237000
       68000  0.220837
       69000  0.244142
       70000  0.258196
       71000  0.250965
       72000  0.332303
       73000  0.286552
       74000  0.243751
       75000  0.294087
       76000  0.214017
       77000  0.273787
       78000  0.269986
       79000  0.216044
       80000  0.198388
       81000  0.221428
       82000  0.200219
       83000  0.231355
       84000  0.244625
       85000  0.213390
       86000  0.259734
       87000  0.248360
       88000  0.268371
       89000  0.260997
       90000  0.273659
       91000  0.231315
       92000  0.309360
       93000  0.218982
       94000  0.305126
       95000  0.233648
       96000  0.240025
       97000  0.203671
       98000  0.281493
       99000  0.294562
      100000  0.337544
      101000  0.298195
      102000  0.274624
      103000  0.263334
      104000  0.253729
      105000  0.244211
      106000  0.227571
      107000  0.234900
      108000  0.248323
      109000  0.315983
      110000  0.245106
      111000  0.252774
      112000  0.229283
      113000  0.316856
      114000  0.260311
      115000  0.331651
      116000  0.279338
      117000  0.230956
      118000  0.219116
      119000  0.309626
      120000  0.298657
      121000  0.236620
      122000  0.254633
      123000  0.232438
      124000  0.229959
      125000  0.314203
      126000  0.251849
      127000  0.243316
      128000  0.220174
      129000  0.304321
      130000  0.245389
      131000  0.319884
      132000  0.229253
      133000  0.242767
      134000  0.221775
      135000  0.262899
      136000  0.269994
      137000  0.285477
      138000  0.254177
      139000  0.217036
      140000  0.256246
      141000  0.284788
      142000  0.247383
      143000  0.220784
      144000  0.257296
      145000  0.301171
      146000  0.293916
      147000  0.262403
      148000  0.302493
      149000  0.246743
      150000  0.209888
      151000  0.300925
      152000  0.266385
      153000  0.236172
      154000  0.276666
      155000  0.302245
      156000  0.276453
      157000  0.218262
      158000  0.249778
      159000  0.202202
      160000  0.268558
      161000  0.266426
      162000  0.234721
      163000  0.244823
      164000  0.290433
      165000  0.326971
      166000  0.329137
      167000  0.253303
      168000  0.174110
      169000  0.249115
      170000  0.227735
      171000  0.266515
      172000  0.299071
      173000  0.241402
      174000  0.301667
      175000  0.244729
      176000  0.253891
      177000  0.333783
      178000  0.206663
      179000  0.215128
      180000  0.252927
      181000  0.245832
      182000  0.220535
      183000  0.254214
      184000  0.312917
      185000  0.309257
      186000  0.295052
      187000  0.315522
      188000  0.262854
      189000  0.312885
      190000  0.268925
      191000  0.251460
      192000  0.210755
      193000  0.260017
      194000  0.285326
      195000  0.260575
      196000  0.331082
      197000  0.279294
      198000  0.252274
      199000  0.273091
      200000  0.342328
      201000  0.281284
      202000  0.383815
      203000  0.208323
      204000  0.312405
      205000  0.258939
      206000  0.283838
      207000  0.236259
      208000  0.247939
      209000  0.224332
      210000  0.314422
      211000  0.252625
      212000  0.278039
      213000  0.373230
      214000  0.347281
      215000  0.249155
      216000  0.286644
      217000  0.240731
      218000  0.250081
      219000  0.257652
      220000  0.221476
      221000  0.344299
      222000  0.235708
      223000  0.286843
      224000  0.244883
      225000  0.216583
      226000  0.278854
      227000  0.339399
      228000  0.250553
      229000  0.200005
      230000  0.252971
      231000  0.294228
      232000  0.207973
      233000  0.232236
      234000  0.237259
      235000  0.246644
      236000  0.225186
      237000  0.322749
      238000  0.250649
      239000  0.180786
      240000  0.215496
      241000  0.232455
      242000  0.247008
      243000  0.290144
      244000  0.309316
      245000  0.201847
      246000  0.300627
      247000  0.221456
      248000  0.332398
      249000  0.246879
      250000  0.237876
      251000  0.321194
      252000  0.320078
      253000  0.240954
      254000  0.332130
      255000  0.287604
      256000  0.192408
      257000  0.238239
      258000  0.291187
      259000  0.186956
      260000  0.187191
      261000  0.253537
      262000  0.235687
      263000  0.327262
      264000  0.192455
      265000  0.290315
      266000  0.253642
      267000  0.165104
      268000  0.271349
      269000  0.312501
      270000  0.237745
      271000  0.264023
      272000  0.237628
      273000  0.304883
      274000  0.289064
      275000  0.275822
      276000  0.251483
      277000  0.309571
      278000  0.233761
      279000  0.302126
      280000  0.221714
      281000  0.286447
      282000  0.222027
      283000  0.288022
      284000  0.256693
      285000  0.212116
      286000  0.268340
      287000  0.292611
      288000  0.329989
      289000  0.263784
      290000  0.222281
      291000  0.222711
      292000  0.253505
      293000  0.261416
      294000  0.320040
      295000  0.275988
      296000  0.226173
      297000  0.271099
      298000  0.273573
      299000  0.220297
      300000  0.298594
      301000  0.252277
      302000  0.231499
      303000  0.254593
      304000  0.186885
      305000  0.263197
      306000  0.272671
      307000  0.303763
      308000  0.237476
      309000  0.275990
      310000  0.234359
      311000  0.270685
      312000  0.320896
      313000  0.241282
      314000  0.295664
      315000  0.349729
      316000  0.332469
      317000  0.291962
      318000  0.229485
      319000  0.250148
      320000  0.214064
      321000  0.200826
      322000  0.247100
      323000  0.312283
      324000  0.308211
      325000  0.218807
      326000  0.286175
      327000  0.321788
      328000  0.309597
      329000  0.290691
      330000  0.280726
      331000  0.300725
      332000  0.258620
      333000  0.273409
      334000  0.226056
      335000  0.312368
      336000  0.299865
      337000  0.266523
      338000  0.245768
      339000  0.335655
      340000  0.276303
      341000  0.256809
      342000  0.219891
      343000  0.194186
      344000  0.261528
      345000  0.226459
      346000  0.283974
      347000  0.215600
      348000  0.312719
      349000  0.219118
      350000  0.279946
      351000  0.174985
      352000  0.211996
      353000  0.246540
      354000  0.274240
      355000  0.246428
      356000  0.287516
      357000  0.237610
      358000  0.289233
      359000  0.185577
      360000  0.325074
      361000  0.249017
      362000  0.323969
      363000  0.281984
      364000  0.285805
      365000  0.230968
      366000  0.247738
      367000  0.204244
      368000  0.240096
      369000  0.269713
      370000  0.227682
      371000  0.264280
      372000  0.214328
      373000  0.273631
      374000  0.275172
      375000  0.289206
      376000  0.227848
      377000  0.244401
      378000  0.282910
      379000  0.283412
      380000  0.238500
      381000  0.204032
      382000  0.311975
      383000  0.303022
      384000  0.238606
      385000  0.234029
      386000  0.299087
      387000  0.199925
      388000  0.296727
      389000  0.245679
      390000  0.250418
      391000  0.281866
      392000  0.264346
      393000  0.338979
      394000  0.277805
      395000  0.308974
      396000  0.249259
      397000  0.223837
      398000  0.248762
      399000  0.228244
      400000  0.270773
      401000  0.261990
      402000  0.246622
      403000  0.237337
      404000  0.197292
      405000  0.289299
      406000  0.291146
      407000  0.354576
      408000  0.247226
      409000  0.281928
      410000  0.269129
      411000  0.300329
      412000  0.239015
      413000  0.266434
      414000  0.230676
      415000  0.252546
      416000  0.289585
      417000  0.242614
      418000  0.191916
      419000  0.282018
      420000  0.286726
      421000  0.247616
      422000  0.293258
      423000  0.249377
      424000  0.253012
      425000  0.249006
      426000  0.212461
      427000  0.252041
      428000  0.255282
      429000  0.257454
      430000  0.185025
      431000  0.294792
      432000  0.274931
      433000  0.268684
      434000  0.256557
      435000  0.281639
      436000  0.295880
      437000  0.242749
      438000  0.252720
      439000  0.273319
      440000  0.283572
      441000  0.290349
      442000  0.264035
      443000  0.319667
      444000  0.293526
      445000  0.249381
      446000  0.229264
      447000  0.260522
      448000  0.250517
      449000  0.319173
      450000  0.273015
      451000  0.268720
      452000  0.264215
      453000  0.223762
      454000  0.278874
      455000  0.288339
      456000  0.297136
      457000  0.275778
      458000  0.212667
      459000  0.296589
      460000  0.289289
      461000  0.279462
      462000  0.198454
      463000  0.246246
      464000  0.230003
      465000  0.281223
      466000  0.233621
      467000  0.262107
      468000  0.258412
      469000  0.231863
      470000  0.284017
      471000  0.248584
      472000  0.305697
      473000  0.267242
      474000  0.290482
      475000  0.264332
      476000  0.244253
      477000  0.237801
      478000  0.284040
      479000  0.242123
      480000  0.247714
      481000  0.209120
      482000  0.310525
      483000  0.219708
      484000  0.242743
      485000  0.258705
      486000  0.273214
      487000  0.271666
      488000  0.241943
      489000  0.276448
      490000  0.222109
      491000  0.303698
      492000  0.286675
      493000  0.280362
      494000  0.262535
      495000  0.253717
      496000  0.279426
      497000  0.252115
      498000  0.266225
      499000  0.244257
      500000  0.299128
      501000  0.251603
      502000  0.250328
      503000  0.215180
      504000  0.289654
      505000  0.333988
      506000  0.297687
      507000  0.296879
      508000  0.329002
      509000  0.356954
      510000  0.292635
      511000  0.228924
      512000  0.231350
      513000  0.237216
      514000  0.246980
      515000  0.292351
      516000  0.239024
      517000  0.254202
      518000  0.306519
      519000  0.271849
      520000  0.291468
      521000  0.254218
      522000  0.275066
      523000  0.270162
      524000  0.333380
      525000  0.204206
      526000  0.224859
      527000  0.258050
      528000  0.195101
      529000  0.187275
      530000  0.198550
      531000  0.301975
      532000  0.259604
      533000  0.319265
      534000  0.342691
      535000  0.324171
      536000  0.287961
      537000  0.248641
      538000  0.308273
      539000  0.275442
      540000  0.297096
      541000  0.279987
      542000  0.261124
      543000  0.203965
      544000  0.259919
      545000  0.243794
      546000  0.254951
      547000  0.196162
      548000  0.205187
      549000  0.249946
      550000  0.248179
      551000  0.283077
      552000  0.358626
      553000  0.228364
      554000  0.213471
      555000  0.233462
      556000  0.238756
      557000  0.362938
      558000  0.233869
      559000  0.234327
      560000  0.286149
      561000  0.247925
      562000  0.279101
      563000  0.247142
      564000  0.308184
      565000  0.232316
      566000  0.238422
      567000  0.210803
      568000  0.205637
      569000  0.226342
      570000  0.232419
      571000  0.287307
      572000  0.216416
      573000  0.284797
      574000  0.244641
      575000  0.335810
      576000  0.294115
      577000  0.287218
      578000  0.318942
      579000  0.219412
      580000  0.224398
      581000  0.211341
      582000  0.347370
      583000  0.293880
      584000  0.295647
      585000  0.294712
      586000  0.279846
      587000  0.255789
      588000  0.222613
      589000  0.270715
      590000  0.271120
      591000  0.297966
      592000  0.259083
      593000  0.269095
      594000  0.319508
      595000  0.326604
      596000  0.287619
      597000  0.221165
      598000  0.313866
      599000  0.253673
      600000  0.303325
      601000  0.238552
      602000  0.221621
      603000  0.254926
      604000  0.207378
      605000  0.262736
      606000  0.324462
      607000  0.262571
      608000  0.217411
      609000  0.238450
      610000  0.320423
      611000  0.229103
      612000  0.310279
      613000  0.272777
      614000  0.264449
      615000  0.249785
      616000  0.255106
      617000  0.346909
      618000  0.281446
      619000  0.256786
      620000  0.255893
      621000  0.258012
      622000  0.233791
      623000  0.214585
      624000  0.284157
      625000  0.196360
      626000  0.264532
      627000  0.289230
      628000  0.230242
      629000  0.315555
      630000  0.250120
      631000  0.289449
      632000  0.258698
      633000  0.258261
      634000  0.223127
      635000  0.220764
      636000  0.291776
      637000  0.236698
      638000  0.260954
      639000  0.280920
      640000  0.162831
      641000  0.263494
      642000  0.352130
      643000  0.250710
      644000  0.275621
      645000  0.208800
      646000  0.287379
      647000  0.263778
      648000  0.343279
      649000  0.257338
      650000  0.270668
      651000  0.273871
      652000  0.228803
      653000  0.255486
      654000  0.274502
      655000  0.218864
      656000  0.232655
      657000  0.262273
      658000  0.280520
      659000  0.269351
      660000  0.283674
      661000  0.309991
      662000  0.267086
      663000  0.219143
      664000  0.199596
      665000  0.283532
      666000  0.291010
      667000  0.345284
      668000  0.220813
      669000  0.209262
      670000  0.235261
      671000  0.281536
      672000  0.274375
      673000  0.286509
      674000  0.290069
      675000  0.319827
      676000  0.267106
      677000  0.249490
      678000  0.285109
      679000  0.249533
      680000  0.248398
      681000  0.329873
      682000  0.292618
      683000  0.214309
      684000  0.293061
      685000  0.319251
      686000  0.262345
      687000  0.256431
      688000  0.271691
      689000  0.287704
      690000  0.209832
      691000  0.293685
      692000  0.251734
      693000  0.287014
      694000  0.257200
      695000  0.257847
      696000  0.282755
      697000  0.210065
      698000  0.277471
      699000  0.302813
      700000  0.267607
      701000  0.253110
      702000  0.271218
      703000  0.205960
      704000  0.282311
      705000  0.260307
      706000  0.257795
      707000  0.243155
      708000  0.216499
      709000  0.290660
      710000  0.294151
      711000  0.272562
      712000  0.255420
      713000  0.215136
      714000  0.193392
      715000  0.317969
      716000  0.282640
      717000  0.342788
      718000  0.242619
      719000  0.270241
      720000  0.296427
      721000  0.285054
      722000  0.275545
      723000  0.291895
      724000  0.282354
      725000  0.245074
      726000  0.178590
      727000  0.244790
      728000  0.303289
      729000  0.279847
      730000  0.272405
      731000  0.245942
      732000  0.273591
      733000  0.259615
      734000  0.269120
      735000  0.264493
      736000  0.238015
      737000  0.241458
      738000  0.269962
      739000  0.322363
      740000  0.205111
      741000  0.275855
      742000  0.388409
      743000  0.292753
      744000  0.303433
      745000  0.206687
      746000  0.206334
      747000  0.349486
      748000  0.236347
      749000  0.314154
      750000  0.240548
      751000  0.214461
      752000  0.222860
      753000  0.269058
      754000  0.250606
      755000  0.238992
      756000  0.246815
      757000  0.301983
      758000  0.300364
      759000  0.300299
      760000  0.269052
      761000  0.216461
      762000  0.327369
      763000  0.265420
      764000  0.255613
      765000  0.256029
      766000  0.252924
      767000  0.248799
      768000  0.267171
      769000  0.310151
      770000  0.256893
      771000  0.272894
      772000  0.276761
      773000  0.281370
      774000  0.287410
      775000  0.267221
      776000  0.285367
      777000  0.281562
      778000  0.258235
      779000  0.250362
      780000  0.268849
      781000  0.376111
      782000  0.187911
      783000  0.224830
      784000  0.281016
      785000  0.207556
      786000  0.228012
      787000  0.198394
      788000  0.261931
      789000  0.260992
      790000  0.241375
      791000  0.307678
      792000  0.260397
      793000  0.255253
      794000  0.261008
      795000  0.241199
      796000  0.270682
      797000  0.233135
      798000  0.284343
      799000  0.255547
      800000  0.280735
      801000  0.259308
      802000  0.257148
      803000  0.251972
      804000  0.266025
      805000  0.241305
      806000  0.239769
      807000  0.282680
      808000  0.168689
      809000  0.298859
      810000  0.230519
      811000  0.237126
      812000  0.252543
      813000  0.281292
      814000  0.277502
      815000  0.310257
      816000  0.247979
      817000  0.271034
      818000  0.228708
      819000  0.291955
      820000  0.327566
      821000  0.225412
      822000  0.248262
      823000  0.285088
      824000  0.304527
      825000  0.277683
      826000  0.241511
      827000  0.348317
      828000  0.296669
      829000  0.308292
      830000  0.291491
      831000  0.240579
      832000  0.291624
      833000  0.255560
      834000  0.292762
      835000  0.280558
      836000  0.228902
      837000  0.239532
      838000  0.223284
      839000  0.348930
      840000  0.269817
      841000  0.232264
      842000  0.237626
      843000  0.279368
      844000  0.259940
      845000  0.276501
      846000  0.235498
      847000  0.319372
      848000  0.292017
      849000  0.212958
      850000  0.282298
      851000  0.305295
      852000  0.241770
      853000  0.256186
      854000  0.244310
      855000  0.365616
      856000  0.231517
      857000  0.311006
      858000  0.345150
      859000  0.261138
      860000  0.275642
      861000  0.217219
      862000  0.232638
      863000  0.301293
      864000  0.269211
      865000  0.222566
      866000  0.248940
      867000  0.217404
      868000  0.245721
      869000  0.256477
      870000  0.264694
      871000  0.269411
      872000  0.245658
      873000  0.316125
      874000  0.254718
      875000  0.236013
      876000  0.264863
      877000  0.212545
      878000  0.208869
      879000  0.285545
      880000  0.279714
      881000  0.281923
      882000  0.263697
      883000  0.189900
      884000  0.177298
      885000  0.209897
      886000  0.247322
      887000  0.308291
      888000  0.256808
      889000  0.243529
      890000  0.292257
      891000  0.299489
      892000  0.250092
      893000  0.274896
      894000  0.203955
      895000  0.291122
      896000  0.289119
      897000  0.228647
      898000  0.249384
      899000  0.227573
      900000  0.222523
      901000  0.199351
      902000  0.256817
      903000  0.303787
      904000  0.311399
      905000  0.265004
      906000  0.233666
      907000  0.219394
      908000  0.304749
      909000  0.251122
      910000  0.221996
      911000  0.237401
      912000  0.254028
      913000  0.269338
      914000  0.296310
      915000  0.227798
      916000  0.181258
      917000  0.239072
      918000  0.254223
      919000  0.215972
      920000  0.271223
      921000  0.272350
      922000  0.228280
      923000  0.259343
      924000  0.298008
      925000  0.208030
      926000  0.259067
      927000  0.324965
      928000  0.307886
      929000  0.269086
      930000  0.206061
      931000  0.312314
      932000  0.293861
      933000  0.280983
      934000  0.326305
      935000  0.269518
      936000  0.299251
      937000  0.225679
      938000  0.290716
      939000  0.252078
      940000  0.297310
      941000  0.310230
      942000  0.261971
      943000  0.230944
      944000  0.239062
      945000  0.209276
      946000  0.297823
      947000  0.285777
      948000  0.246097
      949000  0.303821
      950000  0.260909
      951000  0.249366
      952000  0.297151
      953000  0.233157
      954000  0.257732
      955000  0.266102
      956000  0.237737
      957000  0.231811
      958000  0.252484
      959000  0.273191
      960000  0.237926
      961000  0.277404
      962000  0.268742
      963000  0.275632
      964000  0.270799
      965000  0.198659
      966000  0.264609
      967000  0.314798
      968000  0.299589
      969000  0.302204
      970000  0.264183
      971000  0.232199
      972000  0.199468
      973000  0.212105
      974000  0.206757
      975000  0.260494
      976000  0.301356
      977000  0.243106
      978000  0.281999
      979000  0.278122
      980000  0.294030
      981000  0.212423
      982000  0.367176
      983000  0.273689
      984000  0.285671
      985000  0.293885
      986000  0.277131
      987000  0.182779
      988000  0.259190
      989000  0.257332
      990000  0.258349
      991000  0.281732
      992000  0.320385
      993000  0.227415
      994000  0.268033
      995000  0.242473
      996000  0.261418
      997000  0.255422
      998000  0.265528
      999000  0.265803
     1000000  0.303743
