    genPlus1     spaQ
        1000  0.490160
        2000  0.474930
        3000  0.475455
        4000  0.491242
        5000  0.484202
        6000  0.495182
        7000  0.480793
        8000  0.473092
        9000  0.501381
       10000  0.486089
       11000  0.505259
       12000  0.496335
       13000  0.494425
       14000  0.475020
       15000  0.474458
       16000  0.494127
       17000  0.471679
       18000  0.496085
       19000  0.479599
       20000  0.499449
       21000  0.474013
       22000  0.488680
       23000  0.469887
       24000  0.493735
       25000  0.497332
       26000  0.499547
       27000  0.476318
       28000  0.497835
       29000  0.494651
       30000  0.486363
       31000  0.469693
       32000  0.476868
       33000  0.481228
       34000  0.503246
       35000  0.479177
       36000  0.479605
       37000  0.479600
       38000  0.471713
       39000  0.479765
       40000  0.493550
       41000  0.458198
       42000  0.506133
       43000  0.487626
       44000  0.488681
       45000  0.487452
       46000  0.467483
       47000  0.478690
       48000  0.493504
       49000  0.493522
       50000  0.513915
       51000  0.483037
       52000  0.499259
       53000  0.479923
       54000  0.501820
       55000  0.472135
       56000  0.502255
       57000  0.495378
       58000  0.489203
       59000  0.479901
       60000  0.495544
       61000  0.494509
       62000  0.480061
       63000  0.465125
       64000  0.488257
       65000  0.486062
       66000  0.488737
       67000  0.491607
       68000  0.488931
       69000  0.484481
       70000  0.491715
       71000  0.466887
       72000  0.490568
       73000  0.493202
       74000  0.488451
       75000  0.481305
       76000  0.494632
       77000  0.491832
       78000  0.485639
       79000  0.480787
       80000  0.458916
       81000  0.477062
       82000  0.463008
       83000  0.501262
       84000  0.487178
       85000  0.486713
       86000  0.485492
       87000  0.498301
       88000  0.480936
       89000  0.491814
       90000  0.498741
       91000  0.480019
       92000  0.486850
       93000  0.487827
       94000  0.484847
       95000  0.470694
       96000  0.479603
       97000  0.487969
       98000  0.488276
       99000  0.478168
      100000  0.484528
      101000  0.486457
      102000  0.504690
      103000  0.481639
      104000  0.454984
      105000  0.489400
      106000  0.498367
      107000  0.472947
      108000  0.479230
      109000  0.483322
      110000  0.483552
      111000  0.469271
      112000  0.479035
      113000  0.479620
      114000  0.480353
      115000  0.493258
      116000  0.482435
      117000  0.502670
      118000  0.472569
      119000  0.473319
      120000  0.497761
      121000  0.478859
      122000  0.479524
      123000  0.498194
      124000  0.477148
      125000  0.483179
      126000  0.484396
      127000  0.501294
      128000  0.491844
      129000  0.493002
      130000  0.485276
      131000  0.500465
      132000  0.470372
      133000  0.491390
      134000  0.478065
      135000  0.476731
      136000  0.479924
      137000  0.481759
      138000  0.490211
      139000  0.494967
      140000  0.456461
      141000  0.473185
      142000  0.488041
      143000  0.487102
      144000  0.485531
      145000  0.477911
      146000  0.504505
      147000  0.488957
      148000  0.481813
      149000  0.471447
      150000  0.479169
      151000  0.480019
      152000  0.488954
      153000  0.494292
      154000  0.489030
      155000  0.493424
      156000  0.471970
      157000  0.480494
      158000  0.482154
      159000  0.500748
      160000  0.485192
      161000  0.498225
      162000  0.490764
      163000  0.477201
      164000  0.489206
      165000  0.477687
      166000  0.479252
      167000  0.481558
      168000  0.502469
      169000  0.469582
      170000  0.472580
      171000  0.488417
      172000  0.495243
      173000  0.485568
      174000  0.502128
      175000  0.499632
      176000  0.482765
      177000  0.471001
      178000  0.486802
      179000  0.473421
      180000  0.493258
      181000  0.474605
      182000  0.473689
      183000  0.474174
      184000  0.477322
      185000  0.489301
      186000  0.472419
      187000  0.475984
      188000  0.476491
      189000  0.482840
      190000  0.493203
      191000  0.499657
      192000  0.485249
      193000  0.492398
      194000  0.480000
      195000  0.496068
      196000  0.496116
      197000  0.497581
      198000  0.480668
      199000  0.477348
      200000  0.495247
      201000  0.495071
      202000  0.479012
      203000  0.484975
      204000  0.492162
      205000  0.489302
      206000  0.475472
      207000  0.484009
      208000  0.477852
      209000  0.498490
      210000  0.477674
      211000  0.473838
      212000  0.486503
      213000  0.477205
      214000  0.489008
      215000  0.482835
      216000  0.479833
      217000  0.472397
      218000  0.473011
      219000  0.502037
      220000  0.478166
      221000  0.469415
      222000  0.474104
      223000  0.491893
      224000  0.500567
      225000  0.471682
      226000  0.497972
      227000  0.506489
      228000  0.471261
      229000  0.476330
      230000  0.487596
      231000  0.504363
      232000  0.487470
      233000  0.479680
      234000  0.461355
      235000  0.464832
      236000  0.488827
      237000  0.479014
      238000  0.466634
      239000  0.486072
      240000  0.489920
      241000  0.488614
      242000  0.473291
      243000  0.495357
      244000  0.481432
      245000  0.475471
      246000  0.473620
      247000  0.492826
      248000  0.491352
      249000  0.493271
      250000  0.475559
      251000  0.497146
      252000  0.474033
      253000  0.480663
      254000  0.486364
      255000  0.471020
      256000  0.496705
      257000  0.487151
      258000  0.487791
      259000  0.479633
      260000  0.489068
      261000  0.458763
      262000  0.470203
      263000  0.473479
      264000  0.468720
      265000  0.494953
      266000  0.497861
      267000  0.500001
      268000  0.491239
      269000  0.463729
      270000  0.478080
      271000  0.478494
      272000  0.462598
      273000  0.490426
      274000  0.493120
      275000  0.504889
      276000  0.483250
      277000  0.488959
      278000  0.483720
      279000  0.493515
      280000  0.467818
      281000  0.490095
      282000  0.476055
      283000  0.476781
      284000  0.490426
      285000  0.483285
      286000  0.492260
      287000  0.490000
      288000  0.485662
      289000  0.493386
      290000  0.471090
      291000  0.481235
      292000  0.471625
      293000  0.501880
      294000  0.482006
      295000  0.474886
      296000  0.486970
      297000  0.485759
      298000  0.494001
      299000  0.492226
      300000  0.512545
      301000  0.476386
      302000  0.496014
      303000  0.481085
      304000  0.496094
      305000  0.486641
      306000  0.505587
      307000  0.487988
      308000  0.494918
      309000  0.493678
      310000  0.491559
      311000  0.478302
      312000  0.473710
      313000  0.481994
      314000  0.487362
      315000  0.479438
      316000  0.472064
      317000  0.464471
      318000  0.510786
      319000  0.474788
      320000  0.464971
      321000  0.484654
      322000  0.478702
      323000  0.475854
      324000  0.492772
      325000  0.473586
      326000  0.479027
      327000  0.480567
      328000  0.489829
      329000  0.502604
      330000  0.482131
      331000  0.479042
      332000  0.498308
      333000  0.489750
      334000  0.471946
      335000  0.471064
      336000  0.493777
      337000  0.480752
      338000  0.483385
      339000  0.476057
      340000  0.489101
      341000  0.506743
      342000  0.478519
      343000  0.488763
      344000  0.482454
      345000  0.477816
      346000  0.467872
      347000  0.484783
      348000  0.478206
      349000  0.478216
      350000  0.463960
      351000  0.490772
      352000  0.497992
      353000  0.484962
      354000  0.499920
      355000  0.484827
      356000  0.494142
      357000  0.501539
      358000  0.481718
      359000  0.491818
      360000  0.490116
      361000  0.479214
      362000  0.497787
      363000  0.485729
      364000  0.505171
      365000  0.473883
      366000  0.478083
      367000  0.492504
      368000  0.470641
      369000  0.495817
      370000  0.494238
      371000  0.493688
      372000  0.483384
      373000  0.494527
      374000  0.473325
      375000  0.482173
      376000  0.499134
      377000  0.474540
      378000  0.489633
      379000  0.474291
      380000  0.488787
      381000  0.503615
      382000  0.490736
      383000  0.491041
      384000  0.474592
      385000  0.486201
      386000  0.496722
      387000  0.481256
      388000  0.470743
      389000  0.489209
      390000  0.476580
      391000  0.493166
      392000  0.498898
      393000  0.471184
      394000  0.479342
      395000  0.489256
      396000  0.491154
      397000  0.474383
      398000  0.503845
      399000  0.493412
      400000  0.484917
      401000  0.501360
      402000  0.494926
      403000  0.478713
      404000  0.479386
      405000  0.490870
      406000  0.477834
      407000  0.481705
      408000  0.457366
      409000  0.483834
      410000  0.481957
      411000  0.476790
      412000  0.504939
      413000  0.484758
      414000  0.489667
      415000  0.494359
      416000  0.478668
      417000  0.475844
      418000  0.484667
      419000  0.467594
      420000  0.482833
      421000  0.488974
      422000  0.493000
      423000  0.494137
      424000  0.473456
      425000  0.468523
      426000  0.472456
      427000  0.479286
      428000  0.494180
      429000  0.487189
      430000  0.498016
      431000  0.476496
      432000  0.490308
      433000  0.489127
      434000  0.495173
      435000  0.480594
      436000  0.484516
      437000  0.479673
      438000  0.471165
      439000  0.500228
      440000  0.508115
      441000  0.490948
      442000  0.468403
      443000  0.491349
      444000  0.475026
      445000  0.498434
      446000  0.499666
      447000  0.489667
      448000  0.493182
      449000  0.482377
      450000  0.469196
      451000  0.487498
      452000  0.469686
      453000  0.474162
      454000  0.481703
      455000  0.479702
      456000  0.454068
      457000  0.493552
      458000  0.482609
      459000  0.492052
      460000  0.474936
      461000  0.487964
      462000  0.463569
      463000  0.481967
      464000  0.494324
      465000  0.491148
      466000  0.480047
      467000  0.462081
      468000  0.476839
      469000  0.468177
      470000  0.478991
      471000  0.497062
      472000  0.482249
      473000  0.497934
      474000  0.488494
      475000  0.479692
      476000  0.483992
      477000  0.481094
      478000  0.460644
      479000  0.488993
      480000  0.492038
      481000  0.468652
      482000  0.480365
      483000  0.488059
      484000  0.487463
      485000  0.485954
      486000  0.483619
      487000  0.479061
      488000  0.482895
      489000  0.495449
      490000  0.481813
      491000  0.482352
      492000  0.485252
      493000  0.492388
      494000  0.490527
      495000  0.476414
      496000  0.491502
      497000  0.501219
      498000  0.480837
      499000  0.499625
      500000  0.477599
      501000  0.490000
      502000  0.496000
      503000  0.477122
      504000  0.477196
      505000  0.481501
      506000  0.486223
      507000  0.489935
      508000  0.473080
      509000  0.486750
      510000  0.485099
      511000  0.474253
      512000  0.474429
      513000  0.475273
      514000  0.479378
      515000  0.492476
      516000  0.467386
      517000  0.489001
      518000  0.480790
      519000  0.483094
      520000  0.483575
      521000  0.503997
      522000  0.464248
      523000  0.485495
      524000  0.481863
      525000  0.479850
      526000  0.476391
      527000  0.483809
      528000  0.498638
      529000  0.482112
      530000  0.477191
      531000  0.487222
      532000  0.485478
      533000  0.472215
      534000  0.474825
      535000  0.489253
      536000  0.480284
      537000  0.469012
      538000  0.495946
      539000  0.501181
      540000  0.484690
      541000  0.470726
      542000  0.483048
      543000  0.487306
      544000  0.474793
      545000  0.479790
      546000  0.478720
      547000  0.478056
      548000  0.503557
      549000  0.479936
      550000  0.491616
      551000  0.474363
      552000  0.482612
      553000  0.484883
      554000  0.460855
      555000  0.490984
      556000  0.502000
      557000  0.475831
      558000  0.483958
      559000  0.469872
      560000  0.489346
      561000  0.478137
      562000  0.494155
      563000  0.493939
      564000  0.487085
      565000  0.490363
      566000  0.492933
      567000  0.495028
      568000  0.499526
      569000  0.504311
      570000  0.467688
      571000  0.485572
      572000  0.498262
      573000  0.477921
      574000  0.490610
      575000  0.485514
      576000  0.478545
      577000  0.490527
      578000  0.481195
      579000  0.490187
      580000  0.480076
      581000  0.471091
      582000  0.490055
      583000  0.501520
      584000  0.496337
      585000  0.492001
      586000  0.494149
      587000  0.495539
      588000  0.468520
      589000  0.468113
      590000  0.491546
      591000  0.468907
      592000  0.482121
      593000  0.504658
      594000  0.480515
      595000  0.492137
      596000  0.484744
      597000  0.490296
      598000  0.498273
      599000  0.497719
      600000  0.482772
      601000  0.480863
      602000  0.483535
      603000  0.474933
      604000  0.488319
      605000  0.486048
      606000  0.496562
      607000  0.471659
      608000  0.478531
      609000  0.479153
      610000  0.480830
      611000  0.493509
      612000  0.472920
      613000  0.480234
      614000  0.471098
      615000  0.484338
      616000  0.500202
      617000  0.485717
      618000  0.497386
      619000  0.469427
      620000  0.488408
      621000  0.496928
      622000  0.490065
      623000  0.485498
      624000  0.497683
      625000  0.462745
      626000  0.495149
      627000  0.478159
      628000  0.501432
      629000  0.483505
      630000  0.475401
      631000  0.484759
      632000  0.502492
      633000  0.499183
      634000  0.499600
      635000  0.478862
      636000  0.493960
      637000  0.490672
      638000  0.488064
      639000  0.481990
      640000  0.468679
      641000  0.493768
      642000  0.476884
      643000  0.485982
      644000  0.491247
      645000  0.489317
      646000  0.476083
      647000  0.472035
      648000  0.472952
      649000  0.487475
      650000  0.481719
      651000  0.489500
      652000  0.470830
      653000  0.491881
      654000  0.489023
      655000  0.486598
      656000  0.493681
      657000  0.481411
      658000  0.469138
      659000  0.490259
      660000  0.489503
      661000  0.477713
      662000  0.487577
      663000  0.491092
      664000  0.497602
      665000  0.487381
      666000  0.497575
      667000  0.482369
      668000  0.484875
      669000  0.495908
      670000  0.492855
      671000  0.496859
      672000  0.494223
      673000  0.492369
      674000  0.480929
      675000  0.476200
      676000  0.475622
      677000  0.492277
      678000  0.495331
      679000  0.487887
      680000  0.471413
      681000  0.496451
      682000  0.478447
      683000  0.483329
      684000  0.488681
      685000  0.482988
      686000  0.490512
      687000  0.498174
      688000  0.490624
      689000  0.495545
      690000  0.488942
      691000  0.488600
      692000  0.489915
      693000  0.492367
      694000  0.489631
      695000  0.483506
      696000  0.492376
      697000  0.500055
      698000  0.496896
      699000  0.490664
      700000  0.493682
      701000  0.464599
      702000  0.482317
      703000  0.494259
      704000  0.492805
      705000  0.487907
      706000  0.496384
      707000  0.489850
      708000  0.493427
      709000  0.481980
      710000  0.482372
      711000  0.466727
      712000  0.490490
      713000  0.492553
      714000  0.469772
      715000  0.482998
      716000  0.497344
      717000  0.467207
      718000  0.482399
      719000  0.478459
      720000  0.495245
      721000  0.470214
      722000  0.473812
      723000  0.483393
      724000  0.479058
      725000  0.478380
      726000  0.482508
      727000  0.493487
      728000  0.479668
      729000  0.489198
      730000  0.471294
      731000  0.488191
      732000  0.469916
      733000  0.502729
      734000  0.475581
      735000  0.477108
      736000  0.485326
      737000  0.512506
      738000  0.476227
      739000  0.483004
      740000  0.476931
      741000  0.466292
      742000  0.487250
      743000  0.469966
      744000  0.476164
      745000  0.487470
      746000  0.497013
      747000  0.495375
      748000  0.480120
      749000  0.488084
      750000  0.481811
      751000  0.492502
      752000  0.488875
      753000  0.487546
      754000  0.481946
      755000  0.493243
      756000  0.474112
      757000  0.464966
      758000  0.493987
      759000  0.507823
      760000  0.475102
      761000  0.484620
      762000  0.466349
      763000  0.471890
      764000  0.476560
      765000  0.488332
      766000  0.489927
      767000  0.483339
      768000  0.479495
      769000  0.473005
      770000  0.479276
      771000  0.478863
      772000  0.482921
      773000  0.473866
      774000  0.490403
      775000  0.494444
      776000  0.498636
      777000  0.484145
      778000  0.494998
      779000  0.486059
      780000  0.490518
      781000  0.492370
      782000  0.493392
      783000  0.461180
      784000  0.483916
      785000  0.487122
      786000  0.497167
      787000  0.473556
      788000  0.502740
      789000  0.484381
      790000  0.503196
      791000  0.467587
      792000  0.492358
      793000  0.487919
      794000  0.490051
      795000  0.493750
      796000  0.465450
      797000  0.468717
      798000  0.488740
      799000  0.486607
      800000  0.490633
      801000  0.463224
      802000  0.494499
      803000  0.484978
      804000  0.500281
      805000  0.496362
      806000  0.496711
      807000  0.510024
      808000  0.492759
      809000  0.490558
      810000  0.469688
      811000  0.485082
      812000  0.479345
      813000  0.497722
      814000  0.490917
      815000  0.502144
      816000  0.492625
      817000  0.504135
      818000  0.477972
      819000  0.493333
      820000  0.479344
      821000  0.490513
      822000  0.488903
      823000  0.472767
      824000  0.492454
      825000  0.487562
      826000  0.505834
      827000  0.495727
      828000  0.481625
      829000  0.479073
      830000  0.488413
      831000  0.479204
      832000  0.471156
      833000  0.476923
      834000  0.457334
      835000  0.475156
      836000  0.484226
      837000  0.483876
      838000  0.484771
      839000  0.482107
      840000  0.479919
      841000  0.482697
      842000  0.469137
      843000  0.466870
      844000  0.485048
      845000  0.486792
      846000  0.477067
      847000  0.480527
      848000  0.478969
      849000  0.471740
      850000  0.503467
      851000  0.475607
      852000  0.485061
      853000  0.471059
      854000  0.484034
      855000  0.491123
      856000  0.463787
      857000  0.504800
      858000  0.501399
      859000  0.477240
      860000  0.486118
      861000  0.476032
      862000  0.462304
      863000  0.485520
      864000  0.473639
      865000  0.491393
      866000  0.476377
      867000  0.473586
      868000  0.480083
      869000  0.477127
      870000  0.494512
      871000  0.476815
      872000  0.476509
      873000  0.476384
      874000  0.482399
      875000  0.493492
      876000  0.489004
      877000  0.476130
      878000  0.478570
      879000  0.494708
      880000  0.476399
      881000  0.486716
      882000  0.484897
      883000  0.473261
      884000  0.497220
      885000  0.479305
      886000  0.485374
      887000  0.499767
      888000  0.483516
      889000  0.497744
      890000  0.483908
      891000  0.474180
      892000  0.499717
      893000  0.492276
      894000  0.492330
      895000  0.490535
      896000  0.481552
      897000  0.470849
      898000  0.480533
      899000  0.479721
      900000  0.493818
      901000  0.474922
      902000  0.476083
      903000  0.476080
      904000  0.483851
      905000  0.483576
      906000  0.477602
      907000  0.490158
      908000  0.479150
      909000  0.472235
      910000  0.478594
      911000  0.492858
      912000  0.477618
      913000  0.477040
      914000  0.484823
      915000  0.502014
      916000  0.488072
      917000  0.486252
      918000  0.481293
      919000  0.488138
      920000  0.489542
      921000  0.499194
      922000  0.475291
      923000  0.477267
      924000  0.499561
      925000  0.476084
      926000  0.476967
      927000  0.470732
      928000  0.489658
      929000  0.486219
      930000  0.479976
      931000  0.489264
      932000  0.487912
      933000  0.474003
      934000  0.502170
      935000  0.477153
      936000  0.489955
      937000  0.494903
      938000  0.483942
      939000  0.490963
      940000  0.486029
      941000  0.469466
      942000  0.481053
      943000  0.472745
      944000  0.470695
      945000  0.486636
      946000  0.469849
      947000  0.476877
      948000  0.481779
      949000  0.462868
      950000  0.471628
      951000  0.497364
      952000  0.506073
      953000  0.482230
      954000  0.473144
      955000  0.483659
      956000  0.480612
      957000  0.488970
      958000  0.488867
      959000  0.496401
      960000  0.486480
      961000  0.499996
      962000  0.463661
      963000  0.490989
      964000  0.478151
      965000  0.482311
      966000  0.481566
      967000  0.497220
      968000  0.477827
      969000  0.481362
      970000  0.490252
      971000  0.493627
      972000  0.478078
      973000  0.479413
      974000  0.498464
      975000  0.492585
      976000  0.492151
      977000  0.485108
      978000  0.473829
      979000  0.488695
      980000  0.474555
      981000  0.475983
      982000  0.489274
      983000  0.491592
      984000  0.478269
      985000  0.476467
      986000  0.486454
      987000  0.478972
      988000  0.494231
      989000  0.487812
      990000  0.458560
      991000  0.487534
      992000  0.485501
      993000  0.490145
      994000  0.502584
      995000  0.498398
      996000  0.500428
      997000  0.503779
      998000  0.476206
      999000  0.474628
     1000000  0.479464
