       1000 -238.451609
       2000 -242.269854
       3000 -239.556399
       4000 -239.472589
       5000 -241.030912
       6000 -242.484608
       7000 -238.412793
       8000 -242.550798
       9000 -239.436858
      10000 -239.581946
      11000 -241.007350
      12000 -239.425002
      13000 -239.156741
      14000 -239.592064
      15000 -240.272528
      16000 -241.336819
      17000 -239.204797
      18000 -240.325438
      19000 -239.773279
      20000 -240.583221
      21000 -239.494517
      22000 -239.358015
      23000 -239.033532
      24000 -242.267699
      25000 -238.571733
      26000 -238.807945
      27000 -240.934215
      28000 -238.466145
      29000 -238.395063
      30000 -239.285462
      31000 -238.450158
      32000 -239.091385
      33000 -242.516322
      34000 -238.663633
      35000 -240.879977
      36000 -239.540059
      37000 -239.801917
      38000 -238.558389
      39000 -239.208277
      40000 -245.347535
      41000 -239.543802
      42000 -243.944652
      43000 -240.211555
      44000 -238.391127
      45000 -239.067815
      46000 -239.362228
      47000 -239.048083
      48000 -241.608017
      49000 -238.907775
      50000 -239.243828
      51000 -240.521244
      52000 -238.688605
      53000 -238.496493
      54000 -238.431312
      55000 -238.622843
      56000 -239.223504
      57000 -241.364437
      58000 -243.210649
      59000 -239.256915
      60000 -242.127928
      61000 -242.820421
      62000 -239.332032
      63000 -240.266985
      64000 -238.613252
      65000 -238.426226
      66000 -239.224209
      67000 -238.868925
      68000 -238.889144
      69000 -238.964922
      70000 -238.764160
      71000 -239.653448
      72000 -245.581485
      73000 -238.828478
      74000 -238.819711
      75000 -241.406674
      76000 -239.517592
      77000 -241.116557
      78000 -242.688281
      79000 -240.873356
      80000 -240.001575
      81000 -238.870457
      82000 -239.962949
      83000 -242.741844
      84000 -238.632411
      85000 -239.043993
      86000 -240.086496
      87000 -240.374660
      88000 -238.577802
      89000 -240.785887
      90000 -246.090268
      91000 -238.452871
      92000 -240.051795
      93000 -238.521577
      94000 -238.393070
      95000 -241.653927
      96000 -244.032731
      97000 -239.706897
      98000 -242.867242
      99000 -239.307080
     100000 -238.464306
     101000 -238.553030
     102000 -243.529268
     103000 -239.578636
     104000 -239.643294
     105000 -239.376396
     106000 -238.899135
     107000 -243.230961
     108000 -239.996870
     109000 -239.008429
     110000 -238.672757
     111000 -241.670759
     112000 -238.523456
     113000 -238.619562
     114000 -238.427354
     115000 -239.818521
     116000 -243.100518
     117000 -238.630100
     118000 -239.938064
     119000 -243.357041
     120000 -238.914848
     121000 -239.755950
     122000 -241.059132
     123000 -239.323173
     124000 -240.212726
     125000 -241.715949
     126000 -239.704042
     127000 -238.457565
     128000 -243.490724
     129000 -238.636738
     130000 -240.340477
     131000 -248.737306
     132000 -239.344730
     133000 -238.631399
     134000 -239.007872
     135000 -238.534112
     136000 -241.685818
     137000 -240.171259
     138000 -239.722151
     139000 -240.522779
     140000 -241.747188
     141000 -240.227692
     142000 -241.524714
     143000 -243.684903
     144000 -243.832703
     145000 -238.369171
     146000 -240.145270
     147000 -240.818887
     148000 -240.092035
     149000 -238.535130
     150000 -240.213871
     151000 -239.958863
     152000 -240.361428
     153000 -239.765685
     154000 -238.377441
     155000 -238.404805
     156000 -240.710088
     157000 -242.439318
     158000 -240.005632
     159000 -238.570429
     160000 -238.519435
     161000 -239.578728
     162000 -239.421460
     163000 -239.948791
     164000 -238.419555
     165000 -239.604761
     166000 -239.225033
     167000 -239.654290
     168000 -243.082732
     169000 -238.642692
     170000 -238.645978
     171000 -238.544050
     172000 -238.390348
     173000 -240.527123
     174000 -242.538165
     175000 -239.573063
     176000 -238.790572
     177000 -240.194278
     178000 -239.350274
     179000 -239.130015
     180000 -239.482946
     181000 -239.622261
     182000 -239.200648
     183000 -240.273650
     184000 -242.447146
     185000 -239.729155
     186000 -239.110434
     187000 -239.516244
     188000 -239.335623
     189000 -240.477618
     190000 -241.103894
     191000 -238.712066
     192000 -239.104876
     193000 -238.582665
     194000 -239.135735
     195000 -239.325872
     196000 -242.358458
     197000 -241.412986
     198000 -244.709664
     199000 -243.116741
     200000 -240.065208
     201000 -239.109139
     202000 -243.067564
     203000 -239.264512
     204000 -244.542032
     205000 -245.306729
     206000 -244.102036
     207000 -243.291584
     208000 -240.779032
     209000 -240.884726
     210000 -242.543523
     211000 -238.810079
     212000 -239.731296
     213000 -240.620345
     214000 -243.299722
     215000 -243.280985
     216000 -243.509506
     217000 -238.746711
     218000 -240.446588
     219000 -238.403694
     220000 -240.711049
     221000 -238.531471
     222000 -238.796404
     223000 -239.777452
     224000 -243.275810
     225000 -243.339990
     226000 -238.671250
     227000 -238.528659
     228000 -239.725606
     229000 -238.955832
     230000 -242.470070
     231000 -239.168279
     232000 -238.857636
     233000 -238.668450
     234000 -239.356663
     235000 -239.928045
     236000 -239.961909
     237000 -240.021178
     238000 -239.470360
     239000 -239.113313
     240000 -243.182626
     241000 -239.142743
     242000 -238.532893
     243000 -238.529065
     244000 -238.374436
     245000 -239.606514
     246000 -242.283717
     247000 -242.503410
     248000 -240.022043
     249000 -238.948414
     250000 -239.349424
     251000 -240.548243
     252000 -239.270185
     253000 -240.872628
     254000 -242.264146
     255000 -238.696120
     256000 -238.658486
     257000 -240.640948
     258000 -238.670044
     259000 -240.070869
     260000 -240.758941
     261000 -240.894548
     262000 -240.108215
     263000 -241.672213
     264000 -243.470054
     265000 -241.868400
     266000 -245.641025
     267000 -242.329545
     268000 -239.517068
     269000 -238.934207
     270000 -238.400048
     271000 -238.674899
     272000 -239.265062
     273000 -239.680687
     274000 -238.850554
     275000 -240.574559
     276000 -239.358260
     277000 -238.761974
     278000 -238.901646
     279000 -240.085634
     280000 -238.435545
     281000 -239.481173
     282000 -239.422695
     283000 -238.450660
     284000 -241.581590
     285000 -242.286908
     286000 -238.632633
     287000 -239.128762
     288000 -241.570951
     289000 -240.759944
     290000 -238.525850
     291000 -238.709027
     292000 -239.593581
     293000 -242.343867
     294000 -238.851139
     295000 -238.947967
     296000 -242.282625
     297000 -239.682905
     298000 -238.619670
     299000 -239.923137
     300000 -239.676023
     301000 -239.659319
     302000 -239.225328
     303000 -243.015788
     304000 -239.409881
     305000 -238.456780
     306000 -243.329758
     307000 -239.389468
     308000 -239.974692
     309000 -239.114312
     310000 -242.985708
     311000 -238.504215
     312000 -240.339551
     313000 -238.496065
     314000 -239.699963
     315000 -238.600927
     316000 -238.425336
     317000 -241.491641
     318000 -238.722113
     319000 -244.471642
     320000 -238.712492
     321000 -242.486270
     322000 -239.116877
     323000 -239.413407
     324000 -238.624400
     325000 -238.564405
     326000 -243.347267
     327000 -239.325881
     328000 -241.118486
     329000 -239.484782
     330000 -240.244317
     331000 -246.043673
     332000 -238.797835
     333000 -243.462972
     334000 -238.380196
     335000 -240.811184
     336000 -239.581313
     337000 -242.602944
     338000 -238.446235
     339000 -238.784941
     340000 -238.696980
     341000 -238.728779
     342000 -239.769114
     343000 -239.385665
     344000 -239.394429
     345000 -238.670728
     346000 -245.948700
     347000 -240.159941
     348000 -240.355394
     349000 -242.366374
     350000 -238.447681
     351000 -239.919200
     352000 -242.855334
     353000 -238.397678
     354000 -240.261091
     355000 -238.414112
     356000 -240.771950
     357000 -239.418483
     358000 -239.967302
     359000 -238.662300
     360000 -239.111671
     361000 -240.270421
     362000 -238.570786
     363000 -240.916947
     364000 -240.586853
     365000 -239.483216
     366000 -240.783340
     367000 -238.470700
     368000 -239.916378
     369000 -239.124566
     370000 -239.542523
     371000 -240.677288
     372000 -241.384498
     373000 -239.291017
     374000 -241.244122
     375000 -238.765294
     376000 -243.250177
     377000 -241.442850
     378000 -239.041374
     379000 -240.493172
     380000 -240.560653
     381000 -239.282844
     382000 -239.482547
     383000 -238.431400
     384000 -238.836909
     385000 -238.901205
     386000 -238.499533
     387000 -242.421213
     388000 -239.283278
     389000 -239.339201
     390000 -238.734225
     391000 -238.999141
     392000 -239.138808
     393000 -239.865143
     394000 -238.549764
     395000 -240.411608
     396000 -238.471420
     397000 -243.413533
     398000 -239.230379
     399000 -239.151043
     400000 -239.617001
     401000 -240.915936
     402000 -238.513959
     403000 -241.722676
     404000 -244.019170
     405000 -239.980496
     406000 -238.673623
     407000 -238.561200
     408000 -240.610261
     409000 -240.000815
     410000 -244.549985
     411000 -241.524848
     412000 -239.729667
     413000 -239.403217
     414000 -238.858830
     415000 -238.713068
     416000 -238.416150
     417000 -242.371154
     418000 -239.505966
     419000 -239.058221
     420000 -239.579682
     421000 -240.377330
     422000 -239.443572
     423000 -239.020167
     424000 -238.641706
     425000 -243.714773
     426000 -240.769935
     427000 -239.830832
     428000 -243.079906
     429000 -243.877004
     430000 -242.855304
     431000 -238.576518
     432000 -243.238109
     433000 -245.221185
     434000 -242.412853
     435000 -239.135937
     436000 -240.088069
     437000 -243.109596
     438000 -238.602524
     439000 -242.314097
     440000 -240.633552
     441000 -240.025751
     442000 -238.819420
     443000 -239.098432
     444000 -238.771981
     445000 -241.337983
     446000 -242.395088
     447000 -238.744780
     448000 -244.399711
     449000 -239.326713
     450000 -238.836596
     451000 -238.995340
     452000 -240.213761
     453000 -244.175977
     454000 -239.086353
     455000 -238.970680
     456000 -238.693078
     457000 -240.833820
     458000 -243.458835
     459000 -240.273960
     460000 -242.294962
     461000 -242.666893
     462000 -239.830143
     463000 -242.956416
     464000 -239.031645
     465000 -240.296744
     466000 -239.567961
     467000 -239.065722
     468000 -240.266689
     469000 -239.280921
     470000 -239.535563
     471000 -242.540710
     472000 -242.875853
     473000 -239.439330
     474000 -238.909207
     475000 -244.610773
     476000 -239.819732
     477000 -243.078494
     478000 -240.670999
     479000 -238.924106
     480000 -238.690198
     481000 -241.271539
     482000 -238.473711
     483000 -245.162982
     484000 -239.963415
     485000 -239.318923
     486000 -238.568033
     487000 -239.009515
     488000 -242.925443
     489000 -249.445996
     490000 -239.708702
     491000 -243.143073
     492000 -238.993094
     493000 -238.364816
     494000 -238.392549
     495000 -238.716408
     496000 -244.265699
     497000 -246.964261
     498000 -243.179902
     499000 -243.013375
     500000 -239.340827
     501000 -242.045814
     502000 -245.352982
     503000 -241.331813
     504000 -240.194491
     505000 -241.946252
     506000 -238.524915
     507000 -239.840039
     508000 -239.871873
     509000 -242.411882
     510000 -239.365565
     511000 -238.526141
     512000 -239.295039
     513000 -238.409432
     514000 -239.536131
     515000 -244.232829
     516000 -239.711149
     517000 -240.378330
     518000 -238.448919
     519000 -238.449229
     520000 -239.510016
     521000 -238.613380
     522000 -242.602466
     523000 -240.844676
     524000 -240.528677
     525000 -240.310547
     526000 -242.337418
     527000 -239.737027
     528000 -238.638192
     529000 -243.671044
     530000 -239.149841
     531000 -242.296668
     532000 -238.924556
     533000 -240.123141
     534000 -239.011283
     535000 -241.297176
     536000 -238.515766
     537000 -240.960228
     538000 -239.054095
     539000 -240.581925
     540000 -239.154855
     541000 -238.583297
     542000 -241.228970
     543000 -238.892245
     544000 -238.759487
     545000 -242.253377
     546000 -239.416320
     547000 -239.804385
     548000 -239.195593
     549000 -241.043323
     550000 -239.658951
     551000 -238.802746
     552000 -239.990412
     553000 -239.685166
     554000 -241.028551
     555000 -238.699122
     556000 -239.387572
     557000 -241.234764
     558000 -246.377828
     559000 -238.844804
     560000 -240.443655
     561000 -238.971140
     562000 -239.200141
     563000 -242.158585
     564000 -238.999336
     565000 -239.827204
     566000 -242.254607
     567000 -242.724454
     568000 -238.563831
     569000 -243.748042
     570000 -238.403768
     571000 -240.981402
     572000 -238.987507
     573000 -238.370870
     574000 -238.391780
     575000 -239.641293
     576000 -244.182441
     577000 -239.158118
     578000 -239.948677
     579000 -240.243719
     580000 -242.885987
     581000 -239.707059
     582000 -238.638665
     583000 -238.809703
     584000 -239.750003
     585000 -239.585808
     586000 -244.580166
     587000 -244.609048
     588000 -239.019277
     589000 -239.317558
     590000 -239.007228
     591000 -238.648654
     592000 -239.565899
     593000 -239.347022
     594000 -239.738526
     595000 -241.487876
     596000 -243.256417
     597000 -241.541545
     598000 -242.456609
     599000 -242.663974
     600000 -245.011660
     601000 -238.942343
     602000 -239.145389
     603000 -239.012111
     604000 -239.093808
     605000 -239.139414
     606000 -239.193649
     607000 -239.639036
     608000 -239.802316
     609000 -238.376319
     610000 -243.369563
     611000 -238.627245
     612000 -239.139606
     613000 -243.332736
     614000 -241.631543
     615000 -242.370718
     616000 -239.407282
     617000 -239.807787
     618000 -239.119587
     619000 -239.994710
     620000 -241.212187
     621000 -239.538241
     622000 -238.477421
     623000 -239.687837
     624000 -240.193776
     625000 -244.013192
     626000 -244.307721
     627000 -239.359020
     628000 -247.143915
     629000 -241.927914
     630000 -242.672339
     631000 -241.588414
     632000 -238.582582
     633000 -239.396677
     634000 -239.374171
     635000 -239.361653
     636000 -243.661054
     637000 -238.635935
     638000 -239.730641
     639000 -240.580731
     640000 -238.501751
     641000 -242.456603
     642000 -239.317470
     643000 -239.174764
     644000 -239.992041
     645000 -238.366858
     646000 -244.328355
     647000 -242.371619
     648000 -243.419546
     649000 -239.137923
     650000 -245.353180
     651000 -241.368045
     652000 -238.479257
     653000 -244.279971
     654000 -241.300615
     655000 -238.518938
     656000 -238.683188
     657000 -239.143386
     658000 -243.253612
     659000 -239.400027
     660000 -238.749913
     661000 -238.568167
     662000 -238.536372
     663000 -239.689885
     664000 -238.668410
     665000 -239.404171
     666000 -245.462573
     667000 -238.695733
     668000 -239.996395
     669000 -241.769657
     670000 -238.775520
     671000 -238.467621
     672000 -241.366781
     673000 -239.720791
     674000 -239.296831
     675000 -239.090084
     676000 -239.236859
     677000 -239.448655
     678000 -238.553525
     679000 -238.381122
     680000 -243.867486
     681000 -238.598335
     682000 -239.595351
     683000 -242.539472
     684000 -239.805017
     685000 -238.455139
     686000 -239.923189
     687000 -238.896867
     688000 -238.676588
     689000 -241.012025
     690000 -240.245439
     691000 -239.847181
     692000 -240.843207
     693000 -242.450602
     694000 -238.918864
     695000 -239.889146
     696000 -240.103205
     697000 -238.973347
     698000 -240.888471
     699000 -238.418780
     700000 -238.584717
     701000 -238.590353
     702000 -239.374635
     703000 -239.225830
     704000 -238.599063
     705000 -238.517834
     706000 -240.053793
     707000 -241.249615
     708000 -238.701860
     709000 -239.007578
     710000 -244.152991
     711000 -243.045012
     712000 -239.648014
     713000 -242.628608
     714000 -242.259268
     715000 -247.693515
     716000 -238.846039
     717000 -239.648653
     718000 -238.531214
     719000 -243.369394
     720000 -243.183787
     721000 -242.933311
     722000 -239.594161
     723000 -239.710104
     724000 -239.013414
     725000 -242.913295
     726000 -238.907168
     727000 -238.623897
     728000 -238.368630
     729000 -240.405575
     730000 -238.488545
     731000 -241.120757
     732000 -239.335503
     733000 -238.811520
     734000 -241.849386
     735000 -239.483732
     736000 -238.944374
     737000 -240.933552
     738000 -238.555332
     739000 -239.511433
     740000 -239.129316
     741000 -239.323997
     742000 -238.854820
     743000 -238.895170
     744000 -239.905209
     745000 -239.026832
     746000 -238.531455
     747000 -243.857212
     748000 -239.103560
     749000 -247.748499
     750000 -244.553042
     751000 -240.112871
     752000 -242.636532
     753000 -238.469655
     754000 -238.675667
     755000 -239.250062
     756000 -239.560860
     757000 -240.231218
     758000 -240.607049
     759000 -238.479063
     760000 -238.364594
     761000 -239.360231
     762000 -238.524134
     763000 -242.722345
     764000 -238.565488
     765000 -238.861078
     766000 -241.550398
     767000 -240.115765
     768000 -244.100868
     769000 -238.792144
     770000 -238.550289
     771000 -238.533464
     772000 -239.101902
     773000 -239.090315
     774000 -238.647929
     775000 -245.486737
     776000 -238.667187
     777000 -238.440769
     778000 -241.365974
     779000 -239.581997
     780000 -239.629509
     781000 -239.485470
     782000 -239.446746
     783000 -239.560459
     784000 -238.968109
     785000 -238.878895
     786000 -244.274257
     787000 -239.593608
     788000 -243.466327
     789000 -238.547293
     790000 -241.453202
     791000 -241.314100
     792000 -238.504287
     793000 -239.164003
     794000 -239.489165
     795000 -244.887126
     796000 -238.784054
     797000 -240.050198
     798000 -239.440239
     799000 -239.967682
     800000 -238.575543
     801000 -239.078367
     802000 -238.987602
     803000 -242.135853
     804000 -243.597697
     805000 -239.475528
     806000 -239.090728
     807000 -240.066400
     808000 -239.714625
     809000 -239.344362
     810000 -239.085584
     811000 -238.532469
     812000 -239.883173
     813000 -239.649404
     814000 -242.298295
     815000 -239.093534
     816000 -243.581891
     817000 -238.782570
     818000 -239.070555
     819000 -244.516385
     820000 -243.514134
     821000 -240.461254
     822000 -239.566385
     823000 -238.868622
     824000 -246.208607
     825000 -239.058586
     826000 -238.759878
     827000 -238.944029
     828000 -240.341509
     829000 -238.397691
     830000 -242.380881
     831000 -239.098864
     832000 -239.347292
     833000 -239.582559
     834000 -238.883060
     835000 -239.481480
     836000 -238.732103
     837000 -238.645117
     838000 -238.682376
     839000 -238.385785
     840000 -240.581652
     841000 -240.138909
     842000 -242.474311
     843000 -240.003919
     844000 -239.885149
     845000 -238.527917
     846000 -240.895094
     847000 -241.245106
     848000 -244.609595
     849000 -238.735179
     850000 -238.402302
     851000 -239.073253
     852000 -238.834089
     853000 -238.888978
     854000 -238.963172
     855000 -239.976819
     856000 -241.518203
     857000 -238.963348
     858000 -239.376389
     859000 -243.384694
     860000 -240.696818
     861000 -239.589002
     862000 -243.738975
     863000 -238.622147
     864000 -238.875060
     865000 -242.993783
     866000 -239.258985
     867000 -240.005009
     868000 -242.305557
     869000 -244.691242
     870000 -239.582760
     871000 -240.136559
     872000 -242.324028
     873000 -240.302876
     874000 -238.679722
     875000 -243.066558
     876000 -243.961522
     877000 -238.820822
     878000 -239.732265
     879000 -238.773533
     880000 -238.409332
     881000 -240.398589
     882000 -239.906102
     883000 -242.526748
     884000 -239.454067
     885000 -242.685836
     886000 -239.676004
     887000 -239.839795
     888000 -238.580297
     889000 -243.997888
     890000 -244.004668
     891000 -238.502700
     892000 -243.581047
     893000 -239.477988
     894000 -242.744521
     895000 -243.128327
     896000 -241.366185
     897000 -239.220999
     898000 -243.292458
     899000 -238.411589
     900000 -239.721738
     901000 -242.855269
     902000 -240.227911
     903000 -238.695176
     904000 -238.878264
     905000 -239.968674
     906000 -238.596483
     907000 -239.422856
     908000 -239.560121
     909000 -238.883808
     910000 -238.828553
     911000 -238.840057
     912000 -239.894428
     913000 -238.503960
     914000 -242.043718
     915000 -238.908998
     916000 -239.003097
     917000 -240.048847
     918000 -239.063677
     919000 -239.764623
     920000 -239.434805
     921000 -239.065967
     922000 -238.964883
     923000 -243.025229
     924000 -239.090736
     925000 -239.034566
     926000 -238.643848
     927000 -239.090839
     928000 -239.858624
     929000 -238.833143
     930000 -242.516555
     931000 -238.685427
     932000 -242.945393
     933000 -241.345172
     934000 -238.530680
     935000 -238.794987
     936000 -238.881229
     937000 -243.315935
     938000 -238.366029
     939000 -238.704323
     940000 -238.510205
     941000 -244.819435
     942000 -238.585570
     943000 -241.136913
     944000 -240.347143
     945000 -238.886969
     946000 -239.569792
     947000 -242.348513
     948000 -238.535737
     949000 -240.576151
     950000 -241.452767
     951000 -240.544974
     952000 -239.631869
     953000 -238.851872
     954000 -239.326032
     955000 -239.277138
     956000 -238.611974
     957000 -239.477578
     958000 -238.850799
     959000 -239.987762
     960000 -240.376213
     961000 -243.017258
     962000 -238.560360
     963000 -241.907822
     964000 -242.109558
     965000 -238.853710
     966000 -240.290244
     967000 -238.732746
     968000 -238.570879
     969000 -242.757756
     970000 -239.643825
     971000 -239.068973
     972000 -238.671422
     973000 -238.463616
     974000 -239.400132
     975000 -240.180011
     976000 -239.454482
     977000 -238.918057
     978000 -239.400403
     979000 -239.982626
     980000 -239.245350
     981000 -240.209433
     982000 -239.413626
     983000 -238.869355
     984000 -238.714026
     985000 -239.301242
     986000 -239.161802
     987000 -239.397814
     988000 -239.491152
     989000 -243.171850
     990000 -241.398092
     991000 -239.510293
     992000 -238.987057
     993000 -240.293984
     994000 -240.716202
     995000 -238.707883
     996000 -243.383434
     997000 -240.781414
     998000 -239.532323
     999000 -238.526282
    1000000 -239.499744
