       1000 -238.846982
       2000 -240.775895
       3000 -238.570601
       4000 -238.568603
       5000 -239.958076
       6000 -239.728058
       7000 -238.614055
       8000 -239.465928
       9000 -239.470992
      10000 -239.509234
      11000 -238.597192
      12000 -238.517732
      13000 -239.495835
      14000 -238.683068
      15000 -238.527504
      16000 -238.938284
      17000 -240.783758
      18000 -240.943737
      19000 -238.780675
      20000 -242.646035
      21000 -241.277183
      22000 -238.888070
      23000 -238.551183
      24000 -240.251689
      25000 -239.714705
      26000 -238.513993
      27000 -242.104382
      28000 -238.416295
      29000 -240.101862
      30000 -242.089630
      31000 -239.243664
      32000 -239.917957
      33000 -238.525882
      34000 -239.663941
      35000 -238.770554
      36000 -239.330388
      37000 -239.946221
      38000 -239.197912
      39000 -238.429737
      40000 -238.622490
      41000 -241.679000
      42000 -239.654478
      43000 -238.396526
      44000 -238.521236
      45000 -239.610490
      46000 -238.486156
      47000 -240.523818
      48000 -241.918242
      49000 -238.749802
      50000 -239.959348
      51000 -243.216248
      52000 -238.489278
      53000 -240.809466
      54000 -239.817353
      55000 -240.139603
      56000 -238.445458
      57000 -238.452612
      58000 -239.782741
      59000 -239.812034
      60000 -238.575742
      61000 -238.734200
      62000 -238.402357
      63000 -243.366010
      64000 -240.010798
      65000 -240.159969
      66000 -238.997996
      67000 -242.123582
      68000 -238.812839
      69000 -238.592962
      70000 -238.764035
      71000 -239.827190
      72000 -238.551855
      73000 -244.697128
      74000 -238.780224
      75000 -240.600400
      76000 -239.480507
      77000 -238.502787
      78000 -239.543717
      79000 -240.219774
      80000 -238.616575
      81000 -239.430001
      82000 -238.914361
      83000 -238.416635
      84000 -239.581524
      85000 -239.084977
      86000 -244.660142
      87000 -240.244966
      88000 -238.823982
      89000 -239.346339
      90000 -238.669279
      91000 -243.808252
      92000 -242.155744
      93000 -238.588771
      94000 -238.722403
      95000 -238.576873
      96000 -238.723797
      97000 -239.321283
      98000 -240.082599
      99000 -239.046965
     100000 -240.457749
     101000 -239.224569
     102000 -238.989503
     103000 -243.835880
     104000 -238.727612
     105000 -240.406179
     106000 -239.161205
     107000 -245.169080
     108000 -242.834581
     109000 -239.273997
     110000 -243.287016
     111000 -247.875973
     112000 -238.721817
     113000 -240.399807
     114000 -238.473758
     115000 -239.801814
     116000 -238.959586
     117000 -238.431301
     118000 -240.611509
     119000 -241.184742
     120000 -239.535588
     121000 -239.447429
     122000 -238.405058
     123000 -238.417372
     124000 -239.515112
     125000 -239.656308
     126000 -238.592360
     127000 -240.010434
     128000 -243.885296
     129000 -239.594793
     130000 -238.410661
     131000 -240.491954
     132000 -239.801238
     133000 -245.736382
     134000 -241.188873
     135000 -238.529975
     136000 -238.647380
     137000 -238.710951
     138000 -238.560397
     139000 -241.431214
     140000 -239.479236
     141000 -240.593554
     142000 -242.660710
     143000 -238.392526
     144000 -242.258969
     145000 -244.316715
     146000 -239.234383
     147000 -243.729717
     148000 -240.045894
     149000 -238.630890
     150000 -238.643086
     151000 -240.219142
     152000 -239.200656
     153000 -238.516885
     154000 -242.890898
     155000 -238.494493
     156000 -239.189999
     157000 -238.832144
     158000 -238.629717
     159000 -240.716962
     160000 -239.045098
     161000 -238.958567
     162000 -239.183884
     163000 -238.635355
     164000 -241.141217
     165000 -240.073871
     166000 -241.234536
     167000 -238.735151
     168000 -239.987967
     169000 -239.585957
     170000 -240.477309
     171000 -239.497783
     172000 -239.864112
     173000 -239.640156
     174000 -239.102739
     175000 -240.100349
     176000 -240.096919
     177000 -243.315815
     178000 -239.271153
     179000 -238.789522
     180000 -238.835474
     181000 -238.507897
     182000 -239.517163
     183000 -243.359251
     184000 -238.929480
     185000 -239.659974
     186000 -241.241121
     187000 -238.492139
     188000 -243.108828
     189000 -238.984641
     190000 -242.348296
     191000 -238.379933
     192000 -239.845079
     193000 -238.544297
     194000 -238.610892
     195000 -239.389819
     196000 -242.200002
     197000 -238.720916
     198000 -241.244113
     199000 -238.603842
     200000 -238.405709
     201000 -238.969089
     202000 -240.416202
     203000 -246.232861
     204000 -241.537592
     205000 -238.753096
     206000 -238.985363
     207000 -239.648207
     208000 -240.266073
     209000 -238.666263
     210000 -238.894332
     211000 -240.231480
     212000 -239.445488
     213000 -238.404860
     214000 -242.817379
     215000 -238.749210
     216000 -240.330257
     217000 -245.558978
     218000 -238.410121
     219000 -240.094525
     220000 -243.453445
     221000 -241.147434
     222000 -238.584113
     223000 -239.496225
     224000 -239.442203
     225000 -240.089319
     226000 -239.389701
     227000 -240.222113
     228000 -238.888627
     229000 -239.863105
     230000 -243.686042
     231000 -238.657305
     232000 -238.399189
     233000 -239.154302
     234000 -238.878018
     235000 -241.268434
     236000 -238.501925
     237000 -239.270446
     238000 -240.090877
     239000 -239.606969
     240000 -240.310353
     241000 -238.370957
     242000 -239.844051
     243000 -242.973759
     244000 -239.060667
     245000 -240.113049
     246000 -239.615536
     247000 -240.810713
     248000 -242.410536
     249000 -240.254762
     250000 -244.627002
     251000 -238.625571
     252000 -242.815589
     253000 -238.738893
     254000 -242.962652
     255000 -238.678596
     256000 -239.950555
     257000 -239.025988
     258000 -242.507030
     259000 -240.621438
     260000 -238.472142
     261000 -246.209129
     262000 -240.295893
     263000 -242.787256
     264000 -239.036355
     265000 -238.709401
     266000 -241.415057
     267000 -239.695309
     268000 -239.105021
     269000 -238.515519
     270000 -238.546050
     271000 -242.808361
     272000 -238.508310
     273000 -239.406327
     274000 -239.459810
     275000 -238.436567
     276000 -238.459046
     277000 -238.854118
     278000 -239.261309
     279000 -242.993993
     280000 -239.143205
     281000 -238.732449
     282000 -239.163703
     283000 -238.789763
     284000 -239.441935
     285000 -241.547543
     286000 -238.782321
     287000 -238.531725
     288000 -242.498930
     289000 -238.884263
     290000 -239.269400
     291000 -240.843210
     292000 -239.047606
     293000 -239.142723
     294000 -240.037409
     295000 -243.134760
     296000 -239.287469
     297000 -240.526094
     298000 -245.743604
     299000 -239.990275
     300000 -239.999346
     301000 -239.045286
     302000 -241.373063
     303000 -242.839274
     304000 -238.482272
     305000 -240.979709
     306000 -238.987216
     307000 -239.336572
     308000 -238.387713
     309000 -238.501792
     310000 -239.968822
     311000 -241.599432
     312000 -239.039454
     313000 -239.442433
     314000 -238.423658
     315000 -239.150205
     316000 -239.771590
     317000 -238.926728
     318000 -238.780436
     319000 -240.364660
     320000 -239.866446
     321000 -239.118849
     322000 -242.691045
     323000 -239.108168
     324000 -238.946214
     325000 -239.978625
     326000 -241.218842
     327000 -239.237700
     328000 -238.773047
     329000 -242.424956
     330000 -239.641713
     331000 -239.984651
     332000 -239.539917
     333000 -238.660192
     334000 -239.874957
     335000 -238.866100
     336000 -239.572030
     337000 -240.156091
     338000 -240.567566
     339000 -238.585399
     340000 -240.814685
     341000 -238.786149
     342000 -239.352750
     343000 -238.442386
     344000 -243.040672
     345000 -241.768029
     346000 -238.743865
     347000 -240.867721
     348000 -243.059951
     349000 -243.292463
     350000 -241.394057
     351000 -239.757212
     352000 -239.480662
     353000 -238.394048
     354000 -240.307249
     355000 -238.421578
     356000 -239.635848
     357000 -238.953871
     358000 -239.068452
     359000 -240.590034
     360000 -242.693958
     361000 -239.815409
     362000 -239.900607
     363000 -240.888609
     364000 -238.815454
     365000 -239.764067
     366000 -240.223941
     367000 -238.829321
     368000 -239.549457
     369000 -239.290654
     370000 -239.530507
     371000 -244.841319
     372000 -238.674733
     373000 -244.732564
     374000 -239.265127
     375000 -240.010719
     376000 -238.366673
     377000 -238.803747
     378000 -239.621477
     379000 -241.351682
     380000 -239.557650
     381000 -239.018823
     382000 -242.616860
     383000 -243.084415
     384000 -239.935297
     385000 -246.258597
     386000 -238.473576
     387000 -238.615208
     388000 -240.739529
     389000 -239.165452
     390000 -238.964154
     391000 -238.495811
     392000 -239.186709
     393000 -239.591895
     394000 -240.226250
     395000 -238.565687
     396000 -238.823031
     397000 -240.147363
     398000 -239.946842
     399000 -238.570660
     400000 -239.450358
     401000 -239.599877
     402000 -238.910836
     403000 -250.825273
     404000 -244.601839
     405000 -239.435310
     406000 -238.480502
     407000 -239.339750
     408000 -240.689575
     409000 -239.576429
     410000 -238.499710
     411000 -238.655353
     412000 -238.858580
     413000 -240.136936
     414000 -238.459512
     415000 -239.438598
     416000 -244.779940
     417000 -241.631914
     418000 -239.863325
     419000 -239.315034
     420000 -239.348956
     421000 -241.111910
     422000 -240.248393
     423000 -238.987803
     424000 -238.697247
     425000 -239.202976
     426000 -239.290443
     427000 -240.120651
     428000 -240.241745
     429000 -238.726438
     430000 -238.482769
     431000 -239.086141
     432000 -245.257554
     433000 -241.893283
     434000 -240.397651
     435000 -239.265797
     436000 -239.833573
     437000 -244.198534
     438000 -239.350986
     439000 -239.368510
     440000 -239.234307
     441000 -240.711731
     442000 -240.790097
     443000 -240.326611
     444000 -241.035506
     445000 -239.534446
     446000 -238.534565
     447000 -239.307398
     448000 -242.346770
     449000 -239.641407
     450000 -241.217668
     451000 -238.870327
     452000 -243.611725
     453000 -244.260163
     454000 -238.589345
     455000 -240.896412
     456000 -238.933619
     457000 -241.129421
     458000 -238.799735
     459000 -239.358625
     460000 -238.766159
     461000 -240.046518
     462000 -239.418301
     463000 -238.539001
     464000 -239.244931
     465000 -244.724299
     466000 -239.499606
     467000 -242.628930
     468000 -239.579136
     469000 -246.717632
     470000 -243.176603
     471000 -242.693742
     472000 -242.374653
     473000 -242.660960
     474000 -238.502664
     475000 -242.765701
     476000 -239.426038
     477000 -239.998428
     478000 -239.687195
     479000 -239.636404
     480000 -238.845817
     481000 -238.578573
     482000 -243.334075
     483000 -240.523681
     484000 -241.761194
     485000 -240.524371
     486000 -239.506970
     487000 -240.715798
     488000 -238.491500
     489000 -239.737839
     490000 -241.787896
     491000 -238.600211
     492000 -238.581952
     493000 -238.973412
     494000 -240.240387
     495000 -239.330715
     496000 -239.687062
     497000 -239.497432
     498000 -238.855944
     499000 -238.390350
     500000 -243.004801
     501000 -240.640836
     502000 -244.620608
     503000 -239.867177
     504000 -240.393376
     505000 -239.564328
     506000 -238.534716
     507000 -238.553366
     508000 -240.475724
     509000 -238.757424
     510000 -239.820342
     511000 -239.458178
     512000 -241.749865
     513000 -239.184559
     514000 -239.363335
     515000 -242.612473
     516000 -245.573249
     517000 -239.375102
     518000 -239.893755
     519000 -239.028078
     520000 -239.409581
     521000 -238.890985
     522000 -242.831053
     523000 -239.405806
     524000 -238.371574
     525000 -239.330540
     526000 -239.708511
     527000 -239.188150
     528000 -240.853982
     529000 -241.427366
     530000 -240.253766
     531000 -238.989500
     532000 -239.384854
     533000 -243.682723
     534000 -239.169147
     535000 -242.259575
     536000 -240.224783
     537000 -240.106400
     538000 -240.925848
     539000 -238.417080
     540000 -242.730956
     541000 -239.770848
     542000 -243.875492
     543000 -245.223390
     544000 -239.367438
     545000 -238.724770
     546000 -239.041228
     547000 -238.900826
     548000 -242.325028
     549000 -239.435277
     550000 -240.131881
     551000 -238.394500
     552000 -238.580187
     553000 -239.560113
     554000 -241.016388
     555000 -243.439904
     556000 -243.448684
     557000 -240.323469
     558000 -239.387086
     559000 -239.171678
     560000 -239.475673
     561000 -241.042569
     562000 -239.356497
     563000 -242.662984
     564000 -242.890921
     565000 -240.407156
     566000 -240.321140
     567000 -238.438792
     568000 -238.964014
     569000 -238.621367
     570000 -241.317507
     571000 -238.560191
     572000 -238.813790
     573000 -242.403315
     574000 -239.142683
     575000 -239.647277
     576000 -239.705882
     577000 -241.200372
     578000 -239.760171
     579000 -238.949909
     580000 -240.445078
     581000 -238.372711
     582000 -238.612965
     583000 -239.112798
     584000 -242.100365
     585000 -238.745426
     586000 -240.204625
     587000 -243.132322
     588000 -242.737993
     589000 -240.178712
     590000 -240.750608
     591000 -240.247299
     592000 -238.374456
     593000 -238.985886
     594000 -242.529226
     595000 -239.933825
     596000 -238.865767
     597000 -243.559604
     598000 -240.301231
     599000 -240.012676
     600000 -238.365321
     601000 -238.875943
     602000 -240.279469
     603000 -239.357096
     604000 -239.834298
     605000 -238.581662
     606000 -238.822690
     607000 -240.375701
     608000 -239.133955
     609000 -238.727590
     610000 -239.959886
     611000 -238.964255
     612000 -239.352686
     613000 -239.487587
     614000 -242.843383
     615000 -238.982867
     616000 -241.806409
     617000 -240.387172
     618000 -240.620501
     619000 -238.944328
     620000 -238.973137
     621000 -239.731364
     622000 -239.113079
     623000 -238.464971
     624000 -241.063972
     625000 -238.646793
     626000 -238.639358
     627000 -247.995579
     628000 -241.030561
     629000 -241.992454
     630000 -241.039517
     631000 -238.409837
     632000 -238.769513
     633000 -241.546580
     634000 -238.757772
     635000 -242.281974
     636000 -238.651735
     637000 -238.916019
     638000 -244.571902
     639000 -239.309490
     640000 -239.924389
     641000 -238.952270
     642000 -239.538974
     643000 -239.911207
     644000 -239.320485
     645000 -242.977885
     646000 -243.832926
     647000 -239.605109
     648000 -244.495546
     649000 -239.332861
     650000 -239.202245
     651000 -239.380962
     652000 -240.712426
     653000 -238.767968
     654000 -239.467170
     655000 -239.868415
     656000 -239.305613
     657000 -238.562803
     658000 -239.468694
     659000 -241.483543
     660000 -238.511654
     661000 -239.156676
     662000 -242.576127
     663000 -243.081211
     664000 -240.811071
     665000 -238.905834
     666000 -241.276153
     667000 -238.625975
     668000 -238.530662
     669000 -243.065923
     670000 -240.087521
     671000 -240.629346
     672000 -239.875769
     673000 -239.252594
     674000 -242.394630
     675000 -239.503832
     676000 -238.419324
     677000 -238.412895
     678000 -238.603118
     679000 -241.099181
     680000 -241.649315
     681000 -239.215556
     682000 -238.484333
     683000 -238.664055
     684000 -238.521887
     685000 -240.942916
     686000 -238.407845
     687000 -239.768193
     688000 -238.402352
     689000 -241.960481
     690000 -238.668593
     691000 -238.828790
     692000 -238.776636
     693000 -238.617294
     694000 -238.899000
     695000 -239.286754
     696000 -238.482586
     697000 -241.835733
     698000 -239.886072
     699000 -240.709813
     700000 -238.856763
     701000 -239.367335
     702000 -238.863338
     703000 -238.754024
     704000 -239.598169
     705000 -238.612217
     706000 -239.364966
     707000 -238.713741
     708000 -240.159870
     709000 -239.217345
     710000 -242.843715
     711000 -240.323886
     712000 -239.313172
     713000 -239.111246
     714000 -242.564937
     715000 -239.686761
     716000 -238.759434
     717000 -241.228333
     718000 -244.543324
     719000 -239.802266
     720000 -239.874610
     721000 -238.419176
     722000 -239.472315
     723000 -240.904418
     724000 -238.801629
     725000 -239.654311
     726000 -240.718866
     727000 -238.750962
     728000 -241.728940
     729000 -239.546391
     730000 -243.161107
     731000 -238.591880
     732000 -239.173075
     733000 -239.515416
     734000 -238.882913
     735000 -241.168200
     736000 -241.334934
     737000 -238.856216
     738000 -240.017605
     739000 -239.643927
     740000 -238.651190
     741000 -238.455769
     742000 -238.657565
     743000 -239.487094
     744000 -241.190177
     745000 -238.698999
     746000 -243.349157
     747000 -241.441309
     748000 -238.363060
     749000 -238.695602
     750000 -239.505027
     751000 -240.589305
     752000 -238.656411
     753000 -238.728801
     754000 -239.091026
     755000 -238.632588
     756000 -239.573578
     757000 -239.441129
     758000 -238.480730
     759000 -238.539405
     760000 -239.441247
     761000 -238.848522
     762000 -240.482809
     763000 -239.878314
     764000 -243.103522
     765000 -239.555384
     766000 -239.742027
     767000 -240.365043
     768000 -242.555397
     769000 -240.186353
     770000 -239.191080
     771000 -238.730056
     772000 -239.250365
     773000 -241.453669
     774000 -238.594028
     775000 -238.688853
     776000 -241.828773
     777000 -239.437699
     778000 -239.291468
     779000 -244.557857
     780000 -239.471043
     781000 -245.626844
     782000 -240.321722
     783000 -239.453823
     784000 -238.406490
     785000 -239.515827
     786000 -238.628517
     787000 -242.806940
     788000 -242.844489
     789000 -239.874326
     790000 -238.409455
     791000 -239.358121
     792000 -239.363738
     793000 -242.413452
     794000 -238.987196
     795000 -238.893476
     796000 -241.928762
     797000 -239.823820
     798000 -239.624507
     799000 -239.429249
     800000 -239.272764
     801000 -238.961968
     802000 -239.902146
     803000 -240.462721
     804000 -239.421872
     805000 -238.557705
     806000 -238.805115
     807000 -241.828590
     808000 -238.551763
     809000 -244.001329
     810000 -238.493212
     811000 -239.760781
     812000 -240.566610
     813000 -239.047171
     814000 -238.623672
     815000 -239.345249
     816000 -238.821425
     817000 -239.420411
     818000 -240.763482
     819000 -240.893661
     820000 -238.510727
     821000 -241.374502
     822000 -238.517214
     823000 -239.955824
     824000 -240.102839
     825000 -239.313695
     826000 -245.535638
     827000 -240.118931
     828000 -239.691366
     829000 -238.377635
     830000 -238.766368
     831000 -238.519318
     832000 -239.547888
     833000 -238.880862
     834000 -238.946930
     835000 -239.540009
     836000 -242.712381
     837000 -240.757104
     838000 -239.176418
     839000 -238.503418
     840000 -245.405083
     841000 -241.255451
     842000 -239.658592
     843000 -241.629125
     844000 -239.012572
     845000 -243.890758
     846000 -239.430052
     847000 -239.532524
     848000 -238.787627
     849000 -239.752102
     850000 -242.293079
     851000 -238.450844
     852000 -239.367162
     853000 -239.002782
     854000 -239.192109
     855000 -238.879312
     856000 -238.508351
     857000 -238.570449
     858000 -238.574715
     859000 -238.989873
     860000 -244.958362
     861000 -240.497016
     862000 -240.596245
     863000 -238.723611
     864000 -242.702365
     865000 -242.763206
     866000 -239.417875
     867000 -241.993618
     868000 -238.417911
     869000 -242.361311
     870000 -241.362492
     871000 -238.755660
     872000 -239.779933
     873000 -240.862637
     874000 -239.074578
     875000 -240.531702
     876000 -239.802731
     877000 -238.775015
     878000 -241.205336
     879000 -238.405306
     880000 -238.834193
     881000 -238.722894
     882000 -238.478259
     883000 -240.328793
     884000 -244.313806
     885000 -240.284682
     886000 -239.268085
     887000 -241.204190
     888000 -240.107291
     889000 -239.909681
     890000 -246.178958
     891000 -239.439128
     892000 -239.350058
     893000 -238.672243
     894000 -239.607160
     895000 -239.589912
     896000 -238.812802
     897000 -238.381944
     898000 -238.685602
     899000 -242.445048
     900000 -242.949337
     901000 -238.801593
     902000 -238.821205
     903000 -246.351485
     904000 -238.450214
     905000 -238.515635
     906000 -243.597359
     907000 -241.561507
     908000 -238.521211
     909000 -241.849964
     910000 -241.800510
     911000 -242.693034
     912000 -239.262885
     913000 -240.185535
     914000 -238.856928
     915000 -238.915923
     916000 -238.834626
     917000 -240.172275
     918000 -240.726021
     919000 -238.542717
     920000 -241.779345
     921000 -242.167611
     922000 -238.917691
     923000 -238.539972
     924000 -242.643754
     925000 -239.145829
     926000 -240.762782
     927000 -240.087939
     928000 -239.310240
     929000 -239.270579
     930000 -240.075726
     931000 -238.972564
     932000 -242.664821
     933000 -239.394505
     934000 -240.559635
     935000 -240.283318
     936000 -241.789976
     937000 -243.351453
     938000 -238.744499
     939000 -238.575878
     940000 -239.658278
     941000 -242.318396
     942000 -238.929978
     943000 -242.595534
     944000 -239.262543
     945000 -238.640434
     946000 -243.494131
     947000 -239.628568
     948000 -239.406317
     949000 -238.885763
     950000 -238.622897
     951000 -244.319735
     952000 -242.772724
     953000 -242.368485
     954000 -238.938475
     955000 -238.707716
     956000 -238.959755
     957000 -246.395272
     958000 -238.801314
     959000 -238.655163
     960000 -239.125097
     961000 -238.523082
     962000 -238.650963
     963000 -239.328599
     964000 -238.469527
     965000 -238.472261
     966000 -243.259149
     967000 -242.280659
     968000 -238.420907
     969000 -240.607963
     970000 -238.639193
     971000 -239.328537
     972000 -238.858478
     973000 -238.623784
     974000 -243.460987
     975000 -238.399725
     976000 -242.276486
     977000 -239.073304
     978000 -238.656795
     979000 -243.859524
     980000 -242.330299
     981000 -238.422614
     982000 -239.134834
     983000 -238.534149
     984000 -242.883650
     985000 -243.325036
     986000 -239.082644
     987000 -239.310271
     988000 -238.379805
     989000 -239.694699
     990000 -239.785118
     991000 -240.063640
     992000 -238.766685
     993000 -240.359115
     994000 -241.466003
     995000 -238.569848
     996000 -239.855406
     997000 -242.378249
     998000 -238.639415
     999000 -242.220855
    1000000 -239.574408
