       1000 -26663.468086
       2000 -26664.715907
       3000 -26663.455885
       4000 -26663.611051
       5000 -26666.006192
       6000 -26665.059296
       7000 -26663.436361
       8000 -26663.437374
       9000 -26663.519361
      10000 -26663.848470
      11000 -26663.479019
      12000 -26663.658489
      13000 -26664.711000
      14000 -26665.036234
      15000 -26663.577368
      16000 -26663.432070
      17000 -26663.981543
      18000 -26663.471347
      19000 -26663.429545
      20000 -26663.864856
      21000 -26663.939729
      22000 -26663.873504
      23000 -26665.609103
      24000 -26663.873190
      25000 -26663.993528
      26000 -26663.750203
      27000 -26663.551857
      28000 -26663.669809
      29000 -26663.446449
      30000 -26663.476096
      31000 -26663.460182
      32000 -26663.451505
      33000 -26663.463367
      34000 -26663.750167
      35000 -26664.277097
      36000 -26663.642556
      37000 -26663.531461
      38000 -26664.416070
      39000 -26663.461652
      40000 -26663.664365
      41000 -26663.560736
      42000 -26664.611913
      43000 -26665.197272
      44000 -26663.672471
      45000 -26663.775780
      46000 -26666.121326
      47000 -26665.113412
      48000 -26663.559978
      49000 -26663.472336
      50000 -26663.441870
      51000 -26663.529632
      52000 -26665.273840
      53000 -26663.683004
      54000 -26663.781876
      55000 -26665.431068
      56000 -26663.974613
      57000 -26663.612154
      58000 -26663.447269
      59000 -26663.733653
      60000 -26665.948427
      61000 -26664.038901
      62000 -26663.602994
      63000 -26663.915688
      64000 -26663.475607
      65000 -26663.611667
      66000 -26664.099902
      67000 -26663.959166
      68000 -26664.266384
      69000 -26663.510549
      70000 -26666.549445
      71000 -26663.473612
      72000 -26664.240867
      73000 -26663.599272
      74000 -26663.532682
      75000 -26663.460241
      76000 -26665.358726
      77000 -26663.446444
      78000 -26663.648623
      79000 -26664.578956
      80000 -26663.436080
      81000 -26663.610905
      82000 -26663.520549
      83000 -26663.447059
      84000 -26663.434093
      85000 -26663.468377
      86000 -26663.819287
      87000 -26663.442742
      88000 -26663.444561
      89000 -26663.856133
      90000 -26664.596157
      91000 -26663.935186
      92000 -26664.223884
      93000 -26664.417717
      94000 -26663.623184
      95000 -26668.086104
      96000 -26663.490055
      97000 -26663.656405
      98000 -26663.478812
      99000 -26663.699993
     100000 -26664.338393
     101000 -26665.194500
     102000 -26663.699223
     103000 -26663.750569
     104000 -26663.429961
     105000 -26663.611308
     106000 -26664.428854
     107000 -26663.574313
     108000 -26663.722637
     109000 -26663.430136
     110000 -26663.491064
     111000 -26663.476783
     112000 -26663.497600
     113000 -26663.450844
     114000 -26664.382994
     115000 -26664.179489
     116000 -26664.392018
     117000 -26663.678570
     118000 -26665.442738
     119000 -26663.537134
     120000 -26663.661369
     121000 -26663.555440
     122000 -26663.480232
     123000 -26663.568119
     124000 -26663.704844
     125000 -26663.583997
     126000 -26664.356586
     127000 -26663.665079
     128000 -26664.065548
     129000 -26665.573203
     130000 -26663.982375
     131000 -26664.228088
     132000 -26663.564787
     133000 -26663.455315
     134000 -26664.931742
     135000 -26663.446137
     136000 -26663.634993
     137000 -26663.490056
     138000 -26663.697759
     139000 -26663.574923
     140000 -26666.183252
     141000 -26663.522004
     142000 -26663.758879
     143000 -26663.685500
     144000 -26664.270334
     145000 -26663.428419
     146000 -26663.437111
     147000 -26664.888874
     148000 -26663.454350
     149000 -26663.834158
     150000 -26663.429806
     151000 -26663.455726
     152000 -26664.266367
     153000 -26663.926630
     154000 -26663.477489
     155000 -26663.551004
     156000 -26663.559781
     157000 -26663.924936
     158000 -26663.531298
     159000 -26663.595486
     160000 -26663.460947
     161000 -26664.380326
     162000 -26663.428722
     163000 -26663.873716
     164000 -26663.491935
     165000 -26664.910472
     166000 -26663.462370
     167000 -26664.201195
     168000 -26663.713232
     169000 -26663.445298
     170000 -26663.515608
     171000 -26664.331408
     172000 -26663.465940
     173000 -26663.450682
     174000 -26663.429003
     175000 -26663.442947
     176000 -26663.474925
     177000 -26664.429390
     178000 -26664.128082
     179000 -26664.418499
     180000 -26664.208267
     181000 -26665.279965
     182000 -26663.743096
     183000 -26663.867268
     184000 -26663.712872
     185000 -26664.406164
     186000 -26663.675669
     187000 -26663.428879
     188000 -26663.429272
     189000 -26664.167393
     190000 -26663.477322
     191000 -26663.428847
     192000 -26663.447404
     193000 -26664.083768
     194000 -26663.612847
     195000 -26664.031118
     196000 -26663.903529
     197000 -26664.409839
     198000 -26664.002550
     199000 -26664.658479
     200000 -26663.602001
     201000 -26663.779552
     202000 -26663.775245
     203000 -26663.472074
     204000 -26663.514611
     205000 -26663.776696
     206000 -26663.605370
     207000 -26663.479852
     208000 -26663.886838
     209000 -26663.440094
     210000 -26663.434382
     211000 -26663.559886
     212000 -26663.771434
     213000 -26664.075327
     214000 -26664.176375
     215000 -26664.229634
     216000 -26663.470539
     217000 -26665.172813
     218000 -26663.433540
     219000 -26664.053473
     220000 -26664.010491
     221000 -26663.429794
     222000 -26663.459159
     223000 -26664.466535
     224000 -26665.235139
     225000 -26663.489058
     226000 -26663.589056
     227000 -26664.265168
     228000 -26663.665916
     229000 -26664.083503
     230000 -26663.429991
     231000 -26663.486685
     232000 -26663.551240
     233000 -26663.761738
     234000 -26667.838460
     235000 -26663.620791
     236000 -26663.488212
     237000 -26663.459790
     238000 -26664.480498
     239000 -26663.664828
     240000 -26663.943633
     241000 -26663.429875
     242000 -26663.967593
     243000 -26665.519851
     244000 -26665.113881
     245000 -26664.361220
     246000 -26664.137323
     247000 -26663.719656
     248000 -26663.587153
     249000 -26663.609166
     250000 -26663.520973
     251000 -26663.603320
     252000 -26663.793489
     253000 -26663.524083
     254000 -26663.428626
     255000 -26663.948616
     256000 -26663.566395
     257000 -26664.371668
     258000 -26666.083858
     259000 -26663.467553
     260000 -26663.585570
     261000 -26663.463645
     262000 -26666.076911
     263000 -26664.490471
     264000 -26663.428472
     265000 -26663.450616
     266000 -26663.886216
     267000 -26663.518123
     268000 -26663.433438
     269000 -26663.574257
     270000 -26663.739158
     271000 -26663.517060
     272000 -26663.431199
     273000 -26666.485271
     274000 -26663.436427
     275000 -26663.614603
     276000 -26663.552484
     277000 -26664.364112
     278000 -26663.448195
     279000 -26663.439649
     280000 -26664.593559
     281000 -26663.761611
     282000 -26663.431225
     283000 -26663.571492
     284000 -26663.851424
     285000 -26663.438664
     286000 -26663.869676
     287000 -26664.132754
     288000 -26663.483578
     289000 -26665.890448
     290000 -26663.459955
     291000 -26663.767367
     292000 -26663.994193
     293000 -26663.979814
     294000 -26663.428450
     295000 -26664.601342
     296000 -26664.503588
     297000 -26663.431806
     298000 -26664.360655
     299000 -26663.726659
     300000 -26663.471115
     301000 -26664.345872
     302000 -26663.477849
     303000 -26663.428530
     304000 -26664.297779
     305000 -26663.438325
     306000 -26664.774787
     307000 -26664.243893
     308000 -26663.996813
     309000 -26663.442455
     310000 -26663.626943
     311000 -26663.989210
     312000 -26663.525774
     313000 -26664.874081
     314000 -26663.962980
     315000 -26663.529941
     316000 -26664.789411
     317000 -26663.458714
     318000 -26664.054902
     319000 -26665.807895
     320000 -26665.091115
     321000 -26663.459914
     322000 -26663.476409
     323000 -26663.473031
     324000 -26663.478067
     325000 -26665.586752
     326000 -26664.067828
     327000 -26664.112870
     328000 -26663.691117
     329000 -26663.428419
     330000 -26663.436875
     331000 -26663.453157
     332000 -26663.708085
     333000 -26663.475338
     334000 -26663.440683
     335000 -26663.462384
     336000 -26665.419146
     337000 -26664.451955
     338000 -26663.632754
     339000 -26663.742929
     340000 -26664.741861
     341000 -26664.943625
     342000 -26664.238288
     343000 -26663.491741
     344000 -26663.428473
     345000 -26663.713050
     346000 -26665.478554
     347000 -26663.440678
     348000 -26664.033326
     349000 -26663.974705
     350000 -26663.435740
     351000 -26663.864025
     352000 -26663.532776
     353000 -26663.755176
     354000 -26663.556181
     355000 -26663.480312
     356000 -26663.805792
     357000 -26663.838199
     358000 -26663.428621
     359000 -26663.463989
     360000 -26663.639254
     361000 -26663.697938
     362000 -26663.466693
     363000 -26663.538497
     364000 -26663.848695
     365000 -26663.438392
     366000 -26663.573611
     367000 -26663.501111
     368000 -26663.758039
     369000 -26664.055025
     370000 -26663.485004
     371000 -26663.446081
     372000 -26664.307152
     373000 -26663.435336
     374000 -26664.054965
     375000 -26664.530790
     376000 -26663.896119
     377000 -26664.829307
     378000 -26664.379346
     379000 -26663.625791
     380000 -26664.771629
     381000 -26663.438926
     382000 -26663.630014
     383000 -26664.792644
     384000 -26664.342735
     385000 -26664.299008
     386000 -26663.781521
     387000 -26663.476722
     388000 -26663.448085
     389000 -26663.431953
     390000 -26664.341004
     391000 -26663.682062
     392000 -26663.459110
     393000 -26663.437696
     394000 -26663.505924
     395000 -26664.004057
     396000 -26664.314132
     397000 -26663.430628
     398000 -26663.695609
     399000 -26663.963380
     400000 -26663.825576
     401000 -26663.468149
     402000 -26663.442739
     403000 -26663.803606
     404000 -26663.834457
     405000 -26664.100244
     406000 -26663.722576
     407000 -26663.537544
     408000 -26663.578693
     409000 -26663.439484
     410000 -26663.547723
     411000 -26664.062425
     412000 -26664.336650
     413000 -26663.459391
     414000 -26663.557873
     415000 -26663.444574
     416000 -26663.520008
     417000 -26664.371717
     418000 -26663.634431
     419000 -26664.358595
     420000 -26665.700557
     421000 -26664.330235
     422000 -26663.632641
     423000 -26663.591897
     424000 -26667.814658
     425000 -26663.481353
     426000 -26663.994322
     427000 -26663.529041
     428000 -26663.521283
     429000 -26664.531502
     430000 -26664.003770
     431000 -26667.318807
     432000 -26663.440602
     433000 -26663.493670
     434000 -26663.468105
     435000 -26663.463029
     436000 -26664.109613
     437000 -26663.494722
     438000 -26663.518626
     439000 -26664.543386
     440000 -26663.505390
     441000 -26664.095923
     442000 -26664.233959
     443000 -26663.684373
     444000 -26663.428608
     445000 -26663.928597
     446000 -26664.273791
     447000 -26663.586446
     448000 -26663.433303
     449000 -26663.602572
     450000 -26665.104092
     451000 -26663.657297
     452000 -26663.451722
     453000 -26663.571348
     454000 -26663.469139
     455000 -26664.160743
     456000 -26663.757137
     457000 -26663.834305
     458000 -26664.699232
     459000 -26663.510446
     460000 -26663.488409
     461000 -26663.437875
     462000 -26665.511177
     463000 -26663.855649
     464000 -26663.553532
     465000 -26663.605171
     466000 -26663.433266
     467000 -26663.435035
     468000 -26663.433760
     469000 -26665.249947
     470000 -26663.435797
     471000 -26664.700730
     472000 -26663.429594
     473000 -26663.917994
     474000 -26664.412979
     475000 -26663.681279
     476000 -26663.442689
     477000 -26665.026490
     478000 -26663.456498
     479000 -26663.530453
     480000 -26663.558853
     481000 -26663.428460
     482000 -26663.809941
     483000 -26663.450848
     484000 -26666.915917
     485000 -26664.077464
     486000 -26663.506458
     487000 -26664.438313
     488000 -26663.431403
     489000 -26663.433493
     490000 -26663.869512
     491000 -26663.553421
     492000 -26664.990452
     493000 -26667.009067
     494000 -26664.326698
     495000 -26667.199474
     496000 -26663.449731
     497000 -26663.590355
     498000 -26663.686096
     499000 -26664.706856
     500000 -26663.638536
     501000 -26665.236060
     502000 -26663.442956
     503000 -26663.472024
     504000 -26663.448257
     505000 -26663.447301
     506000 -26663.432533
     507000 -26663.669640
     508000 -26665.012704
     509000 -26665.391862
     510000 -26663.447825
     511000 -26663.441319
     512000 -26663.458246
     513000 -26663.772033
     514000 -26663.451035
     515000 -26663.465810
     516000 -26663.483744
     517000 -26663.435399
     518000 -26663.428582
     519000 -26663.888616
     520000 -26663.867996
     521000 -26664.287644
     522000 -26663.486921
     523000 -26666.772255
     524000 -26663.434057
     525000 -26663.975289
     526000 -26664.083695
     527000 -26664.248988
     528000 -26663.798322
     529000 -26663.971931
     530000 -26663.970218
     531000 -26665.139605
     532000 -26663.477868
     533000 -26663.486258
     534000 -26663.429609
     535000 -26663.438305
     536000 -26663.912582
     537000 -26663.428479
     538000 -26663.434443
     539000 -26663.429641
     540000 -26663.715466
     541000 -26663.429421
     542000 -26663.513216
     543000 -26665.062502
     544000 -26663.437196
     545000 -26663.430140
     546000 -26663.481245
     547000 -26663.635489
     548000 -26663.760376
     549000 -26665.610718
     550000 -26664.231070
     551000 -26663.530883
     552000 -26663.992561
     553000 -26664.337375
     554000 -26663.792084
     555000 -26663.472778
     556000 -26663.502431
     557000 -26663.576858
     558000 -26663.822484
     559000 -26663.622321
     560000 -26667.074757
     561000 -26663.439340
     562000 -26663.446515
     563000 -26663.572344
     564000 -26664.745025
     565000 -26663.428428
     566000 -26664.384998
     567000 -26663.428582
     568000 -26663.591293
     569000 -26664.174630
     570000 -26663.436843
     571000 -26664.466031
     572000 -26663.541451
     573000 -26663.506569
     574000 -26663.450416
     575000 -26663.562140
     576000 -26664.306216
     577000 -26663.438123
     578000 -26664.866811
     579000 -26663.429092
     580000 -26663.551840
     581000 -26663.666431
     582000 -26664.051189
     583000 -26664.802486
     584000 -26664.321745
     585000 -26663.957836
     586000 -26663.477769
     587000 -26663.715732
     588000 -26663.863330
     589000 -26663.588383
     590000 -26663.560719
     591000 -26663.428536
     592000 -26663.483556
     593000 -26663.601779
     594000 -26663.702062
     595000 -26663.484183
     596000 -26663.428473
     597000 -26664.041231
     598000 -26664.170960
     599000 -26663.655549
     600000 -26663.434365
     601000 -26664.768750
     602000 -26663.579090
     603000 -26663.511859
     604000 -26663.439004
     605000 -26663.720043
     606000 -26665.191521
     607000 -26663.479879
     608000 -26663.433989
     609000 -26663.457452
     610000 -26663.514533
     611000 -26663.593079
     612000 -26663.431133
     613000 -26663.528387
     614000 -26663.558114
     615000 -26664.744584
     616000 -26664.096134
     617000 -26663.538945
     618000 -26664.071361
     619000 -26664.439981
     620000 -26663.553792
     621000 -26667.770315
     622000 -26664.569283
     623000 -26663.814053
     624000 -26664.293132
     625000 -26663.429375
     626000 -26663.692939
     627000 -26663.509389
     628000 -26663.586113
     629000 -26663.809054
     630000 -26664.721578
     631000 -26663.865690
     632000 -26664.387814
     633000 -26663.457869
     634000 -26664.176831
     635000 -26663.973349
     636000 -26663.705273
     637000 -26667.916215
     638000 -26664.052768
     639000 -26663.430400
     640000 -26663.596266
     641000 -26663.891449
     642000 -26663.432795
     643000 -26663.758005
     644000 -26665.297453
     645000 -26664.703508
     646000 -26663.913493
     647000 -26664.076950
     648000 -26663.429058
     649000 -26663.614860
     650000 -26664.649683
     651000 -26663.744298
     652000 -26663.760795
     653000 -26663.469673
     654000 -26663.429039
     655000 -26663.872340
     656000 -26665.509335
     657000 -26663.560530
     658000 -26663.640624
     659000 -26663.803665
     660000 -26663.522037
     661000 -26664.056588
     662000 -26663.882166
     663000 -26664.704132
     664000 -26663.536326
     665000 -26664.135605
     666000 -26664.343643
     667000 -26664.498332
     668000 -26663.512552
     669000 -26664.791614
     670000 -26663.799471
     671000 -26664.861102
     672000 -26663.466470
     673000 -26663.512939
     674000 -26664.646920
     675000 -26664.219374
     676000 -26663.597511
     677000 -26663.787152
     678000 -26663.951504
     679000 -26663.428478
     680000 -26666.058356
     681000 -26664.342998
     682000 -26663.658956
     683000 -26663.888921
     684000 -26663.526860
     685000 -26664.620877
     686000 -26663.480539
     687000 -26663.469251
     688000 -26663.682039
     689000 -26663.502456
     690000 -26664.420858
     691000 -26664.580743
     692000 -26663.485139
     693000 -26663.579470
     694000 -26663.435488
     695000 -26663.428900
     696000 -26664.203778
     697000 -26663.529963
     698000 -26663.434409
     699000 -26663.581189
     700000 -26663.725773
     701000 -26665.179305
     702000 -26664.774683
     703000 -26663.449756
     704000 -26663.476147
     705000 -26663.954549
     706000 -26663.898672
     707000 -26663.730756
     708000 -26664.408780
     709000 -26663.803775
     710000 -26663.429594
     711000 -26663.468957
     712000 -26664.259033
     713000 -26663.445049
     714000 -26663.630514
     715000 -26663.448891
     716000 -26664.910946
     717000 -26664.099183
     718000 -26663.429885
     719000 -26664.115205
     720000 -26664.244922
     721000 -26663.696383
     722000 -26663.577447
     723000 -26667.383502
     724000 -26664.120391
     725000 -26663.429641
     726000 -26663.885422
     727000 -26665.237939
     728000 -26663.749709
     729000 -26663.430370
     730000 -26663.813606
     731000 -26663.650898
     732000 -26663.805419
     733000 -26664.758522
     734000 -26663.799094
     735000 -26663.813767
     736000 -26663.439388
     737000 -26663.437928
     738000 -26663.616841
     739000 -26663.705812
     740000 -26663.615257
     741000 -26664.071818
     742000 -26663.837826
     743000 -26663.506177
     744000 -26663.521954
     745000 -26663.451672
     746000 -26663.711004
     747000 -26664.332131
     748000 -26664.168272
     749000 -26663.529981
     750000 -26663.658858
     751000 -26663.767791
     752000 -26663.738776
     753000 -26663.737678
     754000 -26663.429146
     755000 -26663.544252
     756000 -26663.679821
     757000 -26665.315184
     758000 -26663.455928
     759000 -26664.733248
     760000 -26663.918899
     761000 -26663.823346
     762000 -26664.885991
     763000 -26663.999326
     764000 -26663.688815
     765000 -26663.642254
     766000 -26664.493497
     767000 -26664.173614
     768000 -26663.718336
     769000 -26663.521402
     770000 -26663.428538
     771000 -26663.661958
     772000 -26663.947318
     773000 -26663.997619
     774000 -26663.528388
     775000 -26663.596217
     776000 -26663.677396
     777000 -26663.428412
     778000 -26665.216580
     779000 -26665.777206
     780000 -26663.536272
     781000 -26663.450121
     782000 -26663.694094
     783000 -26663.477170
     784000 -26663.430411
     785000 -26663.431510
     786000 -26663.855122
     787000 -26664.012180
     788000 -26663.465863
     789000 -26664.227565
     790000 -26663.437606
     791000 -26663.509367
     792000 -26663.435129
     793000 -26664.168983
     794000 -26663.588433
     795000 -26663.431530
     796000 -26665.910433
     797000 -26664.800107
     798000 -26663.534284
     799000 -26664.849733
     800000 -26664.448631
     801000 -26663.439821
     802000 -26663.739858
     803000 -26663.866543
     804000 -26663.444849
     805000 -26663.443237
     806000 -26664.417774
     807000 -26663.685892
     808000 -26663.619315
     809000 -26664.211158
     810000 -26663.514378
     811000 -26663.565785
     812000 -26663.668163
     813000 -26663.665746
     814000 -26663.480394
     815000 -26663.431935
     816000 -26663.744371
     817000 -26666.801447
     818000 -26664.286958
     819000 -26663.482847
     820000 -26663.600400
     821000 -26663.635023
     822000 -26663.537975
     823000 -26664.149433
     824000 -26663.467203
     825000 -26663.555104
     826000 -26663.880949
     827000 -26663.507460
     828000 -26663.474162
     829000 -26663.433310
     830000 -26663.732270
     831000 -26663.697487
     832000 -26663.687095
     833000 -26663.476570
     834000 -26663.439408
     835000 -26664.549384
     836000 -26663.467349
     837000 -26664.032682
     838000 -26663.928478
     839000 -26663.770448
     840000 -26663.747766
     841000 -26663.498123
     842000 -26663.567350
     843000 -26663.455184
     844000 -26663.527866
     845000 -26663.602802
     846000 -26663.529123
     847000 -26663.517332
     848000 -26663.828511
     849000 -26663.592083
     850000 -26663.580807
     851000 -26663.965421
     852000 -26663.900794
     853000 -26664.161044
     854000 -26666.806715
     855000 -26663.428668
     856000 -26663.492706
     857000 -26664.753936
     858000 -26663.430037
     859000 -26663.535591
     860000 -26663.615081
     861000 -26663.802916
     862000 -26663.711630
     863000 -26664.733850
     864000 -26663.558574
     865000 -26666.515533
     866000 -26665.255430
     867000 -26663.628331
     868000 -26663.430424
     869000 -26664.283476
     870000 -26665.871760
     871000 -26663.478719
     872000 -26664.185223
     873000 -26663.577447
     874000 -26663.448388
     875000 -26665.667272
     876000 -26663.467084
     877000 -26663.475709
     878000 -26663.454349
     879000 -26663.557480
     880000 -26664.201457
     881000 -26663.538803
     882000 -26666.407549
     883000 -26663.515967
     884000 -26663.467088
     885000 -26664.091181
     886000 -26664.445479
     887000 -26663.431757
     888000 -26665.142850
     889000 -26663.468718
     890000 -26664.566295
     891000 -26663.788344
     892000 -26663.429535
     893000 -26665.315808
     894000 -26663.498413
     895000 -26663.497755
     896000 -26664.752582
     897000 -26663.971419
     898000 -26663.751349
     899000 -26665.255293
     900000 -26663.559596
     901000 -26663.442905
     902000 -26664.796406
     903000 -26663.480551
     904000 -26663.428941
     905000 -26663.942792
     906000 -26663.663573
     907000 -26663.681768
     908000 -26663.878147
     909000 -26663.507000
     910000 -26663.605106
     911000 -26663.444088
     912000 -26663.623197
     913000 -26663.467195
     914000 -26663.582574
     915000 -26663.574910
     916000 -26663.515261
     917000 -26663.544592
     918000 -26663.522100
     919000 -26663.456091
     920000 -26663.838209
     921000 -26663.437330
     922000 -26664.154482
     923000 -26664.532485
     924000 -26663.879016
     925000 -26664.639049
     926000 -26664.092890
     927000 -26663.441687
     928000 -26663.525902
     929000 -26663.540444
     930000 -26663.528305
     931000 -26663.494329
     932000 -26663.489114
     933000 -26664.126538
     934000 -26663.475459
     935000 -26663.882568
     936000 -26663.612186
     937000 -26663.839405
     938000 -26663.693622
     939000 -26664.845225
     940000 -26663.680760
     941000 -26663.555875
     942000 -26663.453144
     943000 -26664.496538
     944000 -26664.015549
     945000 -26663.531735
     946000 -26663.443894
     947000 -26663.535277
     948000 -26663.736014
     949000 -26665.404362
     950000 -26664.254673
     951000 -26665.522738
     952000 -26663.471834
     953000 -26663.447215
     954000 -26663.957098
     955000 -26663.439892
     956000 -26664.348435
     957000 -26665.368235
     958000 -26664.171937
     959000 -26663.489206
     960000 -26663.485770
     961000 -26663.615269
     962000 -26663.441563
     963000 -26663.780913
     964000 -26663.782103
     965000 -26663.513448
     966000 -26663.505330
     967000 -26663.458172
     968000 -26663.431886
     969000 -26663.796546
     970000 -26664.114973
     971000 -26666.328972
     972000 -26664.388276
     973000 -26663.445142
     974000 -26665.488812
     975000 -26663.433851
     976000 -26663.430070
     977000 -26663.514660
     978000 -26663.432956
     979000 -26663.532372
     980000 -26663.431422
     981000 -26663.557906
     982000 -26664.366463
     983000 -26663.428425
     984000 -26664.371992
     985000 -26664.593222
     986000 -26663.428945
     987000 -26666.079290
     988000 -26663.533937
     989000 -26666.390231
     990000 -26663.949855
     991000 -26663.538622
     992000 -26663.624663
     993000 -26664.008043
     994000 -26664.504915
     995000 -26665.326483
     996000 -26663.666249
     997000 -26664.105554
     998000 -26664.143439
     999000 -26663.453657
    1000000 -26663.479649
