       1000 -821.309208
       2000 -821.645713
       3000 -822.645945
       4000 -821.578500
       5000 -824.133889
       6000 -821.710102
       7000 -821.677343
       8000 -821.512775
       9000 -821.452450
      10000 -823.843090
      11000 -822.601670
      12000 -821.472293
      13000 -821.966539
      14000 -821.567322
      15000 -821.444215
      16000 -821.311304
      17000 -821.378624
      18000 -821.899158
      19000 -821.797141
      20000 -821.418768
      21000 -821.574376
      22000 -821.469505
      23000 -821.443559
      24000 -827.429860
      25000 -823.395454
      26000 -822.066501
      27000 -821.791650
      28000 -823.023408
      29000 -823.413390
      30000 -821.672637
      31000 -821.460434
      32000 -823.326008
      33000 -821.767566
      34000 -821.410682
      35000 -824.039042
      36000 -821.942944
      37000 -821.443692
      38000 -821.459387
      39000 -821.687346
      40000 -821.309327
      41000 -821.841499
      42000 -823.322409
      43000 -821.444879
      44000 -822.520477
      45000 -821.480896
      46000 -823.265844
      47000 -821.411409
      48000 -821.306214
      49000 -821.304733
      50000 -827.378879
      51000 -822.829096
      52000 -821.311778
      53000 -821.501288
      54000 -826.478773
      55000 -821.404945
      56000 -822.391632
      57000 -821.597279
      58000 -822.558624
      59000 -821.301775
      60000 -821.448008
      61000 -828.207487
      62000 -821.458716
      63000 -821.539209
      64000 -821.804447
      65000 -822.357583
      66000 -821.301397
      67000 -821.507267
      68000 -821.474462
      69000 -821.815135
      70000 -823.825445
      71000 -821.312781
      72000 -821.544570
      73000 -821.443686
      74000 -821.822835
      75000 -821.530793
      76000 -821.391592
      77000 -821.779348
      78000 -821.969486
      79000 -821.548488
      80000 -824.295356
      81000 -821.701815
      82000 -821.410055
      83000 -821.507275
      84000 -821.432153
      85000 -823.059784
      86000 -821.314043
      87000 -821.521266
      88000 -821.463988
      89000 -821.323517
      90000 -825.720359
      91000 -822.908974
      92000 -822.210356
      93000 -821.370296
      94000 -821.757280
      95000 -821.373098
      96000 -821.493120
      97000 -821.796093
      98000 -821.599832
      99000 -821.806581
     100000 -821.526446
     101000 -821.482360
     102000 -822.332709
     103000 -821.445134
     104000 -823.968312
     105000 -821.834597
     106000 -824.123332
     107000 -822.265040
     108000 -822.450675
     109000 -821.465393
     110000 -821.352915
     111000 -821.453891
     112000 -821.583874
     113000 -821.954751
     114000 -821.517945
     115000 -821.422330
     116000 -821.511920
     117000 -827.773581
     118000 -822.682686
     119000 -821.452186
     120000 -821.433344
     121000 -821.713480
     122000 -823.218687
     123000 -821.726104
     124000 -823.418562
     125000 -821.447555
     126000 -821.570621
     127000 -822.119540
     128000 -821.470716
     129000 -822.209032
     130000 -821.479864
     131000 -822.499580
     132000 -821.460867
     133000 -823.338487
     134000 -822.127438
     135000 -824.267190
     136000 -821.749437
     137000 -821.544976
     138000 -821.843229
     139000 -828.258953
     140000 -821.501826
     141000 -821.408202
     142000 -821.610353
     143000 -821.554095
     144000 -824.145311
     145000 -821.749865
     146000 -826.221167
     147000 -821.340328
     148000 -821.876878
     149000 -822.158270
     150000 -822.033995
     151000 -821.526092
     152000 -823.397450
     153000 -821.440089
     154000 -821.453103
     155000 -822.191799
     156000 -821.524091
     157000 -821.465497
     158000 -821.581297
     159000 -824.512559
     160000 -821.381958
     161000 -821.557996
     162000 -822.546536
     163000 -821.724668
     164000 -821.676543
     165000 -822.386756
     166000 -827.054416
     167000 -821.846838
     168000 -821.513359
     169000 -822.502067
     170000 -821.451917
     171000 -823.159367
     172000 -821.442433
     173000 -822.204364
     174000 -822.155115
     175000 -821.799433
     176000 -821.705652
     177000 -823.034982
     178000 -821.469358
     179000 -823.708148
     180000 -830.311901
     181000 -821.478312
     182000 -821.553275
     183000 -821.473112
     184000 -823.489675
     185000 -821.788358
     186000 -822.722893
     187000 -821.456509
     188000 -823.665429
     189000 -823.496825
     190000 -822.812153
     191000 -821.692524
     192000 -823.562023
     193000 -821.504656
     194000 -821.992471
     195000 -821.513918
     196000 -821.450983
     197000 -821.566148
     198000 -822.008000
     199000 -822.963266
     200000 -821.574554
     201000 -821.452969
     202000 -821.724027
     203000 -821.648454
     204000 -821.532208
     205000 -821.443874
     206000 -822.697750
     207000 -821.494892
     208000 -821.526989
     209000 -822.056797
     210000 -821.631284
     211000 -821.453093
     212000 -821.419019
     213000 -821.494927
     214000 -822.764409
     215000 -822.038712
     216000 -821.528150
     217000 -823.721707
     218000 -821.474547
     219000 -821.637621
     220000 -822.459869
     221000 -821.687559
     222000 -822.017066
     223000 -821.620338
     224000 -825.896007
     225000 -821.460452
     226000 -821.337020
     227000 -821.481621
     228000 -821.902016
     229000 -821.614748
     230000 -821.685359
     231000 -821.475841
     232000 -821.405349
     233000 -822.160612
     234000 -821.584646
     235000 -821.798585
     236000 -821.487283
     237000 -823.681672
     238000 -821.491048
     239000 -821.902187
     240000 -821.307358
     241000 -822.178315
     242000 -821.433373
     243000 -821.451575
     244000 -821.477021
     245000 -821.475258
     246000 -822.565704
     247000 -821.300529
     248000 -821.326688
     249000 -821.576650
     250000 -823.304646
     251000 -823.871063
     252000 -821.447070
     253000 -821.428692
     254000 -822.347589
     255000 -821.772819
     256000 -821.418576
     257000 -825.093701
     258000 -821.426337
     259000 -826.020410
     260000 -821.574563
     261000 -823.344298
     262000 -821.867362
     263000 -822.697842
     264000 -821.301815
     265000 -821.567282
     266000 -821.408407
     267000 -822.568317
     268000 -821.943463
     269000 -821.470900
     270000 -821.996689
     271000 -823.776056
     272000 -821.473996
     273000 -821.522226
     274000 -821.498063
     275000 -823.056824
     276000 -823.305987
     277000 -822.865593
     278000 -822.581185
     279000 -821.301674
     280000 -821.550687
     281000 -823.440695
     282000 -821.434286
     283000 -821.300813
     284000 -821.493695
     285000 -821.449063
     286000 -822.634538
     287000 -822.580516
     288000 -821.567127
     289000 -821.735663
     290000 -821.444025
     291000 -821.559125
     292000 -821.820235
     293000 -821.469462
     294000 -823.558280
     295000 -822.050728
     296000 -822.118969
     297000 -821.376519
     298000 -826.133539
     299000 -821.446483
     300000 -821.308351
     301000 -821.304084
     302000 -822.454438
     303000 -821.519356
     304000 -821.308722
     305000 -821.461980
     306000 -821.619950
     307000 -823.401051
     308000 -821.923919
     309000 -822.073181
     310000 -821.785570
     311000 -822.868981
     312000 -821.310662
     313000 -824.103123
     314000 -827.742291
     315000 -828.735518
     316000 -822.129087
     317000 -821.316136
     318000 -826.104689
     319000 -822.704093
     320000 -821.461732
     321000 -822.781106
     322000 -825.661409
     323000 -821.471266
     324000 -821.445831
     325000 -822.141207
     326000 -821.916857
     327000 -821.443726
     328000 -821.591270
     329000 -821.467965
     330000 -821.485815
     331000 -825.824781
     332000 -821.452085
     333000 -821.449882
     334000 -821.435696
     335000 -822.818062
     336000 -822.152106
     337000 -826.361098
     338000 -821.991150
     339000 -821.918538
     340000 -821.451544
     341000 -821.605321
     342000 -821.308482
     343000 -821.981821
     344000 -821.407208
     345000 -821.447588
     346000 -822.219795
     347000 -823.338668
     348000 -821.519921
     349000 -821.800798
     350000 -821.336828
     351000 -823.607499
     352000 -822.700541
     353000 -823.891690
     354000 -821.461593
     355000 -822.322342
     356000 -823.330721
     357000 -823.251568
     358000 -821.714427
     359000 -822.236529
     360000 -822.014651
     361000 -823.407343
     362000 -823.227114
     363000 -822.257814
     364000 -821.526325
     365000 -821.481950
     366000 -821.559427
     367000 -821.487749
     368000 -822.315959
     369000 -821.802529
     370000 -824.347350
     371000 -822.363540
     372000 -821.333639
     373000 -821.635305
     374000 -821.447572
     375000 -821.424960
     376000 -821.567459
     377000 -821.668222
     378000 -821.706432
     379000 -821.620290
     380000 -821.847575
     381000 -821.314099
     382000 -821.909108
     383000 -821.918090
     384000 -823.976999
     385000 -822.085627
     386000 -821.309175
     387000 -821.300267
     388000 -823.556104
     389000 -822.252697
     390000 -821.592139
     391000 -821.450311
     392000 -821.456565
     393000 -821.307294
     394000 -821.451152
     395000 -822.579120
     396000 -822.991857
     397000 -821.360812
     398000 -821.763978
     399000 -821.540657
     400000 -822.092325
     401000 -825.731836
     402000 -821.511881
     403000 -822.343708
     404000 -821.451963
     405000 -821.609409
     406000 -823.140497
     407000 -821.463300
     408000 -821.559327
     409000 -821.886612
     410000 -822.946510
     411000 -821.470596
     412000 -831.096129
     413000 -821.792483
     414000 -823.435045
     415000 -823.703919
     416000 -821.303032
     417000 -821.305769
     418000 -821.446813
     419000 -821.637006
     420000 -823.390514
     421000 -822.313905
     422000 -823.463692
     423000 -821.503431
     424000 -821.303956
     425000 -821.535461
     426000 -821.400766
     427000 -825.096007
     428000 -821.459523
     429000 -821.498079
     430000 -821.459816
     431000 -823.333972
     432000 -822.059364
     433000 -821.659989
     434000 -821.617050
     435000 -825.716928
     436000 -821.565216
     437000 -821.580944
     438000 -823.540453
     439000 -821.420474
     440000 -821.773975
     441000 -821.484724
     442000 -821.303440
     443000 -821.443754
     444000 -821.566535
     445000 -821.409989
     446000 -823.481252
     447000 -821.450205
     448000 -821.304411
     449000 -821.401347
     450000 -824.333095
     451000 -821.548908
     452000 -822.065559
     453000 -822.777418
     454000 -822.273284
     455000 -822.487977
     456000 -821.356058
     457000 -822.497686
     458000 -823.922113
     459000 -821.950189
     460000 -821.412221
     461000 -823.335678
     462000 -821.523911
     463000 -821.836719
     464000 -821.426882
     465000 -824.514428
     466000 -821.375518
     467000 -821.482571
     468000 -821.773843
     469000 -821.727058
     470000 -821.616843
     471000 -822.333409
     472000 -822.118553
     473000 -821.450529
     474000 -821.564752
     475000 -821.559536
     476000 -823.836816
     477000 -825.988311
     478000 -821.434200
     479000 -822.104779
     480000 -824.251165
     481000 -821.908933
     482000 -823.959038
     483000 -821.400064
     484000 -821.998824
     485000 -821.682594
     486000 -822.573598
     487000 -825.822088
     488000 -821.615390
     489000 -821.686492
     490000 -822.001585
     491000 -821.397247
     492000 -821.443673
     493000 -824.377433
     494000 -821.454387
     495000 -821.794146
     496000 -822.361047
     497000 -822.620924
     498000 -822.037862
     499000 -821.647951
     500000 -822.197519
     501000 -822.466613
     502000 -821.520201
     503000 -821.452485
     504000 -821.405270
     505000 -821.678456
     506000 -821.506403
     507000 -822.113262
     508000 -821.455638
     509000 -821.618802
     510000 -821.886674
     511000 -821.616323
     512000 -821.766662
     513000 -821.554364
     514000 -821.458432
     515000 -821.406283
     516000 -821.801876
     517000 -821.500672
     518000 -821.904370
     519000 -821.582689
     520000 -821.518620
     521000 -821.592514
     522000 -822.208811
     523000 -821.396689
     524000 -823.063143
     525000 -821.598187
     526000 -821.472091
     527000 -821.646292
     528000 -822.387450
     529000 -821.761279
     530000 -823.563032
     531000 -822.163611
     532000 -821.336009
     533000 -822.849252
     534000 -823.170934
     535000 -821.767803
     536000 -826.561703
     537000 -823.599369
     538000 -823.000884
     539000 -825.841068
     540000 -821.439753
     541000 -821.349170
     542000 -821.999363
     543000 -826.542064
     544000 -823.935946
     545000 -822.331967
     546000 -822.287463
     547000 -822.381186
     548000 -821.401638
     549000 -821.817608
     550000 -822.703919
     551000 -821.450436
     552000 -821.453991
     553000 -821.578044
     554000 -821.655767
     555000 -822.216619
     556000 -821.630578
     557000 -821.589032
     558000 -825.602830
     559000 -821.724900
     560000 -821.404291
     561000 -821.716813
     562000 -821.484928
     563000 -821.777852
     564000 -822.023813
     565000 -821.695221
     566000 -821.595735
     567000 -821.485577
     568000 -821.697326
     569000 -821.846529
     570000 -822.860261
     571000 -821.444550
     572000 -821.513218
     573000 -821.309751
     574000 -821.690997
     575000 -821.894440
     576000 -821.448808
     577000 -821.650911
     578000 -821.317039
     579000 -822.112041
     580000 -821.455052
     581000 -823.082984
     582000 -821.337594
     583000 -821.960725
     584000 -826.013411
     585000 -821.869941
     586000 -822.146775
     587000 -823.398782
     588000 -821.629887
     589000 -821.461808
     590000 -821.382381
     591000 -821.665763
     592000 -821.335209
     593000 -826.549366
     594000 -821.636250
     595000 -821.446675
     596000 -821.325018
     597000 -821.409116
     598000 -822.294280
     599000 -821.454172
     600000 -822.173038
     601000 -821.445144
     602000 -821.322292
     603000 -822.094369
     604000 -821.608618
     605000 -821.424158
     606000 -821.941983
     607000 -821.447913
     608000 -821.840192
     609000 -821.719764
     610000 -825.633458
     611000 -821.520024
     612000 -822.058824
     613000 -826.040840
     614000 -821.674789
     615000 -822.305187
     616000 -821.327202
     617000 -829.821948
     618000 -821.868976
     619000 -821.562628
     620000 -821.455893
     621000 -821.402742
     622000 -821.402719
     623000 -823.240774
     624000 -823.994318
     625000 -821.517160
     626000 -821.828229
     627000 -821.555293
     628000 -823.347368
     629000 -821.339191
     630000 -821.644432
     631000 -822.028709
     632000 -821.423684
     633000 -821.491486
     634000 -821.666693
     635000 -821.819282
     636000 -821.513205
     637000 -826.188702
     638000 -821.397392
     639000 -823.305022
     640000 -823.484632
     641000 -822.732872
     642000 -823.334760
     643000 -821.450315
     644000 -822.660048
     645000 -821.703021
     646000 -821.405466
     647000 -821.575347
     648000 -821.445216
     649000 -821.460954
     650000 -821.446303
     651000 -825.025327
     652000 -821.430527
     653000 -824.434228
     654000 -821.324381
     655000 -821.398115
     656000 -821.455570
     657000 -821.397410
     658000 -821.941588
     659000 -821.595715
     660000 -823.802332
     661000 -822.676865
     662000 -823.095980
     663000 -823.714015
     664000 -823.061489
     665000 -822.182792
     666000 -821.805364
     667000 -823.471880
     668000 -821.462112
     669000 -821.475753
     670000 -821.451724
     671000 -821.603969
     672000 -823.454718
     673000 -821.953235
     674000 -821.300266
     675000 -821.710269
     676000 -821.322336
     677000 -828.235746
     678000 -822.088900
     679000 -821.454608
     680000 -821.645524
     681000 -821.572228
     682000 -823.305826
     683000 -821.468092
     684000 -821.459858
     685000 -823.569005
     686000 -821.496272
     687000 -821.391229
     688000 -822.002662
     689000 -822.119274
     690000 -821.855788
     691000 -821.748020
     692000 -825.996018
     693000 -821.456415
     694000 -822.517086
     695000 -821.520348
     696000 -822.066102
     697000 -821.313991
     698000 -821.451033
     699000 -821.445651
     700000 -821.399939
     701000 -821.915198
     702000 -822.811296
     703000 -821.594019
     704000 -822.342976
     705000 -821.936868
     706000 -821.637229
     707000 -821.486592
     708000 -821.535369
     709000 -826.423840
     710000 -821.514182
     711000 -823.440740
     712000 -821.899861
     713000 -821.438095
     714000 -821.471575
     715000 -821.574413
     716000 -821.422839
     717000 -821.446387
     718000 -821.960422
     719000 -821.704919
     720000 -823.289830
     721000 -821.817880
     722000 -821.817087
     723000 -825.868307
     724000 -821.664281
     725000 -822.972524
     726000 -822.652449
     727000 -821.503641
     728000 -821.965767
     729000 -821.415591
     730000 -821.847271
     731000 -821.477606
     732000 -821.403566
     733000 -821.493466
     734000 -823.575423
     735000 -824.212483
     736000 -821.584608
     737000 -821.934142
     738000 -821.977656
     739000 -824.588655
     740000 -822.664146
     741000 -821.490589
     742000 -821.447273
     743000 -821.497329
     744000 -821.729001
     745000 -821.349897
     746000 -821.590949
     747000 -825.761412
     748000 -821.451063
     749000 -821.572816
     750000 -821.569880
     751000 -821.733913
     752000 -823.800827
     753000 -821.966443
     754000 -821.314433
     755000 -821.368748
     756000 -821.546653
     757000 -822.413048
     758000 -821.488395
     759000 -821.475160
     760000 -823.602486
     761000 -821.510120
     762000 -821.486244
     763000 -825.812285
     764000 -822.150730
     765000 -821.728615
     766000 -830.468492
     767000 -821.300211
     768000 -821.447734
     769000 -821.682333
     770000 -821.972782
     771000 -821.478743
     772000 -821.878446
     773000 -821.397196
     774000 -821.589532
     775000 -821.541256
     776000 -821.415814
     777000 -821.760231
     778000 -821.974067
     779000 -821.826420
     780000 -822.889028
     781000 -823.100912
     782000 -822.919393
     783000 -821.300728
     784000 -822.065871
     785000 -821.720545
     786000 -821.319656
     787000 -827.162840
     788000 -821.699755
     789000 -822.299394
     790000 -823.306071
     791000 -821.582006
     792000 -821.522063
     793000 -821.541437
     794000 -825.895034
     795000 -821.768968
     796000 -823.280008
     797000 -821.607704
     798000 -822.347960
     799000 -821.490260
     800000 -821.325006
     801000 -823.468033
     802000 -821.497137
     803000 -821.322619
     804000 -821.560175
     805000 -821.788100
     806000 -821.552789
     807000 -821.487103
     808000 -824.431205
     809000 -821.329744
     810000 -821.822534
     811000 -825.910341
     812000 -821.397826
     813000 -823.460186
     814000 -821.718667
     815000 -821.444970
     816000 -821.405905
     817000 -821.312491
     818000 -821.460028
     819000 -827.341493
     820000 -821.904912
     821000 -821.843840
     822000 -821.621178
     823000 -827.974482
     824000 -825.827781
     825000 -823.356438
     826000 -821.541348
     827000 -822.240620
     828000 -824.448696
     829000 -821.401615
     830000 -821.457120
     831000 -821.734164
     832000 -823.513615
     833000 -821.623255
     834000 -821.775506
     835000 -823.151559
     836000 -821.898370
     837000 -823.019513
     838000 -821.450660
     839000 -821.708240
     840000 -822.090748
     841000 -824.250740
     842000 -822.091233
     843000 -821.436850
     844000 -821.622358
     845000 -821.460160
     846000 -821.331983
     847000 -821.680470
     848000 -822.451656
     849000 -824.592078
     850000 -821.363057
     851000 -821.594124
     852000 -821.313627
     853000 -822.894730
     854000 -822.068602
     855000 -823.309859
     856000 -825.692203
     857000 -821.637321
     858000 -823.263590
     859000 -823.691698
     860000 -821.521729
     861000 -822.467313
     862000 -821.397680
     863000 -821.541033
     864000 -821.968381
     865000 -822.507504
     866000 -821.794065
     867000 -822.000383
     868000 -824.334487
     869000 -821.396659
     870000 -821.397334
     871000 -821.415718
     872000 -821.895110
     873000 -821.670441
     874000 -821.491142
     875000 -822.452095
     876000 -821.409014
     877000 -821.504718
     878000 -821.538342
     879000 -821.944008
     880000 -822.986317
     881000 -821.447854
     882000 -821.399857
     883000 -821.407506
     884000 -822.336670
     885000 -821.928207
     886000 -822.035231
     887000 -821.524476
     888000 -821.570454
     889000 -821.465487
     890000 -821.476997
     891000 -821.463428
     892000 -821.311443
     893000 -821.498606
     894000 -823.596170
     895000 -821.857760
     896000 -821.635270
     897000 -822.324299
     898000 -821.676174
     899000 -826.042767
     900000 -821.833296
     901000 -822.177101
     902000 -821.588593
     903000 -823.408258
     904000 -825.561934
     905000 -822.664674
     906000 -821.814545
     907000 -821.460815
     908000 -821.300962
     909000 -821.762303
     910000 -821.569116
     911000 -821.444532
     912000 -821.307074
     913000 -822.009938
     914000 -821.489609
     915000 -821.568323
     916000 -821.620587
     917000 -821.818305
     918000 -822.116293
     919000 -821.368389
     920000 -821.443858
     921000 -821.548206
     922000 -824.678538
     923000 -823.306883
     924000 -822.112589
     925000 -822.754419
     926000 -821.864024
     927000 -821.691737
     928000 -821.420315
     929000 -821.634759
     930000 -823.209697
     931000 -825.714624
     932000 -826.286546
     933000 -821.396990
     934000 -821.847465
     935000 -821.608546
     936000 -821.352158
     937000 -821.443718
     938000 -821.445191
     939000 -821.929835
     940000 -821.704736
     941000 -821.389703
     942000 -821.579321
     943000 -822.456367
     944000 -821.640569
     945000 -823.998041
     946000 -821.653094
     947000 -821.645919
     948000 -821.858184
     949000 -821.498591
     950000 -821.329604
     951000 -821.445637
     952000 -826.411373
     953000 -822.883324
     954000 -821.695886
     955000 -823.290823
     956000 -821.638223
     957000 -821.381845
     958000 -821.422668
     959000 -821.975036
     960000 -821.556293
     961000 -821.570961
     962000 -822.576905
     963000 -821.564606
     964000 -829.001603
     965000 -821.497429
     966000 -821.523335
     967000 -821.576944
     968000 -821.545996
     969000 -822.109898
     970000 -821.928581
     971000 -822.028155
     972000 -821.446929
     973000 -824.273364
     974000 -821.311803
     975000 -821.756043
     976000 -821.779659
     977000 -821.301018
     978000 -821.744809
     979000 -821.449409
     980000 -822.070668
     981000 -821.604407
     982000 -823.305914
     983000 -821.644945
     984000 -823.066080
     985000 -821.896371
     986000 -821.543162
     987000 -823.290695
     988000 -821.450121
     989000 -823.832909
     990000 -821.428939
     991000 -822.044518
     992000 -821.478224
     993000 -823.469163
     994000 -821.761988
     995000 -821.403146
     996000 -821.489743
     997000 -822.107450
     998000 -822.987296
     999000 -821.324867
    1000000 -822.029027
