    genPlus1     spaQ
        1000  0.262172
        2000  0.256825
        3000  0.284735
        4000  0.255336
        5000  0.261465
        6000  0.254041
        7000  0.278483
        8000  0.262743
        9000  0.279536
       10000  0.248890
       11000  0.279539
       12000  0.295294
       13000  0.254183
       14000  0.256660
       15000  0.267234
       16000  0.334466
       17000  0.324601
       18000  0.256956
       19000  0.251565
       20000  0.299654
       21000  0.216415
       22000  0.278365
       23000  0.274789
       24000  0.288733
       25000  0.196153
       26000  0.345039
       27000  0.313737
       28000  0.345676
       29000  0.272091
       30000  0.259722
       31000  0.253263
       32000  0.230973
       33000  0.283003
       34000  0.297095
       35000  0.320285
       36000  0.209467
       37000  0.281381
       38000  0.219865
       39000  0.286210
       40000  0.248685
       41000  0.305161
       42000  0.292645
       43000  0.307838
       44000  0.303360
       45000  0.282615
       46000  0.277867
       47000  0.319211
       48000  0.293246
       49000  0.289699
       50000  0.312279
       51000  0.240474
       52000  0.210344
       53000  0.263463
       54000  0.306613
       55000  0.258711
       56000  0.228968
       57000  0.236585
       58000  0.263240
       59000  0.254414
       60000  0.292610
       61000  0.382164
       62000  0.285766
       63000  0.223397
       64000  0.207556
       65000  0.284942
       66000  0.248943
       67000  0.233738
       68000  0.223602
       69000  0.341059
       70000  0.298439
       71000  0.252367
       72000  0.243618
       73000  0.294273
       74000  0.253551
       75000  0.321394
       76000  0.289315
       77000  0.318886
       78000  0.256737
       79000  0.280923
       80000  0.245718
       81000  0.300595
       82000  0.283518
       83000  0.263343
       84000  0.255523
       85000  0.233686
       86000  0.238991
       87000  0.258599
       88000  0.248061
       89000  0.263111
       90000  0.279418
       91000  0.282801
       92000  0.266231
       93000  0.259073
       94000  0.271135
       95000  0.268056
       96000  0.262402
       97000  0.225981
       98000  0.231084
       99000  0.311890
      100000  0.323072
      101000  0.238100
      102000  0.290506
      103000  0.313993
      104000  0.293805
      105000  0.249641
      106000  0.275879
      107000  0.286737
      108000  0.272413
      109000  0.287647
      110000  0.311864
      111000  0.249539
      112000  0.274506
      113000  0.332712
      114000  0.294277
      115000  0.342756
      116000  0.223574
      117000  0.268617
      118000  0.303949
      119000  0.237839
      120000  0.286731
      121000  0.301808
      122000  0.239076
      123000  0.262626
      124000  0.252619
      125000  0.312651
      126000  0.251872
      127000  0.318546
      128000  0.281608
      129000  0.297702
      130000  0.199642
      131000  0.262784
      132000  0.258607
      133000  0.254359
      134000  0.314964
      135000  0.318967
      136000  0.274855
      137000  0.238120
      138000  0.313574
      139000  0.291781
      140000  0.317523
      141000  0.356508
      142000  0.257755
      143000  0.328674
      144000  0.270649
      145000  0.229121
      146000  0.261253
      147000  0.311610
      148000  0.331798
      149000  0.284252
      150000  0.294332
      151000  0.252385
      152000  0.289719
      153000  0.229123
      154000  0.264846
      155000  0.228250
      156000  0.283901
      157000  0.289967
      158000  0.269356
      159000  0.258024
      160000  0.259329
      161000  0.298196
      162000  0.272881
      163000  0.251872
      164000  0.309650
      165000  0.239645
      166000  0.195767
      167000  0.242058
      168000  0.293017
      169000  0.206485
      170000  0.274165
      171000  0.302555
      172000  0.276486
      173000  0.316097
      174000  0.348762
      175000  0.251580
      176000  0.235308
      177000  0.329727
      178000  0.297886
      179000  0.268449
      180000  0.280028
      181000  0.327346
      182000  0.279734
      183000  0.261652
      184000  0.232386
      185000  0.279469
      186000  0.271335
      187000  0.221213
      188000  0.202381
      189000  0.221116
      190000  0.298312
      191000  0.230687
      192000  0.248447
      193000  0.325066
      194000  0.262632
      195000  0.312393
      196000  0.338166
      197000  0.317843
      198000  0.271291
      199000  0.306692
      200000  0.253480
      201000  0.272057
      202000  0.255008
      203000  0.235312
      204000  0.349364
      205000  0.246483
      206000  0.277850
      207000  0.277937
      208000  0.283486
      209000  0.300025
      210000  0.239635
      211000  0.272117
      212000  0.267790
      213000  0.345363
      214000  0.364713
      215000  0.351493
      216000  0.357362
      217000  0.202960
      218000  0.304164
      219000  0.322089
      220000  0.252429
      221000  0.252601
      222000  0.333282
      223000  0.284954
      224000  0.279254
      225000  0.321616
      226000  0.228159
      227000  0.223855
      228000  0.251633
      229000  0.252797
      230000  0.260382
      231000  0.283902
      232000  0.299514
      233000  0.287719
      234000  0.230696
      235000  0.303324
      236000  0.315025
      237000  0.327253
      238000  0.307555
      239000  0.345434
      240000  0.241289
      241000  0.339539
      242000  0.265267
      243000  0.254133
      244000  0.272547
      245000  0.255926
      246000  0.247865
      247000  0.235304
      248000  0.262868
      249000  0.276542
      250000  0.271867
      251000  0.303437
      252000  0.269773
      253000  0.295281
      254000  0.272029
      255000  0.290263
      256000  0.244191
      257000  0.194329
      258000  0.292976
      259000  0.401675
      260000  0.260450
      261000  0.254806
      262000  0.219486
      263000  0.272034
      264000  0.332271
      265000  0.245624
      266000  0.264221
      267000  0.284986
      268000  0.249382
      269000  0.233150
      270000  0.220862
      271000  0.235693
      272000  0.303863
      273000  0.290575
      274000  0.312009
      275000  0.278250
      276000  0.315486
      277000  0.285611
      278000  0.322115
      279000  0.247829
      280000  0.284211
      281000  0.234368
      282000  0.323491
      283000  0.283966
      284000  0.283810
      285000  0.282246
      286000  0.362408
      287000  0.291899
      288000  0.189669
      289000  0.313002
      290000  0.240322
      291000  0.322284
      292000  0.256802
      293000  0.241140
      294000  0.295930
      295000  0.276864
      296000  0.359914
      297000  0.274774
      298000  0.239264
      299000  0.266039
      300000  0.292810
      301000  0.271784
      302000  0.338492
      303000  0.302577
      304000  0.261837
      305000  0.274800
      306000  0.271779
      307000  0.328318
      308000  0.237247
      309000  0.253510
      310000  0.271139
      311000  0.248322
      312000  0.235505
      313000  0.326673
      314000  0.251622
      315000  0.380915
      316000  0.228147
      317000  0.353138
      318000  0.267971
      319000  0.303400
      320000  0.239796
      321000  0.356022
      322000  0.300726
      323000  0.309425
      324000  0.233307
      325000  0.226735
      326000  0.249475
      327000  0.255265
      328000  0.278767
      329000  0.189873
      330000  0.330338
      331000  0.231231
      332000  0.303778
      333000  0.305380
      334000  0.353829
      335000  0.265780
      336000  0.264952
      337000  0.298026
      338000  0.278740
      339000  0.291933
      340000  0.306481
      341000  0.265017
      342000  0.323428
      343000  0.296873
      344000  0.261697
      345000  0.274548
      346000  0.289094
      347000  0.219446
      348000  0.292895
      349000  0.218122
      350000  0.279804
      351000  0.243335
      352000  0.191116
      353000  0.307644
      354000  0.275751
      355000  0.311286
      356000  0.262136
      357000  0.292182
      358000  0.313838
      359000  0.308415
      360000  0.303723
      361000  0.282786
      362000  0.252721
      363000  0.369626
      364000  0.205747
      365000  0.262113
      366000  0.245093
      367000  0.229439
      368000  0.261075
      369000  0.289615
      370000  0.293897
      371000  0.200518
      372000  0.273058
      373000  0.240523
      374000  0.280437
      375000  0.309113
      376000  0.279735
      377000  0.249913
      378000  0.299727
      379000  0.363261
      380000  0.357103
      381000  0.343980
      382000  0.281790
      383000  0.270464
      384000  0.338289
      385000  0.222414
      386000  0.208371
      387000  0.330825
      388000  0.270005
      389000  0.266732
      390000  0.292897
      391000  0.325351
      392000  0.210308
      393000  0.241667
      394000  0.290940
      395000  0.307546
      396000  0.309494
      397000  0.245130
      398000  0.265028
      399000  0.248416
      400000  0.271323
      401000  0.278488
      402000  0.271621
      403000  0.266676
      404000  0.301657
      405000  0.294587
      406000  0.330841
      407000  0.255046
      408000  0.245814
      409000  0.309279
      410000  0.241563
      411000  0.276223
      412000  0.251852
      413000  0.291058
      414000  0.255193
      415000  0.240837
      416000  0.246435
      417000  0.270591
      418000  0.230870
      419000  0.234004
      420000  0.331138
      421000  0.294947
      422000  0.254756
      423000  0.291000
      424000  0.318620
      425000  0.266641
      426000  0.296169
      427000  0.227969
      428000  0.224272
      429000  0.275408
      430000  0.256747
      431000  0.233033
      432000  0.279561
      433000  0.216156
      434000  0.313961
      435000  0.273728
      436000  0.225968
      437000  0.294001
      438000  0.299385
      439000  0.234165
      440000  0.231352
      441000  0.295800
      442000  0.267603
      443000  0.248210
      444000  0.217347
      445000  0.283804
      446000  0.282860
      447000  0.311244
      448000  0.247629
      449000  0.257100
      450000  0.223896
      451000  0.269427
      452000  0.312971
      453000  0.300134
      454000  0.303086
      455000  0.318787
      456000  0.264527
      457000  0.297241
      458000  0.236718
      459000  0.276255
      460000  0.294509
      461000  0.306799
      462000  0.244719
      463000  0.263295
      464000  0.271857
      465000  0.281705
      466000  0.281907
      467000  0.298599
      468000  0.257378
      469000  0.268360
      470000  0.354941
      471000  0.317636
      472000  0.257006
      473000  0.270664
      474000  0.335801
      475000  0.198151
      476000  0.278180
      477000  0.278635
      478000  0.294937
      479000  0.351570
      480000  0.290855
      481000  0.233665
      482000  0.299323
      483000  0.253981
      484000  0.260704
      485000  0.231996
      486000  0.298364
      487000  0.267160
      488000  0.248387
      489000  0.225599
      490000  0.282284
      491000  0.263789
      492000  0.302798
      493000  0.243864
      494000  0.350372
      495000  0.303841
      496000  0.247294
      497000  0.260505
      498000  0.299772
      499000  0.249967
      500000  0.205459
      501000  0.262468
      502000  0.274896
      503000  0.206262
      504000  0.241444
      505000  0.277308
      506000  0.303131
      507000  0.279319
      508000  0.292494
      509000  0.303036
      510000  0.278748
      511000  0.248089
      512000  0.324875
      513000  0.279567
      514000  0.175384
      515000  0.248762
      516000  0.309615
      517000  0.260616
      518000  0.281363
      519000  0.251629
      520000  0.196895
      521000  0.261422
      522000  0.265182
      523000  0.289100
      524000  0.285714
      525000  0.248655
      526000  0.274230
      527000  0.282653
      528000  0.234378
      529000  0.266690
      530000  0.313398
      531000  0.311557
      532000  0.305035
      533000  0.250836
      534000  0.257861
      535000  0.217512
      536000  0.273784
      537000  0.331469
      538000  0.254965
      539000  0.237870
      540000  0.319526
      541000  0.293037
      542000  0.264779
      543000  0.261811
      544000  0.284191
      545000  0.297946
      546000  0.325278
      547000  0.254585
      548000  0.260113
      549000  0.251973
      550000  0.284380
      551000  0.286899
      552000  0.243457
      553000  0.252066
      554000  0.247342
      555000  0.273301
      556000  0.197062
      557000  0.212133
      558000  0.313233
      559000  0.256027
      560000  0.291252
      561000  0.292302
      562000  0.280372
      563000  0.228026
      564000  0.280768
      565000  0.277781
      566000  0.261613
      567000  0.289607
      568000  0.258741
      569000  0.275531
      570000  0.248742
      571000  0.276164
      572000  0.273554
      573000  0.241419
      574000  0.232222
      575000  0.305848
      576000  0.249414
      577000  0.232717
      578000  0.329832
      579000  0.245615
      580000  0.253327
      581000  0.363988
      582000  0.264886
      583000  0.295379
      584000  0.286777
      585000  0.343205
      586000  0.320674
      587000  0.220445
      588000  0.266279
      589000  0.259850
      590000  0.299851
      591000  0.235973
      592000  0.280170
      593000  0.283765
      594000  0.269692
      595000  0.298033
      596000  0.292866
      597000  0.208701
      598000  0.299420
      599000  0.310213
      600000  0.274213
      601000  0.353604
      602000  0.299821
      603000  0.247415
      604000  0.302690
      605000  0.283214
      606000  0.330558
      607000  0.253576
      608000  0.354072
      609000  0.243522
      610000  0.308450
      611000  0.255715
      612000  0.285122
      613000  0.288611
      614000  0.284385
      615000  0.257724
      616000  0.285230
      617000  0.364168
      618000  0.219650
      619000  0.249104
      620000  0.330622
      621000  0.236954
      622000  0.306726
      623000  0.272384
      624000  0.238122
      625000  0.259540
      626000  0.310885
      627000  0.231201
      628000  0.297695
      629000  0.232488
      630000  0.297694
      631000  0.277579
      632000  0.260573
      633000  0.275275
      634000  0.275394
      635000  0.311885
      636000  0.326416
      637000  0.277774
      638000  0.273994
      639000  0.298969
      640000  0.314354
      641000  0.289890
      642000  0.288213
      643000  0.307962
      644000  0.295882
      645000  0.284118
      646000  0.290949
      647000  0.198502
      648000  0.228692
      649000  0.285304
      650000  0.306763
      651000  0.266221
      652000  0.284619
      653000  0.268749
      654000  0.317646
      655000  0.235947
      656000  0.303872
      657000  0.269325
      658000  0.213909
      659000  0.237563
      660000  0.259425
      661000  0.277784
      662000  0.253694
      663000  0.309191
      664000  0.291532
      665000  0.277622
      666000  0.267474
      667000  0.274514
      668000  0.282740
      669000  0.187210
      670000  0.197363
      671000  0.322987
      672000  0.229238
      673000  0.263333
      674000  0.248265
      675000  0.255758
      676000  0.230788
      677000  0.282692
      678000  0.301530
      679000  0.396087
      680000  0.275474
      681000  0.336042
      682000  0.265400
      683000  0.229134
      684000  0.271101
      685000  0.297394
      686000  0.265803
      687000  0.250523
      688000  0.269487
      689000  0.252514
      690000  0.254790
      691000  0.238243
      692000  0.293289
      693000  0.288559
      694000  0.202129
      695000  0.293042
      696000  0.291789
      697000  0.291514
      698000  0.281621
      699000  0.196920
      700000  0.303033
      701000  0.219534
      702000  0.270483
      703000  0.266118
      704000  0.306687
      705000  0.284941
      706000  0.210521
      707000  0.317109
      708000  0.342749
      709000  0.239852
      710000  0.222108
      711000  0.265388
      712000  0.227995
      713000  0.212748
      714000  0.302570
      715000  0.264017
      716000  0.260575
      717000  0.323902
      718000  0.257041
      719000  0.198937
      720000  0.221898
      721000  0.259997
      722000  0.218981
      723000  0.272783
      724000  0.303254
      725000  0.269421
      726000  0.364529
      727000  0.251859
      728000  0.279443
      729000  0.291307
      730000  0.243848
      731000  0.287392
      732000  0.262205
      733000  0.280684
      734000  0.309409
      735000  0.321530
      736000  0.258162
      737000  0.256309
      738000  0.225280
      739000  0.277157
      740000  0.269156
      741000  0.282807
      742000  0.177590
      743000  0.278308
      744000  0.310893
      745000  0.270846
      746000  0.260727
      747000  0.239732
      748000  0.275796
      749000  0.264669
      750000  0.308107
      751000  0.335755
      752000  0.287722
      753000  0.225987
      754000  0.239756
      755000  0.222421
      756000  0.296118
      757000  0.297905
      758000  0.282356
      759000  0.260758
      760000  0.250376
      761000  0.226929
      762000  0.272128
      763000  0.273049
      764000  0.290855
      765000  0.336949
      766000  0.273500
      767000  0.289614
      768000  0.251846
      769000  0.260142
      770000  0.349130
      771000  0.232925
      772000  0.322121
      773000  0.245271
      774000  0.303710
      775000  0.254496
      776000  0.225306
      777000  0.329833
      778000  0.280043
      779000  0.284983
      780000  0.338873
      781000  0.319120
      782000  0.278697
      783000  0.258563
      784000  0.317686
      785000  0.256640
      786000  0.286443
      787000  0.259202
      788000  0.340892
      789000  0.235692
      790000  0.284268
      791000  0.294779
      792000  0.238583
      793000  0.273650
      794000  0.234757
      795000  0.259811
      796000  0.240712
      797000  0.340018
      798000  0.345978
      799000  0.284679
      800000  0.309361
      801000  0.273522
      802000  0.227420
      803000  0.314641
      804000  0.258153
      805000  0.301839
      806000  0.270165
      807000  0.229120
      808000  0.241955
      809000  0.349898
      810000  0.269819
      811000  0.328820
      812000  0.235107
      813000  0.282792
      814000  0.317269
      815000  0.271374
      816000  0.297375
      817000  0.229611
      818000  0.338309
      819000  0.266962
      820000  0.233824
      821000  0.268557
      822000  0.263303
      823000  0.239730
      824000  0.308714
      825000  0.289552
      826000  0.330723
      827000  0.334971
      828000  0.252062
      829000  0.315015
      830000  0.294301
      831000  0.214927
      832000  0.334566
      833000  0.224830
      834000  0.326444
      835000  0.256227
      836000  0.290516
      837000  0.263644
      838000  0.346218
      839000  0.255057
      840000  0.273297
      841000  0.263820
      842000  0.233550
      843000  0.269686
      844000  0.303691
      845000  0.314700
      846000  0.283448
      847000  0.319642
      848000  0.361806
      849000  0.341518
      850000  0.340268
      851000  0.227600
      852000  0.288446
      853000  0.290965
      854000  0.256508
      855000  0.280583
      856000  0.183501
      857000  0.228281
      858000  0.217558
      859000  0.324403
      860000  0.277768
      861000  0.321612
      862000  0.237355
      863000  0.264805
      864000  0.311351
      865000  0.305810
      866000  0.247248
      867000  0.317028
      868000  0.219516
      869000  0.328282
      870000  0.246854
      871000  0.303607
      872000  0.245746
      873000  0.234829
      874000  0.286613
      875000  0.284001
      876000  0.264299
      877000  0.281131
      878000  0.273614
      879000  0.324028
      880000  0.256057
      881000  0.297213
      882000  0.327936
      883000  0.264472
      884000  0.280326
      885000  0.294672
      886000  0.222252
      887000  0.270271
      888000  0.219696
      889000  0.235506
      890000  0.330845
      891000  0.289505
      892000  0.327283
      893000  0.291932
      894000  0.260725
      895000  0.278852
      896000  0.351734
      897000  0.272669
      898000  0.265260
      899000  0.281128
      900000  0.271046
      901000  0.314390
      902000  0.259556
      903000  0.301949
      904000  0.273586
      905000  0.301035
      906000  0.270488
      907000  0.236268
      908000  0.269791
      909000  0.268696
      910000  0.337524
      911000  0.246616
      912000  0.260082
      913000  0.248920
      914000  0.292864
      915000  0.305389
      916000  0.231352
      917000  0.321544
      918000  0.216985
      919000  0.288288
      920000  0.205384
      921000  0.257716
      922000  0.263441
      923000  0.250635
      924000  0.265179
      925000  0.272516
      926000  0.295532
      927000  0.281093
      928000  0.305634
      929000  0.237171
      930000  0.276588
      931000  0.321637
      932000  0.281999
      933000  0.330938
      934000  0.195992
      935000  0.218970
      936000  0.280148
      937000  0.330646
      938000  0.286927
      939000  0.331651
      940000  0.248926
      941000  0.233311
      942000  0.248145
      943000  0.357466
      944000  0.206146
      945000  0.258437
      946000  0.328463
      947000  0.305011
      948000  0.298159
      949000  0.249606
      950000  0.356038
      951000  0.240854
      952000  0.288084
      953000  0.303633
      954000  0.314211
      955000  0.263644
      956000  0.252781
      957000  0.325290
      958000  0.206541
      959000  0.333586
      960000  0.244876
      961000  0.311700
      962000  0.218848
      963000  0.233037
      964000  0.257499
      965000  0.264751
      966000  0.248340
      967000  0.257440
      968000  0.304522
      969000  0.284918
      970000  0.293760
      971000  0.269053
      972000  0.296195
      973000  0.295164
      974000  0.244401
      975000  0.260897
      976000  0.282860
      977000  0.245391
      978000  0.324073
      979000  0.331164
      980000  0.272429
      981000  0.297591
      982000  0.221859
      983000  0.237208
      984000  0.301570
      985000  0.289297
      986000  0.228270
      987000  0.290311
      988000  0.290935
      989000  0.232200
      990000  0.326888
      991000  0.274986
      992000  0.307470
      993000  0.314421
      994000  0.284443
      995000  0.230805
      996000  0.201511
      997000  0.275523
      998000  0.222101
      999000  0.326296
     1000000  0.292750
