    genPlus1     spaQ
        1000  0.141543
        2000  0.234291
        3000  0.201659
        4000  0.189705
        5000  0.151172
        6000  0.164550
        7000  0.260366
        8000  0.220954
        9000  0.184963
       10000  0.192647
       11000  0.248298
       12000  0.181822
       13000  0.133604
       14000  0.141140
       15000  0.143290
       16000  0.163114
       17000  0.216308
       18000  0.156880
       19000  0.222383
       20000  0.201307
       21000  0.129422
       22000  0.223051
       23000  0.172765
       24000  0.125587
       25000  0.165147
       26000  0.124129
       27000  0.227229
       28000  0.191370
       29000  0.189157
       30000  0.190732
       31000  0.217269
       32000  0.228805
       33000  0.178225
       34000  0.187195
       35000  0.203478
       36000  0.249458
       37000  0.136330
       38000  0.190756
       39000  0.160110
       40000  0.208428
       41000  0.213637
       42000  0.195901
       43000  0.207412
       44000  0.225221
       45000  0.227132
       46000  0.150048
       47000  0.208705
       48000  0.248647
       49000  0.237277
       50000  0.215240
       51000  0.262453
       52000  0.168943
       53000  0.192767
       54000  0.146705
       55000  0.258146
       56000  0.234419
       57000  0.164964
       58000  0.152036
       59000  0.174820
       60000  0.209073
       61000  0.143748
       62000  0.187170
       63000  0.132173
       64000  0.181075
       65000  0.181067
       66000  0.138216
       67000  0.176213
       68000  0.206803
       69000  0.179208
       70000  0.165088
       71000  0.167663
       72000  0.220753
       73000  0.210880
       74000  0.283682
       75000  0.170093
       76000  0.225182
       77000  0.211690
       78000  0.220393
       79000  0.111287
       80000  0.154601
       81000  0.201620
       82000  0.225470
       83000  0.166883
       84000  0.106700
       85000  0.118832
       86000  0.185507
       87000  0.216718
       88000  0.220219
       89000  0.219759
       90000  0.225762
       91000  0.198431
       92000  0.118006
       93000  0.196957
       94000  0.174229
       95000  0.219697
       96000  0.167624
       97000  0.180473
       98000  0.175184
       99000  0.194943
      100000  0.163230
      101000  0.210449
      102000  0.192277
      103000  0.151181
      104000  0.214799
      105000  0.140029
      106000  0.283869
      107000  0.127364
      108000  0.171491
      109000  0.171928
      110000  0.211446
      111000  0.138766
      112000  0.246414
      113000  0.265055
      114000  0.164846
      115000  0.186459
      116000  0.212163
      117000  0.230669
      118000  0.223869
      119000  0.117022
      120000  0.190190
      121000  0.158016
      122000  0.189940
      123000  0.209374
      124000  0.219103
      125000  0.199059
      126000  0.156022
      127000  0.202903
      128000  0.221773
      129000  0.198313
      130000  0.179697
      131000  0.184530
      132000  0.156966
      133000  0.204728
      134000  0.212319
      135000  0.200015
      136000  0.212392
      137000  0.160680
      138000  0.198570
      139000  0.176766
      140000  0.191242
      141000  0.239127
      142000  0.210674
      143000  0.162328
      144000  0.157921
      145000  0.147870
      146000  0.246440
      147000  0.172783
      148000  0.191184
      149000  0.208863
      150000  0.131175
      151000  0.154544
      152000  0.229899
      153000  0.240097
      154000  0.199489
      155000  0.187770
      156000  0.242221
      157000  0.167487
      158000  0.170710
      159000  0.237977
      160000  0.187349
      161000  0.119399
      162000  0.170686
      163000  0.118199
      164000  0.204078
      165000  0.174541
      166000  0.225064
      167000  0.167380
      168000  0.158158
      169000  0.152111
      170000  0.199184
      171000  0.089116
      172000  0.200626
      173000  0.189842
      174000  0.182417
      175000  0.183923
      176000  0.194327
      177000  0.186933
      178000  0.206069
      179000  0.206250
      180000  0.180509
      181000  0.154726
      182000  0.194381
      183000  0.245281
      184000  0.200339
      185000  0.225522
      186000  0.174422
      187000  0.176475
      188000  0.216333
      189000  0.151834
      190000  0.200027
      191000  0.265893
      192000  0.206057
      193000  0.155119
      194000  0.208518
      195000  0.154157
      196000  0.260631
      197000  0.183972
      198000  0.172399
      199000  0.201849
      200000  0.232146
      201000  0.226422
      202000  0.168409
      203000  0.128670
      204000  0.202597
      205000  0.161716
      206000  0.219729
      207000  0.202689
      208000  0.223995
      209000  0.174794
      210000  0.233599
      211000  0.155163
      212000  0.193997
      213000  0.204357
      214000  0.216975
      215000  0.175296
      216000  0.176985
      217000  0.179125
      218000  0.241044
      219000  0.224359
      220000  0.239103
      221000  0.179675
      222000  0.166846
      223000  0.161797
      224000  0.188335
      225000  0.157342
      226000  0.207336
      227000  0.259258
      228000  0.189087
      229000  0.202259
      230000  0.164741
      231000  0.159338
      232000  0.180549
      233000  0.232715
      234000  0.187658
      235000  0.162973
      236000  0.147529
      237000  0.183998
      238000  0.188744
      239000  0.131212
      240000  0.269432
      241000  0.188548
      242000  0.236223
      243000  0.242581
      244000  0.194470
      245000  0.196022
      246000  0.175635
      247000  0.142071
      248000  0.193623
      249000  0.135054
      250000  0.203744
      251000  0.235516
      252000  0.226822
      253000  0.221607
      254000  0.177769
      255000  0.175040
      256000  0.211914
      257000  0.207196
      258000  0.179354
      259000  0.268479
      260000  0.185442
      261000  0.236655
      262000  0.212401
      263000  0.217313
      264000  0.172087
      265000  0.192672
      266000  0.195569
      267000  0.166292
      268000  0.237409
      269000  0.146124
      270000  0.143536
      271000  0.244784
      272000  0.194005
      273000  0.218084
      274000  0.136852
      275000  0.230163
      276000  0.112804
      277000  0.338318
      278000  0.172035
      279000  0.234939
      280000  0.171663
      281000  0.249805
      282000  0.185565
      283000  0.136753
      284000  0.257921
      285000  0.193794
      286000  0.202801
      287000  0.197373
      288000  0.228194
      289000  0.180799
      290000  0.201942
      291000  0.162056
      292000  0.259684
      293000  0.187292
      294000  0.181251
      295000  0.244016
      296000  0.210095
      297000  0.214376
      298000  0.246071
      299000  0.244166
      300000  0.175244
      301000  0.156921
      302000  0.177170
      303000  0.188862
      304000  0.176437
      305000  0.213892
      306000  0.131028
      307000  0.240219
      308000  0.175793
      309000  0.214201
      310000  0.191946
      311000  0.177657
      312000  0.206534
      313000  0.188723
      314000  0.193478
      315000  0.165320
      316000  0.215871
      317000  0.162452
      318000  0.197947
      319000  0.140207
      320000  0.200343
      321000  0.215867
      322000  0.237980
      323000  0.165588
      324000  0.146756
      325000  0.285997
      326000  0.204796
      327000  0.125136
      328000  0.185607
      329000  0.162587
      330000  0.169300
      331000  0.165268
      332000  0.223618
      333000  0.181441
      334000  0.141270
      335000  0.185188
      336000  0.172472
      337000  0.219861
      338000  0.287271
      339000  0.240511
      340000  0.235816
      341000  0.214580
      342000  0.208378
      343000  0.170678
      344000  0.145193
      345000  0.127148
      346000  0.204938
      347000  0.172669
      348000  0.232439
      349000  0.180805
      350000  0.201620
      351000  0.226525
      352000  0.179443
      353000  0.122053
      354000  0.196361
      355000  0.161859
      356000  0.223665
      357000  0.141820
      358000  0.182094
      359000  0.282237
      360000  0.160214
      361000  0.139264
      362000  0.164576
      363000  0.201906
      364000  0.166076
      365000  0.128742
      366000  0.181631
      367000  0.235160
      368000  0.173802
      369000  0.162596
      370000  0.153353
      371000  0.142004
      372000  0.151384
      373000  0.204776
      374000  0.227345
      375000  0.187655
      376000  0.209539
      377000  0.136247
      378000  0.141875
      379000  0.210172
      380000  0.145535
      381000  0.154217
      382000  0.200871
      383000  0.200266
      384000  0.275181
      385000  0.232228
      386000  0.184636
      387000  0.175101
      388000  0.184725
      389000  0.151075
      390000  0.179884
      391000  0.199867
      392000  0.150251
      393000  0.164061
      394000  0.167452
      395000  0.189589
      396000  0.194796
      397000  0.131167
      398000  0.184151
      399000  0.113055
      400000  0.215866
      401000  0.231562
      402000  0.168651
      403000  0.116768
      404000  0.148718
      405000  0.152466
      406000  0.179411
      407000  0.192398
      408000  0.163687
      409000  0.173159
      410000  0.136297
      411000  0.215279
      412000  0.172114
      413000  0.234019
      414000  0.219081
      415000  0.149185
      416000  0.150190
      417000  0.108258
      418000  0.181325
      419000  0.195305
      420000  0.191691
      421000  0.245418
      422000  0.143757
      423000  0.173063
      424000  0.228792
      425000  0.232386
      426000  0.233782
      427000  0.200958
      428000  0.149835
      429000  0.168511
      430000  0.158560
      431000  0.183159
      432000  0.193393
      433000  0.231991
      434000  0.233552
      435000  0.188262
      436000  0.149926
      437000  0.202887
      438000  0.174098
      439000  0.181691
      440000  0.193128
      441000  0.170937
      442000  0.181100
      443000  0.207784
      444000  0.184634
      445000  0.213464
      446000  0.154492
      447000  0.139509
      448000  0.221574
      449000  0.186629
      450000  0.205561
      451000  0.228279
      452000  0.214095
      453000  0.212330
      454000  0.211412
      455000  0.204154
      456000  0.196916
      457000  0.215646
      458000  0.242895
      459000  0.115336
      460000  0.146353
      461000  0.190831
      462000  0.213797
      463000  0.231881
      464000  0.207639
      465000  0.184266
      466000  0.173856
      467000  0.193378
      468000  0.166052
      469000  0.176744
      470000  0.178050
      471000  0.145749
      472000  0.156792
      473000  0.225951
      474000  0.190888
      475000  0.149769
      476000  0.234203
      477000  0.182909
      478000  0.174848
      479000  0.169441
      480000  0.232649
      481000  0.241503
      482000  0.161054
      483000  0.180134
      484000  0.131752
      485000  0.181004
      486000  0.143603
      487000  0.215499
      488000  0.200527
      489000  0.228857
      490000  0.207544
      491000  0.198859
      492000  0.226609
      493000  0.172558
      494000  0.182075
      495000  0.233225
      496000  0.128420
      497000  0.150456
      498000  0.185181
      499000  0.155992
      500000  0.204907
      501000  0.214937
      502000  0.181295
      503000  0.211454
      504000  0.254684
      505000  0.243248
      506000  0.140785
      507000  0.181528
      508000  0.141183
      509000  0.123335
      510000  0.132354
      511000  0.256117
      512000  0.204740
      513000  0.179782
      514000  0.205715
      515000  0.189173
      516000  0.137911
      517000  0.179969
      518000  0.236122
      519000  0.140400
      520000  0.133889
      521000  0.227281
      522000  0.165637
      523000  0.169798
      524000  0.153102
      525000  0.194067
      526000  0.188089
      527000  0.194043
      528000  0.155362
      529000  0.199330
      530000  0.177892
      531000  0.200968
      532000  0.241898
      533000  0.225150
      534000  0.176010
      535000  0.112114
      536000  0.145610
      537000  0.162812
      538000  0.173859
      539000  0.108202
      540000  0.204204
      541000  0.170923
      542000  0.146483
      543000  0.217035
      544000  0.312511
      545000  0.213688
      546000  0.180255
      547000  0.194013
      548000  0.175259
      549000  0.192477
      550000  0.210611
      551000  0.140457
      552000  0.222698
      553000  0.256561
      554000  0.105506
      555000  0.161211
      556000  0.179479
      557000  0.216354
      558000  0.209109
      559000  0.196889
      560000  0.198084
      561000  0.204257
      562000  0.212517
      563000  0.188531
      564000  0.187421
      565000  0.166656
      566000  0.155833
      567000  0.173149
      568000  0.183159
      569000  0.204137
      570000  0.184771
      571000  0.185703
      572000  0.218476
      573000  0.179834
      574000  0.155859
      575000  0.261277
      576000  0.104847
      577000  0.214849
      578000  0.241598
      579000  0.218428
      580000  0.221410
      581000  0.215224
      582000  0.172234
      583000  0.180935
      584000  0.154960
      585000  0.177660
      586000  0.190956
      587000  0.150771
      588000  0.210110
      589000  0.208588
      590000  0.222318
      591000  0.184110
      592000  0.128989
      593000  0.218920
      594000  0.260945
      595000  0.205172
      596000  0.161030
      597000  0.182662
      598000  0.165174
      599000  0.192541
      600000  0.198817
      601000  0.222191
      602000  0.168900
      603000  0.135179
      604000  0.199984
      605000  0.152525
      606000  0.232611
      607000  0.180536
      608000  0.214911
      609000  0.184184
      610000  0.179497
      611000  0.210022
      612000  0.167255
      613000  0.173861
      614000  0.141314
      615000  0.168361
      616000  0.238301
      617000  0.149598
      618000  0.218089
      619000  0.185837
      620000  0.136478
      621000  0.152469
      622000  0.226520
      623000  0.198358
      624000  0.179708
      625000  0.214709
      626000  0.195236
      627000  0.160508
      628000  0.170669
      629000  0.156864
      630000  0.148015
      631000  0.236942
      632000  0.197034
      633000  0.195792
      634000  0.229624
      635000  0.182197
      636000  0.170256
      637000  0.233231
      638000  0.198465
      639000  0.181180
      640000  0.202883
      641000  0.230237
      642000  0.180052
      643000  0.128273
      644000  0.238752
      645000  0.253072
      646000  0.167812
      647000  0.193335
      648000  0.196264
      649000  0.184135
      650000  0.197428
      651000  0.182303
      652000  0.188099
      653000  0.208570
      654000  0.150298
      655000  0.210903
      656000  0.213581
      657000  0.157393
      658000  0.176123
      659000  0.170141
      660000  0.138005
      661000  0.174577
      662000  0.166691
      663000  0.161117
      664000  0.239601
      665000  0.266478
      666000  0.230946
      667000  0.226211
      668000  0.171650
      669000  0.166905
      670000  0.212402
      671000  0.191520
      672000  0.182162
      673000  0.262711
      674000  0.184119
      675000  0.131532
      676000  0.166230
      677000  0.173650
      678000  0.179240
      679000  0.140266
      680000  0.234268
      681000  0.228629
      682000  0.211650
      683000  0.155234
      684000  0.176108
      685000  0.185236
      686000  0.212955
      687000  0.180165
      688000  0.190325
      689000  0.168685
      690000  0.181713
      691000  0.204672
      692000  0.169024
      693000  0.158763
      694000  0.103177
      695000  0.109410
      696000  0.167613
      697000  0.220463
      698000  0.178083
      699000  0.210603
      700000  0.127693
      701000  0.148851
      702000  0.152392
      703000  0.215764
      704000  0.204789
      705000  0.222162
      706000  0.215268
      707000  0.232809
      708000  0.159172
      709000  0.209510
      710000  0.194980
      711000  0.142696
      712000  0.208964
      713000  0.188732
      714000  0.219059
      715000  0.168752
      716000  0.180224
      717000  0.187726
      718000  0.121845
      719000  0.173896
      720000  0.193866
      721000  0.260315
      722000  0.176916
      723000  0.192134
      724000  0.208942
      725000  0.227855
      726000  0.220169
      727000  0.190569
      728000  0.106699
      729000  0.201671
      730000  0.182628
      731000  0.168657
      732000  0.217743
      733000  0.179543
      734000  0.231736
      735000  0.183188
      736000  0.140401
      737000  0.160715
      738000  0.129539
      739000  0.232591
      740000  0.201596
      741000  0.146780
      742000  0.169238
      743000  0.161860
      744000  0.172214
      745000  0.202068
      746000  0.153630
      747000  0.201808
      748000  0.161084
      749000  0.141361
      750000  0.183764
      751000  0.217632
      752000  0.202766
      753000  0.153754
      754000  0.140657
      755000  0.148447
      756000  0.188674
      757000  0.201691
      758000  0.201093
      759000  0.138203
      760000  0.153138
      761000  0.187981
      762000  0.255837
      763000  0.145104
      764000  0.184350
      765000  0.259247
      766000  0.238007
      767000  0.220769
      768000  0.175823
      769000  0.134316
      770000  0.198596
      771000  0.170270
      772000  0.154843
      773000  0.187705
      774000  0.189566
      775000  0.165962
      776000  0.168449
      777000  0.163325
      778000  0.191786
      779000  0.153871
      780000  0.144593
      781000  0.170270
      782000  0.208708
      783000  0.207818
      784000  0.143601
      785000  0.139806
      786000  0.156965
      787000  0.171361
      788000  0.131377
      789000  0.206377
      790000  0.174286
      791000  0.160321
      792000  0.213149
      793000  0.135591
      794000  0.184365
      795000  0.130715
      796000  0.214133
      797000  0.158106
      798000  0.171191
      799000  0.150398
      800000  0.226637
      801000  0.197811
      802000  0.196366
      803000  0.222797
      804000  0.221902
      805000  0.220705
      806000  0.203769
      807000  0.196878
      808000  0.227643
      809000  0.263374
      810000  0.116768
      811000  0.140165
      812000  0.213782
      813000  0.210382
      814000  0.148558
      815000  0.195342
      816000  0.185707
      817000  0.206135
      818000  0.229074
      819000  0.121892
      820000  0.164529
      821000  0.205191
      822000  0.206782
      823000  0.188301
      824000  0.127264
      825000  0.127484
      826000  0.184150
      827000  0.169774
      828000  0.242624
      829000  0.185337
      830000  0.174502
      831000  0.171977
      832000  0.195969
      833000  0.157297
      834000  0.177708
      835000  0.203482
      836000  0.199643
      837000  0.203775
      838000  0.217599
      839000  0.164643
      840000  0.216198
      841000  0.164457
      842000  0.195108
      843000  0.222734
      844000  0.227764
      845000  0.231021
      846000  0.171421
      847000  0.195444
      848000  0.123659
      849000  0.156384
      850000  0.224456
      851000  0.139192
      852000  0.175551
      853000  0.199454
      854000  0.148161
      855000  0.207026
      856000  0.171917
      857000  0.105990
      858000  0.169335
      859000  0.176629
      860000  0.252080
      861000  0.215811
      862000  0.206809
      863000  0.179037
      864000  0.150759
      865000  0.168535
      866000  0.165397
      867000  0.146027
      868000  0.195209
      869000  0.207972
      870000  0.192649
      871000  0.191398
      872000  0.183273
      873000  0.144739
      874000  0.145392
      875000  0.148784
      876000  0.273784
      877000  0.184583
      878000  0.167240
      879000  0.207703
      880000  0.178176
      881000  0.170735
      882000  0.171651
      883000  0.160416
      884000  0.189028
      885000  0.105848
      886000  0.203284
      887000  0.191532
      888000  0.208263
      889000  0.189418
      890000  0.193719
      891000  0.179605
      892000  0.208423
      893000  0.187680
      894000  0.165848
      895000  0.235235
      896000  0.229199
      897000  0.227219
      898000  0.194590
      899000  0.207122
      900000  0.172262
      901000  0.144453
      902000  0.218443
      903000  0.192990
      904000  0.188551
      905000  0.144811
      906000  0.182818
      907000  0.189799
      908000  0.163625
      909000  0.193103
      910000  0.103574
      911000  0.199226
      912000  0.132866
      913000  0.186801
      914000  0.188073
      915000  0.177547
      916000  0.180923
      917000  0.191299
      918000  0.241227
      919000  0.176841
      920000  0.232102
      921000  0.155102
      922000  0.161766
      923000  0.141147
      924000  0.155770
      925000  0.121993
      926000  0.211985
      927000  0.153621
      928000  0.195057
      929000  0.186719
      930000  0.226611
      931000  0.143336
      932000  0.204483
      933000  0.225686
      934000  0.192709
      935000  0.204278
      936000  0.201555
      937000  0.157623
      938000  0.206972
      939000  0.233457
      940000  0.125023
      941000  0.248692
      942000  0.147292
      943000  0.211159
      944000  0.195384
      945000  0.185323
      946000  0.131612
      947000  0.151357
      948000  0.166878
      949000  0.195904
      950000  0.197204
      951000  0.196094
      952000  0.199872
      953000  0.201625
      954000  0.192581
      955000  0.194355
      956000  0.184735
      957000  0.161602
      958000  0.162765
      959000  0.147169
      960000  0.231879
      961000  0.167257
      962000  0.198357
      963000  0.185572
      964000  0.203484
      965000  0.212046
      966000  0.118937
      967000  0.231151
      968000  0.152443
      969000  0.151846
      970000  0.125925
      971000  0.180742
      972000  0.166275
      973000  0.187729
      974000  0.125027
      975000  0.123619
      976000  0.215062
      977000  0.196020
      978000  0.267224
      979000  0.175049
      980000  0.175717
      981000  0.186124
      982000  0.198262
      983000  0.192161
      984000  0.248724
      985000  0.149616
      986000  0.179256
      987000  0.164403
      988000  0.218375
      989000  0.215859
      990000  0.172496
      991000  0.182246
      992000  0.219875
      993000  0.235377
      994000  0.200437
      995000  0.161334
      996000  0.190260
      997000  0.197129
      998000  0.210241
      999000  0.144529
     1000000  0.231291
