    genPlus1     spaQ
        1000  0.399880
        2000  0.407243
        3000  0.381252
        4000  0.385327
        5000  0.388418
        6000  0.371783
        7000  0.395488
        8000  0.397793
        9000  0.392139
       10000  0.401568
       11000  0.392762
       12000  0.433996
       13000  0.399666
       14000  0.424582
       15000  0.394749
       16000  0.390861
       17000  0.360515
       18000  0.390796
       19000  0.398300
       20000  0.403415
       21000  0.390201
       22000  0.390992
       23000  0.399294
       24000  0.392567
       25000  0.372275
       26000  0.391145
       27000  0.378350
       28000  0.384884
       29000  0.355506
       30000  0.390147
       31000  0.402099
       32000  0.400379
       33000  0.365308
       34000  0.396310
       35000  0.395494
       36000  0.418592
       37000  0.395541
       38000  0.400005
       39000  0.392467
       40000  0.371157
       41000  0.399001
       42000  0.394510
       43000  0.391893
       44000  0.394598
       45000  0.391113
       46000  0.382588
       47000  0.400782
       48000  0.398403
       49000  0.399411
       50000  0.387056
       51000  0.392886
       52000  0.396275
       53000  0.403033
       54000  0.392021
       55000  0.399079
       56000  0.401884
       57000  0.398130
       58000  0.387797
       59000  0.400877
       60000  0.422966
       61000  0.398831
       62000  0.394532
       63000  0.387314
       64000  0.370812
       65000  0.395788
       66000  0.391292
       67000  0.377419
       68000  0.393989
       69000  0.397093
       70000  0.397985
       71000  0.402699
       72000  0.398937
       73000  0.370010
       74000  0.386159
       75000  0.394776
       76000  0.393069
       77000  0.388086
       78000  0.386165
       79000  0.392679
       80000  0.396420
       81000  0.389301
       82000  0.390425
       83000  0.399463
       84000  0.392279
       85000  0.394013
       86000  0.398902
       87000  0.395215
       88000  0.382476
       89000  0.405166
       90000  0.431143
       91000  0.389072
       92000  0.395887
       93000  0.357205
       94000  0.388251
       95000  0.390985
       96000  0.394769
       97000  0.369572
       98000  0.399890
       99000  0.393609
      100000  0.382128
      101000  0.381359
      102000  0.398896
      103000  0.382346
      104000  0.382127
      105000  0.393801
      106000  0.387598
      107000  0.396545
      108000  0.344624
      109000  0.392849
      110000  0.391764
      111000  0.390375
      112000  0.402149
      113000  0.398540
      114000  0.394032
      115000  0.386721
      116000  0.409481
      117000  0.391665
      118000  0.406384
      119000  0.387408
      120000  0.374043
      121000  0.395888
      122000  0.386291
      123000  0.426380
      124000  0.388351
      125000  0.398391
      126000  0.392342
      127000  0.369975
      128000  0.391946
      129000  0.398657
      130000  0.391061
      131000  0.397544
      132000  0.385313
      133000  0.391785
      134000  0.393685
      135000  0.397331
      136000  0.401902
      137000  0.399799
      138000  0.395960
      139000  0.372653
      140000  0.388699
      141000  0.360415
      142000  0.375102
      143000  0.389147
      144000  0.398461
      145000  0.392965
      146000  0.388184
      147000  0.387090
      148000  0.389887
      149000  0.383780
      150000  0.376447
      151000  0.395204
      152000  0.365220
      153000  0.399364
      154000  0.384192
      155000  0.407995
      156000  0.395323
      157000  0.399152
      158000  0.392072
      159000  0.392523
      160000  0.371702
      161000  0.398353
      162000  0.398229
      163000  0.382925
      164000  0.399652
      165000  0.384460
      166000  0.375808
      167000  0.396948
      168000  0.387933
      169000  0.390841
      170000  0.397687
      171000  0.388495
      172000  0.393522
      173000  0.371082
      174000  0.381871
      175000  0.368196
      176000  0.400080
      177000  0.390963
      178000  0.390681
      179000  0.403484
      180000  0.406111
      181000  0.389361
      182000  0.392670
      183000  0.386390
      184000  0.403059
      185000  0.387580
      186000  0.387977
      187000  0.410106
      188000  0.396139
      189000  0.390507
      190000  0.403387
      191000  0.396226
      192000  0.391284
      193000  0.386294
      194000  0.389136
      195000  0.396751
      196000  0.390648
      197000  0.389729
      198000  0.397044
      199000  0.393469
      200000  0.372810
      201000  0.399499
      202000  0.397254
      203000  0.392019
      204000  0.400520
      205000  0.391085
      206000  0.390589
      207000  0.404087
      208000  0.397562
      209000  0.386237
      210000  0.379347
      211000  0.342335
      212000  0.395633
      213000  0.398667
      214000  0.394781
      215000  0.388300
      216000  0.400596
      217000  0.394415
      218000  0.397893
      219000  0.388377
      220000  0.405677
      221000  0.398446
      222000  0.380482
      223000  0.394997
      224000  0.396834
      225000  0.393332
      226000  0.406779
      227000  0.394064
      228000  0.402687
      229000  0.383908
      230000  0.391766
      231000  0.350574
      232000  0.389586
      233000  0.402220
      234000  0.400964
      235000  0.390090
      236000  0.392369
      237000  0.392889
      238000  0.401192
      239000  0.396786
      240000  0.397532
      241000  0.402845
      242000  0.401833
      243000  0.393185
      244000  0.391898
      245000  0.392145
      246000  0.397661
      247000  0.388197
      248000  0.383071
      249000  0.409109
      250000  0.430812
      251000  0.381155
      252000  0.382507
      253000  0.395692
      254000  0.388922
      255000  0.362904
      256000  0.381396
      257000  0.389321
      258000  0.374260
      259000  0.392564
      260000  0.386298
      261000  0.386388
      262000  0.391579
      263000  0.393466
      264000  0.398582
      265000  0.397484
      266000  0.386479
      267000  0.403994
      268000  0.397431
      269000  0.390626
      270000  0.379948
      271000  0.402780
      272000  0.387677
      273000  0.388134
      274000  0.411499
      275000  0.404131
      276000  0.404307
      277000  0.394227
      278000  0.385169
      279000  0.394322
      280000  0.374896
      281000  0.393276
      282000  0.394893
      283000  0.393318
      284000  0.386425
      285000  0.423972
      286000  0.435824
      287000  0.392253
      288000  0.402143
      289000  0.369925
      290000  0.398840
      291000  0.421123
      292000  0.404486
      293000  0.397716
      294000  0.398873
      295000  0.387117
      296000  0.397393
      297000  0.382346
      298000  0.384942
      299000  0.391517
      300000  0.369065
      301000  0.366131
      302000  0.399999
      303000  0.400860
      304000  0.386222
      305000  0.385866
      306000  0.390259
      307000  0.401749
      308000  0.399903
      309000  0.406344
      310000  0.377355
      311000  0.394059
      312000  0.427693
      313000  0.394254
      314000  0.364889
      315000  0.367775
      316000  0.395291
      317000  0.396323
      318000  0.385946
      319000  0.402654
      320000  0.392828
      321000  0.397920
      322000  0.392104
      323000  0.387457
      324000  0.378772
      325000  0.395796
      326000  0.377701
      327000  0.407713
      328000  0.386340
      329000  0.395400
      330000  0.386963
      331000  0.354378
      332000  0.403413
      333000  0.377995
      334000  0.388151
      335000  0.384475
      336000  0.400985
      337000  0.391072
      338000  0.401982
      339000  0.406153
      340000  0.396650
      341000  0.394060
      342000  0.408067
      343000  0.403015
      344000  0.362280
      345000  0.381527
      346000  0.419357
      347000  0.391115
      348000  0.393936
      349000  0.385667
      350000  0.398761
      351000  0.388185
      352000  0.389021
      353000  0.393481
      354000  0.391103
      355000  0.389140
      356000  0.388162
      357000  0.387099
      358000  0.395322
      359000  0.398788
      360000  0.395723
      361000  0.396800
      362000  0.413607
      363000  0.424827
      364000  0.384821
      365000  0.409678
      366000  0.398548
      367000  0.398654
      368000  0.410737
      369000  0.397714
      370000  0.394379
      371000  0.383754
      372000  0.389521
      373000  0.397351
      374000  0.388602
      375000  0.394504
      376000  0.395694
      377000  0.362528
      378000  0.363329
      379000  0.396819
      380000  0.391906
      381000  0.365808
      382000  0.359279
      383000  0.399915
      384000  0.423628
      385000  0.402334
      386000  0.410061
      387000  0.396542
      388000  0.393579
      389000  0.392899
      390000  0.395962
      391000  0.389235
      392000  0.386568
      393000  0.387370
      394000  0.405227
      395000  0.370802
      396000  0.388690
      397000  0.389484
      398000  0.402828
      399000  0.394085
      400000  0.380547
      401000  0.392236
      402000  0.397426
      403000  0.388903
      404000  0.412304
      405000  0.385401
      406000  0.388614
      407000  0.429901
      408000  0.395600
      409000  0.406062
      410000  0.388857
      411000  0.395421
      412000  0.401184
      413000  0.400265
      414000  0.403311
      415000  0.391042
      416000  0.396063
      417000  0.418679
      418000  0.359428
      419000  0.386464
      420000  0.364573
      421000  0.379912
      422000  0.388188
      423000  0.401573
      424000  0.367111
      425000  0.389782
      426000  0.396424
      427000  0.378199
      428000  0.391841
      429000  0.387338
      430000  0.365254
      431000  0.393650
      432000  0.401220
      433000  0.402736
      434000  0.408138
      435000  0.399597
      436000  0.393695
      437000  0.386440
      438000  0.401113
      439000  0.402606
      440000  0.389437
      441000  0.382282
      442000  0.370458
      443000  0.395818
      444000  0.391877
      445000  0.425493
      446000  0.400369
      447000  0.394670
      448000  0.388542
      449000  0.390308
      450000  0.402837
      451000  0.391603
      452000  0.392633
      453000  0.390731
      454000  0.398668
      455000  0.387048
      456000  0.396614
      457000  0.401285
      458000  0.361745
      459000  0.389307
      460000  0.402125
      461000  0.383666
      462000  0.384956
      463000  0.392654
      464000  0.400853
      465000  0.404765
      466000  0.362573
      467000  0.394062
      468000  0.403915
      469000  0.404408
      470000  0.375241
      471000  0.376359
      472000  0.404391
      473000  0.388128
      474000  0.383831
      475000  0.391595
      476000  0.402201
      477000  0.392330
      478000  0.367137
      479000  0.396335
      480000  0.367051
      481000  0.382742
      482000  0.394397
      483000  0.376201
      484000  0.394443
      485000  0.391449
      486000  0.401339
      487000  0.393886
      488000  0.407354
      489000  0.394146
      490000  0.357526
      491000  0.395664
      492000  0.381864
      493000  0.400440
      494000  0.366711
      495000  0.383418
      496000  0.365686
      497000  0.392547
      498000  0.393337
      499000  0.391469
      500000  0.371835
      501000  0.404481
      502000  0.390614
      503000  0.398535
      504000  0.388111
      505000  0.390865
      506000  0.378473
      507000  0.394037
      508000  0.392120
      509000  0.395347
      510000  0.404835
      511000  0.394726
      512000  0.394181
      513000  0.399371
      514000  0.411290
      515000  0.404421
      516000  0.384174
      517000  0.401677
      518000  0.388993
      519000  0.385821
      520000  0.382104
      521000  0.406190
      522000  0.371236
      523000  0.399607
      524000  0.391040
      525000  0.360592
      526000  0.398844
      527000  0.387293
      528000  0.387949
      529000  0.390639
      530000  0.407769
      531000  0.362480
      532000  0.391158
      533000  0.380792
      534000  0.379987
      535000  0.387119
      536000  0.355099
      537000  0.396828
      538000  0.406627
      539000  0.391243
      540000  0.386993
      541000  0.392197
      542000  0.384968
      543000  0.373295
      544000  0.401737
      545000  0.395447
      546000  0.384417
      547000  0.393259
      548000  0.397134
      549000  0.394096
      550000  0.397048
      551000  0.398449
      552000  0.395545
      553000  0.390369
      554000  0.394554
      555000  0.403469
      556000  0.358831
      557000  0.402081
      558000  0.385072
      559000  0.393633
      560000  0.409685
      561000  0.393448
      562000  0.390988
      563000  0.426268
      564000  0.385353
      565000  0.399093
      566000  0.393593
      567000  0.411135
      568000  0.393723
      569000  0.395460
      570000  0.390308
      571000  0.393414
      572000  0.427860
      573000  0.418454
      574000  0.397704
      575000  0.386745
      576000  0.398171
      577000  0.404266
      578000  0.386369
      579000  0.391332
      580000  0.387544
      581000  0.384798
      582000  0.389059
      583000  0.393446
      584000  0.364325
      585000  0.396372
      586000  0.416212
      587000  0.389437
      588000  0.395653
      589000  0.399904
      590000  0.394403
      591000  0.406720
      592000  0.396561
      593000  0.397099
      594000  0.384284
      595000  0.410427
      596000  0.401109
      597000  0.360654
      598000  0.385946
      599000  0.397820
      600000  0.398396
      601000  0.388346
      602000  0.409396
      603000  0.401584
      604000  0.401722
      605000  0.393086
      606000  0.380069
      607000  0.385804
      608000  0.391637
      609000  0.395339
      610000  0.400457
      611000  0.380797
      612000  0.377646
      613000  0.402584
      614000  0.391901
      615000  0.401181
      616000  0.399428
      617000  0.399228
      618000  0.392898
      619000  0.383273
      620000  0.418004
      621000  0.358554
      622000  0.379440
      623000  0.393686
      624000  0.407912
      625000  0.386175
      626000  0.407013
      627000  0.395426
      628000  0.399908
      629000  0.385613
      630000  0.392047
      631000  0.386107
      632000  0.405522
      633000  0.387062
      634000  0.391394
      635000  0.395281
      636000  0.371289
      637000  0.393784
      638000  0.400755
      639000  0.395872
      640000  0.395608
      641000  0.385976
      642000  0.378188
      643000  0.386725
      644000  0.401723
      645000  0.404388
      646000  0.408750
      647000  0.396429
      648000  0.390785
      649000  0.397099
      650000  0.393968
      651000  0.377241
      652000  0.403887
      653000  0.390951
      654000  0.391551
      655000  0.400534
      656000  0.394307
      657000  0.380586
      658000  0.377335
      659000  0.393753
      660000  0.383667
      661000  0.370346
      662000  0.396667
      663000  0.400244
      664000  0.380036
      665000  0.415212
      666000  0.374584
      667000  0.393937
      668000  0.395950
      669000  0.380690
      670000  0.382296
      671000  0.427629
      672000  0.401906
      673000  0.409064
      674000  0.380738
      675000  0.400192
      676000  0.397448
      677000  0.372862
      678000  0.397249
      679000  0.401544
      680000  0.391777
      681000  0.381447
      682000  0.394698
      683000  0.399395
      684000  0.390164
      685000  0.359086
      686000  0.381130
      687000  0.400025
      688000  0.390417
      689000  0.406187
      690000  0.405793
      691000  0.385381
      692000  0.396672
      693000  0.434309
      694000  0.389163
      695000  0.395800
      696000  0.400719
      697000  0.399514
      698000  0.379716
      699000  0.395082
      700000  0.437120
      701000  0.356774
      702000  0.388562
      703000  0.350188
      704000  0.396577
      705000  0.384092
      706000  0.391762
      707000  0.408010
      708000  0.399233
      709000  0.397200
      710000  0.394977
      711000  0.372449
      712000  0.388425
      713000  0.394599
      714000  0.387160
      715000  0.394860
      716000  0.386930
      717000  0.363615
      718000  0.402661
      719000  0.397848
      720000  0.430428
      721000  0.401333
      722000  0.397652
      723000  0.380910
      724000  0.391266
      725000  0.391147
      726000  0.394364
      727000  0.400137
      728000  0.399263
      729000  0.394914
      730000  0.410081
      731000  0.398952
      732000  0.400374
      733000  0.393076
      734000  0.394517
      735000  0.381352
      736000  0.397188
      737000  0.372225
      738000  0.387818
      739000  0.405288
      740000  0.397079
      741000  0.383059
      742000  0.397753
      743000  0.387746
      744000  0.382783
      745000  0.397641
      746000  0.398083
      747000  0.392080
      748000  0.400293
      749000  0.393925
      750000  0.398294
      751000  0.385289
      752000  0.383365
      753000  0.384717
      754000  0.401074
      755000  0.364207
      756000  0.384840
      757000  0.400255
      758000  0.386116
      759000  0.388470
      760000  0.402071
      761000  0.390328
      762000  0.399412
      763000  0.399159
      764000  0.420174
      765000  0.394209
      766000  0.386764
      767000  0.406035
      768000  0.392603
      769000  0.385225
      770000  0.396558
      771000  0.398306
      772000  0.388831
      773000  0.377403
      774000  0.394842
      775000  0.376654
      776000  0.364719
      777000  0.401618
      778000  0.394274
      779000  0.388089
      780000  0.399362
      781000  0.398371
      782000  0.396735
      783000  0.387173
      784000  0.370303
      785000  0.394610
      786000  0.397095
      787000  0.390108
      788000  0.395669
      789000  0.368801
      790000  0.399739
      791000  0.373406
      792000  0.393475
      793000  0.393830
      794000  0.357759
      795000  0.393073
      796000  0.392108
      797000  0.400704
      798000  0.411324
      799000  0.393516
      800000  0.403182
      801000  0.399470
      802000  0.396030
      803000  0.397448
      804000  0.400088
      805000  0.405663
      806000  0.383967
      807000  0.398570
      808000  0.406779
      809000  0.397042
      810000  0.366697
      811000  0.371881
      812000  0.385103
      813000  0.369357
      814000  0.423731
      815000  0.383975
      816000  0.400970
      817000  0.385107
      818000  0.410166
      819000  0.399390
      820000  0.389685
      821000  0.402570
      822000  0.394962
      823000  0.396661
      824000  0.393525
      825000  0.401937
      826000  0.378565
      827000  0.391193
      828000  0.395605
      829000  0.401030
      830000  0.429859
      831000  0.396719
      832000  0.391618
      833000  0.394134
      834000  0.397924
      835000  0.387261
      836000  0.388760
      837000  0.368281
      838000  0.377636
      839000  0.396301
      840000  0.382295
      841000  0.400353
      842000  0.385350
      843000  0.393220
      844000  0.414000
      845000  0.363303
      846000  0.397126
      847000  0.395460
      848000  0.409063
      849000  0.396000
      850000  0.382061
      851000  0.395227
      852000  0.403344
      853000  0.389690
      854000  0.388583
      855000  0.394214
      856000  0.390455
      857000  0.398026
      858000  0.394860
      859000  0.388527
      860000  0.371001
      861000  0.396128
      862000  0.356250
      863000  0.397792
      864000  0.417364
      865000  0.397603
      866000  0.409132
      867000  0.394680
      868000  0.402483
      869000  0.356480
      870000  0.384287
      871000  0.387857
      872000  0.382176
      873000  0.403736
      874000  0.380652
      875000  0.409829
      876000  0.390661
      877000  0.403621
      878000  0.402133
      879000  0.391622
      880000  0.386977
      881000  0.396772
      882000  0.384664
      883000  0.394532
      884000  0.397049
      885000  0.396976
      886000  0.391189
      887000  0.398406
      888000  0.400046
      889000  0.401056
      890000  0.392226
      891000  0.398598
      892000  0.403493
      893000  0.401881
      894000  0.406399
      895000  0.387322
      896000  0.387165
      897000  0.388129
      898000  0.394646
      899000  0.396333
      900000  0.396612
      901000  0.400586
      902000  0.378573
      903000  0.389609
      904000  0.389869
      905000  0.397341
      906000  0.358598
      907000  0.401799
      908000  0.396122
      909000  0.375150
      910000  0.400924
      911000  0.397774
      912000  0.397209
      913000  0.391126
      914000  0.399234
      915000  0.396842
      916000  0.397000
      917000  0.388539
      918000  0.383990
      919000  0.394327
      920000  0.395490
      921000  0.365964
      922000  0.398284
      923000  0.387272
      924000  0.387998
      925000  0.393726
      926000  0.399487
      927000  0.389594
      928000  0.389030
      929000  0.397415
      930000  0.369288
      931000  0.396917
      932000  0.397276
      933000  0.393186
      934000  0.387016
      935000  0.394394
      936000  0.382447
      937000  0.383927
      938000  0.402329
      939000  0.387141
      940000  0.388980
      941000  0.423894
      942000  0.395781
      943000  0.387168
      944000  0.393478
      945000  0.394365
      946000  0.390116
      947000  0.433016
      948000  0.398481
      949000  0.396582
      950000  0.353323
      951000  0.393215
      952000  0.396029
      953000  0.376606
      954000  0.394158
      955000  0.380037
      956000  0.393574
      957000  0.384993
      958000  0.385556
      959000  0.399424
      960000  0.396084
      961000  0.391211
      962000  0.404066
      963000  0.389433
      964000  0.393248
      965000  0.397835
      966000  0.399190
      967000  0.396478
      968000  0.387805
      969000  0.414121
      970000  0.386924
      971000  0.399796
      972000  0.386669
      973000  0.392629
      974000  0.399181
      975000  0.380830
      976000  0.392528
      977000  0.353315
      978000  0.388454
      979000  0.390691
      980000  0.390306
      981000  0.403845
      982000  0.408293
      983000  0.395650
      984000  0.395773
      985000  0.385181
      986000  0.394515
      987000  0.394501
      988000  0.411454
      989000  0.374990
      990000  0.385849
      991000  0.386189
      992000  0.392104
      993000  0.404698
      994000  0.401002
      995000  0.426603
      996000  0.389712
      997000  0.384489
      998000  0.408636
      999000  0.396058
     1000000  0.390645
