       1000 -226.592364
       2000 -227.371687
       3000 -227.691651
       4000 -225.056969
       5000 -225.114548
       6000 -225.730541
       7000 -226.975813
       8000 -227.876309
       9000 -225.982136
      10000 -227.079219
      11000 -224.790560
      12000 -225.113845
      13000 -226.466649
      14000 -225.074196
      15000 -225.282103
      16000 -227.197705
      17000 -225.079263
      18000 -226.000268
      19000 -225.724256
      20000 -225.270306
      21000 -227.773609
      22000 -224.956062
      23000 -227.286509
      24000 -225.397598
      25000 -225.050471
      26000 -224.958799
      27000 -228.024240
      28000 -225.151361
      29000 -225.296832
      30000 -226.290349
      31000 -226.590219
      32000 -225.221641
      33000 -224.816547
      34000 -224.747917
      35000 -224.968666
      36000 -225.442955
      37000 -225.240570
      38000 -224.902631
      39000 -224.878833
      40000 -225.317184
      41000 -227.851856
      42000 -225.306956
      43000 -227.467197
      44000 -225.181528
      45000 -225.910414
      46000 -225.229015
      47000 -224.742978
      48000 -229.570123
      49000 -226.652427
      50000 -228.849356
      51000 -229.001091
      52000 -224.900567
      53000 -226.120079
      54000 -225.938918
      55000 -226.748029
      56000 -227.238398
      57000 -225.202481
      58000 -225.062079
      59000 -225.286977
      60000 -225.585908
      61000 -225.154012
      62000 -225.657664
      63000 -226.832769
      64000 -226.527794
      65000 -225.340029
      66000 -224.930931
      67000 -224.954775
      68000 -229.601338
      69000 -228.350620
      70000 -224.892765
      71000 -225.548936
      72000 -226.742963
      73000 -227.840974
      74000 -224.776568
      75000 -225.718099
      76000 -225.402318
      77000 -226.305548
      78000 -225.347733
      79000 -225.289831
      80000 -224.762514
      81000 -225.137180
      82000 -227.259938
      83000 -226.566783
      84000 -224.797825
      85000 -225.963995
      86000 -224.776987
      87000 -228.522821
      88000 -225.189962
      89000 -225.968066
      90000 -225.508802
      91000 -225.389696
      92000 -225.917293
      93000 -228.640114
      94000 -230.377487
      95000 -224.794347
      96000 -229.357714
      97000 -225.352885
      98000 -226.702815
      99000 -224.855971
     100000 -225.355789
     101000 -227.034842
     102000 -225.244666
     103000 -232.203544
     104000 -227.306919
     105000 -226.136110
     106000 -225.779659
     107000 -226.615608
     108000 -225.153820
     109000 -232.276675
     110000 -224.761496
     111000 -230.707616
     112000 -224.825741
     113000 -228.143553
     114000 -228.792907
     115000 -227.666559
     116000 -226.949960
     117000 -226.645418
     118000 -224.762919
     119000 -225.579851
     120000 -225.370016
     121000 -227.195731
     122000 -226.847030
     123000 -226.405719
     124000 -225.045668
     125000 -227.981308
     126000 -226.582662
     127000 -227.881739
     128000 -227.824838
     129000 -225.421238
     130000 -224.770001
     131000 -226.869389
     132000 -226.460867
     133000 -224.888661
     134000 -228.116965
     135000 -225.752954
     136000 -225.600682
     137000 -225.166282
     138000 -224.860125
     139000 -224.765157
     140000 -225.727789
     141000 -225.071749
     142000 -228.706415
     143000 -224.979588
     144000 -225.009078
     145000 -225.496387
     146000 -226.885957
     147000 -225.904127
     148000 -224.883362
     149000 -225.009701
     150000 -224.758404
     151000 -225.232440
     152000 -225.280901
     153000 -225.751810
     154000 -225.046035
     155000 -225.113761
     156000 -224.999441
     157000 -227.694432
     158000 -225.634824
     159000 -226.725414
     160000 -224.877764
     161000 -227.273950
     162000 -224.788674
     163000 -228.130375
     164000 -224.935925
     165000 -224.903442
     166000 -225.230476
     167000 -224.770292
     168000 -230.066437
     169000 -226.269938
     170000 -226.181709
     171000 -225.785949
     172000 -226.701011
     173000 -225.355043
     174000 -227.644361
     175000 -224.972870
     176000 -226.036656
     177000 -227.367779
     178000 -224.992914
     179000 -226.810584
     180000 -224.908072
     181000 -228.459217
     182000 -225.942521
     183000 -225.017233
     184000 -225.307189
     185000 -227.326428
     186000 -224.952939
     187000 -225.248983
     188000 -226.226509
     189000 -227.317289
     190000 -231.183386
     191000 -226.202169
     192000 -225.523222
     193000 -228.882198
     194000 -227.902182
     195000 -231.498460
     196000 -225.047560
     197000 -224.791568
     198000 -224.794208
     199000 -224.786674
     200000 -227.802704
     201000 -225.350846
     202000 -226.535663
     203000 -228.725183
     204000 -225.373647
     205000 -226.635081
     206000 -226.975627
     207000 -224.926466
     208000 -227.027920
     209000 -224.965956
     210000 -226.246160
     211000 -225.195045
     212000 -225.404003
     213000 -225.470806
     214000 -227.972531
     215000 -226.383967
     216000 -224.784946
     217000 -226.110484
     218000 -229.990970
     219000 -226.149455
     220000 -227.063551
     221000 -225.111740
     222000 -225.587562
     223000 -228.727249
     224000 -226.826871
     225000 -227.742846
     226000 -226.850283
     227000 -225.152609
     228000 -225.349376
     229000 -224.999923
     230000 -228.732525
     231000 -225.394624
     232000 -224.813262
     233000 -228.320996
     234000 -225.043485
     235000 -226.588572
     236000 -228.027725
     237000 -225.207967
     238000 -224.862487
     239000 -226.179521
     240000 -226.924507
     241000 -227.088714
     242000 -225.580887
     243000 -226.846317
     244000 -224.973068
     245000 -227.502220
     246000 -226.694519
     247000 -227.751091
     248000 -228.450505
     249000 -225.169319
     250000 -224.844075
     251000 -225.370056
     252000 -226.256143
     253000 -227.719884
     254000 -225.658141
     255000 -225.305316
     256000 -228.051556
     257000 -229.274853
     258000 -225.534017
     259000 -224.902717
     260000 -225.029926
     261000 -225.794113
     262000 -227.542408
     263000 -225.665120
     264000 -229.369528
     265000 -224.959307
     266000 -225.486242
     267000 -228.504874
     268000 -224.838343
     269000 -228.131193
     270000 -225.798087
     271000 -225.694172
     272000 -224.911382
     273000 -224.934097
     274000 -224.837492
     275000 -227.390353
     276000 -225.390810
     277000 -228.037091
     278000 -225.165635
     279000 -225.321693
     280000 -224.917914
     281000 -225.024165
     282000 -224.857514
     283000 -228.784089
     284000 -226.753115
     285000 -225.483539
     286000 -225.035518
     287000 -225.515224
     288000 -229.066101
     289000 -225.521042
     290000 -224.826332
     291000 -228.110193
     292000 -224.974994
     293000 -228.283834
     294000 -234.111069
     295000 -225.122395
     296000 -224.735647
     297000 -225.831803
     298000 -226.631756
     299000 -228.693516
     300000 -225.053557
     301000 -229.253332
     302000 -224.790636
     303000 -225.753279
     304000 -229.909002
     305000 -227.353680
     306000 -225.574855
     307000 -226.052278
     308000 -227.101709
     309000 -224.976867
     310000 -224.935075
     311000 -227.288627
     312000 -225.480953
     313000 -230.617849
     314000 -225.067327
     315000 -224.962170
     316000 -226.177788
     317000 -227.548852
     318000 -224.740082
     319000 -227.581879
     320000 -228.195236
     321000 -225.374463
     322000 -228.172578
     323000 -227.992513
     324000 -227.913282
     325000 -225.633820
     326000 -226.205460
     327000 -226.544670
     328000 -225.420357
     329000 -229.883891
     330000 -225.624825
     331000 -232.452337
     332000 -225.023500
     333000 -225.943856
     334000 -225.196896
     335000 -224.973210
     336000 -225.174130
     337000 -227.334970
     338000 -227.228241
     339000 -225.321648
     340000 -227.321914
     341000 -227.506441
     342000 -227.653983
     343000 -228.635012
     344000 -224.838688
     345000 -227.276013
     346000 -225.775420
     347000 -225.975390
     348000 -226.994195
     349000 -228.332920
     350000 -226.533037
     351000 -224.950372
     352000 -225.145849
     353000 -227.666867
     354000 -226.063409
     355000 -225.253975
     356000 -224.934157
     357000 -224.760471
     358000 -226.580343
     359000 -225.769352
     360000 -224.884646
     361000 -225.739480
     362000 -225.571572
     363000 -225.720834
     364000 -224.788681
     365000 -225.259374
     366000 -225.625368
     367000 -224.758192
     368000 -226.898085
     369000 -225.571049
     370000 -224.818149
     371000 -226.064313
     372000 -225.105326
     373000 -225.102028
     374000 -225.394967
     375000 -225.002940
     376000 -226.255381
     377000 -226.287579
     378000 -224.938832
     379000 -225.562074
     380000 -226.870802
     381000 -225.678650
     382000 -227.812246
     383000 -226.514167
     384000 -224.734377
     385000 -228.969146
     386000 -227.600530
     387000 -225.372892
     388000 -225.137586
     389000 -227.690325
     390000 -226.899054
     391000 -225.044298
     392000 -228.137297
     393000 -225.586053
     394000 -225.023597
     395000 -224.844122
     396000 -225.341169
     397000 -224.789958
     398000 -226.775664
     399000 -224.865619
     400000 -225.786988
     401000 -224.777508
     402000 -226.924092
     403000 -225.228970
     404000 -227.670130
     405000 -224.827641
     406000 -225.456249
     407000 -227.487615
     408000 -229.460094
     409000 -226.831051
     410000 -224.867074
     411000 -226.114341
     412000 -226.133340
     413000 -225.513957
     414000 -224.747543
     415000 -224.936208
     416000 -226.710288
     417000 -224.769382
     418000 -225.011199
     419000 -225.474857
     420000 -227.865650
     421000 -224.988487
     422000 -226.206942
     423000 -225.223226
     424000 -225.293749
     425000 -224.763630
     426000 -224.971425
     427000 -234.203120
     428000 -225.127114
     429000 -224.820063
     430000 -224.791234
     431000 -228.164420
     432000 -226.859089
     433000 -224.788027
     434000 -224.962936
     435000 -224.770225
     436000 -225.125813
     437000 -225.017559
     438000 -224.776890
     439000 -226.718536
     440000 -224.891736
     441000 -224.927043
     442000 -225.205361
     443000 -226.196843
     444000 -225.926191
     445000 -227.241812
     446000 -228.315602
     447000 -225.064532
     448000 -225.448230
     449000 -226.691215
     450000 -225.254510
     451000 -227.322583
     452000 -225.357991
     453000 -225.728640
     454000 -225.171554
     455000 -225.438706
     456000 -225.712657
     457000 -226.757379
     458000 -226.608287
     459000 -229.116808
     460000 -225.078563
     461000 -226.174942
     462000 -224.978985
     463000 -226.086943
     464000 -227.233114
     465000 -225.004985
     466000 -227.374038
     467000 -228.455775
     468000 -224.863507
     469000 -225.280839
     470000 -227.133361
     471000 -225.156677
     472000 -225.659532
     473000 -225.339975
     474000 -224.926833
     475000 -227.228822
     476000 -227.446529
     477000 -225.223247
     478000 -229.370645
     479000 -224.951586
     480000 -226.394383
     481000 -224.815021
     482000 -227.233750
     483000 -226.845731
     484000 -226.928660
     485000 -227.230338
     486000 -225.102660
     487000 -226.299074
     488000 -225.499063
     489000 -227.299712
     490000 -226.527864
     491000 -225.038662
     492000 -224.784795
     493000 -225.192544
     494000 -225.004748
     495000 -227.010482
     496000 -226.324211
     497000 -224.837413
     498000 -227.524308
     499000 -224.933658
     500000 -226.377073
     501000 -224.740883
     502000 -229.698101
     503000 -225.873025
     504000 -225.250768
     505000 -225.058959
     506000 -224.747938
     507000 -227.968011
     508000 -229.106052
     509000 -224.796714
     510000 -225.223681
     511000 -224.941326
     512000 -226.069258
     513000 -226.098973
     514000 -226.352066
     515000 -224.804100
     516000 -225.189578
     517000 -224.882836
     518000 -226.831122
     519000 -226.181780
     520000 -225.394082
     521000 -225.525650
     522000 -225.793324
     523000 -225.426074
     524000 -226.221185
     525000 -225.128817
     526000 -228.151750
     527000 -226.461331
     528000 -226.755934
     529000 -224.892067
     530000 -224.996142
     531000 -225.909785
     532000 -228.512096
     533000 -228.786310
     534000 -226.991527
     535000 -226.470244
     536000 -227.541888
     537000 -225.193725
     538000 -224.871123
     539000 -226.261242
     540000 -224.917900
     541000 -228.452523
     542000 -225.581964
     543000 -225.186347
     544000 -224.910188
     545000 -226.215891
     546000 -225.229184
     547000 -224.829025
     548000 -225.379216
     549000 -227.013575
     550000 -230.236842
     551000 -224.832509
     552000 -226.012190
     553000 -228.120848
     554000 -227.678157
     555000 -224.754874
     556000 -225.014425
     557000 -226.002588
     558000 -226.605160
     559000 -228.156919
     560000 -226.418959
     561000 -225.956227
     562000 -228.963009
     563000 -225.247411
     564000 -224.762683
     565000 -224.881114
     566000 -225.038849
     567000 -225.760192
     568000 -224.748328
     569000 -224.982116
     570000 -224.985923
     571000 -224.914155
     572000 -225.507253
     573000 -224.991257
     574000 -225.971593
     575000 -226.154739
     576000 -224.769733
     577000 -225.788202
     578000 -224.962092
     579000 -226.678849
     580000 -226.299150
     581000 -226.082373
     582000 -226.007960
     583000 -227.658750
     584000 -225.630845
     585000 -229.355798
     586000 -225.979018
     587000 -227.017444
     588000 -224.832587
     589000 -225.792109
     590000 -228.391002
     591000 -224.819620
     592000 -225.478159
     593000 -229.168063
     594000 -229.493962
     595000 -229.850446
     596000 -225.446455
     597000 -225.183813
     598000 -227.843938
     599000 -224.950084
     600000 -229.907167
     601000 -225.542670
     602000 -225.195262
     603000 -226.432602
     604000 -226.696535
     605000 -230.222483
     606000 -227.095693
     607000 -228.765152
     608000 -225.901923
     609000 -225.234037
     610000 -227.479197
     611000 -225.440958
     612000 -225.499881
     613000 -225.737975
     614000 -227.852166
     615000 -229.597624
     616000 -225.642346
     617000 -224.786987
     618000 -225.590701
     619000 -226.358862
     620000 -225.804023
     621000 -224.731896
     622000 -226.823506
     623000 -225.948004
     624000 -226.844085
     625000 -224.731104
     626000 -225.351942
     627000 -225.154201
     628000 -228.570824
     629000 -226.804993
     630000 -225.072668
     631000 -228.115102
     632000 -226.205187
     633000 -225.225335
     634000 -229.785889
     635000 -224.752518
     636000 -226.709133
     637000 -225.641841
     638000 -225.044998
     639000 -224.916895
     640000 -225.713004
     641000 -226.723764
     642000 -224.969223
     643000 -225.169278
     644000 -228.016172
     645000 -226.174938
     646000 -226.189832
     647000 -225.660408
     648000 -227.699065
     649000 -229.077893
     650000 -225.222913
     651000 -225.971202
     652000 -225.792189
     653000 -226.207905
     654000 -226.721900
     655000 -225.053277
     656000 -225.708236
     657000 -229.123503
     658000 -225.210869
     659000 -226.631875
     660000 -225.033133
     661000 -229.133379
     662000 -229.419679
     663000 -228.458023
     664000 -225.433432
     665000 -224.997886
     666000 -225.592771
     667000 -225.118898
     668000 -229.176305
     669000 -226.400743
     670000 -226.334962
     671000 -225.801612
     672000 -225.031285
     673000 -225.831369
     674000 -224.999631
     675000 -225.487546
     676000 -229.117739
     677000 -231.112947
     678000 -224.735015
     679000 -224.943040
     680000 -226.483110
     681000 -224.953136
     682000 -224.892346
     683000 -226.051412
     684000 -225.157382
     685000 -226.767191
     686000 -226.084357
     687000 -226.209826
     688000 -225.708793
     689000 -225.467022
     690000 -224.991038
     691000 -225.002890
     692000 -225.941010
     693000 -227.278613
     694000 -225.401913
     695000 -225.715155
     696000 -226.739793
     697000 -225.632358
     698000 -224.878400
     699000 -224.876182
     700000 -225.919739
     701000 -224.964994
     702000 -224.779975
     703000 -225.062417
     704000 -225.907176
     705000 -225.009544
     706000 -227.814178
     707000 -225.564938
     708000 -224.867771
     709000 -227.139831
     710000 -225.042419
     711000 -226.133674
     712000 -225.813928
     713000 -225.038491
     714000 -225.687918
     715000 -225.372134
     716000 -225.601661
     717000 -225.239265
     718000 -225.260082
     719000 -225.238534
     720000 -225.532560
     721000 -228.451617
     722000 -228.113677
     723000 -225.707681
     724000 -225.060171
     725000 -228.207348
     726000 -224.984108
     727000 -225.122668
     728000 -224.779166
     729000 -225.099659
     730000 -225.667471
     731000 -226.712192
     732000 -224.804117
     733000 -225.013213
     734000 -224.764515
     735000 -225.995516
     736000 -228.628051
     737000 -225.590415
     738000 -226.886244
     739000 -227.232249
     740000 -225.738663
     741000 -225.139525
     742000 -226.165531
     743000 -224.795802
     744000 -225.580175
     745000 -225.768638
     746000 -225.896527
     747000 -228.527896
     748000 -225.824179
     749000 -224.734521
     750000 -224.870305
     751000 -225.178622
     752000 -226.835469
     753000 -227.833265
     754000 -225.727754
     755000 -225.079388
     756000 -225.240559
     757000 -225.772946
     758000 -227.031756
     759000 -225.865843
     760000 -226.571145
     761000 -224.952460
     762000 -226.886021
     763000 -227.885794
     764000 -225.195149
     765000 -225.038861
     766000 -225.196094
     767000 -225.134414
     768000 -231.984721
     769000 -224.887793
     770000 -225.034741
     771000 -226.036295
     772000 -228.419124
     773000 -224.892151
     774000 -226.255541
     775000 -225.570222
     776000 -226.014483
     777000 -224.872857
     778000 -224.813659
     779000 -226.343628
     780000 -225.684982
     781000 -229.323304
     782000 -225.408022
     783000 -227.135632
     784000 -227.520878
     785000 -227.220205
     786000 -224.925205
     787000 -225.032612
     788000 -225.176101
     789000 -227.639965
     790000 -225.613417
     791000 -226.673697
     792000 -224.987114
     793000 -225.278155
     794000 -224.958128
     795000 -226.192888
     796000 -226.329596
     797000 -224.785550
     798000 -228.259285
     799000 -224.815449
     800000 -224.851019
     801000 -224.913698
     802000 -224.822524
     803000 -225.105840
     804000 -225.536148
     805000 -226.022809
     806000 -226.887671
     807000 -225.625634
     808000 -225.013660
     809000 -225.498044
     810000 -225.395402
     811000 -224.789969
     812000 -226.808206
     813000 -224.914376
     814000 -229.503550
     815000 -224.889911
     816000 -224.791132
     817000 -226.878330
     818000 -225.414342
     819000 -226.289409
     820000 -226.743054
     821000 -226.025991
     822000 -225.083405
     823000 -225.378513
     824000 -225.505729
     825000 -225.284771
     826000 -226.688845
     827000 -230.008745
     828000 -226.896254
     829000 -228.706681
     830000 -225.646696
     831000 -225.081374
     832000 -227.394302
     833000 -224.821040
     834000 -227.930057
     835000 -225.826921
     836000 -227.865905
     837000 -225.517276
     838000 -225.300429
     839000 -227.765771
     840000 -225.284758
     841000 -225.541228
     842000 -225.167609
     843000 -225.733283
     844000 -229.589281
     845000 -225.507724
     846000 -226.056629
     847000 -226.201768
     848000 -224.873474
     849000 -224.960095
     850000 -226.237328
     851000 -227.926228
     852000 -225.860636
     853000 -225.800646
     854000 -226.451538
     855000 -225.416940
     856000 -225.018468
     857000 -224.805110
     858000 -227.019415
     859000 -227.133155
     860000 -227.266569
     861000 -225.107221
     862000 -226.365903
     863000 -226.196875
     864000 -224.874089
     865000 -226.089332
     866000 -225.430188
     867000 -228.084292
     868000 -225.190343
     869000 -225.150540
     870000 -227.244189
     871000 -225.288855
     872000 -226.790014
     873000 -227.325899
     874000 -225.922916
     875000 -224.977494
     876000 -226.242604
     877000 -224.845237
     878000 -225.695352
     879000 -226.476730
     880000 -225.342511
     881000 -225.396513
     882000 -226.958316
     883000 -224.845119
     884000 -225.662386
     885000 -227.202186
     886000 -225.761062
     887000 -224.960806
     888000 -226.140193
     889000 -226.190076
     890000 -225.550812
     891000 -225.931873
     892000 -225.487191
     893000 -224.938016
     894000 -225.808680
     895000 -225.687178
     896000 -224.915165
     897000 -228.689970
     898000 -225.948907
     899000 -224.804755
     900000 -225.836918
     901000 -226.684857
     902000 -225.198002
     903000 -226.795058
     904000 -225.430637
     905000 -225.680104
     906000 -227.501430
     907000 -225.215672
     908000 -226.034457
     909000 -225.414642
     910000 -225.907650
     911000 -224.997340
     912000 -224.823072
     913000 -225.391660
     914000 -225.907249
     915000 -226.637737
     916000 -225.885579
     917000 -225.217680
     918000 -227.823036
     919000 -225.062029
     920000 -225.273561
     921000 -224.971876
     922000 -225.244190
     923000 -228.358691
     924000 -225.752849
     925000 -225.966735
     926000 -224.740447
     927000 -225.799730
     928000 -225.026181
     929000 -224.978404
     930000 -225.307382
     931000 -226.729833
     932000 -226.060031
     933000 -226.876954
     934000 -228.215887
     935000 -225.448942
     936000 -225.583457
     937000 -226.027233
     938000 -226.732972
     939000 -228.316263
     940000 -224.726628
     941000 -225.399294
     942000 -224.746563
     943000 -226.877878
     944000 -226.644540
     945000 -225.156749
     946000 -227.881763
     947000 -226.914126
     948000 -224.913747
     949000 -225.224207
     950000 -224.756784
     951000 -225.889115
     952000 -224.767731
     953000 -225.527792
     954000 -228.010795
     955000 -229.970171
     956000 -225.078041
     957000 -225.050212
     958000 -224.784503
     959000 -226.868976
     960000 -225.182654
     961000 -226.302135
     962000 -227.052709
     963000 -227.812978
     964000 -226.355025
     965000 -225.501651
     966000 -225.869742
     967000 -228.135336
     968000 -224.794357
     969000 -226.476327
     970000 -225.428308
     971000 -225.488034
     972000 -226.490724
     973000 -228.335904
     974000 -227.192983
     975000 -226.409492
     976000 -228.551999
     977000 -225.632060
     978000 -225.191793
     979000 -225.863201
     980000 -226.105037
     981000 -224.814069
     982000 -224.810886
     983000 -225.343212
     984000 -225.130477
     985000 -226.405299
     986000 -226.720740
     987000 -226.917303
     988000 -227.656079
     989000 -225.019456
     990000 -228.784532
     991000 -224.906066
     992000 -224.917613
     993000 -228.953335
     994000 -229.980577
     995000 -224.925814
     996000 -224.866885
     997000 -225.267885
     998000 -226.180891
     999000 -227.910581
    1000000 -228.434067
