    genPlus1     beta
        1000  0.947822
        2000  0.931535
        3000  0.916878
        4000  0.921065
        5000  0.971783
        6000  0.912760
        7000  0.981200
        8000  0.989185
        9000  0.969996
       10000  0.920392
       11000  0.922104
       12000  0.926380
       13000  0.912750
       14000  0.958076
       15000  0.944064
       16000  0.922833
       17000  0.946419
       18000  0.815123
       19000  0.911861
       20000  0.945560
       21000  0.917490
       22000  0.959611
       23000  0.962898
       24000  0.903529
       25000  0.957324
       26000  0.965588
       27000  0.965837
       28000  0.960784
       29000  0.975737
       30000  0.969603
       31000  0.896035
       32000  0.952560
       33000  0.955493
       34000  0.920158
       35000  0.944067
       36000  0.921215
       37000  0.830895
       38000  0.969304
       39000  0.958077
       40000  0.912982
       41000  0.972292
       42000  0.923476
       43000  0.970424
       44000  0.938595
       45000  0.939499
       46000  0.962455
       47000  0.973701
       48000  0.970774
       49000  0.884742
       50000  0.975265
       51000  0.949067
       52000  0.948630
       53000  0.944196
       54000  0.925039
       55000  0.941829
       56000  0.957093
       57000  0.946083
       58000  0.928352
       59000  0.964539
       60000  0.969894
       61000  0.957791
       62000  0.969859
       63000  0.991308
       64000  0.930381
       65000  0.968917
       66000  0.975512
       67000  0.966150
       68000  0.932247
       69000  0.961430
       70000  0.930829
       71000  0.975570
       72000  0.968077
       73000  0.900389
       74000  0.967499
       75000  0.870731
       76000  0.954125
       77000  0.913098
       78000  0.956498
       79000  0.955395
       80000  0.976449
       81000  0.926149
       82000  0.952812
       83000  0.995893
       84000  0.977346
       85000  0.929295
       86000  0.916355
       87000  0.890461
       88000  0.942448
       89000  0.974574
       90000  0.947966
       91000  0.977412
       92000  0.873161
       93000  0.978323
       94000  0.936208
       95000  0.966804
       96000  0.942895
       97000  0.938754
       98000  0.990112
       99000  0.981155
      100000  0.923023
      101000  0.977753
      102000  0.942326
      103000  0.950833
      104000  0.971875
      105000  0.935201
      106000  0.849260
      107000  0.931479
      108000  0.763206
      109000  0.955469
      110000  0.869004
      111000  0.974580
      112000  0.977009
      113000  0.971630
      114000  0.942551
      115000  0.971967
      116000  0.944895
      117000  0.944398
      118000  0.974776
      119000  0.878731
      120000  0.982102
      121000  0.954906
      122000  0.971520
      123000  0.961575
      124000  0.947057
      125000  0.969018
      126000  0.963212
      127000  0.986019
      128000  0.966498
      129000  0.949403
      130000  0.983272
      131000  0.925857
      132000  0.960758
      133000  0.960514
      134000  0.921768
      135000  0.952862
      136000  0.949597
      137000  0.915612
      138000  0.963253
      139000  0.930322
      140000  0.960978
      141000  0.975361
      142000  0.930901
      143000  0.806713
      144000  0.969879
      145000  0.941350
      146000  0.971402
      147000  0.977159
      148000  0.943932
      149000  0.973049
      150000  0.912342
      151000  0.973259
      152000  0.976086
      153000  0.980579
      154000  0.947359
      155000  0.948621
      156000  0.944543
      157000  0.934414
      158000  0.982412
      159000  0.967442
      160000  0.962283
      161000  0.940260
      162000  0.947071
      163000  0.920018
      164000  0.953897
      165000  0.909875
      166000  0.975884
      167000  0.972381
      168000  0.959852
      169000  0.954725
      170000  0.965177
      171000  0.956820
      172000  0.880244
      173000  0.979609
      174000  0.936510
      175000  0.967143
      176000  0.960904
      177000  0.916024
      178000  0.979347
      179000  0.993333
      180000  0.947305
      181000  0.741359
      182000  0.949306
      183000  0.963044
      184000  0.967832
      185000  0.970652
      186000  0.970277
      187000  0.922874
      188000  0.909258
      189000  0.963113
      190000  0.954930
      191000  0.962227
      192000  0.964238
      193000  0.965011
      194000  0.971648
      195000  0.941584
      196000  0.977191
      197000  0.958195
      198000  0.875248
      199000  0.989931
      200000  0.960726
      201000  0.876474
      202000  0.838571
      203000  0.947293
      204000  0.924130
      205000  0.878877
      206000  0.957288
      207000  0.897964
      208000  0.908303
      209000  0.898703
      210000  0.954127
      211000  0.936751
      212000  0.902714
      213000  0.874063
      214000  0.941576
      215000  0.929813
      216000  0.974335
      217000  0.926240
      218000  0.954217
      219000  0.937947
      220000  0.971878
      221000  0.958473
      222000  0.946038
      223000  0.966055
      224000  0.935421
      225000  0.965430
      226000  0.976367
      227000  0.891661
      228000  0.873620
      229000  0.950715
      230000  0.893438
      231000  0.928185
      232000  0.963645
      233000  0.926524
      234000  0.967332
      235000  0.937388
      236000  0.967998
      237000  0.973962
      238000  0.969137
      239000  0.929513
      240000  0.975310
      241000  0.935496
      242000  0.974398
      243000  0.992168
      244000  0.957870
      245000  0.968119
      246000  0.955354
      247000  0.972795
      248000  0.885089
      249000  0.950946
      250000  0.930640
      251000  0.955624
      252000  0.920592
      253000  0.883389
      254000  0.915613
      255000  0.962364
      256000  0.996308
      257000  0.964024
      258000  0.936086
      259000  0.928585
      260000  0.969437
      261000  0.922337
      262000  0.944630
      263000  0.929048
      264000  0.971179
      265000  0.972935
      266000  0.973786
      267000  0.952172
      268000  0.987588
      269000  0.969033
      270000  0.938650
      271000  0.877816
      272000  0.973210
      273000  0.937643
      274000  0.903256
      275000  0.932540
      276000  0.900957
      277000  0.964072
      278000  0.918134
      279000  0.904574
      280000  0.969324
      281000  0.954859
      282000  0.918612
      283000  0.855759
      284000  0.903989
      285000  0.960728
      286000  0.969920
      287000  0.913631
      288000  0.976934
      289000  0.938024
      290000  0.925846
      291000  0.952456
      292000  0.969934
      293000  0.973694
      294000  0.978229
      295000  0.964881
      296000  0.947577
      297000  0.961944
      298000  0.934912
      299000  0.865701
      300000  0.927244
      301000  0.975230
      302000  0.936644
      303000  0.970046
      304000  0.953187
      305000  0.950823
      306000  0.973315
      307000  0.955247
      308000  0.972841
      309000  0.929247
      310000  0.953085
      311000  0.937133
      312000  0.917643
      313000  0.935677
      314000  0.955417
      315000  0.924455
      316000  0.925062
      317000  0.967505
      318000  0.930549
      319000  0.948990
      320000  0.932942
      321000  0.884840
      322000  0.972986
      323000  0.955907
      324000  0.941335
      325000  0.911676
      326000  0.973976
      327000  0.969941
      328000  0.946115
      329000  0.918514
      330000  0.971707
      331000  0.929752
      332000  0.824816
      333000  0.846121
      334000  0.931909
      335000  0.935363
      336000  0.940775
      337000  0.906587
      338000  0.940006
      339000  0.976585
      340000  0.926666
      341000  0.966558
      342000  0.963272
      343000  0.925483
      344000  0.940103
      345000  0.712368
      346000  0.973230
      347000  0.971172
      348000  0.938096
      349000  0.971269
      350000  0.901165
      351000  0.957346
      352000  0.981468
      353000  0.942033
      354000  0.908345
      355000  0.932941
      356000  0.959416
      357000  0.906605
      358000  0.866762
      359000  0.963371
      360000  0.947614
      361000  0.940283
      362000  0.922131
      363000  0.934075
      364000  0.964688
      365000  0.941778
      366000  0.911298
      367000  0.935504
      368000  0.964154
      369000  0.975731
      370000  0.936138
      371000  0.888426
      372000  0.967208
      373000  0.960212
      374000  0.937247
      375000  0.950145
      376000  0.959822
      377000  0.940506
      378000  0.935140
      379000  0.966304
      380000  0.898544
      381000  0.965553
      382000  0.972253
      383000  0.973201
      384000  0.928848
      385000  0.970387
      386000  0.943696
      387000  0.946134
      388000  0.957778
      389000  0.917570
      390000  0.961194
      391000  0.962239
      392000  0.897691
      393000  0.980666
      394000  0.960904
      395000  0.908167
      396000  0.957788
      397000  0.931623
      398000  1.003009
      399000  0.944868
      400000  0.946867
      401000  0.971442
      402000  0.983313
      403000  0.976630
      404000  0.953538
      405000  0.949883
      406000  0.921571
      407000  0.976173
      408000  0.978527
      409000  0.976152
      410000  0.900646
      411000  0.970788
      412000  0.974507
      413000  0.945094
      414000  0.824619
      415000  0.886355
      416000  0.948765
      417000  0.977053
      418000  0.912670
      419000  0.917985
      420000  0.916974
      421000  0.965671
      422000  0.937939
      423000  0.945695
      424000  0.954006
      425000  0.944110
      426000  0.943574
      427000  0.959180
      428000  0.974631
      429000  0.964750
      430000  0.929663
      431000  0.962240
      432000  0.794014
      433000  0.969922
      434000  0.821800
      435000  0.874759
      436000  0.925425
      437000  0.934913
      438000  0.946827
      439000  0.901851
      440000  0.934393
      441000  0.924296
      442000  0.976127
      443000  0.963654
      444000  0.971018
      445000  0.938322
      446000  0.971803
      447000  0.975469
      448000  0.970063
      449000  0.940041
      450000  0.945446
      451000  0.937804
      452000  0.937335
      453000  0.886880
      454000  0.917016
      455000  0.927834
      456000  0.954985
      457000  0.888139
      458000  0.884478
      459000  0.965213
      460000  0.940528
      461000  0.935454
      462000  0.929879
      463000  0.956037
      464000  0.948381
      465000  0.944477
      466000  0.934383
      467000  0.901861
      468000  0.918896
      469000  0.973334
      470000  0.971726
      471000  0.927539
      472000  0.952719
      473000  0.969535
      474000  0.897374
      475000  0.968199
      476000  0.845054
      477000  0.939801
      478000  0.900321
      479000  0.930863
      480000  0.952411
      481000  0.932692
      482000  0.960522
      483000  0.885332
      484000  0.959306
      485000  0.940935
      486000  0.966661
      487000  0.970027
      488000  0.988071
      489000  0.934881
      490000  0.893614
      491000  0.936301
      492000  0.985171
      493000  0.956253
      494000  0.926197
      495000  0.976943
      496000  0.915198
      497000  0.936493
      498000  0.970457
      499000  0.964004
      500000  0.956328
      501000  0.860106
      502000  0.889699
      503000  0.881581
      504000  0.930737
      505000  0.927652
      506000  0.992776
      507000  0.805270
      508000  0.948884
      509000  0.955319
      510000  0.947390
      511000  0.917408
      512000  0.967208
      513000  0.918628
      514000  0.844500
      515000  0.954252
      516000  0.971110
      517000  0.956159
      518000  0.935993
      519000  0.933764
      520000  0.967983
      521000  0.961938
      522000  0.962294
      523000  0.973107
      524000  0.945827
      525000  0.911106
      526000  0.940396
      527000  0.959638
      528000  0.973309
      529000  0.969062
      530000  0.962571
      531000  0.944202
      532000  0.972097
      533000  0.945711
      534000  0.973536
      535000  0.973258
      536000  0.978262
      537000  0.905967
      538000  0.946987
      539000  0.976564
      540000  0.969556
      541000  0.976509
      542000  0.942105
      543000  0.955949
      544000  0.920963
      545000  0.973148
      546000  0.969197
      547000  0.859036
      548000  0.971972
      549000  0.975783
      550000  0.959827
      551000  0.966909
      552000  0.913487
      553000  0.944244
      554000  0.873259
      555000  0.972533
      556000  0.937846
      557000  0.949236
      558000  0.892672
      559000  0.936806
      560000  0.977063
      561000  0.960340
      562000  0.970192
      563000  0.961684
      564000  0.862171
      565000  0.970111
      566000  0.958246
      567000  0.905305
      568000  0.982022
      569000  0.965444
      570000  0.951718
      571000  0.930836
      572000  0.961367
      573000  0.952527
      574000  0.914882
      575000  0.967003
      576000  0.884603
      577000  0.877446
      578000  0.972742
      579000  0.923733
      580000  0.964451
      581000  0.892301
      582000  0.970366
      583000  0.847645
      584000  0.922058
      585000  0.944157
      586000  0.961189
      587000  0.969670
      588000  0.963646
      589000  0.967828
      590000  0.976171
      591000  0.925817
      592000  0.966651
      593000  0.939511
      594000  0.969451
      595000  0.968596
      596000  0.972160
      597000  0.916971
      598000  0.913478
      599000  0.952616
      600000  0.923342
      601000  0.975392
      602000  0.956356
      603000  0.953432
      604000  0.961357
      605000  0.969190
      606000  0.963766
      607000  0.889971
      608000  0.960512
      609000  0.959834
      610000  0.970263
      611000  0.982584
      612000  0.972317
      613000  0.972003
      614000  0.966584
      615000  0.967511
      616000  0.969216
      617000  0.940408
      618000  0.886896
      619000  0.887570
      620000  0.978621
      621000  0.963290
      622000  0.955447
      623000  0.932435
      624000  0.952092
      625000  0.947330
      626000  0.961632
      627000  0.984270
      628000  0.960022
      629000  0.973452
      630000  0.982228
      631000  0.888743
      632000  0.897260
      633000  0.974341
      634000  0.947076
      635000  0.926596
      636000  0.961099
      637000  0.964673
      638000  0.865111
      639000  0.892811
      640000  0.970879
      641000  0.962040
      642000  0.907940
      643000  0.956599
      644000  0.943784
      645000  0.972237
      646000  0.851871
      647000  0.902036
      648000  0.922879
      649000  0.881653
      650000  0.926940
      651000  0.953545
      652000  0.949808
      653000  0.839032
      654000  0.962682
      655000  0.948674
      656000  0.909557
      657000  0.960796
      658000  0.866275
      659000  0.854819
      660000  0.926553
      661000  0.864742
      662000  0.963905
      663000  0.972566
      664000  0.974564
      665000  0.854332
      666000  0.939266
      667000  0.973502
      668000  0.922716
      669000  0.972060
      670000  0.959155
      671000  0.855031
      672000  0.979685
      673000  0.935870
      674000  0.942262
      675000  0.928898
      676000  0.936756
      677000  0.906945
      678000  0.968310
      679000  0.934835
      680000  0.969098
      681000  0.970376
      682000  0.950535
      683000  0.871009
      684000  0.935844
      685000  0.972113
      686000  0.868527
      687000  0.937652
      688000  0.968122
      689000  0.949539
      690000  0.970951
      691000  0.875638
      692000  0.957395
      693000  0.935096
      694000  0.963851
      695000  0.962638
      696000  0.963162
      697000  0.923646
      698000  0.938602
      699000  0.997971
      700000  0.934638
      701000  0.950220
      702000  0.955087
      703000  0.943039
      704000  0.964443
      705000  0.932553
      706000  0.872812
      707000  0.971870
      708000  0.974343
      709000  0.909570
      710000  0.927043
      711000  0.967557
      712000  0.925975
      713000  0.951930
      714000  0.945020
      715000  0.961306
      716000  0.833500
      717000  0.946128
      718000  0.992633
      719000  0.980903
      720000  0.933292
      721000  0.940071
      722000  0.947034
      723000  0.934204
      724000  0.979740
      725000  0.898352
      726000  0.939817
      727000  0.938886
      728000  0.946726
      729000  0.897402
      730000  0.968657
      731000  0.968804
      732000  0.954706
      733000  0.966489
      734000  0.958544
      735000  0.865092
      736000  0.965906
      737000  0.893652
      738000  0.870509
      739000  0.949254
      740000  0.928861
      741000  0.976275
      742000  0.943377
      743000  0.920982
      744000  0.972365
      745000  0.992461
      746000  0.964560
      747000  0.925227
      748000  0.957240
      749000  0.879278
      750000  0.975707
      751000  0.892130
      752000  0.971654
      753000  0.965303
      754000  0.945505
      755000  0.963193
      756000  0.953950
      757000  0.945061
      758000  0.939511
      759000  0.867457
      760000  0.967575
      761000  0.928652
      762000  0.934976
      763000  0.922943
      764000  0.972506
      765000  0.945724
      766000  0.920629
      767000  0.958708
      768000  0.967671
      769000  0.833298
      770000  0.911533
      771000  0.925889
      772000  0.848444
      773000  0.934005
      774000  0.820299
      775000  0.953480
      776000  0.976818
      777000  0.947130
      778000  0.933446
      779000  0.940177
      780000  0.969372
      781000  0.933101
      782000  0.977671
      783000  0.941023
      784000  0.938002
      785000  0.949751
      786000  0.937199
      787000  0.968562
      788000  0.963907
      789000  0.933142
      790000  0.901843
      791000  0.971910
      792000  0.968503
      793000  0.889786
      794000  0.953301
      795000  0.962858
      796000  0.969108
      797000  0.969217
      798000  0.970839
      799000  0.860447
      800000  0.973419
      801000  0.839172
      802000  0.911418
      803000  0.900661
      804000  0.933024
      805000  0.905580
      806000  0.967841
      807000  0.972440
      808000  0.810827
      809000  0.920853
      810000  0.956957
      811000  0.924899
      812000  0.964078
      813000  0.965450
      814000  0.940591
      815000  0.965385
      816000  0.961755
      817000  0.946944
      818000  0.931374
      819000  0.983408
      820000  0.935553
      821000  0.971209
      822000  0.959843
      823000  0.955575
      824000  0.916119
      825000  0.918742
      826000  0.951140
      827000  0.905579
      828000  0.885084
      829000  0.969898
      830000  0.973943
      831000  0.967505
      832000  0.951473
      833000  0.829119
      834000  0.971147
      835000  0.914772
      836000  0.996337
      837000  0.967196
      838000  0.944183
      839000  0.945636
      840000  0.874158
      841000  0.935007
      842000  0.975750
      843000  0.939409
      844000  0.939204
      845000  0.972005
      846000  0.926703
      847000  0.970888
      848000  0.946026
      849000  0.978438
      850000  0.834593
      851000  0.992130
      852000  0.957722
      853000  0.922648
      854000  0.955611
      855000  0.887378
      856000  0.919349
      857000  0.972094
      858000  0.971378
      859000  0.934563
      860000  0.891562
      861000  0.943537
      862000  0.960220
      863000  0.973742
      864000  0.922005
      865000  0.955448
      866000  0.911007
      867000  0.871914
      868000  0.977069
      869000  0.932080
      870000  0.929496
      871000  0.888469
      872000  0.960023
      873000  0.982927
      874000  0.972476
      875000  0.902232
      876000  0.961133
      877000  0.879859
      878000  0.910164
      879000  0.938024
      880000  0.967225
      881000  0.968801
      882000  1.001807
      883000  0.946116
      884000  0.916245
      885000  0.967106
      886000  0.891510
      887000  0.943779
      888000  0.923163
      889000  0.964105
      890000  0.906806
      891000  0.902107
      892000  0.968517
      893000  0.961407
      894000  0.955326
      895000  0.941546
      896000  0.955452
      897000  0.911297
      898000  0.947694
      899000  0.953481
      900000  0.959165
      901000  0.966479
      902000  0.952665
      903000  0.868800
      904000  0.919628
      905000  0.963452
      906000  0.967872
      907000  0.941368
      908000  0.983496
      909000  0.861300
      910000  0.972097
      911000  0.940865
      912000  0.895430
      913000  0.970863
      914000  0.964861
      915000  0.976092
      916000  0.972102
      917000  0.955427
      918000  0.971756
      919000  0.963081
      920000  0.920901
      921000  0.810895
      922000  0.936319
      923000  0.964549
      924000  0.968646
      925000  0.969669
      926000  0.941132
      927000  0.826421
      928000  0.903229
      929000  0.929369
      930000  0.902895
      931000  0.918703
      932000  0.926650
      933000  0.862951
      934000  0.918898
      935000  0.965437
      936000  0.956942
      937000  0.910905
      938000  0.893287
      939000  0.903938
      940000  0.984376
      941000  0.965999
      942000  0.992634
      943000  0.955151
      944000  0.971594
      945000  0.965419
      946000  0.947967
      947000  0.972264
      948000  0.869646
      949000  0.977448
      950000  0.973809
      951000  0.942000
      952000  0.951700
      953000  0.934086
      954000  0.992749
      955000  0.919723
      956000  0.910701
      957000  0.875073
      958000  0.951656
      959000  0.825895
      960000  0.928466
      961000  0.961832
      962000  0.984551
      963000  0.975650
      964000  0.968145
      965000  0.948019
      966000  0.829265
      967000  0.969946
      968000  0.902940
      969000  0.959416
      970000  0.959870
      971000  0.936512
      972000  0.941655
      973000  0.946379
      974000  0.969596
      975000  0.937716
      976000  0.935836
      977000  0.987795
      978000  0.955096
      979000  0.948183
      980000  0.922213
      981000  0.938509
      982000  0.942675
      983000  0.918169
      984000  0.952299
      985000  0.962305
      986000  0.967455
      987000  0.969392
      988000  0.945150
      989000  0.947398
      990000  0.968442
      991000  0.926502
      992000  0.968450
      993000  0.920133
      994000  0.954969
      995000  0.905171
      996000  0.854182
      997000  0.943031
      998000  0.935432
      999000  0.917832
     1000000  0.982547
     1001000  0.962277
     1002000  0.972332
     1003000  0.978439
     1004000  0.964084
     1005000  0.910057
     1006000  0.972073
     1007000  0.858337
     1008000  0.977876
     1009000  0.960329
     1010000  0.895615
     1011000  0.943395
     1012000  0.973352
     1013000  0.956742
     1014000  0.952837
     1015000  0.945773
     1016000  0.965783
     1017000  0.971287
     1018000  0.968650
     1019000  0.918377
     1020000  0.876091
     1021000  0.962758
     1022000  0.972473
     1023000  0.979357
     1024000  0.867607
     1025000  0.942470
     1026000  0.947793
     1027000  0.939651
     1028000  0.976942
     1029000  0.883945
     1030000  0.928307
     1031000  0.963220
     1032000  0.951706
     1033000  0.878411
     1034000  0.912306
     1035000  0.973864
     1036000  0.953705
     1037000  0.954392
     1038000  0.961536
     1039000  0.982654
     1040000  0.972872
     1041000  0.967927
     1042000  0.962981
     1043000  0.937178
     1044000  0.965731
     1045000  0.913863
     1046000  0.965727
     1047000  0.970503
     1048000  0.940443
     1049000  0.889088
     1050000  0.931371
     1051000  0.960238
     1052000  0.913313
     1053000  0.942071
     1054000  0.874715
     1055000  0.949629
     1056000  0.873432
     1057000  0.940254
     1058000  0.862355
     1059000  0.831201
     1060000  0.930230
     1061000  0.890351
     1062000  0.944898
     1063000  0.949195
     1064000  0.969559
     1065000  0.891197
     1066000  0.942805
     1067000  0.952615
     1068000  0.972642
     1069000  0.949771
     1070000  0.781290
     1071000  0.953380
     1072000  0.884166
     1073000  0.943191
     1074000  0.913040
     1075000  0.973634
     1076000  0.977938
     1077000  0.959699
     1078000  0.973383
     1079000  0.879798
     1080000  0.946666
     1081000  0.939531
     1082000  0.918037
     1083000  0.945049
     1084000  0.930826
     1085000  0.949117
     1086000  0.921071
     1087000  0.968742
     1088000  0.974440
     1089000  0.924120
     1090000  0.992857
     1091000  0.956062
     1092000  0.974502
     1093000  0.942881
     1094000  0.951511
     1095000  0.959267
     1096000  0.883724
     1097000  0.986999
     1098000  0.975792
     1099000  0.947804
     1100000  0.969778
     1101000  0.971590
     1102000  0.963853
     1103000  0.835326
     1104000  0.973733
     1105000  0.931723
     1106000  0.967681
     1107000  0.944198
     1108000  0.959685
     1109000  0.800990
     1110000  0.898859
     1111000  0.961655
     1112000  0.960343
     1113000  0.957208
     1114000  0.955930
     1115000  0.937604
     1116000  0.860370
     1117000  0.967988
     1118000  0.976302
     1119000  0.913284
     1120000  0.887498
     1121000  0.949356
     1122000  0.939024
     1123000  0.908483
     1124000  0.965347
     1125000  0.920880
     1126000  0.975630
     1127000  0.954363
     1128000  0.857803
     1129000  0.963134
     1130000  0.920005
     1131000  0.971626
     1132000  0.864995
     1133000  0.924670
     1134000  0.927716
     1135000  0.970338
     1136000  0.965617
     1137000  0.924836
     1138000  0.941167
     1139000  0.816544
     1140000  0.954334
     1141000  0.901950
     1142000  0.935731
     1143000  0.978829
     1144000  0.875482
     1145000  0.966654
     1146000  0.979001
     1147000  0.988343
     1148000  0.975645
     1149000  0.929609
     1150000  0.958312
     1151000  0.956475
     1152000  0.954314
     1153000  0.963439
     1154000  0.921593
     1155000  0.924954
     1156000  0.990007
     1157000  0.922588
     1158000  0.982488
     1159000  0.947304
     1160000  0.906997
     1161000  0.936828
     1162000  0.910337
     1163000  0.885071
     1164000  0.960400
     1165000  0.975215
     1166000  0.946971
     1167000  0.898002
     1168000  0.928839
     1169000  0.987535
     1170000  0.964411
     1171000  0.973584
     1172000  0.939253
     1173000  0.953528
     1174000  0.971185
     1175000  0.960467
     1176000  0.925135
     1177000  0.894746
     1178000  0.947975
     1179000  0.932012
     1180000  0.973633
     1181000  0.978929
     1182000  0.967507
     1183000  0.884234
     1184000  0.973890
     1185000  0.950614
     1186000  0.973591
     1187000  0.972537
     1188000  0.943182
     1189000  0.933618
     1190000  0.919468
     1191000  0.926589
     1192000  0.924595
     1193000  0.950064
     1194000  0.936912
     1195000  0.972493
     1196000  0.932453
     1197000  0.972269
     1198000  0.945134
     1199000  0.951592
     1200000  0.977690
     1201000  0.968201
     1202000  0.915062
     1203000  0.963365
     1204000  0.939948
     1205000  0.942736
     1206000  0.918153
     1207000  0.977502
     1208000  0.952706
     1209000  0.973257
     1210000  0.962286
     1211000  0.989917
     1212000  0.953255
     1213000  0.954551
     1214000  0.970297
     1215000  0.952945
     1216000  0.964449
     1217000  0.954859
     1218000  0.963970
     1219000  0.970856
     1220000  0.956768
     1221000  0.939242
     1222000  0.961839
     1223000  0.971935
     1224000  0.940396
     1225000  0.893374
     1226000  0.922491
     1227000  0.948198
     1228000  0.963525
     1229000  0.976219
     1230000  0.978529
     1231000  0.945776
     1232000  0.946191
     1233000  0.970556
     1234000  0.975988
     1235000  0.967055
     1236000  0.938562
     1237000  0.966622
     1238000  0.924222
     1239000  0.957048
     1240000  0.851030
     1241000  0.958713
     1242000  0.956184
     1243000  0.918455
     1244000  0.937634
     1245000  0.966013
     1246000  0.973792
     1247000  0.937947
     1248000  0.900007
     1249000  0.972727
     1250000  0.966964
     1251000  0.978021
     1252000  0.985996
     1253000  0.956126
     1254000  0.962010
     1255000  0.946378
     1256000  0.872162
     1257000  0.965912
     1258000  0.955410
     1259000  0.966082
     1260000  0.962803
     1261000  0.886132
     1262000  0.980737
     1263000  0.980508
     1264000  0.940800
     1265000  0.906136
     1266000  0.937282
     1267000  0.963692
     1268000  0.955201
     1269000  0.933800
     1270000  0.859921
     1271000  0.953935
     1272000  0.903128
     1273000  0.953768
     1274000  0.953132
     1275000  0.960434
     1276000  0.904614
     1277000  0.964423
     1278000  0.956055
     1279000  0.888094
     1280000  0.976134
     1281000  0.971470
     1282000  0.966189
     1283000  0.970752
     1284000  0.945774
     1285000  0.926107
     1286000  0.906330
     1287000  0.923342
     1288000  0.901622
     1289000  0.970766
     1290000  0.941383
     1291000  0.917097
     1292000  0.914905
     1293000  0.964744
     1294000  0.903063
     1295000  0.843456
     1296000  0.980323
     1297000  0.912279
     1298000  0.947541
     1299000  0.955957
     1300000  0.899848
     1301000  0.932098
     1302000  0.950040
     1303000  0.923660
     1304000  0.909321
     1305000  0.950672
     1306000  0.867750
     1307000  0.942398
     1308000  0.951601
     1309000  0.970953
     1310000  0.986367
     1311000  0.968857
     1312000  0.965470
     1313000  0.970277
     1314000  0.947973
     1315000  0.954055
     1316000  0.977928
     1317000  0.975598
     1318000  0.960574
     1319000  0.918434
     1320000  0.915273
     1321000  0.963000
     1322000  0.939086
     1323000  0.915897
     1324000  0.971051
     1325000  0.946490
     1326000  0.981779
     1327000  0.955108
     1328000  0.928342
     1329000  0.968611
     1330000  0.955240
     1331000  0.956768
     1332000  0.962509
     1333000  0.964963
     1334000  0.933236
     1335000  0.950135
     1336000  0.920399
     1337000  0.930902
     1338000  0.964061
     1339000  0.976350
     1340000  0.957092
     1341000  0.919892
     1342000  0.963984
     1343000  0.961395
     1344000  0.943280
     1345000  0.963263
     1346000  0.976748
     1347000  0.967368
     1348000  0.896234
     1349000  0.894401
     1350000  0.936176
     1351000  0.913033
     1352000  0.900066
     1353000  0.880975
     1354000  0.977905
     1355000  0.959030
     1356000  0.936184
     1357000  0.963623
     1358000  0.950966
     1359000  0.968135
     1360000  0.970551
     1361000  0.914017
     1362000  0.972869
     1363000  0.965918
     1364000  0.980462
     1365000  0.941145
     1366000  0.923343
     1367000  0.944395
     1368000  0.877847
     1369000  0.885124
     1370000  0.959000
     1371000  0.773126
     1372000  0.975321
     1373000  0.955388
     1374000  0.957086
     1375000  0.961096
     1376000  0.868908
     1377000  0.966288
     1378000  0.981396
     1379000  0.939594
     1380000  0.917348
     1381000  0.976678
     1382000  0.976423
     1383000  0.953073
     1384000  0.916981
     1385000  0.893534
     1386000  0.938893
     1387000  0.969192
     1388000  0.926149
     1389000  0.972254
     1390000  0.975564
     1391000  0.935817
     1392000  0.933303
     1393000  0.980938
     1394000  0.964179
     1395000  0.967497
     1396000  0.972539
     1397000  0.964796
     1398000  0.945331
     1399000  0.957724
     1400000  0.930021
     1401000  0.912843
     1402000  0.935398
     1403000  0.949016
     1404000  0.949494
     1405000  0.886123
     1406000  0.972642
     1407000  0.970914
     1408000  0.968351
     1409000  0.956428
     1410000  0.916353
     1411000  0.840633
     1412000  0.961658
     1413000  0.906287
     1414000  0.935360
     1415000  0.947366
     1416000  0.973238
     1417000  0.962701
     1418000  0.914816
     1419000  0.803077
     1420000  0.935096
     1421000  0.894228
     1422000  0.853045
     1423000  0.979985
     1424000  0.958413
     1425000  0.945624
     1426000  0.966251
     1427000  0.840074
     1428000  0.967715
     1429000  0.974989
     1430000  0.967805
     1431000  0.950400
     1432000  0.915879
     1433000  0.958988
     1434000  0.960875
     1435000  0.931191
     1436000  0.945135
     1437000  0.927374
     1438000  0.915032
     1439000  0.907019
     1440000  0.969343
     1441000  0.974771
     1442000  0.907344
     1443000  0.965699
     1444000  0.948448
     1445000  0.964439
     1446000  0.918405
     1447000  0.919695
     1448000  0.976701
     1449000  0.949975
     1450000  0.968298
     1451000  0.947018
     1452000  0.942852
     1453000  0.880169
     1454000  0.966190
     1455000  0.966978
     1456000  0.912049
     1457000  0.902146
     1458000  0.913926
     1459000  0.964617
     1460000  0.940620
     1461000  0.971374
     1462000  0.951751
     1463000  0.976050
     1464000  0.923757
     1465000  0.961625
     1466000  0.856928
     1467000  0.793071
     1468000  0.954080
     1469000  0.970643
     1470000  0.962358
     1471000  0.940931
     1472000  0.977656
     1473000  0.945231
     1474000  0.969225
     1475000  0.987496
     1476000  0.974076
     1477000  0.960730
     1478000  0.965250
     1479000  0.962459
     1480000  0.946550
     1481000  0.962290
     1482000  0.976843
     1483000  0.958850
     1484000  0.969289
     1485000  0.953275
     1486000  0.961443
     1487000  0.987789
     1488000  0.855636
     1489000  0.922065
     1490000  0.919897
     1491000  0.972685
     1492000  0.969150
     1493000  0.954612
     1494000  0.965786
     1495000  0.833509
     1496000  0.924098
     1497000  0.948704
     1498000  0.924172
     1499000  0.972494
     1500000  0.905960
     1501000  0.950564
     1502000  0.888929
     1503000  0.896525
     1504000  0.972062
     1505000  0.974189
     1506000  0.979665
     1507000  0.906118
     1508000  0.899810
     1509000  0.911451
     1510000  0.933338
     1511000  0.999500
     1512000  0.919558
     1513000  0.941283
     1514000  0.929065
     1515000  0.892264
     1516000  0.936263
     1517000  0.962766
     1518000  0.949717
     1519000  0.924011
     1520000  0.917453
     1521000  0.963342
     1522000  0.968865
     1523000  0.883285
     1524000  0.946537
     1525000  0.945110
     1526000  0.980309
     1527000  0.952512
     1528000  0.967041
     1529000  0.943860
     1530000  0.990140
     1531000  0.950083
     1532000  0.973915
     1533000  0.924092
     1534000  0.955232
     1535000  0.897068
     1536000  0.974683
     1537000  0.939346
     1538000  0.923747
     1539000  0.956429
     1540000  0.893819
     1541000  0.940287
     1542000  0.889423
     1543000  0.952848
     1544000  0.940643
     1545000  0.849076
     1546000  0.960526
     1547000  0.886585
     1548000  0.973629
     1549000  0.847395
     1550000  0.936949
     1551000  0.958802
     1552000  0.975905
     1553000  0.920229
     1554000  0.964166
     1555000  0.923290
     1556000  0.949287
     1557000  0.956788
     1558000  0.974008
     1559000  0.919144
     1560000  0.976594
     1561000  0.940172
     1562000  0.950540
     1563000  0.891839
     1564000  0.848598
     1565000  0.959059
     1566000  0.938346
     1567000  0.944535
     1568000  0.778904
     1569000  0.913488
     1570000  0.979148
     1571000  0.883325
     1572000  0.872100
     1573000  0.968750
     1574000  0.930515
     1575000  0.968892
     1576000  0.975499
     1577000  0.790012
     1578000  0.969142
     1579000  0.943006
     1580000  0.934690
     1581000  0.954857
     1582000  0.970010
     1583000  0.965593
     1584000  0.943023
     1585000  0.948117
     1586000  0.915376
     1587000  0.968773
     1588000  0.916218
     1589000  0.928226
     1590000  0.926002
     1591000  0.939647
     1592000  0.938072
     1593000  0.942994
     1594000  0.951067
     1595000  0.951632
     1596000  0.971174
     1597000  0.854898
     1598000  0.961171
     1599000  0.973021
     1600000  0.947184
     1601000  0.944779
     1602000  0.940768
     1603000  0.938959
     1604000  0.967310
     1605000  0.918507
     1606000  0.878754
     1607000  1.002064
     1608000  0.976731
     1609000  0.951793
     1610000  0.975011
     1611000  0.901672
     1612000  0.979586
     1613000  0.943363
     1614000  0.894800
     1615000  0.947801
     1616000  0.967166
     1617000  0.973774
     1618000  0.884523
     1619000  0.975021
     1620000  0.939149
     1621000  0.959068
     1622000  0.958803
     1623000  0.788826
     1624000  0.959789
     1625000  0.863568
     1626000  0.926546
     1627000  0.916015
     1628000  0.975693
     1629000  0.926399
     1630000  0.973407
     1631000  0.969078
     1632000  0.945273
     1633000  0.939840
     1634000  0.937042
     1635000  0.977170
     1636000  0.947528
     1637000  0.894437
     1638000  0.976199
     1639000  0.973952
     1640000  0.967451
     1641000  0.967266
     1642000  0.965123
     1643000  0.985344
     1644000  0.954609
     1645000  0.922730
     1646000  0.973698
     1647000  0.910781
     1648000  0.964835
     1649000  0.972041
     1650000  0.968785
     1651000  0.935941
     1652000  0.981280
     1653000  0.932228
     1654000  0.959505
     1655000  0.953482
     1656000  0.965239
     1657000  0.960835
     1658000  0.959672
     1659000  0.886446
     1660000  0.920210
     1661000  0.929691
     1662000  0.910408
     1663000  0.930855
     1664000  0.965336
     1665000  0.973630
     1666000  0.967769
     1667000  0.841010
     1668000  0.907541
     1669000  0.917489
     1670000  0.949525
     1671000  0.954275
     1672000  0.967052
     1673000  0.912054
     1674000  0.974033
     1675000  0.975692
     1676000  0.927816
     1677000  0.916063
     1678000  0.957085
     1679000  0.976538
     1680000  0.915968
     1681000  0.972105
     1682000  0.939341
     1683000  0.870432
     1684000  0.975178
     1685000  0.891849
     1686000  0.962380
     1687000  0.902607
     1688000  0.891778
     1689000  0.960235
     1690000  0.933804
     1691000  0.956199
     1692000  0.964232
     1693000  0.952043
     1694000  0.935142
     1695000  0.807654
     1696000  0.968731
     1697000  0.980141
     1698000  0.962214
     1699000  0.982868
     1700000  0.938365
     1701000  0.922094
     1702000  0.968713
     1703000  0.931918
     1704000  0.944160
     1705000  0.969253
     1706000  0.981631
     1707000  0.922051
     1708000  0.967488
     1709000  0.951244
     1710000  0.879245
     1711000  0.907676
     1712000  0.973856
     1713000  0.945681
     1714000  0.831274
     1715000  0.935134
     1716000  0.971978
     1717000  0.919444
     1718000  0.962745
     1719000  0.964105
     1720000  0.897485
     1721000  0.973185
     1722000  0.962722
     1723000  0.933237
     1724000  0.936490
     1725000  0.931874
     1726000  0.918341
     1727000  0.935708
     1728000  0.963812
     1729000  0.961163
     1730000  0.958303
     1731000  0.974883
     1732000  0.900423
     1733000  0.868868
     1734000  0.965506
     1735000  0.955529
     1736000  0.976486
     1737000  0.949814
     1738000  0.952010
     1739000  0.963718
     1740000  0.977693
     1741000  0.946136
     1742000  0.891318
     1743000  0.949420
     1744000  0.981206
     1745000  0.959925
     1746000  0.911463
     1747000  0.982759
     1748000  0.927234
     1749000  0.981779
     1750000  0.952184
     1751000  0.962710
     1752000  0.951419
     1753000  0.981517
     1754000  0.927300
     1755000  0.894795
     1756000  0.938190
     1757000  0.857235
     1758000  0.951314
     1759000  0.982287
     1760000  0.964556
     1761000  0.936700
     1762000  0.759557
     1763000  0.950242
     1764000  0.980451
     1765000  0.974806
     1766000  0.930164
     1767000  0.887869
     1768000  0.938629
     1769000  0.878350
     1770000  0.951403
     1771000  0.948716
     1772000  0.928094
     1773000  0.935766
     1774000  0.927945
     1775000  0.956795
     1776000  0.979278
     1777000  0.830128
     1778000  0.959398
     1779000  0.952764
     1780000  0.899739
     1781000  0.980367
     1782000  0.935568
     1783000  0.945328
     1784000  0.937363
     1785000  0.936338
     1786000  0.984030
     1787000  0.905503
     1788000  0.957259
     1789000  0.961222
     1790000  0.959307
     1791000  0.973594
     1792000  0.959600
     1793000  0.877759
     1794000  0.949034
     1795000  0.958705
     1796000  0.949029
     1797000  0.835526
     1798000  0.948290
     1799000  0.910816
     1800000  0.958268
     1801000  0.948670
     1802000  0.966140
     1803000  0.973610
     1804000  0.940829
     1805000  0.874065
     1806000  0.943780
     1807000  0.959081
     1808000  0.973364
     1809000  0.935803
     1810000  0.930102
     1811000  0.942630
     1812000  0.947920
     1813000  0.915192
     1814000  0.976799
     1815000  0.985944
     1816000  0.873732
     1817000  0.937155
     1818000  0.970473
     1819000  0.912653
     1820000  0.892275
     1821000  0.946588
     1822000  0.919343
     1823000  0.979846
     1824000  0.943775
     1825000  0.953940
     1826000  0.942875
     1827000  0.974284
     1828000  0.916045
     1829000  0.935902
     1830000  0.973025
     1831000  0.923004
     1832000  0.910354
     1833000  0.970819
     1834000  0.967647
     1835000  0.955163
     1836000  0.985708
     1837000  0.977105
     1838000  0.925015
     1839000  0.979914
     1840000  0.963309
     1841000  0.920522
     1842000  0.964642
     1843000  0.948627
     1844000  0.945361
     1845000  0.974149
     1846000  0.964247
     1847000  0.958767
     1848000  0.956641
     1849000  0.915199
     1850000  0.938860
     1851000  0.940122
     1852000  0.969107
     1853000  0.926704
     1854000  0.935800
     1855000  0.898357
     1856000  0.962274
     1857000  0.951872
     1858000  0.966757
     1859000  0.948417
     1860000  0.951560
     1861000  0.973742
     1862000  0.886339
     1863000  0.969234
     1864000  0.923175
     1865000  0.948875
     1866000  0.922886
     1867000  0.848390
     1868000  0.973753
     1869000  0.969946
     1870000  0.967862
     1871000  0.960940
     1872000  0.973646
     1873000  0.972128
     1874000  0.952105
     1875000  0.968123
     1876000  0.929428
     1877000  0.930159
     1878000  0.992302
     1879000  0.968526
     1880000  0.933134
     1881000  0.967501
     1882000  0.958472
     1883000  0.965663
     1884000  0.928617
     1885000  0.926915
     1886000  0.898726
     1887000  0.918904
     1888000  0.936301
     1889000  0.972532
     1890000  0.948690
     1891000  0.953264
     1892000  0.961982
     1893000  0.922781
     1894000  0.950058
     1895000  0.941923
     1896000  0.948277
     1897000  0.927816
     1898000  0.932914
     1899000  0.855820
     1900000  0.920732
     1901000  0.934026
     1902000  0.963587
     1903000  0.950051
     1904000  0.917750
     1905000  0.974262
     1906000  0.955498
     1907000  0.945592
     1908000  0.950782
     1909000  0.981113
     1910000  0.968846
     1911000  0.971212
     1912000  0.912811
     1913000  0.914654
     1914000  0.987233
     1915000  0.965261
     1916000  0.918421
     1917000  0.964351
     1918000  0.937474
     1919000  0.943484
     1920000  0.977971
     1921000  0.978695
     1922000  0.873556
     1923000  0.951616
     1924000  0.902522
     1925000  0.978581
     1926000  0.962863
     1927000  0.972578
     1928000  0.916992
     1929000  0.900858
     1930000  0.959649
     1931000  0.979147
     1932000  0.945147
     1933000  0.959370
     1934000  0.928852
     1935000  0.938297
     1936000  0.964970
     1937000  0.946779
     1938000  0.969328
     1939000  0.958906
     1940000  0.913958
     1941000  0.968891
     1942000  0.963550
     1943000  0.966964
     1944000  0.914963
     1945000  0.947156
     1946000  0.853536
     1947000  0.984264
     1948000  0.949599
     1949000  0.869077
     1950000  0.938228
     1951000  0.930913
     1952000  0.925477
     1953000  0.911085
     1954000  0.967089
     1955000  0.954017
     1956000  0.923748
     1957000  0.953102
     1958000  0.960537
     1959000  0.973343
     1960000  0.888632
     1961000  0.938824
     1962000  0.878058
     1963000  0.951035
     1964000  0.968860
     1965000  0.975401
     1966000  0.916361
     1967000  0.970655
     1968000  0.954943
     1969000  1.001892
     1970000  0.975820
     1971000  0.974622
     1972000  0.973992
     1973000  0.867526
     1974000  0.966957
     1975000  0.877051
     1976000  0.933987
     1977000  0.975288
     1978000  0.958577
     1979000  0.961889
     1980000  0.975648
     1981000  0.950477
     1982000  0.883806
     1983000  0.874419
     1984000  0.970701
     1985000  0.960671
     1986000  0.931301
     1987000  0.942436
     1988000  0.920596
     1989000  0.958123
     1990000  0.939162
     1991000  0.963355
     1992000  0.963168
     1993000  0.959340
     1994000  0.960898
     1995000  0.945029
     1996000  0.973561
     1997000  0.970649
     1998000  0.965217
     1999000  0.883720
     2000000  0.949264
