    genPlus1     spaQ
        1000  0.599496
        2000  0.596165
        3000  0.595235
        4000  0.598212
        5000  0.599807
        6000  0.582501
        7000  0.591564
        8000  0.600046
        9000  0.599888
       10000  0.596946
       11000  0.596269
       12000  0.601223
       13000  0.610473
       14000  0.599554
       15000  0.591725
       16000  0.594888
       17000  0.601742
       18000  0.593994
       19000  0.598050
       20000  0.598449
       21000  0.600111
       22000  0.599301
       23000  0.602535
       24000  0.605163
       25000  0.605406
       26000  0.590278
       27000  0.591072
       28000  0.607294
       29000  0.601579
       30000  0.602719
       31000  0.597500
       32000  0.593415
       33000  0.594216
       34000  0.589754
       35000  0.592557
       36000  0.594660
       37000  0.605476
       38000  0.606837
       39000  0.598409
       40000  0.613257
       41000  0.594847
       42000  0.599792
       43000  0.595023
       44000  0.593560
       45000  0.592018
       46000  0.604763
       47000  0.582944
       48000  0.590752
       49000  0.594188
       50000  0.595011
       51000  0.606392
       52000  0.591668
       53000  0.607529
       54000  0.610731
       55000  0.599355
       56000  0.589197
       57000  0.596456
       58000  0.588283
       59000  0.591453
       60000  0.599621
       61000  0.609002
       62000  0.592197
       63000  0.605011
       64000  0.612052
       65000  0.600203
       66000  0.578576
       67000  0.606250
       68000  0.591171
       69000  0.596125
       70000  0.583304
       71000  0.600668
       72000  0.577364
       73000  0.596461
       74000  0.588188
       75000  0.600478
       76000  0.596752
       77000  0.596084
       78000  0.607527
       79000  0.607229
       80000  0.599710
       81000  0.596603
       82000  0.604416
       83000  0.600186
       84000  0.596132
       85000  0.602891
       86000  0.605600
       87000  0.598915
       88000  0.603804
       89000  0.598672
       90000  0.589568
       91000  0.606839
       92000  0.603189
       93000  0.607901
       94000  0.609334
       95000  0.599212
       96000  0.602995
       97000  0.590414
       98000  0.604138
       99000  0.588250
      100000  0.623879
      101000  0.596971
      102000  0.595615
      103000  0.600583
      104000  0.586149
      105000  0.598589
      106000  0.591513
      107000  0.610000
      108000  0.594604
      109000  0.596713
      110000  0.599888
      111000  0.586990
      112000  0.598014
      113000  0.603659
      114000  0.592366
      115000  0.599860
      116000  0.599195
      117000  0.589843
      118000  0.597860
      119000  0.606858
      120000  0.583691
      121000  0.603401
      122000  0.604865
      123000  0.607807
      124000  0.600244
      125000  0.601092
      126000  0.596939
      127000  0.587315
      128000  0.595907
      129000  0.582643
      130000  0.598717
      131000  0.607955
      132000  0.593801
      133000  0.599491
      134000  0.605042
      135000  0.601377
      136000  0.600969
      137000  0.605029
      138000  0.602863
      139000  0.608815
      140000  0.591048
      141000  0.606176
      142000  0.604878
      143000  0.599884
      144000  0.590744
      145000  0.593841
      146000  0.601718
      147000  0.608274
      148000  0.591111
      149000  0.603272
      150000  0.599365
      151000  0.593484
      152000  0.599387
      153000  0.588853
      154000  0.595493
      155000  0.603788
      156000  0.594582
      157000  0.593006
      158000  0.598977
      159000  0.601258
      160000  0.598813
      161000  0.605793
      162000  0.602737
      163000  0.597639
      164000  0.592735
      165000  0.607060
      166000  0.593858
      167000  0.588344
      168000  0.589408
      169000  0.586877
      170000  0.598546
      171000  0.592235
      172000  0.608873
      173000  0.598813
      174000  0.590878
      175000  0.597829
      176000  0.603137
      177000  0.603358
      178000  0.609750
      179000  0.598156
      180000  0.596212
      181000  0.592592
      182000  0.593483
      183000  0.598463
      184000  0.606525
      185000  0.591599
      186000  0.583576
      187000  0.603757
      188000  0.597015
      189000  0.608807
      190000  0.597723
      191000  0.598551
      192000  0.594045
      193000  0.587986
      194000  0.586409
      195000  0.594214
      196000  0.602662
      197000  0.610690
      198000  0.601187
      199000  0.610548
      200000  0.598061
      201000  0.601798
      202000  0.598855
      203000  0.595801
      204000  0.591139
      205000  0.591067
      206000  0.596267
      207000  0.594179
      208000  0.577436
      209000  0.592879
      210000  0.596881
      211000  0.594812
      212000  0.600566
      213000  0.599751
      214000  0.604506
      215000  0.596074
      216000  0.608013
      217000  0.594583
      218000  0.584042
      219000  0.594102
      220000  0.595904
      221000  0.590183
      222000  0.602153
      223000  0.606360
      224000  0.592523
      225000  0.600318
      226000  0.604021
      227000  0.594655
      228000  0.606076
      229000  0.594845
      230000  0.594225
      231000  0.603763
      232000  0.595555
      233000  0.604131
      234000  0.588771
      235000  0.603345
      236000  0.598645
      237000  0.602729
      238000  0.601511
      239000  0.607170
      240000  0.600774
      241000  0.601840
      242000  0.609265
      243000  0.604811
      244000  0.594561
      245000  0.602289
      246000  0.602912
      247000  0.590784
      248000  0.603248
      249000  0.593157
      250000  0.597381
      251000  0.601783
      252000  0.603112
      253000  0.601912
      254000  0.593790
      255000  0.594742
      256000  0.591848
      257000  0.598291
      258000  0.591320
      259000  0.598993
      260000  0.594522
      261000  0.588082
      262000  0.614704
      263000  0.590746
      264000  0.596764
      265000  0.589362
      266000  0.597907
      267000  0.609000
      268000  0.600953
      269000  0.598368
      270000  0.594441
      271000  0.609237
      272000  0.604070
      273000  0.599889
      274000  0.590826
      275000  0.604132
      276000  0.612561
      277000  0.615881
      278000  0.595469
      279000  0.593711
      280000  0.594781
      281000  0.591804
      282000  0.597791
      283000  0.592053
      284000  0.587932
      285000  0.596442
      286000  0.605869
      287000  0.598180
      288000  0.595369
      289000  0.604820
      290000  0.596479
      291000  0.605372
      292000  0.594156
      293000  0.589079
      294000  0.590670
      295000  0.604012
      296000  0.603237
      297000  0.600075
      298000  0.607907
      299000  0.594717
      300000  0.607209
      301000  0.608873
      302000  0.600940
      303000  0.614549
      304000  0.598816
      305000  0.601375
      306000  0.591632
      307000  0.587312
      308000  0.594531
      309000  0.594842
      310000  0.600896
      311000  0.605857
      312000  0.603064
      313000  0.606236
      314000  0.611367
      315000  0.600335
      316000  0.594191
      317000  0.606519
      318000  0.598013
      319000  0.585709
      320000  0.591421
      321000  0.606958
      322000  0.593940
      323000  0.595963
      324000  0.583107
      325000  0.598678
      326000  0.598993
      327000  0.594646
      328000  0.597275
      329000  0.623461
      330000  0.596873
      331000  0.598940
      332000  0.596633
      333000  0.600399
      334000  0.592674
      335000  0.600439
      336000  0.591910
      337000  0.593763
      338000  0.600701
      339000  0.608958
      340000  0.591051
      341000  0.606602
      342000  0.603390
      343000  0.599401
      344000  0.580452
      345000  0.599317
      346000  0.605238
      347000  0.595210
      348000  0.596810
      349000  0.613039
      350000  0.599979
      351000  0.592633
      352000  0.595518
      353000  0.589296
      354000  0.602919
      355000  0.594895
      356000  0.596467
      357000  0.598172
      358000  0.602178
      359000  0.592196
      360000  0.607195
      361000  0.601834
      362000  0.597828
      363000  0.591692
      364000  0.595827
      365000  0.605041
      366000  0.606070
      367000  0.601071
      368000  0.597267
      369000  0.593853
      370000  0.608976
      371000  0.606660
      372000  0.609281
      373000  0.610730
      374000  0.597620
      375000  0.593089
      376000  0.600466
      377000  0.596491
      378000  0.587058
      379000  0.597259
      380000  0.588043
      381000  0.607219
      382000  0.601539
      383000  0.586471
      384000  0.604540
      385000  0.597017
      386000  0.598302
      387000  0.600294
      388000  0.595503
      389000  0.586833
      390000  0.598517
      391000  0.585760
      392000  0.605127
      393000  0.607037
      394000  0.605181
      395000  0.596395
      396000  0.603200
      397000  0.597853
      398000  0.598267
      399000  0.595401
      400000  0.605849
      401000  0.586234
      402000  0.603707
      403000  0.601209
      404000  0.592719
      405000  0.607696
      406000  0.595354
      407000  0.606130
      408000  0.589588
      409000  0.600963
      410000  0.599885
      411000  0.596803
      412000  0.596767
      413000  0.606092
      414000  0.599437
      415000  0.596481
      416000  0.595863
      417000  0.601224
      418000  0.608392
      419000  0.603002
      420000  0.596071
      421000  0.597111
      422000  0.594113
      423000  0.593512
      424000  0.609745
      425000  0.588781
      426000  0.601822
      427000  0.592101
      428000  0.604827
      429000  0.581096
      430000  0.589772
      431000  0.605146
      432000  0.622626
      433000  0.595506
      434000  0.597311
      435000  0.600911
      436000  0.603322
      437000  0.599742
      438000  0.591682
      439000  0.606955
      440000  0.609965
      441000  0.593968
      442000  0.590967
      443000  0.592145
      444000  0.594459
      445000  0.587214
      446000  0.602134
      447000  0.598845
      448000  0.588295
      449000  0.589414
      450000  0.605519
      451000  0.603477
      452000  0.592841
      453000  0.601579
      454000  0.607543
      455000  0.583971
      456000  0.606713
      457000  0.600918
      458000  0.596081
      459000  0.601369
      460000  0.605363
      461000  0.609907
      462000  0.604941
      463000  0.594584
      464000  0.607677
      465000  0.607413
      466000  0.599436
      467000  0.602066
      468000  0.592555
      469000  0.602689
      470000  0.605981
      471000  0.604556
      472000  0.611170
      473000  0.600362
      474000  0.589380
      475000  0.600839
      476000  0.603271
      477000  0.602951
      478000  0.606137
      479000  0.583024
      480000  0.603504
      481000  0.603340
      482000  0.584350
      483000  0.595540
      484000  0.597093
      485000  0.606883
      486000  0.600545
      487000  0.592019
      488000  0.578989
      489000  0.601420
      490000  0.588896
      491000  0.598838
      492000  0.597010
      493000  0.596562
      494000  0.583537
      495000  0.599804
      496000  0.607917
      497000  0.601718
      498000  0.605888
      499000  0.595436
      500000  0.605770
      501000  0.593089
      502000  0.594937
      503000  0.610985
      504000  0.591799
      505000  0.606272
      506000  0.590372
      507000  0.606512
      508000  0.592806
      509000  0.607567
      510000  0.605568
      511000  0.600054
      512000  0.608436
      513000  0.598301
      514000  0.599415
      515000  0.579656
      516000  0.592515
      517000  0.587999
      518000  0.589398
      519000  0.605437
      520000  0.580982
      521000  0.596325
      522000  0.592745
      523000  0.588170
      524000  0.600200
      525000  0.599892
      526000  0.598065
      527000  0.609212
      528000  0.606465
      529000  0.593237
      530000  0.593502
      531000  0.583069
      532000  0.609362
      533000  0.611240
      534000  0.609150
      535000  0.592009
      536000  0.612945
      537000  0.599729
      538000  0.599256
      539000  0.611357
      540000  0.603820
      541000  0.610357
      542000  0.606056
      543000  0.602588
      544000  0.577056
      545000  0.582898
      546000  0.605346
      547000  0.608906
      548000  0.592269
      549000  0.607525
      550000  0.585338
      551000  0.616908
      552000  0.592008
      553000  0.601620
      554000  0.589164
      555000  0.600698
      556000  0.592740
      557000  0.600843
      558000  0.602807
      559000  0.591476
      560000  0.600079
      561000  0.589322
      562000  0.605995
      563000  0.590208
      564000  0.600135
      565000  0.605251
      566000  0.595966
      567000  0.604399
      568000  0.577118
      569000  0.601243
      570000  0.606702
      571000  0.597647
      572000  0.608830
      573000  0.588998
      574000  0.593715
      575000  0.596195
      576000  0.590848
      577000  0.597136
      578000  0.597339
      579000  0.596754
      580000  0.593739
      581000  0.599720
      582000  0.602337
      583000  0.588008
      584000  0.594018
      585000  0.612818
      586000  0.599302
      587000  0.588458
      588000  0.586830
      589000  0.598251
      590000  0.586976
      591000  0.603380
      592000  0.605574
      593000  0.610942
      594000  0.592401
      595000  0.605739
      596000  0.594957
      597000  0.603027
      598000  0.594374
      599000  0.592815
      600000  0.590001
      601000  0.589762
      602000  0.591016
      603000  0.599504
      604000  0.597390
      605000  0.606978
      606000  0.613186
      607000  0.592613
      608000  0.594393
      609000  0.592742
      610000  0.612394
      611000  0.609964
      612000  0.589575
      613000  0.600414
      614000  0.591936
      615000  0.597527
      616000  0.608746
      617000  0.590956
      618000  0.601594
      619000  0.600684
      620000  0.590496
      621000  0.601156
      622000  0.605952
      623000  0.599658
      624000  0.592446
      625000  0.600263
      626000  0.583330
      627000  0.591535
      628000  0.599171
      629000  0.589412
      630000  0.593874
      631000  0.593619
      632000  0.596755
      633000  0.590879
      634000  0.609777
      635000  0.583364
      636000  0.596540
      637000  0.593374
      638000  0.594745
      639000  0.601563
      640000  0.593125
      641000  0.591987
      642000  0.592098
      643000  0.599402
      644000  0.606930
      645000  0.593058
      646000  0.591272
      647000  0.600634
      648000  0.587752
      649000  0.609835
      650000  0.588232
      651000  0.601900
      652000  0.596939
      653000  0.601894
      654000  0.599231
      655000  0.595310
      656000  0.610541
      657000  0.599337
      658000  0.595654
      659000  0.595282
      660000  0.602174
      661000  0.601848
      662000  0.615597
      663000  0.589601
      664000  0.606233
      665000  0.597627
      666000  0.600230
      667000  0.608138
      668000  0.595764
      669000  0.601365
      670000  0.593255
      671000  0.593027
      672000  0.594259
      673000  0.598226
      674000  0.609384
      675000  0.596424
      676000  0.591895
      677000  0.600430
      678000  0.598160
      679000  0.595914
      680000  0.594123
      681000  0.616110
      682000  0.586521
      683000  0.605904
      684000  0.603851
      685000  0.600885
      686000  0.598860
      687000  0.598721
      688000  0.593039
      689000  0.601588
      690000  0.606330
      691000  0.595279
      692000  0.605684
      693000  0.601433
      694000  0.589332
      695000  0.592490
      696000  0.598864
      697000  0.590811
      698000  0.601812
      699000  0.583853
      700000  0.605758
      701000  0.599904
      702000  0.602450
      703000  0.607291
      704000  0.598466
      705000  0.592827
      706000  0.597688
      707000  0.595958
      708000  0.594948
      709000  0.594995
      710000  0.605334
      711000  0.602209
      712000  0.600818
      713000  0.595381
      714000  0.592365
      715000  0.597446
      716000  0.592827
      717000  0.592137
      718000  0.594198
      719000  0.618339
      720000  0.602845
      721000  0.598086
      722000  0.606830
      723000  0.602338
      724000  0.591652
      725000  0.592255
      726000  0.597190
      727000  0.604207
      728000  0.590671
      729000  0.604111
      730000  0.600722
      731000  0.598665
      732000  0.607060
      733000  0.604021
      734000  0.579754
      735000  0.587426
      736000  0.591133
      737000  0.614843
      738000  0.604044
      739000  0.603479
      740000  0.608997
      741000  0.596464
      742000  0.594810
      743000  0.604109
      744000  0.587975
      745000  0.585509
      746000  0.592693
      747000  0.601733
      748000  0.606504
      749000  0.605249
      750000  0.597495
      751000  0.602412
      752000  0.594467
      753000  0.597363
      754000  0.605890
      755000  0.597279
      756000  0.591898
      757000  0.608676
      758000  0.599064
      759000  0.601748
      760000  0.584094
      761000  0.613158
      762000  0.598196
      763000  0.593337
      764000  0.598987
      765000  0.605634
      766000  0.606861
      767000  0.588768
      768000  0.608987
      769000  0.594268
      770000  0.595180
      771000  0.592060
      772000  0.596572
      773000  0.615579
      774000  0.588205
      775000  0.599053
      776000  0.605138
      777000  0.591137
      778000  0.598585
      779000  0.602672
      780000  0.599084
      781000  0.595691
      782000  0.601976
      783000  0.602718
      784000  0.587834
      785000  0.603604
      786000  0.589641
      787000  0.605227
      788000  0.603545
      789000  0.600627
      790000  0.582082
      791000  0.589619
      792000  0.601760
      793000  0.610065
      794000  0.595680
      795000  0.598987
      796000  0.602182
      797000  0.611437
      798000  0.610288
      799000  0.598542
      800000  0.592718
      801000  0.599757
      802000  0.598400
      803000  0.597180
      804000  0.604989
      805000  0.612969
      806000  0.607389
      807000  0.586825
      808000  0.602326
      809000  0.597151
      810000  0.605520
      811000  0.605404
      812000  0.583039
      813000  0.600967
      814000  0.589081
      815000  0.595357
      816000  0.585529
      817000  0.596251
      818000  0.589515
      819000  0.607243
      820000  0.598947
      821000  0.592297
      822000  0.607416
      823000  0.601511
      824000  0.604000
      825000  0.585257
      826000  0.594105
      827000  0.608885
      828000  0.600412
      829000  0.606655
      830000  0.590422
      831000  0.596434
      832000  0.612429
      833000  0.607573
      834000  0.605293
      835000  0.607347
      836000  0.597487
      837000  0.598925
      838000  0.604018
      839000  0.610730
      840000  0.598848
      841000  0.607919
      842000  0.603907
      843000  0.598253
      844000  0.594200
      845000  0.600038
      846000  0.593704
      847000  0.593444
      848000  0.589833
      849000  0.592541
      850000  0.600992
      851000  0.614037
      852000  0.588075
      853000  0.592610
      854000  0.588788
      855000  0.607862
      856000  0.591817
      857000  0.615985
      858000  0.594892
      859000  0.604063
      860000  0.591503
      861000  0.574569
      862000  0.608780
      863000  0.594660
      864000  0.586532
      865000  0.593033
      866000  0.603330
      867000  0.613922
      868000  0.618975
      869000  0.607867
      870000  0.600500
      871000  0.594982
      872000  0.606473
      873000  0.598707
      874000  0.601499
      875000  0.591961
      876000  0.594488
      877000  0.615828
      878000  0.599667
      879000  0.605678
      880000  0.588846
      881000  0.608479
      882000  0.593780
      883000  0.609861
      884000  0.600864
      885000  0.581132
      886000  0.598368
      887000  0.596431
      888000  0.602523
      889000  0.599617
      890000  0.599057
      891000  0.591681
      892000  0.604976
      893000  0.593904
      894000  0.599181
      895000  0.591715
      896000  0.595316
      897000  0.593742
      898000  0.599769
      899000  0.607418
      900000  0.603870
      901000  0.587529
      902000  0.593980
      903000  0.600517
      904000  0.592149
      905000  0.598985
      906000  0.591853
      907000  0.597215
      908000  0.585849
      909000  0.597183
      910000  0.596264
      911000  0.603431
      912000  0.589379
      913000  0.588686
      914000  0.600488
      915000  0.607968
      916000  0.604363
      917000  0.606849
      918000  0.588505
      919000  0.615196
      920000  0.578540
      921000  0.606925
      922000  0.598801
      923000  0.608946
      924000  0.597116
      925000  0.612448
      926000  0.604972
      927000  0.599601
      928000  0.608037
      929000  0.599909
      930000  0.605743
      931000  0.604685
      932000  0.612656
      933000  0.591133
      934000  0.596578
      935000  0.602216
      936000  0.591877
      937000  0.599588
      938000  0.602983
      939000  0.603794
      940000  0.593683
      941000  0.590501
      942000  0.609671
      943000  0.594792
      944000  0.604170
      945000  0.600081
      946000  0.604058
      947000  0.602088
      948000  0.612112
      949000  0.605316
      950000  0.594487
      951000  0.599073
      952000  0.593411
      953000  0.600620
      954000  0.595817
      955000  0.610442
      956000  0.589408
      957000  0.600256
      958000  0.599271
      959000  0.595636
      960000  0.614439
      961000  0.592842
      962000  0.595979
      963000  0.602600
      964000  0.584473
      965000  0.610391
      966000  0.596116
      967000  0.594949
      968000  0.607360
      969000  0.602498
      970000  0.602826
      971000  0.597036
      972000  0.592206
      973000  0.591811
      974000  0.598479
      975000  0.609431
      976000  0.591618
      977000  0.599526
      978000  0.588024
      979000  0.604670
      980000  0.591868
      981000  0.602410
      982000  0.596916
      983000  0.611326
      984000  0.575439
      985000  0.594118
      986000  0.596854
      987000  0.593752
      988000  0.587974
      989000  0.610388
      990000  0.598286
      991000  0.609755
      992000  0.598692
      993000  0.601460
      994000  0.600304
      995000  0.591170
      996000  0.590739
      997000  0.603285
      998000  0.604973
      999000  0.610632
     1000000  0.598202
