    genPlus1     spaQ
        1000  0.605748
        2000  0.590808
        3000  0.593053
        4000  0.588709
        5000  0.602565
        6000  0.606861
        7000  0.588621
        8000  0.586910
        9000  0.604070
       10000  0.602086
       11000  0.596181
       12000  0.598968
       13000  0.608657
       14000  0.600531
       15000  0.598619
       16000  0.597651
       17000  0.612626
       18000  0.600322
       19000  0.602681
       20000  0.599078
       21000  0.594273
       22000  0.609336
       23000  0.594955
       24000  0.595773
       25000  0.586245
       26000  0.600646
       27000  0.597718
       28000  0.600954
       29000  0.603513
       30000  0.606557
       31000  0.594163
       32000  0.587324
       33000  0.596400
       34000  0.613272
       35000  0.606179
       36000  0.588919
       37000  0.599046
       38000  0.602437
       39000  0.590307
       40000  0.590381
       41000  0.584126
       42000  0.608330
       43000  0.594675
       44000  0.584689
       45000  0.604419
       46000  0.611208
       47000  0.592040
       48000  0.598452
       49000  0.603198
       50000  0.584330
       51000  0.601814
       52000  0.584143
       53000  0.609857
       54000  0.598302
       55000  0.598171
       56000  0.613154
       57000  0.593216
       58000  0.584248
       59000  0.603296
       60000  0.598719
       61000  0.596457
       62000  0.594588
       63000  0.601582
       64000  0.590698
       65000  0.597423
       66000  0.606609
       67000  0.602576
       68000  0.598623
       69000  0.610094
       70000  0.615780
       71000  0.592324
       72000  0.606046
       73000  0.603896
       74000  0.608569
       75000  0.596050
       76000  0.606716
       77000  0.609137
       78000  0.605691
       79000  0.602406
       80000  0.594495
       81000  0.596283
       82000  0.580925
       83000  0.614566
       84000  0.605709
       85000  0.608844
       86000  0.598509
       87000  0.599491
       88000  0.590229
       89000  0.596553
       90000  0.599069
       91000  0.613233
       92000  0.611046
       93000  0.601890
       94000  0.602179
       95000  0.601847
       96000  0.600143
       97000  0.595911
       98000  0.602319
       99000  0.599278
      100000  0.597012
      101000  0.594643
      102000  0.579828
      103000  0.605642
      104000  0.584997
      105000  0.593663
      106000  0.597906
      107000  0.599048
      108000  0.598464
      109000  0.587517
      110000  0.610077
      111000  0.588299
      112000  0.602390
      113000  0.615918
      114000  0.602564
      115000  0.613615
      116000  0.590611
      117000  0.601556
      118000  0.595637
      119000  0.617710
      120000  0.596155
      121000  0.595499
      122000  0.588940
      123000  0.603806
      124000  0.596578
      125000  0.603162
      126000  0.603270
      127000  0.596464
      128000  0.603221
      129000  0.606420
      130000  0.585839
      131000  0.605105
      132000  0.597470
      133000  0.601189
      134000  0.585740
      135000  0.609974
      136000  0.600050
      137000  0.592198
      138000  0.587478
      139000  0.596500
      140000  0.598611
      141000  0.597611
      142000  0.589862
      143000  0.604774
      144000  0.585609
      145000  0.599684
      146000  0.607965
      147000  0.602851
      148000  0.608633
      149000  0.594505
      150000  0.593336
      151000  0.611223
      152000  0.604740
      153000  0.606766
      154000  0.591900
      155000  0.600562
      156000  0.589887
      157000  0.598262
      158000  0.598453
      159000  0.597562
      160000  0.614821
      161000  0.591514
      162000  0.595631
      163000  0.603372
      164000  0.590699
      165000  0.598739
      166000  0.590381
      167000  0.591106
      168000  0.594012
      169000  0.597074
      170000  0.603673
      171000  0.602411
      172000  0.584656
      173000  0.592020
      174000  0.610357
      175000  0.594172
      176000  0.583474
      177000  0.609458
      178000  0.580929
      179000  0.596247
      180000  0.597871
      181000  0.598969
      182000  0.589795
      183000  0.606548
      184000  0.602452
      185000  0.588883
      186000  0.613928
      187000  0.596465
      188000  0.596091
      189000  0.597676
      190000  0.606008
      191000  0.605528
      192000  0.582486
      193000  0.602904
      194000  0.602375
      195000  0.606967
      196000  0.602415
      197000  0.591818
      198000  0.592477
      199000  0.605016
      200000  0.601017
      201000  0.608791
      202000  0.585338
      203000  0.591440
      204000  0.596982
      205000  0.594415
      206000  0.603032
      207000  0.598934
      208000  0.605053
      209000  0.613997
      210000  0.595172
      211000  0.610551
      212000  0.612474
      213000  0.604867
      214000  0.596238
      215000  0.587832
      216000  0.590547
      217000  0.610285
      218000  0.598229
      219000  0.600508
      220000  0.590973
      221000  0.588646
      222000  0.596862
      223000  0.612843
      224000  0.605970
      225000  0.605425
      226000  0.591035
      227000  0.593248
      228000  0.599507
      229000  0.606079
      230000  0.601736
      231000  0.605199
      232000  0.609663
      233000  0.602036
      234000  0.608820
      235000  0.596421
      236000  0.607400
      237000  0.596073
      238000  0.602291
      239000  0.606040
      240000  0.591648
      241000  0.596953
      242000  0.597758
      243000  0.592732
      244000  0.595797
      245000  0.580829
      246000  0.594163
      247000  0.609171
      248000  0.593235
      249000  0.606277
      250000  0.596284
      251000  0.609119
      252000  0.595779
      253000  0.600253
      254000  0.579521
      255000  0.587046
      256000  0.595693
      257000  0.597623
      258000  0.590479
      259000  0.605280
      260000  0.605189
      261000  0.590632
      262000  0.604606
      263000  0.602320
      264000  0.618058
      265000  0.592067
      266000  0.601280
      267000  0.601227
      268000  0.598343
      269000  0.600828
      270000  0.601735
      271000  0.616347
      272000  0.588598
      273000  0.586099
      274000  0.598246
      275000  0.593774
      276000  0.587329
      277000  0.603003
      278000  0.599398
      279000  0.602792
      280000  0.587067
      281000  0.593420
      282000  0.607427
      283000  0.585351
      284000  0.604780
      285000  0.606917
      286000  0.598540
      287000  0.600679
      288000  0.595314
      289000  0.595913
      290000  0.605140
      291000  0.595942
      292000  0.587548
      293000  0.600926
      294000  0.597081
      295000  0.600024
      296000  0.595743
      297000  0.594046
      298000  0.601778
      299000  0.588964
      300000  0.601059
      301000  0.604426
      302000  0.586712
      303000  0.606327
      304000  0.602934
      305000  0.594528
      306000  0.611167
      307000  0.595199
      308000  0.596055
      309000  0.596198
      310000  0.602315
      311000  0.596311
      312000  0.601226
      313000  0.596281
      314000  0.608675
      315000  0.608093
      316000  0.606753
      317000  0.604208
      318000  0.599001
      319000  0.614522
      320000  0.601190
      321000  0.602129
      322000  0.610546
      323000  0.612126
      324000  0.589195
      325000  0.574551
      326000  0.599505
      327000  0.612589
      328000  0.605465
      329000  0.607284
      330000  0.601403
      331000  0.584892
      332000  0.592956
      333000  0.597506
      334000  0.596402
      335000  0.589900
      336000  0.591006
      337000  0.602740
      338000  0.593007
      339000  0.615530
      340000  0.603243
      341000  0.596728
      342000  0.612797
      343000  0.600054
      344000  0.593299
      345000  0.595635
      346000  0.611346
      347000  0.604800
      348000  0.607568
      349000  0.610155
      350000  0.586026
      351000  0.596030
      352000  0.590285
      353000  0.591111
      354000  0.598575
      355000  0.603281
      356000  0.587968
      357000  0.597887
      358000  0.603693
      359000  0.614332
      360000  0.604770
      361000  0.615062
      362000  0.609666
      363000  0.593705
      364000  0.591944
      365000  0.588891
      366000  0.592527
      367000  0.604538
      368000  0.589440
      369000  0.609141
      370000  0.610076
      371000  0.596198
      372000  0.602552
      373000  0.593987
      374000  0.606297
      375000  0.600594
      376000  0.594384
      377000  0.603454
      378000  0.602601
      379000  0.605663
      380000  0.595113
      381000  0.598577
      382000  0.601956
      383000  0.590940
      384000  0.583773
      385000  0.609363
      386000  0.598094
      387000  0.583453
      388000  0.614634
      389000  0.586332
      390000  0.612218
      391000  0.595000
      392000  0.590349
      393000  0.619936
      394000  0.603213
      395000  0.590501
      396000  0.595041
      397000  0.602320
      398000  0.586097
      399000  0.601326
      400000  0.595150
      401000  0.594388
      402000  0.594297
      403000  0.581854
      404000  0.605212
      405000  0.589073
      406000  0.605932
      407000  0.599935
      408000  0.600404
      409000  0.596771
      410000  0.604904
      411000  0.601283
      412000  0.604024
      413000  0.590532
      414000  0.592382
      415000  0.603978
      416000  0.597956
      417000  0.610704
      418000  0.591958
      419000  0.604600
      420000  0.610680
      421000  0.608877
      422000  0.605088
      423000  0.586610
      424000  0.605839
      425000  0.606010
      426000  0.601349
      427000  0.597634
      428000  0.585409
      429000  0.601028
      430000  0.603245
      431000  0.603685
      432000  0.588561
      433000  0.589554
      434000  0.592041
      435000  0.599923
      436000  0.586194
      437000  0.607787
      438000  0.600691
      439000  0.596332
      440000  0.583142
      441000  0.601862
      442000  0.590255
      443000  0.598773
      444000  0.591288
      445000  0.609335
      446000  0.603149
      447000  0.595952
      448000  0.601819
      449000  0.594574
      450000  0.613058
      451000  0.595274
      452000  0.607979
      453000  0.607838
      454000  0.603790
      455000  0.594903
      456000  0.590724
      457000  0.610010
      458000  0.585898
      459000  0.601206
      460000  0.602313
      461000  0.598743
      462000  0.599114
      463000  0.599906
      464000  0.590382
      465000  0.602306
      466000  0.599503
      467000  0.598680
      468000  0.595149
      469000  0.590896
      470000  0.603674
      471000  0.592019
      472000  0.603903
      473000  0.607654
      474000  0.603109
      475000  0.605030
      476000  0.596624
      477000  0.604543
      478000  0.599508
      479000  0.609647
      480000  0.598916
      481000  0.587386
      482000  0.605645
      483000  0.597316
      484000  0.603525
      485000  0.605209
      486000  0.608914
      487000  0.609354
      488000  0.601281
      489000  0.611303
      490000  0.588578
      491000  0.606531
      492000  0.606045
      493000  0.598713
      494000  0.597043
      495000  0.598380
      496000  0.591508
      497000  0.596567
      498000  0.606319
      499000  0.596191
      500000  0.606392
      501000  0.602196
      502000  0.588487
      503000  0.595931
      504000  0.591300
      505000  0.594103
      506000  0.587220
      507000  0.607825
      508000  0.600727
      509000  0.606786
      510000  0.593488
      511000  0.592056
      512000  0.599162
      513000  0.602461
      514000  0.597866
      515000  0.600222
      516000  0.602427
      517000  0.592629
      518000  0.598906
      519000  0.606853
      520000  0.599690
      521000  0.596301
      522000  0.594763
      523000  0.602024
      524000  0.596398
      525000  0.592853
      526000  0.584903
      527000  0.597246
      528000  0.609348
      529000  0.584840
      530000  0.603606
      531000  0.611927
      532000  0.618845
      533000  0.616264
      534000  0.606832
      535000  0.583237
      536000  0.588865
      537000  0.590384
      538000  0.586810
      539000  0.597987
      540000  0.601804
      541000  0.597761
      542000  0.606083
      543000  0.607893
      544000  0.593787
      545000  0.586630
      546000  0.604998
      547000  0.597753
      548000  0.604458
      549000  0.601533
      550000  0.612999
      551000  0.589383
      552000  0.593907
      553000  0.608119
      554000  0.587828
      555000  0.599866
      556000  0.613744
      557000  0.596299
      558000  0.597951
      559000  0.593948
      560000  0.593725
      561000  0.592504
      562000  0.606772
      563000  0.607278
      564000  0.586167
      565000  0.591514
      566000  0.606013
      567000  0.597317
      568000  0.591308
      569000  0.591927
      570000  0.586106
      571000  0.594505
      572000  0.603413
      573000  0.605552
      574000  0.601720
      575000  0.620759
      576000  0.587487
      577000  0.596619
      578000  0.584464
      579000  0.595742
      580000  0.580755
      581000  0.598106
      582000  0.605114
      583000  0.604890
      584000  0.597260
      585000  0.597554
      586000  0.598830
      587000  0.588185
      588000  0.604289
      589000  0.595792
      590000  0.598145
      591000  0.587793
      592000  0.598268
      593000  0.604932
      594000  0.595927
      595000  0.604754
      596000  0.602591
      597000  0.595341
      598000  0.596444
      599000  0.583040
      600000  0.587069
      601000  0.594118
      602000  0.602228
      603000  0.599211
      604000  0.598364
      605000  0.592030
      606000  0.594784
      607000  0.600582
      608000  0.584092
      609000  0.602122
      610000  0.594429
      611000  0.602598
      612000  0.607060
      613000  0.602647
      614000  0.596693
      615000  0.587767
      616000  0.601713
      617000  0.589696
      618000  0.601042
      619000  0.588812
      620000  0.590582
      621000  0.592608
      622000  0.613426
      623000  0.610170
      624000  0.589387
      625000  0.598185
      626000  0.595766
      627000  0.586357
      628000  0.590709
      629000  0.597345
      630000  0.600278
      631000  0.590004
      632000  0.614459
      633000  0.590128
      634000  0.593284
      635000  0.603438
      636000  0.579979
      637000  0.588764
      638000  0.601939
      639000  0.596620
      640000  0.607265
      641000  0.610286
      642000  0.601572
      643000  0.606455
      644000  0.594567
      645000  0.600331
      646000  0.585811
      647000  0.600350
      648000  0.593899
      649000  0.604864
      650000  0.594884
      651000  0.598162
      652000  0.583916
      653000  0.598911
      654000  0.602472
      655000  0.593422
      656000  0.608734
      657000  0.589568
      658000  0.596667
      659000  0.589397
      660000  0.604937
      661000  0.599192
      662000  0.602207
      663000  0.605524
      664000  0.594155
      665000  0.604394
      666000  0.598909
      667000  0.589825
      668000  0.595424
      669000  0.607661
      670000  0.598532
      671000  0.595989
      672000  0.613885
      673000  0.601914
      674000  0.592488
      675000  0.589080
      676000  0.590701
      677000  0.610120
      678000  0.598413
      679000  0.604997
      680000  0.606073
      681000  0.593836
      682000  0.601665
      683000  0.597052
      684000  0.586040
      685000  0.591663
      686000  0.601072
      687000  0.590978
      688000  0.594072
      689000  0.596883
      690000  0.588635
      691000  0.606468
      692000  0.609981
      693000  0.594593
      694000  0.593223
      695000  0.607574
      696000  0.589426
      697000  0.597612
      698000  0.599091
      699000  0.596024
      700000  0.591631
      701000  0.596598
      702000  0.585673
      703000  0.590448
      704000  0.607383
      705000  0.603043
      706000  0.608543
      707000  0.592054
      708000  0.607883
      709000  0.603583
      710000  0.601483
      711000  0.599627
      712000  0.606160
      713000  0.585800
      714000  0.597328
      715000  0.605967
      716000  0.589156
      717000  0.600458
      718000  0.592748
      719000  0.606570
      720000  0.600874
      721000  0.611872
      722000  0.598759
      723000  0.595559
      724000  0.598762
      725000  0.605842
      726000  0.605806
      727000  0.597093
      728000  0.600767
      729000  0.599133
      730000  0.601649
      731000  0.593371
      732000  0.606300
      733000  0.606802
      734000  0.591605
      735000  0.602884
      736000  0.597629
      737000  0.596731
      738000  0.590462
      739000  0.593954
      740000  0.604635
      741000  0.596673
      742000  0.599767
      743000  0.595645
      744000  0.602049
      745000  0.594730
      746000  0.602111
      747000  0.601498
      748000  0.588056
      749000  0.601989
      750000  0.601567
      751000  0.598383
      752000  0.595389
      753000  0.601298
      754000  0.613847
      755000  0.608759
      756000  0.593605
      757000  0.600841
      758000  0.598202
      759000  0.594239
      760000  0.589534
      761000  0.599531
      762000  0.601159
      763000  0.591825
      764000  0.607341
      765000  0.590710
      766000  0.599722
      767000  0.604482
      768000  0.598955
      769000  0.600124
      770000  0.576703
      771000  0.597612
      772000  0.591243
      773000  0.585866
      774000  0.604428
      775000  0.603715
      776000  0.587298
      777000  0.585089
      778000  0.586814
      779000  0.603506
      780000  0.601212
      781000  0.608789
      782000  0.589679
      783000  0.606949
      784000  0.599652
      785000  0.595418
      786000  0.597966
      787000  0.594317
      788000  0.595518
      789000  0.607137
      790000  0.598618
      791000  0.619460
      792000  0.599603
      793000  0.594434
      794000  0.597332
      795000  0.602555
      796000  0.590921
      797000  0.599046
      798000  0.595866
      799000  0.599384
      800000  0.594882
      801000  0.596578
      802000  0.606030
      803000  0.599557
      804000  0.607371
      805000  0.584309
      806000  0.598226
      807000  0.590340
      808000  0.594725
      809000  0.614038
      810000  0.607298
      811000  0.608770
      812000  0.596457
      813000  0.606443
      814000  0.588783
      815000  0.596860
      816000  0.593131
      817000  0.598375
      818000  0.602082
      819000  0.607601
      820000  0.590149
      821000  0.600155
      822000  0.601010
      823000  0.606386
      824000  0.604892
      825000  0.602043
      826000  0.604485
      827000  0.599226
      828000  0.596867
      829000  0.613425
      830000  0.580808
      831000  0.586771
      832000  0.603124
      833000  0.591335
      834000  0.604544
      835000  0.592858
      836000  0.592429
      837000  0.613213
      838000  0.600474
      839000  0.621100
      840000  0.600121
      841000  0.610783
      842000  0.602362
      843000  0.591815
      844000  0.602704
      845000  0.605903
      846000  0.586994
      847000  0.592470
      848000  0.607754
      849000  0.586120
      850000  0.607182
      851000  0.590244
      852000  0.605397
      853000  0.597268
      854000  0.597950
      855000  0.592786
      856000  0.597117
      857000  0.595054
      858000  0.599460
      859000  0.596374
      860000  0.586226
      861000  0.600038
      862000  0.607740
      863000  0.594899
      864000  0.603546
      865000  0.603910
      866000  0.601540
      867000  0.600378
      868000  0.601187
      869000  0.603256
      870000  0.598478
      871000  0.601257
      872000  0.590161
      873000  0.596311
      874000  0.590609
      875000  0.597726
      876000  0.608422
      877000  0.602774
      878000  0.596955
      879000  0.588352
      880000  0.605712
      881000  0.598995
      882000  0.599303
      883000  0.593071
      884000  0.609719
      885000  0.600584
      886000  0.599628
      887000  0.600841
      888000  0.597237
      889000  0.595105
      890000  0.598207
      891000  0.589527
      892000  0.597635
      893000  0.583535
      894000  0.599652
      895000  0.592700
      896000  0.598972
      897000  0.599540
      898000  0.586655
      899000  0.603761
      900000  0.604800
      901000  0.595329
      902000  0.601544
      903000  0.591655
      904000  0.600863
      905000  0.589931
      906000  0.602941
      907000  0.616816
      908000  0.589537
      909000  0.605999
      910000  0.600804
      911000  0.608279
      912000  0.592871
      913000  0.609537
      914000  0.619667
      915000  0.589525
      916000  0.613223
      917000  0.594786
      918000  0.596343
      919000  0.601137
      920000  0.586548
      921000  0.608327
      922000  0.593178
      923000  0.582703
      924000  0.601546
      925000  0.609094
      926000  0.603580
      927000  0.604842
      928000  0.602436
      929000  0.612374
      930000  0.604559
      931000  0.599723
      932000  0.596556
      933000  0.596771
      934000  0.594455
      935000  0.594915
      936000  0.606686
      937000  0.596959
      938000  0.606514
      939000  0.610270
      940000  0.606357
      941000  0.603506
      942000  0.587473
      943000  0.586586
      944000  0.607690
      945000  0.602919
      946000  0.589024
      947000  0.589791
      948000  0.599075
      949000  0.589639
      950000  0.601752
      951000  0.585608
      952000  0.607698
      953000  0.601943
      954000  0.615933
      955000  0.605091
      956000  0.590373
      957000  0.583037
      958000  0.605611
      959000  0.586060
      960000  0.603546
      961000  0.609136
      962000  0.585467
      963000  0.605425
      964000  0.592203
      965000  0.597086
      966000  0.591082
      967000  0.587379
      968000  0.611301
      969000  0.598998
      970000  0.604338
      971000  0.577901
      972000  0.597944
      973000  0.587247
      974000  0.610799
      975000  0.601801
      976000  0.595025
      977000  0.599195
      978000  0.596571
      979000  0.595750
      980000  0.586725
      981000  0.598514
      982000  0.599191
      983000  0.594091
      984000  0.606330
      985000  0.590082
      986000  0.612551
      987000  0.586449
      988000  0.607999
      989000  0.599734
      990000  0.601129
      991000  0.601823
      992000  0.594903
      993000  0.591554
      994000  0.604868
      995000  0.594734
      996000  0.602505
      997000  0.597227
      998000  0.596841
      999000  0.599953
     1000000  0.597284
