       1000 -262.761928
       2000 -263.231451
       3000 -263.343121
       4000 -262.523041
       5000 -262.274700
       6000 -264.085043
       7000 -266.268613
       8000 -262.523581
       9000 -262.454300
      10000 -265.396752
      11000 -262.151100
      12000 -262.062523
      13000 -263.752104
      14000 -265.776462
      15000 -262.460285
      16000 -273.604249
      17000 -264.213813
      18000 -262.493550
      19000 -263.874344
      20000 -264.350340
      21000 -265.725112
      22000 -265.146680
      23000 -262.116929
      24000 -264.205107
      25000 -266.136948
      26000 -266.893534
      27000 -266.361336
      28000 -262.659655
      29000 -262.388959
      30000 -263.469383
      31000 -264.611355
      32000 -268.179771
      33000 -263.770659
      34000 -262.012511
      35000 -262.717000
      36000 -265.637291
      37000 -267.679390
      38000 -264.266623
      39000 -264.231267
      40000 -262.290897
      41000 -263.931989
      42000 -264.419225
      43000 -263.950476
      44000 -265.941084
      45000 -265.821135
      46000 -265.592468
      47000 -262.269105
      48000 -262.285535
      49000 -262.398966
      50000 -265.642517
      51000 -269.986619
      52000 -263.433225
      53000 -264.020408
      54000 -265.800256
      55000 -262.302204
      56000 -267.530449
      57000 -263.257571
      58000 -263.970337
      59000 -267.000339
      60000 -265.168851
      61000 -262.623417
      62000 -262.343400
      63000 -267.244083
      64000 -264.731198
      65000 -262.094648
      66000 -262.201235
      67000 -263.055349
      68000 -262.075714
      69000 -262.061425
      70000 -262.722943
      71000 -266.060981
      72000 -267.577484
      73000 -265.856001
      74000 -262.488415
      75000 -266.661397
      76000 -262.632823
      77000 -262.178930
      78000 -261.993444
      79000 -262.583852
      80000 -262.013575
      81000 -262.336712
      82000 -269.310652
      83000 -264.675801
      84000 -262.199143
      85000 -262.096002
      86000 -265.696554
      87000 -263.631934
      88000 -275.826635
      89000 -262.398735
      90000 -264.060209
      91000 -261.972125
      92000 -269.377571
      93000 -265.670483
      94000 -262.099018
      95000 -269.270734
      96000 -265.988107
      97000 -264.251661
      98000 -271.020092
      99000 -263.577250
     100000 -263.840438
     101000 -266.087998
     102000 -264.130703
     103000 -266.651140
     104000 -264.385095
     105000 -263.973312
     106000 -263.939831
     107000 -265.793716
     108000 -265.258624
     109000 -266.417854
     110000 -262.057004
     111000 -263.097947
     112000 -262.008744
     113000 -263.580996
     114000 -262.018578
     115000 -262.135292
     116000 -265.660025
     117000 -263.215519
     118000 -267.578181
     119000 -266.061444
     120000 -262.099856
     121000 -262.511691
     122000 -271.719750
     123000 -265.930262
     124000 -262.039589
     125000 -262.968145
     126000 -262.055841
     127000 -265.638230
     128000 -262.110567
     129000 -264.260348
     130000 -264.676640
     131000 -263.551230
     132000 -266.728125
     133000 -263.106434
     134000 -264.462913
     135000 -262.401242
     136000 -263.889477
     137000 -265.956939
     138000 -262.823247
     139000 -262.307695
     140000 -269.793824
     141000 -263.168960
     142000 -262.413439
     143000 -265.932554
     144000 -273.689862
     145000 -262.320655
     146000 -262.206321
     147000 -264.400736
     148000 -264.470295
     149000 -263.815171
     150000 -264.600623
     151000 -264.293104
     152000 -267.437040
     153000 -263.341894
     154000 -263.016200
     155000 -262.043534
     156000 -264.536702
     157000 -262.891212
     158000 -262.289020
     159000 -264.559708
     160000 -262.068564
     161000 -262.486674
     162000 -264.936628
     163000 -266.241418
     164000 -264.948035
     165000 -262.319092
     166000 -262.026738
     167000 -262.748818
     168000 -268.267200
     169000 -264.535864
     170000 -264.983744
     171000 -262.018135
     172000 -262.397361
     173000 -266.241419
     174000 -264.890474
     175000 -264.648784
     176000 -264.919567
     177000 -266.041673
     178000 -265.851602
     179000 -262.270236
     180000 -262.420884
     181000 -262.252305
     182000 -264.254265
     183000 -263.585217
     184000 -263.719328
     185000 -262.327202
     186000 -262.480034
     187000 -262.589710
     188000 -265.757751
     189000 -265.091748
     190000 -263.781202
     191000 -263.971621
     192000 -264.468362
     193000 -266.610621
     194000 -266.109933
     195000 -263.531390
     196000 -264.264609
     197000 -263.527552
     198000 -262.425402
     199000 -266.341351
     200000 -262.459373
     201000 -263.454497
     202000 -262.162990
     203000 -265.707730
     204000 -266.471581
     205000 -262.015022
     206000 -262.838859
     207000 -264.344139
     208000 -265.127743
     209000 -266.453926
     210000 -266.914322
     211000 -265.760258
     212000 -262.155645
     213000 -262.929623
     214000 -262.044579
     215000 -262.019079
     216000 -273.401298
     217000 -262.005156
     218000 -263.842574
     219000 -268.290936
     220000 -264.254967
     221000 -265.041381
     222000 -262.113213
     223000 -263.106597
     224000 -262.430558
     225000 -262.160291
     226000 -264.752324
     227000 -262.314924
     228000 -262.023596
     229000 -262.021014
     230000 -264.931387
     231000 -262.603167
     232000 -262.337657
     233000 -264.084885
     234000 -266.649826
     235000 -264.626938
     236000 -264.557691
     237000 -262.563576
     238000 -262.095437
     239000 -264.147056
     240000 -262.965799
     241000 -265.912891
     242000 -264.360152
     243000 -263.780544
     244000 -262.817176
     245000 -262.403239
     246000 -266.205139
     247000 -265.958393
     248000 -262.296719
     249000 -263.691500
     250000 -264.096241
     251000 -263.347646
     252000 -262.103542
     253000 -264.178641
     254000 -269.501335
     255000 -262.770288
     256000 -264.224912
     257000 -263.424682
     258000 -262.353903
     259000 -261.975477
     260000 -266.471742
     261000 -263.950877
     262000 -263.969289
     263000 -262.136336
     264000 -263.804942
     265000 -262.053393
     266000 -262.108013
     267000 -262.600189
     268000 -263.817796
     269000 -262.369572
     270000 -264.022230
     271000 -262.555058
     272000 -264.082752
     273000 -270.367218
     274000 -263.763079
     275000 -262.335013
     276000 -263.871934
     277000 -263.857467
     278000 -264.109237
     279000 -262.408306
     280000 -264.012431
     281000 -263.662005
     282000 -265.088613
     283000 -262.644229
     284000 -262.587433
     285000 -272.433248
     286000 -262.521370
     287000 -264.118201
     288000 -262.120825
     289000 -262.102707
     290000 -266.070274
     291000 -263.133242
     292000 -262.481476
     293000 -269.414786
     294000 -264.975965
     295000 -263.074631
     296000 -262.706396
     297000 -263.750982
     298000 -264.407565
     299000 -262.392599
     300000 -263.290854
     301000 -262.305751
     302000 -265.134620
     303000 -262.850126
     304000 -268.334714
     305000 -265.585285
     306000 -262.307220
     307000 -262.318926
     308000 -273.192379
     309000 -265.159050
     310000 -262.269208
     311000 -262.518325
     312000 -262.519958
     313000 -262.057636
     314000 -267.799758
     315000 -265.501221
     316000 -262.327580
     317000 -262.542572
     318000 -263.072335
     319000 -263.072094
     320000 -261.983785
     321000 -263.968336
     322000 -266.384371
     323000 -264.313639
     324000 -262.300058
     325000 -262.755805
     326000 -264.134469
     327000 -262.323896
     328000 -262.505955
     329000 -263.692127
     330000 -263.194370
     331000 -264.367114
     332000 -264.241301
     333000 -262.457625
     334000 -261.984501
     335000 -264.608960
     336000 -262.444848
     337000 -263.700305
     338000 -265.734914
     339000 -262.567024
     340000 -262.272740
     341000 -263.901112
     342000 -264.094030
     343000 -265.863454
     344000 -267.870842
     345000 -263.644812
     346000 -263.892902
     347000 -264.253355
     348000 -263.862921
     349000 -264.542264
     350000 -264.101750
     351000 -266.406176
     352000 -266.544273
     353000 -268.093028
     354000 -262.346198
     355000 -266.873301
     356000 -269.596152
     357000 -264.904910
     358000 -268.566156
     359000 -264.055131
     360000 -263.023737
     361000 -262.943910
     362000 -266.605833
     363000 -263.643755
     364000 -261.985079
     365000 -261.981682
     366000 -265.646266
     367000 -262.121747
     368000 -262.125508
     369000 -263.032864
     370000 -262.588683
     371000 -263.809721
     372000 -269.906271
     373000 -265.933582
     374000 -262.228961
     375000 -262.205760
     376000 -264.751956
     377000 -267.611621
     378000 -262.130612
     379000 -268.148360
     380000 -263.570425
     381000 -263.399127
     382000 -265.681026
     383000 -263.003752
     384000 -266.250706
     385000 -265.175102
     386000 -262.696787
     387000 -264.407934
     388000 -265.680648
     389000 -263.234293
     390000 -266.865357
     391000 -262.451629
     392000 -265.114495
     393000 -268.599722
     394000 -264.158542
     395000 -263.954909
     396000 -263.701453
     397000 -263.953462
     398000 -263.558165
     399000 -262.229360
     400000 -268.239727
     401000 -262.937275
     402000 -266.566943
     403000 -264.657109
     404000 -262.039117
     405000 -270.102035
     406000 -262.249836
     407000 -265.713716
     408000 -263.140638
     409000 -268.194261
     410000 -263.373751
     411000 -264.109370
     412000 -265.698442
     413000 -262.619137
     414000 -262.479331
     415000 -262.062445
     416000 -263.136471
     417000 -266.770639
     418000 -262.029213
     419000 -262.614236
     420000 -262.515952
     421000 -262.525778
     422000 -262.114054
     423000 -264.060057
     424000 -264.795614
     425000 -262.157766
     426000 -262.307035
     427000 -262.054766
     428000 -262.828551
     429000 -263.930350
     430000 -263.737263
     431000 -266.624918
     432000 -262.316934
     433000 -263.745026
     434000 -269.501226
     435000 -262.776922
     436000 -266.413858
     437000 -270.874180
     438000 -262.377690
     439000 -272.575019
     440000 -262.779673
     441000 -262.372735
     442000 -267.583083
     443000 -262.519948
     444000 -266.714958
     445000 -262.505496
     446000 -262.453733
     447000 -266.298219
     448000 -262.218275
     449000 -264.396707
     450000 -261.996502
     451000 -262.349541
     452000 -267.781967
     453000 -262.366554
     454000 -267.444794
     455000 -262.105404
     456000 -266.033551
     457000 -266.087996
     458000 -266.109713
     459000 -262.887739
     460000 -262.227168
     461000 -265.776822
     462000 -263.906572
     463000 -263.611747
     464000 -262.360094
     465000 -263.773427
     466000 -263.548488
     467000 -265.796792
     468000 -263.355542
     469000 -262.539486
     470000 -266.068284
     471000 -262.855387
     472000 -267.359498
     473000 -265.983305
     474000 -262.497567
     475000 -266.178982
     476000 -264.506944
     477000 -263.384418
     478000 -265.005967
     479000 -264.119287
     480000 -262.189726
     481000 -263.870467
     482000 -262.853205
     483000 -265.710262
     484000 -268.972081
     485000 -262.545963
     486000 -267.266882
     487000 -262.012938
     488000 -262.874721
     489000 -268.103047
     490000 -268.020329
     491000 -262.214166
     492000 -263.700188
     493000 -262.153263
     494000 -262.036620
     495000 -264.955414
     496000 -262.852714
     497000 -264.213143
     498000 -263.363101
     499000 -263.995690
     500000 -267.553311
     501000 -262.874517
     502000 -264.817223
     503000 -262.363118
     504000 -264.837193
     505000 -263.066672
     506000 -262.388763
     507000 -264.146422
     508000 -264.406059
     509000 -262.111389
     510000 -263.684371
     511000 -265.825183
     512000 -262.400971
     513000 -262.756604
     514000 -263.774733
     515000 -265.852669
     516000 -262.000064
     517000 -264.496172
     518000 -264.244049
     519000 -264.107263
     520000 -269.234373
     521000 -266.261238
     522000 -261.997776
     523000 -264.568499
     524000 -262.481747
     525000 -262.278827
     526000 -262.321439
     527000 -262.958514
     528000 -264.766768
     529000 -262.327617
     530000 -264.193836
     531000 -264.348341
     532000 -263.133293
     533000 -264.639453
     534000 -262.047154
     535000 -264.282026
     536000 -262.527679
     537000 -268.792722
     538000 -264.807143
     539000 -263.033784
     540000 -264.241189
     541000 -262.467418
     542000 -265.248931
     543000 -273.503247
     544000 -265.383230
     545000 -265.312389
     546000 -263.791964
     547000 -263.243499
     548000 -266.457540
     549000 -264.129632
     550000 -270.736100
     551000 -262.439407
     552000 -265.687829
     553000 -265.638131
     554000 -262.113879
     555000 -272.117689
     556000 -262.162588
     557000 -269.541498
     558000 -263.510073
     559000 -262.051582
     560000 -264.269731
     561000 -263.436651
     562000 -262.997379
     563000 -264.561767
     564000 -263.061634
     565000 -263.721715
     566000 -263.134389
     567000 -262.083716
     568000 -264.641666
     569000 -262.701999
     570000 -262.802217
     571000 -263.169232
     572000 -264.979115
     573000 -265.632974
     574000 -262.030694
     575000 -263.258568
     576000 -262.839431
     577000 -265.333703
     578000 -263.481798
     579000 -262.602221
     580000 -265.804653
     581000 -264.070162
     582000 -265.039051
     583000 -263.263624
     584000 -264.352257
     585000 -262.090806
     586000 -266.769499
     587000 -263.603302
     588000 -262.430285
     589000 -262.330445
     590000 -263.782401
     591000 -263.865425
     592000 -262.045479
     593000 -265.787587
     594000 -263.588107
     595000 -263.936367
     596000 -264.017483
     597000 -263.708941
     598000 -267.470382
     599000 -263.822454
     600000 -262.503364
     601000 -262.122315
     602000 -262.034578
     603000 -263.738077
     604000 -264.379250
     605000 -265.535436
     606000 -262.013205
     607000 -262.547136
     608000 -262.636380
     609000 -264.115467
     610000 -265.056634
     611000 -266.465993
     612000 -262.514137
     613000 -262.459723
     614000 -262.639174
     615000 -262.275373
     616000 -269.525127
     617000 -262.292383
     618000 -264.277990
     619000 -267.863877
     620000 -263.977813
     621000 -264.130898
     622000 -266.465025
     623000 -262.362518
     624000 -263.023625
     625000 -269.115974
     626000 -262.220119
     627000 -264.141392
     628000 -262.101334
     629000 -264.268972
     630000 -262.247629
     631000 -266.207270
     632000 -263.006286
     633000 -262.030995
     634000 -263.767508
     635000 -264.304097
     636000 -263.196930
     637000 -264.488752
     638000 -264.929576
     639000 -262.066254
     640000 -263.871920
     641000 -262.148534
     642000 -264.555774
     643000 -262.174427
     644000 -262.517093
     645000 -264.918574
     646000 -263.784796
     647000 -262.378808
     648000 -263.019205
     649000 -262.061855
     650000 -262.745046
     651000 -263.761183
     652000 -265.358153
     653000 -265.713152
     654000 -263.327957
     655000 -263.691235
     656000 -263.868999
     657000 -263.954338
     658000 -264.222962
     659000 -263.734706
     660000 -265.699738
     661000 -262.476487
     662000 -263.421075
     663000 -262.434560
     664000 -262.847606
     665000 -264.505517
     666000 -267.841936
     667000 -262.124574
     668000 -263.911195
     669000 -263.215687
     670000 -266.169255
     671000 -262.122067
     672000 -269.555495
     673000 -262.549818
     674000 -264.147667
     675000 -262.701945
     676000 -262.472755
     677000 -262.577267
     678000 -264.414336
     679000 -263.148802
     680000 -264.568949
     681000 -262.006950
     682000 -262.168470
     683000 -262.122797
     684000 -268.358048
     685000 -264.044231
     686000 -261.980841
     687000 -263.090520
     688000 -265.664959
     689000 -263.542693
     690000 -266.007391
     691000 -264.395527
     692000 -266.173433
     693000 -264.989871
     694000 -266.683623
     695000 -263.572206
     696000 -262.123179
     697000 -262.236740
     698000 -268.746529
     699000 -262.103309
     700000 -264.531418
     701000 -263.715802
     702000 -262.045900
     703000 -267.580743
     704000 -263.616002
     705000 -262.238509
     706000 -263.736642
     707000 -262.627343
     708000 -262.379442
     709000 -262.936234
     710000 -262.741965
     711000 -263.460143
     712000 -263.444625
     713000 -263.346547
     714000 -264.203969
     715000 -264.600219
     716000 -262.110168
     717000 -264.319596
     718000 -270.470826
     719000 -266.439875
     720000 -263.949310
     721000 -262.284832
     722000 -262.538729
     723000 -267.599322
     724000 -264.623654
     725000 -264.132987
     726000 -267.719072
     727000 -267.721122
     728000 -268.198029
     729000 -263.880301
     730000 -264.706183
     731000 -263.093166
     732000 -263.892267
     733000 -262.105348
     734000 -266.033422
     735000 -263.431180
     736000 -262.275073
     737000 -262.873769
     738000 -265.005962
     739000 -264.429733
     740000 -272.308259
     741000 -266.521122
     742000 -263.084412
     743000 -267.830875
     744000 -264.010755
     745000 -264.771279
     746000 -262.606340
     747000 -262.918895
     748000 -262.269657
     749000 -262.956845
     750000 -262.765963
     751000 -262.680207
     752000 -266.194459
     753000 -263.884284
     754000 -262.174106
     755000 -263.150944
     756000 -262.294002
     757000 -262.076151
     758000 -263.787281
     759000 -262.021346
     760000 -262.295674
     761000 -265.478165
     762000 -262.587991
     763000 -262.155721
     764000 -267.694556
     765000 -262.137925
     766000 -264.157220
     767000 -264.334584
     768000 -262.257028
     769000 -267.911402
     770000 -263.307028
     771000 -263.733445
     772000 -263.135573
     773000 -262.112652
     774000 -266.315503
     775000 -264.916211
     776000 -262.423668
     777000 -262.620716
     778000 -263.689425
     779000 -265.729144
     780000 -263.007294
     781000 -262.403351
     782000 -271.390254
     783000 -262.086949
     784000 -264.840060
     785000 -264.642728
     786000 -265.769814
     787000 -262.531446
     788000 -262.473596
     789000 -263.918733
     790000 -267.871953
     791000 -263.720679
     792000 -265.631311
     793000 -262.095353
     794000 -262.781244
     795000 -262.237328
     796000 -264.840146
     797000 -266.113727
     798000 -262.038370
     799000 -263.185424
     800000 -266.067607
     801000 -265.787078
     802000 -262.281627
     803000 -266.106232
     804000 -263.944379
     805000 -261.996236
     806000 -265.189871
     807000 -263.771692
     808000 -266.522347
     809000 -266.234854
     810000 -262.026418
     811000 -263.282471
     812000 -264.559526
     813000 -262.146873
     814000 -265.114589
     815000 -266.170094
     816000 -264.150577
     817000 -267.648156
     818000 -264.859608
     819000 -262.164623
     820000 -263.751465
     821000 -262.014808
     822000 -262.289826
     823000 -263.930938
     824000 -266.453057
     825000 -269.791890
     826000 -262.077831
     827000 -263.202549
     828000 -262.299951
     829000 -262.268490
     830000 -269.583605
     831000 -265.888902
     832000 -262.778850
     833000 -262.572651
     834000 -264.320638
     835000 -262.239154
     836000 -262.051221
     837000 -261.996155
     838000 -265.947164
     839000 -262.860432
     840000 -262.222282
     841000 -267.832244
     842000 -265.619970
     843000 -262.940908
     844000 -263.848454
     845000 -269.241279
     846000 -262.115289
     847000 -266.866033
     848000 -266.711148
     849000 -263.955465
     850000 -264.294743
     851000 -262.005242
     852000 -264.089576
     853000 -262.976039
     854000 -265.872300
     855000 -262.514175
     856000 -262.251614
     857000 -266.543568
     858000 -263.725594
     859000 -265.659215
     860000 -265.434448
     861000 -263.676475
     862000 -262.318940
     863000 -262.649173
     864000 -262.945682
     865000 -263.933337
     866000 -263.998844
     867000 -263.823527
     868000 -263.206769
     869000 -269.124377
     870000 -263.007868
     871000 -264.545196
     872000 -264.255376
     873000 -265.414172
     874000 -270.218787
     875000 -262.053741
     876000 -262.733519
     877000 -262.161695
     878000 -263.818866
     879000 -266.389568
     880000 -262.554466
     881000 -262.366588
     882000 -264.240680
     883000 -263.930141
     884000 -270.619257
     885000 -265.913327
     886000 -262.528119
     887000 -266.677383
     888000 -263.670064
     889000 -264.650461
     890000 -262.790472
     891000 -262.116889
     892000 -265.954091
     893000 -264.121719
     894000 -264.660010
     895000 -262.405368
     896000 -266.097610
     897000 -263.743048
     898000 -262.268284
     899000 -262.440326
     900000 -262.677816
     901000 -262.365381
     902000 -264.591322
     903000 -265.928264
     904000 -263.871347
     905000 -262.495033
     906000 -262.402521
     907000 -262.938705
     908000 -262.591481
     909000 -265.791636
     910000 -262.121873
     911000 -263.981339
     912000 -263.967574
     913000 -263.134970
     914000 -262.723083
     915000 -262.457201
     916000 -263.182986
     917000 -264.366186
     918000 -264.893990
     919000 -262.800635
     920000 -263.640784
     921000 -262.075854
     922000 -262.092757
     923000 -262.125109
     924000 -265.989260
     925000 -263.845150
     926000 -262.061369
     927000 -263.245418
     928000 -263.850996
     929000 -264.145901
     930000 -266.446854
     931000 -262.673822
     932000 -270.060602
     933000 -264.203604
     934000 -262.280735
     935000 -267.357137
     936000 -263.532680
     937000 -263.770998
     938000 -264.368920
     939000 -262.944498
     940000 -267.121926
     941000 -266.981026
     942000 -264.639289
     943000 -264.895351
     944000 -262.665890
     945000 -264.791170
     946000 -263.712087
     947000 -264.400074
     948000 -268.982309
     949000 -272.878143
     950000 -263.779537
     951000 -262.005094
     952000 -263.948188
     953000 -267.671434
     954000 -264.045368
     955000 -264.129011
     956000 -262.429760
     957000 -264.369994
     958000 -267.254087
     959000 -263.045503
     960000 -265.843053
     961000 -266.310841
     962000 -263.261666
     963000 -270.126505
     964000 -264.640079
     965000 -269.727673
     966000 -263.737874
     967000 -263.104319
     968000 -271.406832
     969000 -274.957537
     970000 -265.729596
     971000 -263.916385
     972000 -262.142487
     973000 -262.386649
     974000 -263.543335
     975000 -267.835922
     976000 -267.505561
     977000 -264.824887
     978000 -265.644871
     979000 -267.917864
     980000 -263.917748
     981000 -266.253933
     982000 -262.318261
     983000 -264.938479
     984000 -269.234644
     985000 -262.263696
     986000 -262.137124
     987000 -262.506249
     988000 -263.687864
     989000 -262.487794
     990000 -265.294698
     991000 -262.102735
     992000 -275.265200
     993000 -263.142562
     994000 -263.875591
     995000 -263.053892
     996000 -265.413265
     997000 -262.157646
     998000 -263.721848
     999000 -261.975597
    1000000 -262.042823
    1001000 -265.768529
    1002000 -262.346988
    1003000 -262.045989
    1004000 -267.851391
    1005000 -262.356041
    1006000 -262.260741
    1007000 -264.242226
    1008000 -263.228463
    1009000 -263.152866
    1010000 -263.644918
    1011000 -262.726664
    1012000 -262.572876
    1013000 -267.670428
    1014000 -263.751784
    1015000 -266.627400
    1016000 -263.137302
    1017000 -263.682480
    1018000 -264.984599
    1019000 -262.061157
    1020000 -262.244872
    1021000 -265.152709
    1022000 -263.393393
    1023000 -272.177947
    1024000 -262.421441
    1025000 -265.860265
    1026000 -265.149369
    1027000 -266.077960
    1028000 -265.436303
    1029000 -262.148347
    1030000 -265.672817
    1031000 -266.098886
    1032000 -262.237235
    1033000 -266.721447
    1034000 -266.475986
    1035000 -261.981458
    1036000 -262.424881
    1037000 -262.636075
    1038000 -265.507139
    1039000 -262.589939
    1040000 -262.104079
    1041000 -266.175376
    1042000 -264.769490
    1043000 -264.224699
    1044000 -263.444031
    1045000 -262.177434
    1046000 -262.694777
    1047000 -265.740332
    1048000 -262.411268
    1049000 -264.871947
    1050000 -263.004986
    1051000 -263.366644
    1052000 -264.642527
    1053000 -266.089481
    1054000 -266.960256
    1055000 -263.873675
    1056000 -263.856293
    1057000 -265.788290
    1058000 -262.680932
    1059000 -262.493324
    1060000 -262.446765
    1061000 -264.403592
    1062000 -263.574271
    1063000 -271.371070
    1064000 -263.636921
    1065000 -263.979225
    1066000 -264.125600
    1067000 -269.499230
    1068000 -262.401301
    1069000 -262.072460
    1070000 -269.851441
    1071000 -263.194670
    1072000 -265.283310
    1073000 -265.869030
    1074000 -265.895493
    1075000 -265.900586
    1076000 -264.027532
    1077000 -261.980514
    1078000 -263.964983
    1079000 -266.653449
    1080000 -264.360334
    1081000 -264.090602
    1082000 -267.476744
    1083000 -262.180938
    1084000 -262.516952
    1085000 -267.141198
    1086000 -262.502786
    1087000 -262.270318
    1088000 -262.092941
    1089000 -262.185614
    1090000 -263.781303
    1091000 -264.460935
    1092000 -265.713126
    1093000 -262.409239
    1094000 -265.166919
    1095000 -263.485487
    1096000 -263.915524
    1097000 -262.356394
    1098000 -265.096121
    1099000 -264.028261
    1100000 -262.159913
    1101000 -265.275555
    1102000 -266.185541
    1103000 -262.818799
    1104000 -272.936039
    1105000 -266.102088
    1106000 -269.792350
    1107000 -261.990207
    1108000 -267.489330
    1109000 -262.012933
    1110000 -267.032112
    1111000 -262.630895
    1112000 -267.919014
    1113000 -264.395706
    1114000 -263.634232
    1115000 -263.185480
    1116000 -264.800434
    1117000 -263.248374
    1118000 -265.840106
    1119000 -263.900936
    1120000 -261.977365
    1121000 -262.047560
    1122000 -266.066218
    1123000 -264.715796
    1124000 -262.021050
    1125000 -265.440125
    1126000 -266.346785
    1127000 -265.847610
    1128000 -265.703287
    1129000 -264.113724
    1130000 -265.267156
    1131000 -263.216885
    1132000 -262.685597
    1133000 -264.974916
    1134000 -262.960181
    1135000 -263.389549
    1136000 -262.734402
    1137000 -262.504949
    1138000 -264.067652
    1139000 -264.064950
    1140000 -264.738951
    1141000 -266.018891
    1142000 -262.026364
    1143000 -261.980678
    1144000 -265.777875
    1145000 -268.545935
    1146000 -262.706651
    1147000 -268.375080
    1148000 -262.194539
    1149000 -263.299793
    1150000 -262.422892
    1151000 -262.457103
    1152000 -262.191682
    1153000 -265.947643
    1154000 -262.172845
    1155000 -263.468830
    1156000 -263.985918
    1157000 -262.268381
    1158000 -262.569598
    1159000 -263.838584
    1160000 -263.814804
    1161000 -262.451097
    1162000 -266.602334
    1163000 -263.062856
    1164000 -264.281709
    1165000 -267.578466
    1166000 -268.194300
    1167000 -262.879775
    1168000 -269.961729
    1169000 -264.187974
    1170000 -265.271521
    1171000 -263.239781
    1172000 -262.520946
    1173000 -262.517204
    1174000 -262.376597
    1175000 -262.243293
    1176000 -262.198006
    1177000 -265.726538
    1178000 -270.182617
    1179000 -267.762773
    1180000 -262.685859
    1181000 -262.766295
    1182000 -262.013966
    1183000 -262.324846
    1184000 -263.097849
    1185000 -264.824927
    1186000 -264.165325
    1187000 -264.251097
    1188000 -265.778348
    1189000 -265.644306
    1190000 -265.982244
    1191000 -264.605599
    1192000 -262.342562
    1193000 -265.800695
    1194000 -266.362533
    1195000 -263.221864
    1196000 -263.942832
    1197000 -264.332893
    1198000 -263.608846
    1199000 -267.429279
    1200000 -262.139297
    1201000 -262.249689
    1202000 -262.660597
    1203000 -262.080476
    1204000 -264.714109
    1205000 -262.554857
    1206000 -262.631908
    1207000 -264.888060
    1208000 -262.469044
    1209000 -261.990670
    1210000 -262.055898
    1211000 -262.867294
    1212000 -269.925217
    1213000 -263.886091
    1214000 -263.891584
    1215000 -262.474240
    1216000 -262.926332
    1217000 -264.479625
    1218000 -262.203503
    1219000 -264.698404
    1220000 -262.731713
    1221000 -262.872465
    1222000 -262.883907
    1223000 -263.036681
    1224000 -262.101143
    1225000 -261.972117
    1226000 -265.815445
    1227000 -262.086096
    1228000 -262.912085
    1229000 -266.251473
    1230000 -267.885116
    1231000 -262.970831
    1232000 -268.606341
    1233000 -262.697848
    1234000 -262.499835
    1235000 -262.248274
    1236000 -264.341907
    1237000 -262.251683
    1238000 -263.746054
    1239000 -264.570230
    1240000 -266.371944
    1241000 -263.148425
    1242000 -263.930926
    1243000 -262.400475
    1244000 -264.718942
    1245000 -262.009782
    1246000 -266.402946
    1247000 -262.358244
    1248000 -267.392744
    1249000 -270.752993
    1250000 -262.379507
    1251000 -266.657076
    1252000 -262.023379
    1253000 -263.782126
    1254000 -269.883485
    1255000 -263.896093
    1256000 -263.412636
    1257000 -263.040979
    1258000 -262.147254
    1259000 -265.846006
    1260000 -262.444626
    1261000 -262.103796
    1262000 -263.070391
    1263000 -264.093471
    1264000 -263.896757
    1265000 -263.807469
    1266000 -262.838818
    1267000 -266.813195
    1268000 -263.767745
    1269000 -263.494379
    1270000 -262.040933
    1271000 -267.207208
    1272000 -262.317484
    1273000 -261.973311
    1274000 -262.755078
    1275000 -262.950786
    1276000 -262.165674
    1277000 -265.282771
    1278000 -262.673309
    1279000 -265.989057
    1280000 -262.457712
    1281000 -264.585980
    1282000 -265.809883
    1283000 -266.159300
    1284000 -266.677941
    1285000 -262.972835
    1286000 -267.719937
    1287000 -262.158029
    1288000 -262.230977
    1289000 -268.125714
    1290000 -275.855370
    1291000 -262.897847
    1292000 -264.688461
    1293000 -263.633997
    1294000 -267.433640
    1295000 -273.708878
    1296000 -265.996531
    1297000 -263.699739
    1298000 -262.944939
    1299000 -263.818196
    1300000 -262.171953
    1301000 -266.361549
    1302000 -264.102533
    1303000 -263.723991
    1304000 -262.348423
    1305000 -264.086832
    1306000 -265.208409
    1307000 -265.970791
    1308000 -262.149880
    1309000 -262.847722
    1310000 -262.240618
    1311000 -262.652254
    1312000 -261.997691
    1313000 -263.462191
    1314000 -263.930545
    1315000 -264.066558
    1316000 -262.208198
    1317000 -266.884589
    1318000 -265.755013
    1319000 -265.780083
    1320000 -262.395097
    1321000 -266.216398
    1322000 -263.908148
    1323000 -266.577351
    1324000 -264.120201
    1325000 -264.616026
    1326000 -269.975628
    1327000 -262.969155
    1328000 -264.346591
    1329000 -264.371295
    1330000 -262.663523
    1331000 -262.292577
    1332000 -262.013318
    1333000 -265.853340
    1334000 -262.447675
    1335000 -264.056381
    1336000 -267.704424
    1337000 -266.056955
    1338000 -267.301036
    1339000 -262.599007
    1340000 -262.547971
    1341000 -262.356329
    1342000 -268.125933
    1343000 -265.861765
    1344000 -265.807313
    1345000 -266.143011
    1346000 -265.908750
    1347000 -262.199016
    1348000 -264.414895
    1349000 -262.828565
    1350000 -262.314549
    1351000 -266.839792
    1352000 -263.568790
    1353000 -262.364602
    1354000 -262.045273
    1355000 -262.058581
    1356000 -265.949444
    1357000 -262.793379
    1358000 -267.876268
    1359000 -265.197467
    1360000 -262.166611
    1361000 -266.688508
    1362000 -261.984692
    1363000 -264.628564
    1364000 -262.604348
    1365000 -265.284473
    1366000 -262.040971
    1367000 -263.351754
    1368000 -262.478803
    1369000 -267.540775
    1370000 -263.698775
    1371000 -262.642724
    1372000 -263.798220
    1373000 -262.607627
    1374000 -262.262297
    1375000 -265.817894
    1376000 -264.811595
    1377000 -267.787879
    1378000 -268.211376
    1379000 -266.022451
    1380000 -262.389998
    1381000 -262.078375
    1382000 -267.679769
    1383000 -264.020145
    1384000 -265.973352
    1385000 -270.966070
    1386000 -262.101990
    1387000 -262.109127
    1388000 -263.942983
    1389000 -262.338272
    1390000 -264.121924
    1391000 -262.761679
    1392000 -262.688694
    1393000 -262.478986
    1394000 -265.828687
    1395000 -264.416522
    1396000 -268.619712
    1397000 -265.652242
    1398000 -268.979300
    1399000 -265.461585
    1400000 -262.085005
    1401000 -262.719429
    1402000 -262.369707
    1403000 -262.690029
    1404000 -262.882668
    1405000 -266.011624
    1406000 -267.442632
    1407000 -263.199036
    1408000 -262.155450
    1409000 -264.325736
    1410000 -262.172162
    1411000 -265.974806
    1412000 -271.168211
    1413000 -268.251535
    1414000 -263.973462
    1415000 -270.506718
    1416000 -264.143610
    1417000 -263.780373
    1418000 -266.402901
    1419000 -264.333487
    1420000 -262.499706
    1421000 -262.833303
    1422000 -262.205460
    1423000 -271.098493
    1424000 -265.030176
    1425000 -262.607683
    1426000 -262.321843
    1427000 -263.052708
    1428000 -262.756038
    1429000 -266.067649
    1430000 -266.410318
    1431000 -265.440020
    1432000 -263.847006
    1433000 -262.505778
    1434000 -262.261546
    1435000 -268.335226
    1436000 -264.024871
    1437000 -262.076715
    1438000 -264.067776
    1439000 -266.335588
    1440000 -263.265009
    1441000 -266.179802
    1442000 -263.874895
    1443000 -269.077963
    1444000 -262.549068
    1445000 -262.093866
    1446000 -262.006079
    1447000 -267.488552
    1448000 -262.537671
    1449000 -266.466081
    1450000 -262.043728
    1451000 -262.123990
    1452000 -266.244210
    1453000 -265.877836
    1454000 -265.858397
    1455000 -264.622413
    1456000 -269.816546
    1457000 -264.078647
    1458000 -266.674865
    1459000 -264.091186
    1460000 -263.627936
    1461000 -264.056312
    1462000 -261.988619
    1463000 -262.267776
    1464000 -268.193343
    1465000 -262.092360
    1466000 -263.815304
    1467000 -272.164925
    1468000 -271.479976
    1469000 -262.834842
    1470000 -263.942045
    1471000 -262.189327
    1472000 -266.370521
    1473000 -263.973258
    1474000 -262.417637
    1475000 -265.186521
    1476000 -263.882130
    1477000 -263.897925
    1478000 -262.825254
    1479000 -265.834021
    1480000 -263.908562
    1481000 -262.010530
    1482000 -265.401832
    1483000 -262.056313
    1484000 -266.168002
    1485000 -263.976059
    1486000 -262.204349
    1487000 -263.706649
    1488000 -262.058812
    1489000 -263.030318
    1490000 -264.253074
    1491000 -265.764933
    1492000 -266.164713
    1493000 -267.716400
    1494000 -265.617895
    1495000 -268.404581
    1496000 -262.163599
    1497000 -262.838565
    1498000 -262.661485
    1499000 -262.604476
    1500000 -265.692585
    1501000 -267.224539
    1502000 -263.498700
    1503000 -267.738442
    1504000 -265.957214
    1505000 -262.184641
    1506000 -263.899275
    1507000 -264.166610
    1508000 -263.880842
    1509000 -266.047954
    1510000 -263.147172
    1511000 -262.161303
    1512000 -263.973337
    1513000 -262.344516
    1514000 -266.626213
    1515000 -262.670069
    1516000 -263.944526
    1517000 -262.728965
    1518000 -262.151547
    1519000 -262.246427
    1520000 -262.076190
    1521000 -262.179810
    1522000 -263.820590
    1523000 -263.696355
    1524000 -265.155222
    1525000 -262.050785
    1526000 -262.150463
    1527000 -262.322888
    1528000 -262.165597
    1529000 -265.641364
    1530000 -264.173486
    1531000 -262.226136
    1532000 -264.144352
    1533000 -264.222280
    1534000 -262.978177
    1535000 -262.701498
    1536000 -262.679284
    1537000 -263.363949
    1538000 -265.826342
    1539000 -264.626140
    1540000 -262.238183
    1541000 -262.668502
    1542000 -262.314335
    1543000 -262.262889
    1544000 -264.006455
    1545000 -263.109080
    1546000 -262.652836
    1547000 -264.167515
    1548000 -264.828597
    1549000 -262.781057
    1550000 -262.144926
    1551000 -267.317105
    1552000 -265.670333
    1553000 -263.734165
    1554000 -262.001764
    1555000 -263.487557
    1556000 -262.416730
    1557000 -266.026843
    1558000 -262.972657
    1559000 -265.175578
    1560000 -262.301510
    1561000 -267.383553
    1562000 -262.125636
    1563000 -264.261562
    1564000 -262.227537
    1565000 -263.780957
    1566000 -262.625557
    1567000 -267.077575
    1568000 -262.332789
    1569000 -262.088505
    1570000 -262.493164
    1571000 -267.949664
    1572000 -261.992161
    1573000 -262.083407
    1574000 -263.509865
    1575000 -268.557953
    1576000 -264.355209
    1577000 -262.165334
    1578000 -263.844406
    1579000 -264.348094
    1580000 -263.104710
    1581000 -268.231905
    1582000 -263.155377
    1583000 -268.542039
    1584000 -265.887039
    1585000 -265.282660
    1586000 -264.519122
    1587000 -265.409813
    1588000 -264.956949
    1589000 -262.344251
    1590000 -262.477768
    1591000 -263.192992
    1592000 -262.568243
    1593000 -267.338653
    1594000 -262.283508
    1595000 -263.982788
    1596000 -263.444342
    1597000 -262.060603
    1598000 -262.155359
    1599000 -265.223641
    1600000 -263.953969
    1601000 -264.385298
    1602000 -263.729108
    1603000 -263.708495
    1604000 -263.780235
    1605000 -267.579056
    1606000 -263.473906
    1607000 -262.366810
    1608000 -263.742633
    1609000 -262.316449
    1610000 -267.998671
    1611000 -270.831873
    1612000 -264.073713
    1613000 -263.206635
    1614000 -265.069883
    1615000 -262.287159
    1616000 -271.285003
    1617000 -262.295945
    1618000 -262.866912
    1619000 -262.883444
    1620000 -266.869972
    1621000 -262.558015
    1622000 -265.638791
    1623000 -262.790676
    1624000 -264.415069
    1625000 -264.151322
    1626000 -262.543084
    1627000 -262.047813
    1628000 -262.784025
    1629000 -262.721407
    1630000 -262.653588
    1631000 -264.584408
    1632000 -262.152263
    1633000 -262.857663
    1634000 -265.137796
    1635000 -267.768229
    1636000 -267.631414
    1637000 -264.217419
    1638000 -271.808154
    1639000 -264.432965
    1640000 -271.464519
    1641000 -262.331585
    1642000 -264.749170
    1643000 -267.867547
    1644000 -263.181729
    1645000 -263.001482
    1646000 -268.205697
    1647000 -262.100812
    1648000 -263.983994
    1649000 -268.059896
    1650000 -262.375222
    1651000 -264.123568
    1652000 -265.749667
    1653000 -262.969074
    1654000 -265.637210
    1655000 -265.117109
    1656000 -264.683411
    1657000 -262.304723
    1658000 -262.309045
    1659000 -262.331284
    1660000 -265.913291
    1661000 -262.134348
    1662000 -262.809955
    1663000 -262.107940
    1664000 -262.284684
    1665000 -267.491844
    1666000 -270.000734
    1667000 -265.866622
    1668000 -264.587921
    1669000 -262.749122
    1670000 -264.288290
    1671000 -262.328090
    1672000 -263.892546
    1673000 -262.832762
    1674000 -262.111203
    1675000 -265.799698
    1676000 -262.103160
    1677000 -262.141150
    1678000 -264.876983
    1679000 -262.933127
    1680000 -264.719721
    1681000 -266.278662
    1682000 -262.184195
    1683000 -262.170749
    1684000 -263.161563
    1685000 -262.041419
    1686000 -262.370947
    1687000 -272.213239
    1688000 -262.519167
    1689000 -262.595959
    1690000 -264.132510
    1691000 -267.654702
    1692000 -263.592424
    1693000 -268.321182
    1694000 -262.322111
    1695000 -263.880437
    1696000 -263.881186
    1697000 -271.447265
    1698000 -272.525183
    1699000 -265.879942
    1700000 -264.251943
    1701000 -267.347701
    1702000 -264.933285
    1703000 -262.441141
    1704000 -262.282651
    1705000 -265.223761
    1706000 -264.215592
    1707000 -262.286118
    1708000 -267.267859
    1709000 -262.502698
    1710000 -263.404911
    1711000 -262.029521
    1712000 -264.581537
    1713000 -262.260710
    1714000 -262.285796
    1715000 -263.266513
    1716000 -263.880096
    1717000 -262.333557
    1718000 -263.815946
    1719000 -262.259955
    1720000 -264.338905
    1721000 -263.886642
    1722000 -262.028551
    1723000 -263.051080
    1724000 -264.105359
    1725000 -263.540837
    1726000 -262.046423
    1727000 -267.639675
    1728000 -263.569258
    1729000 -262.397835
    1730000 -263.954855
    1731000 -265.711945
    1732000 -264.167825
    1733000 -267.621702
    1734000 -263.905533
    1735000 -266.559619
    1736000 -262.488507
    1737000 -262.018609
    1738000 -262.158078
    1739000 -264.450913
    1740000 -262.229081
    1741000 -262.123752
    1742000 -265.676297
    1743000 -262.642006
    1744000 -262.985410
    1745000 -262.916559
    1746000 -263.070373
    1747000 -264.179495
    1748000 -262.368859
    1749000 -264.002083
    1750000 -262.722954
    1751000 -262.072829
    1752000 -262.225050
    1753000 -262.103603
    1754000 -262.251853
    1755000 -264.491645
    1756000 -267.887922
    1757000 -263.815167
    1758000 -266.712832
    1759000 -263.458603
    1760000 -262.047806
    1761000 -275.399687
    1762000 -262.485982
    1763000 -264.141563
    1764000 -264.322917
    1765000 -262.227612
    1766000 -262.609449
    1767000 -262.092911
    1768000 -263.524857
    1769000 -264.014477
    1770000 -266.498424
    1771000 -265.691119
    1772000 -262.443649
    1773000 -262.373971
    1774000 -264.916730
    1775000 -268.378704
    1776000 -265.892748
    1777000 -262.974795
    1778000 -266.714138
    1779000 -265.944274
    1780000 -263.332493
    1781000 -262.076258
    1782000 -266.276002
    1783000 -266.791638
    1784000 -263.426047
    1785000 -269.618150
    1786000 -266.162606
    1787000 -262.402798
    1788000 -262.072141
    1789000 -263.569744
    1790000 -268.173920
    1791000 -266.267296
    1792000 -262.051497
    1793000 -263.015830
    1794000 -262.158278
    1795000 -263.007466
    1796000 -267.585791
    1797000 -266.082541
    1798000 -262.049242
    1799000 -267.817922
    1800000 -263.239494
    1801000 -263.862548
    1802000 -263.690393
    1803000 -264.525126
    1804000 -265.676010
    1805000 -264.246775
    1806000 -262.060704
    1807000 -265.928288
    1808000 -263.782238
    1809000 -265.668706
    1810000 -266.156953
    1811000 -262.623509
    1812000 -264.518403
    1813000 -264.209063
    1814000 -262.895998
    1815000 -262.069395
    1816000 -262.775054
    1817000 -264.347327
    1818000 -264.643939
    1819000 -262.646842
    1820000 -263.935729
    1821000 -263.894699
    1822000 -267.861999
    1823000 -262.161977
    1824000 -262.150872
    1825000 -265.856971
    1826000 -262.218750
    1827000 -262.192131
    1828000 -264.316136
    1829000 -263.717721
    1830000 -262.286044
    1831000 -263.931950
    1832000 -262.162535
    1833000 -262.488709
    1834000 -262.488545
    1835000 -262.148102
    1836000 -271.443779
    1837000 -269.725287
    1838000 -264.834419
    1839000 -262.417972
    1840000 -264.244900
    1841000 -263.102963
    1842000 -265.938347
    1843000 -263.100650
    1844000 -264.043274
    1845000 -264.450799
    1846000 -263.892264
    1847000 -265.955898
    1848000 -264.054373
    1849000 -263.837930
    1850000 -262.330821
    1851000 -262.773761
    1852000 -264.792301
    1853000 -265.114042
    1854000 -263.645678
    1855000 -263.374070
    1856000 -269.614224
    1857000 -263.525170
    1858000 -262.294067
    1859000 -263.265939
    1860000 -265.650570
    1861000 -262.245482
    1862000 -262.113338
    1863000 -263.066122
    1864000 -266.429849
    1865000 -262.274915
    1866000 -266.274524
    1867000 -265.064389
    1868000 -268.482599
    1869000 -264.001863
    1870000 -262.255704
    1871000 -263.576048
    1872000 -268.668685
    1873000 -264.252373
    1874000 -268.188326
    1875000 -266.385323
    1876000 -264.622688
    1877000 -264.450404
    1878000 -265.902900
    1879000 -262.275247
    1880000 -264.655621
    1881000 -262.309642
    1882000 -262.069559
    1883000 -262.686950
    1884000 -262.120701
    1885000 -262.820322
    1886000 -268.310752
    1887000 -264.373789
    1888000 -264.094461
    1889000 -262.249429
    1890000 -262.625613
    1891000 -264.022836
    1892000 -266.402329
    1893000 -265.976131
    1894000 -263.810448
    1895000 -265.748845
    1896000 -262.542886
    1897000 -263.807297
    1898000 -262.733086
    1899000 -262.769319
    1900000 -263.539298
    1901000 -267.477546
    1902000 -270.500007
    1903000 -263.068858
    1904000 -262.030149
    1905000 -263.810543
    1906000 -262.217313
    1907000 -264.356991
    1908000 -262.154058
    1909000 -262.928575
    1910000 -265.866457
    1911000 -264.027473
    1912000 -265.299070
    1913000 -263.169253
    1914000 -264.270129
    1915000 -265.144875
    1916000 -262.189957
    1917000 -262.228310
    1918000 -262.028170
    1919000 -262.049428
    1920000 -262.851892
    1921000 -262.917685
    1922000 -266.430683
    1923000 -262.497472
    1924000 -262.658032
    1925000 -263.769193
    1926000 -265.775631
    1927000 -262.618763
    1928000 -263.187688
    1929000 -262.019844
    1930000 -264.756215
    1931000 -267.394383
    1932000 -263.733107
    1933000 -265.644279
    1934000 -262.171690
    1935000 -262.062445
    1936000 -264.400695
    1937000 -265.465586
    1938000 -263.916160
    1939000 -266.574837
    1940000 -263.057993
    1941000 -273.456935
    1942000 -262.580023
    1943000 -265.819034
    1944000 -266.972821
    1945000 -262.085157
    1946000 -262.028028
    1947000 -269.781673
    1948000 -268.126158
    1949000 -263.137304
    1950000 -266.073729
    1951000 -262.010812
    1952000 -265.627287
    1953000 -267.934979
    1954000 -263.083713
    1955000 -275.030391
    1956000 -262.165055
    1957000 -268.546708
    1958000 -262.682046
    1959000 -267.087452
    1960000 -264.027792
    1961000 -262.031585
    1962000 -265.837121
    1963000 -262.651398
    1964000 -264.525884
    1965000 -262.016157
    1966000 -262.809809
    1967000 -262.785773
    1968000 -263.483827
    1969000 -264.438417
    1970000 -265.642994
    1971000 -262.751227
    1972000 -262.464438
    1973000 -268.224805
    1974000 -270.729834
    1975000 -263.700307
    1976000 -264.664508
    1977000 -278.722939
    1978000 -264.801696
    1979000 -263.812946
    1980000 -263.068435
    1981000 -267.382140
    1982000 -263.339536
    1983000 -263.208473
    1984000 -263.354657
    1985000 -263.684645
    1986000 -263.768466
    1987000 -264.725484
    1988000 -262.783807
    1989000 -266.419246
    1990000 -266.514802
    1991000 -263.867412
    1992000 -264.184768
    1993000 -265.657052
    1994000 -262.939012
    1995000 -263.535592
    1996000 -265.939119
    1997000 -262.390518
    1998000 -263.054464
    1999000 -262.732286
    2000000 -264.647629
