    genPlus1     spaQ
        1000  0.572563
        2000  0.565439
        3000  0.569099
        4000  0.568671
        5000  0.567426
        6000  0.561553
        7000  0.567443
        8000  0.578532
        9000  0.558850
       10000  0.569348
       11000  0.555823
       12000  0.555194
       13000  0.560872
       14000  0.560515
       15000  0.562520
       16000  0.563922
       17000  0.541519
       18000  0.556951
       19000  0.574324
       20000  0.558999
       21000  0.557283
       22000  0.560395
       23000  0.572526
       24000  0.573234
       25000  0.562777
       26000  0.557802
       27000  0.560591
       28000  0.550153
       29000  0.559078
       30000  0.567351
       31000  0.561666
       32000  0.557615
       33000  0.571718
       34000  0.557641
       35000  0.563076
       36000  0.562158
       37000  0.555384
       38000  0.560168
       39000  0.559047
       40000  0.567340
       41000  0.581673
       42000  0.563391
       43000  0.558787
       44000  0.571659
       45000  0.564720
       46000  0.566997
       47000  0.564553
       48000  0.575009
       49000  0.566743
       50000  0.559545
       51000  0.553256
       52000  0.553240
       53000  0.570788
       54000  0.564742
       55000  0.565570
       56000  0.556444
       57000  0.554251
       58000  0.558262
       59000  0.556361
       60000  0.561157
       61000  0.545984
       62000  0.569654
       63000  0.556632
       64000  0.563713
       65000  0.545800
       66000  0.562091
       67000  0.569365
       68000  0.542674
       69000  0.570404
       70000  0.557898
       71000  0.547226
       72000  0.556132
       73000  0.576124
       74000  0.561787
       75000  0.558150
       76000  0.568825
       77000  0.565536
       78000  0.565126
       79000  0.567813
       80000  0.573797
       81000  0.562983
       82000  0.569839
       83000  0.549723
       84000  0.561099
       85000  0.569277
       86000  0.558904
       87000  0.565246
       88000  0.570223
       89000  0.561953
       90000  0.561648
       91000  0.566465
       92000  0.560408
       93000  0.558522
       94000  0.545711
       95000  0.569688
       96000  0.562673
       97000  0.578817
       98000  0.562932
       99000  0.557530
      100000  0.575938
      101000  0.565061
      102000  0.559035
      103000  0.569826
      104000  0.559128
      105000  0.554742
      106000  0.566002
      107000  0.568915
      108000  0.568419
      109000  0.564809
      110000  0.559633
      111000  0.562235
      112000  0.562027
      113000  0.558636
      114000  0.561696
      115000  0.546779
      116000  0.560703
      117000  0.568381
      118000  0.552313
      119000  0.562354
      120000  0.556413
      121000  0.564474
      122000  0.563260
      123000  0.551836
      124000  0.552089
      125000  0.548849
      126000  0.565406
      127000  0.548922
      128000  0.570441
      129000  0.551444
      130000  0.566161
      131000  0.562634
      132000  0.562793
      133000  0.564503
      134000  0.559371
      135000  0.563664
      136000  0.564558
      137000  0.563239
      138000  0.545254
      139000  0.572778
      140000  0.560268
      141000  0.567373
      142000  0.565619
      143000  0.559666
      144000  0.578742
      145000  0.556638
      146000  0.558557
      147000  0.556478
      148000  0.579018
      149000  0.556504
      150000  0.560480
      151000  0.566595
      152000  0.571017
      153000  0.560658
      154000  0.570524
      155000  0.559914
      156000  0.559242
      157000  0.569442
      158000  0.569441
      159000  0.548399
      160000  0.561132
      161000  0.563992
      162000  0.568003
      163000  0.550390
      164000  0.564842
      165000  0.557887
      166000  0.566969
      167000  0.565534
      168000  0.557771
      169000  0.569116
      170000  0.560079
      171000  0.582567
      172000  0.550703
      173000  0.569799
      174000  0.554457
      175000  0.572530
      176000  0.572973
      177000  0.558683
      178000  0.560464
      179000  0.569192
      180000  0.555086
      181000  0.570541
      182000  0.560458
      183000  0.562376
      184000  0.556286
      185000  0.559399
      186000  0.566794
      187000  0.563558
      188000  0.567629
      189000  0.552778
      190000  0.550575
      191000  0.558361
      192000  0.564871
      193000  0.572164
      194000  0.566949
      195000  0.563596
      196000  0.563471
      197000  0.555641
      198000  0.563700
      199000  0.569476
      200000  0.572232
      201000  0.554469
      202000  0.562811
      203000  0.555752
      204000  0.569966
      205000  0.559772
      206000  0.549154
      207000  0.554406
      208000  0.567803
      209000  0.562939
      210000  0.559802
      211000  0.570813
      212000  0.579228
      213000  0.568037
      214000  0.560806
      215000  0.554625
      216000  0.554669
      217000  0.565265
      218000  0.571748
      219000  0.583208
      220000  0.557733
      221000  0.546676
      222000  0.565491
      223000  0.561640
      224000  0.563725
      225000  0.569791
      226000  0.564310
      227000  0.565093
      228000  0.547739
      229000  0.555985
      230000  0.564992
      231000  0.562548
      232000  0.563590
      233000  0.565043
      234000  0.552727
      235000  0.563794
      236000  0.575651
      237000  0.561409
      238000  0.565698
      239000  0.562100
      240000  0.556000
      241000  0.569678
      242000  0.560924
      243000  0.569209
      244000  0.560724
      245000  0.557477
      246000  0.549518
      247000  0.568620
      248000  0.562840
      249000  0.571878
      250000  0.550081
      251000  0.563729
      252000  0.570698
      253000  0.551767
      254000  0.554663
      255000  0.562942
      256000  0.560539
      257000  0.568445
      258000  0.560147
      259000  0.561459
      260000  0.567933
      261000  0.548054
      262000  0.573186
      263000  0.569441
      264000  0.563808
      265000  0.557829
      266000  0.555761
      267000  0.564748
      268000  0.557738
      269000  0.554837
      270000  0.569715
      271000  0.556132
      272000  0.567219
      273000  0.556560
      274000  0.568238
      275000  0.563949
      276000  0.564160
      277000  0.557201
      278000  0.548010
      279000  0.570822
      280000  0.563598
      281000  0.553396
      282000  0.555264
      283000  0.569703
      284000  0.560711
      285000  0.563385
      286000  0.576767
      287000  0.556380
      288000  0.552452
      289000  0.559039
      290000  0.555341
      291000  0.557602
      292000  0.562394
      293000  0.562557
      294000  0.558165
      295000  0.558933
      296000  0.557600
      297000  0.558757
      298000  0.566406
      299000  0.558179
      300000  0.579704
      301000  0.556453
      302000  0.565864
      303000  0.575392
      304000  0.556879
      305000  0.564653
      306000  0.567774
      307000  0.562518
      308000  0.562312
      309000  0.558826
      310000  0.558861
      311000  0.565464
      312000  0.558842
      313000  0.551861
      314000  0.559851
      315000  0.552017
      316000  0.560408
      317000  0.558864
      318000  0.564939
      319000  0.554044
      320000  0.550935
      321000  0.556000
      322000  0.562668
      323000  0.566798
      324000  0.590550
      325000  0.566752
      326000  0.556690
      327000  0.552806
      328000  0.560533
      329000  0.561206
      330000  0.567487
      331000  0.574887
      332000  0.573124
      333000  0.568146
      334000  0.554803
      335000  0.563445
      336000  0.562897
      337000  0.579574
      338000  0.564966
      339000  0.553914
      340000  0.568303
      341000  0.567652
      342000  0.566471
      343000  0.567623
      344000  0.556437
      345000  0.558345
      346000  0.557845
      347000  0.572743
      348000  0.564932
      349000  0.564192
      350000  0.541958
      351000  0.550182
      352000  0.559374
      353000  0.557961
      354000  0.556280
      355000  0.568345
      356000  0.570712
      357000  0.568268
      358000  0.580326
      359000  0.572717
      360000  0.564396
      361000  0.548192
      362000  0.561575
      363000  0.557035
      364000  0.555722
      365000  0.583833
      366000  0.561486
      367000  0.566403
      368000  0.557373
      369000  0.564110
      370000  0.546342
      371000  0.552330
      372000  0.556893
      373000  0.569425
      374000  0.554566
      375000  0.557532
      376000  0.549208
      377000  0.554801
      378000  0.550311
      379000  0.563958
      380000  0.555387
      381000  0.557290
      382000  0.554944
      383000  0.565138
      384000  0.558193
      385000  0.556918
      386000  0.554732
      387000  0.559741
      388000  0.560707
      389000  0.553542
      390000  0.547079
      391000  0.556221
      392000  0.572047
      393000  0.554193
      394000  0.557393
      395000  0.566910
      396000  0.555020
      397000  0.564988
      398000  0.567245
      399000  0.546777
      400000  0.561725
      401000  0.566266
      402000  0.566953
      403000  0.566755
      404000  0.570909
      405000  0.558079
      406000  0.570673
      407000  0.557866
      408000  0.573700
      409000  0.564590
      410000  0.553492
      411000  0.551117
      412000  0.553301
      413000  0.567697
      414000  0.559384
      415000  0.563968
      416000  0.561685
      417000  0.568521
      418000  0.568698
      419000  0.564590
      420000  0.561189
      421000  0.569776
      422000  0.551497
      423000  0.567627
      424000  0.570385
      425000  0.566154
      426000  0.575097
      427000  0.563591
      428000  0.548974
      429000  0.564168
      430000  0.571000
      431000  0.557794
      432000  0.560597
      433000  0.549081
      434000  0.575558
      435000  0.549923
      436000  0.562886
      437000  0.555221
      438000  0.568150
      439000  0.559359
      440000  0.564391
      441000  0.573598
      442000  0.568797
      443000  0.578887
      444000  0.560520
      445000  0.565325
      446000  0.558396
      447000  0.564846
      448000  0.566540
      449000  0.563103
      450000  0.559240
      451000  0.561175
      452000  0.562627
      453000  0.575689
      454000  0.569498
      455000  0.554622
      456000  0.563609
      457000  0.568118
      458000  0.559102
      459000  0.561293
      460000  0.553500
      461000  0.556220
      462000  0.557772
      463000  0.562543
      464000  0.565720
      465000  0.549874
      466000  0.565199
      467000  0.547986
      468000  0.577135
      469000  0.555575
      470000  0.561727
      471000  0.566729
      472000  0.568569
      473000  0.577932
      474000  0.574378
      475000  0.562665
      476000  0.556178
      477000  0.574657
      478000  0.568226
      479000  0.557228
      480000  0.562816
      481000  0.549176
      482000  0.548656
      483000  0.554950
      484000  0.560402
      485000  0.555668
      486000  0.559837
      487000  0.568278
      488000  0.549840
      489000  0.551225
      490000  0.561797
      491000  0.575541
      492000  0.570426
      493000  0.562791
      494000  0.568320
      495000  0.547038
      496000  0.563978
      497000  0.561513
      498000  0.557043
      499000  0.551356
      500000  0.563610
      501000  0.566146
      502000  0.570011
      503000  0.562371
      504000  0.568058
      505000  0.561854
      506000  0.562024
      507000  0.556693
      508000  0.572655
      509000  0.563417
      510000  0.551183
      511000  0.564817
      512000  0.573286
      513000  0.561903
      514000  0.556732
      515000  0.555957
      516000  0.566788
      517000  0.569920
      518000  0.563657
      519000  0.569035
      520000  0.554634
      521000  0.564392
      522000  0.561085
      523000  0.569372
      524000  0.563581
      525000  0.563828
      526000  0.551256
      527000  0.568987
      528000  0.567668
      529000  0.558047
      530000  0.566062
      531000  0.559048
      532000  0.565009
      533000  0.565911
      534000  0.549731
      535000  0.570408
      536000  0.574240
      537000  0.557517
      538000  0.573882
      539000  0.564538
      540000  0.558123
      541000  0.575066
      542000  0.546844
      543000  0.565764
      544000  0.562008
      545000  0.558850
      546000  0.561269
      547000  0.583104
      548000  0.555447
      549000  0.562053
      550000  0.566590
      551000  0.545656
      552000  0.558603
      553000  0.570939
      554000  0.570930
      555000  0.556243
      556000  0.574498
      557000  0.564295
      558000  0.555150
      559000  0.566362
      560000  0.556792
      561000  0.565354
      562000  0.559210
      563000  0.556831
      564000  0.563472
      565000  0.556858
      566000  0.549906
      567000  0.562361
      568000  0.556147
      569000  0.566825
      570000  0.565678
      571000  0.563715
      572000  0.567359
      573000  0.573856
      574000  0.569664
      575000  0.566270
      576000  0.556504
      577000  0.562159
      578000  0.566816
      579000  0.552074
      580000  0.566543
      581000  0.561070
      582000  0.568550
      583000  0.572985
      584000  0.568323
      585000  0.570838
      586000  0.572950
      587000  0.551094
      588000  0.580346
      589000  0.559979
      590000  0.563327
      591000  0.543700
      592000  0.562944
      593000  0.559476
      594000  0.576774
      595000  0.554608
      596000  0.560915
      597000  0.559313
      598000  0.556364
      599000  0.558075
      600000  0.561743
      601000  0.566153
      602000  0.563847
      603000  0.556349
      604000  0.550881
      605000  0.573506
      606000  0.568127
      607000  0.567983
      608000  0.566219
      609000  0.563407
      610000  0.567927
      611000  0.558396
      612000  0.543226
      613000  0.565960
      614000  0.563817
      615000  0.573571
      616000  0.570937
      617000  0.557465
      618000  0.568141
      619000  0.566747
      620000  0.570692
      621000  0.557560
      622000  0.572564
      623000  0.548456
      624000  0.571091
      625000  0.559344
      626000  0.542075
      627000  0.561961
      628000  0.558072
      629000  0.558868
      630000  0.571833
      631000  0.567783
      632000  0.566554
      633000  0.562145
      634000  0.569483
      635000  0.561735
      636000  0.556197
      637000  0.563395
      638000  0.544716
      639000  0.577371
      640000  0.578613
      641000  0.570142
      642000  0.567303
      643000  0.560689
      644000  0.553792
      645000  0.566771
      646000  0.577407
      647000  0.559908
      648000  0.551847
      649000  0.562414
      650000  0.556274
      651000  0.570569
      652000  0.557902
      653000  0.563447
      654000  0.564923
      655000  0.570221
      656000  0.569778
      657000  0.565359
      658000  0.565357
      659000  0.553882
      660000  0.570761
      661000  0.563792
      662000  0.563747
      663000  0.554569
      664000  0.562186
      665000  0.563745
      666000  0.563125
      667000  0.570322
      668000  0.569829
      669000  0.555158
      670000  0.573140
      671000  0.564638
      672000  0.570787
      673000  0.544046
      674000  0.570827
      675000  0.574011
      676000  0.558556
      677000  0.581292
      678000  0.566976
      679000  0.551842
      680000  0.560572
      681000  0.554328
      682000  0.560132
      683000  0.563068
      684000  0.573786
      685000  0.554242
      686000  0.575479
      687000  0.554298
      688000  0.553697
      689000  0.558105
      690000  0.563983
      691000  0.562825
      692000  0.552925
      693000  0.563299
      694000  0.567551
      695000  0.563778
      696000  0.557528
      697000  0.550595
      698000  0.566367
      699000  0.561611
      700000  0.565213
      701000  0.572704
      702000  0.564556
      703000  0.569515
      704000  0.563004
      705000  0.568136
      706000  0.550293
      707000  0.560812
      708000  0.562334
      709000  0.563151
      710000  0.559477
      711000  0.569851
      712000  0.557441
      713000  0.566543
      714000  0.569816
      715000  0.565199
      716000  0.560743
      717000  0.548777
      718000  0.567445
      719000  0.554985
      720000  0.558793
      721000  0.554200
      722000  0.558711
      723000  0.554897
      724000  0.548444
      725000  0.578479
      726000  0.549468
      727000  0.560324
      728000  0.562297
      729000  0.556306
      730000  0.559343
      731000  0.569390
      732000  0.568992
      733000  0.553582
      734000  0.573273
      735000  0.548527
      736000  0.561628
      737000  0.568223
      738000  0.559769
      739000  0.554402
      740000  0.561147
      741000  0.560908
      742000  0.567840
      743000  0.560306
      744000  0.567155
      745000  0.563293
      746000  0.582529
      747000  0.555249
      748000  0.571511
      749000  0.579665
      750000  0.561729
      751000  0.570562
      752000  0.558530
      753000  0.568205
      754000  0.556359
      755000  0.561366
      756000  0.564350
      757000  0.554361
      758000  0.550710
      759000  0.576094
      760000  0.568461
      761000  0.561239
      762000  0.565842
      763000  0.564951
      764000  0.561029
      765000  0.563008
      766000  0.546650
      767000  0.563960
      768000  0.571220
      769000  0.563308
      770000  0.569465
      771000  0.567331
      772000  0.563574
      773000  0.557836
      774000  0.564841
      775000  0.562915
      776000  0.560663
      777000  0.569996
      778000  0.564741
      779000  0.549735
      780000  0.561805
      781000  0.569249
      782000  0.572160
      783000  0.557285
      784000  0.557073
      785000  0.569325
      786000  0.561782
      787000  0.562384
      788000  0.560119
      789000  0.572162
      790000  0.561263
      791000  0.572307
      792000  0.561098
      793000  0.540377
      794000  0.568663
      795000  0.551387
      796000  0.551396
      797000  0.564237
      798000  0.569408
      799000  0.564871
      800000  0.551192
      801000  0.554530
      802000  0.563344
      803000  0.569244
      804000  0.553743
      805000  0.571972
      806000  0.564430
      807000  0.557412
      808000  0.567498
      809000  0.563098
      810000  0.564969
      811000  0.567909
      812000  0.568933
      813000  0.560043
      814000  0.578362
      815000  0.549001
      816000  0.564829
      817000  0.568220
      818000  0.562640
      819000  0.566091
      820000  0.568980
      821000  0.552239
      822000  0.563908
      823000  0.563077
      824000  0.572318
      825000  0.577130
      826000  0.562101
      827000  0.555377
      828000  0.555531
      829000  0.561055
      830000  0.556984
      831000  0.549551
      832000  0.560493
      833000  0.545742
      834000  0.577740
      835000  0.555134
      836000  0.557405
      837000  0.562735
      838000  0.565140
      839000  0.557280
      840000  0.559573
      841000  0.560585
      842000  0.559657
      843000  0.558951
      844000  0.575921
      845000  0.562466
      846000  0.556191
      847000  0.569623
      848000  0.566180
      849000  0.548458
      850000  0.561649
      851000  0.554994
      852000  0.563453
      853000  0.567479
      854000  0.573277
      855000  0.554289
      856000  0.569130
      857000  0.560711
      858000  0.552450
      859000  0.568621
      860000  0.573904
      861000  0.559155
      862000  0.555102
      863000  0.556758
      864000  0.555634
      865000  0.554168
      866000  0.564100
      867000  0.543121
      868000  0.567327
      869000  0.565976
      870000  0.571783
      871000  0.564178
      872000  0.566323
      873000  0.571935
      874000  0.565038
      875000  0.571314
      876000  0.559626
      877000  0.573962
      878000  0.560800
      879000  0.551911
      880000  0.554325
      881000  0.561193
      882000  0.568536
      883000  0.559780
      884000  0.554682
      885000  0.559464
      886000  0.579823
      887000  0.578683
      888000  0.573354
      889000  0.568480
      890000  0.561923
      891000  0.566378
      892000  0.568165
      893000  0.559052
      894000  0.571658
      895000  0.575146
      896000  0.568037
      897000  0.558538
      898000  0.568240
      899000  0.558504
      900000  0.561636
      901000  0.570151
      902000  0.557327
      903000  0.562961
      904000  0.556126
      905000  0.565830
      906000  0.561295
      907000  0.550665
      908000  0.561815
      909000  0.555159
      910000  0.564364
      911000  0.556248
      912000  0.571292
      913000  0.557583
      914000  0.567727
      915000  0.569044
      916000  0.554881
      917000  0.566840
      918000  0.556320
      919000  0.555678
      920000  0.560297
      921000  0.558976
      922000  0.556701
      923000  0.557714
      924000  0.556464
      925000  0.564847
      926000  0.555016
      927000  0.562749
      928000  0.570561
      929000  0.578532
      930000  0.562284
      931000  0.575438
      932000  0.564201
      933000  0.576184
      934000  0.570172
      935000  0.559666
      936000  0.549783
      937000  0.561557
      938000  0.578702
      939000  0.573833
      940000  0.565263
      941000  0.561676
      942000  0.567702
      943000  0.556238
      944000  0.572113
      945000  0.576065
      946000  0.562254
      947000  0.572498
      948000  0.572767
      949000  0.563885
      950000  0.570716
      951000  0.575298
      952000  0.557652
      953000  0.567477
      954000  0.560154
      955000  0.566602
      956000  0.564817
      957000  0.575792
      958000  0.572495
      959000  0.571181
      960000  0.563883
      961000  0.552863
      962000  0.560498
      963000  0.564533
      964000  0.557110
      965000  0.548491
      966000  0.552626
      967000  0.540052
      968000  0.549800
      969000  0.553667
      970000  0.555723
      971000  0.555508
      972000  0.563345
      973000  0.564703
      974000  0.561845
      975000  0.557575
      976000  0.561816
      977000  0.561955
      978000  0.572794
      979000  0.548995
      980000  0.551892
      981000  0.573150
      982000  0.564439
      983000  0.575612
      984000  0.552692
      985000  0.569236
      986000  0.558680
      987000  0.574581
      988000  0.558434
      989000  0.565950
      990000  0.560762
      991000  0.561161
      992000  0.562611
      993000  0.566302
      994000  0.569294
      995000  0.551809
      996000  0.561392
      997000  0.561912
      998000  0.551282
      999000  0.559209
     1000000  0.573228
