       1000 -26730.071193
       2000 -26729.830318
       3000 -26729.204683
       4000 -26729.680024
       5000 -26730.610083
       6000 -26729.082831
       7000 -26728.964086
       8000 -26729.480228
       9000 -26728.973725
      10000 -26729.626724
      11000 -26728.964061
      12000 -26729.029954
      13000 -26729.179536
      14000 -26729.057482
      15000 -26729.015669
      16000 -26728.969347
      17000 -26729.121309
      18000 -26728.964371
      19000 -26730.344601
      20000 -26729.077886
      21000 -26728.965315
      22000 -26729.087114
      23000 -26729.421478
      24000 -26730.054652
      25000 -26733.568605
      26000 -26728.965991
      27000 -26729.088722
      28000 -26732.525885
      29000 -26729.148893
      30000 -26729.546958
      31000 -26729.009707
      32000 -26729.173865
      33000 -26729.209431
      34000 -26729.028881
      35000 -26729.228464
      36000 -26729.011873
      37000 -26729.027661
      38000 -26729.912443
      39000 -26729.144208
      40000 -26729.493340
      41000 -26729.198784
      42000 -26729.246425
      43000 -26729.924544
      44000 -26729.919904
      45000 -26728.972764
      46000 -26729.667077
      47000 -26729.000592
      48000 -26729.041915
      49000 -26729.042481
      50000 -26729.121985
      51000 -26729.456231
      52000 -26729.516150
      53000 -26729.003386
      54000 -26729.383543
      55000 -26729.137833
      56000 -26729.181532
      57000 -26728.966504
      58000 -26729.028291
      59000 -26729.067324
      60000 -26729.509766
      61000 -26728.979347
      62000 -26729.316875
      63000 -26729.401729
      64000 -26730.405845
      65000 -26729.802540
      66000 -26729.465642
      67000 -26730.174864
      68000 -26728.982365
      69000 -26728.976007
      70000 -26728.964139
      71000 -26729.168101
      72000 -26728.964421
      73000 -26729.748523
      74000 -26729.513309
      75000 -26729.033361
      76000 -26729.321728
      77000 -26729.236570
      78000 -26729.607570
      79000 -26729.801549
      80000 -26728.964018
      81000 -26729.376909
      82000 -26729.070899
      83000 -26730.108448
      84000 -26728.964446
      85000 -26729.327653
      86000 -26729.005091
      87000 -26729.205445
      88000 -26729.094473
      89000 -26732.573311
      90000 -26729.030371
      91000 -26730.239643
      92000 -26731.312693
      93000 -26728.987221
      94000 -26729.008954
      95000 -26728.965721
      96000 -26729.096878
      97000 -26728.986924
      98000 -26729.112643
      99000 -26729.718515
     100000 -26729.125535
     101000 -26729.612347
     102000 -26729.333307
     103000 -26730.808966
     104000 -26728.976857
     105000 -26728.964525
     106000 -26728.977717
     107000 -26729.828627
     108000 -26729.388467
     109000 -26729.224724
     110000 -26728.991527
     111000 -26729.123811
     112000 -26729.231455
     113000 -26729.903897
     114000 -26729.122992
     115000 -26730.030029
     116000 -26729.115634
     117000 -26732.143725
     118000 -26729.054387
     119000 -26730.716663
     120000 -26728.986009
     121000 -26731.317268
     122000 -26729.283787
     123000 -26729.008774
     124000 -26729.122532
     125000 -26729.315591
     126000 -26729.070037
     127000 -26729.278090
     128000 -26729.128653
     129000 -26729.000310
     130000 -26730.136157
     131000 -26728.982825
     132000 -26730.314991
     133000 -26729.290304
     134000 -26729.138362
     135000 -26728.981857
     136000 -26729.012438
     137000 -26729.663459
     138000 -26729.916719
     139000 -26729.325546
     140000 -26729.718024
     141000 -26729.145248
     142000 -26731.069641
     143000 -26729.965590
     144000 -26729.139681
     145000 -26729.154386
     146000 -26729.807072
     147000 -26729.649720
     148000 -26728.983056
     149000 -26729.425754
     150000 -26729.298476
     151000 -26729.014625
     152000 -26732.136008
     153000 -26728.980464
     154000 -26728.983657
     155000 -26729.293837
     156000 -26728.966420
     157000 -26733.556814
     158000 -26729.263819
     159000 -26729.052430
     160000 -26728.985934
     161000 -26729.212504
     162000 -26730.392199
     163000 -26728.990888
     164000 -26729.285615
     165000 -26729.031771
     166000 -26729.004522
     167000 -26728.996409
     168000 -26728.974458
     169000 -26729.060322
     170000 -26730.899839
     171000 -26729.051032
     172000 -26729.588428
     173000 -26729.192125
     174000 -26729.106977
     175000 -26730.677064
     176000 -26729.397509
     177000 -26729.294934
     178000 -26729.077310
     179000 -26729.294813
     180000 -26729.901459
     181000 -26728.999585
     182000 -26728.991887
     183000 -26729.002865
     184000 -26729.689659
     185000 -26729.416034
     186000 -26729.789061
     187000 -26728.968291
     188000 -26729.013528
     189000 -26728.965892
     190000 -26728.966784
     191000 -26729.132109
     192000 -26729.041470
     193000 -26729.002453
     194000 -26730.070526
     195000 -26729.162281
     196000 -26728.978409
     197000 -26731.021712
     198000 -26730.882600
     199000 -26731.996898
     200000 -26729.037891
     201000 -26729.277368
     202000 -26728.975423
     203000 -26729.022152
     204000 -26729.233176
     205000 -26729.078538
     206000 -26728.990074
     207000 -26729.589730
     208000 -26728.968490
     209000 -26729.306496
     210000 -26729.345102
     211000 -26728.987734
     212000 -26728.981728
     213000 -26730.601710
     214000 -26729.075213
     215000 -26731.216928
     216000 -26728.978540
     217000 -26729.293454
     218000 -26730.438346
     219000 -26729.011996
     220000 -26729.137645
     221000 -26729.467613
     222000 -26729.207318
     223000 -26728.964208
     224000 -26728.969593
     225000 -26729.004885
     226000 -26729.099795
     227000 -26729.057612
     228000 -26730.574236
     229000 -26728.967727
     230000 -26729.026859
     231000 -26728.966168
     232000 -26729.122444
     233000 -26729.137558
     234000 -26728.980801
     235000 -26731.670443
     236000 -26730.273797
     237000 -26728.980466
     238000 -26729.075303
     239000 -26728.979339
     240000 -26729.385959
     241000 -26728.984882
     242000 -26729.957423
     243000 -26729.042981
     244000 -26729.196985
     245000 -26729.263706
     246000 -26728.967623
     247000 -26729.963034
     248000 -26729.103167
     249000 -26728.966719
     250000 -26729.085178
     251000 -26729.018083
     252000 -26728.964505
     253000 -26730.108308
     254000 -26728.986644
     255000 -26729.350709
     256000 -26729.598797
     257000 -26729.740267
     258000 -26729.995941
     259000 -26729.961637
     260000 -26728.973035
     261000 -26729.324969
     262000 -26729.272544
     263000 -26728.979826
     264000 -26729.141865
     265000 -26728.993905
     266000 -26729.276870
     267000 -26729.023975
     268000 -26729.026904
     269000 -26728.965838
     270000 -26729.202062
     271000 -26728.970117
     272000 -26728.976000
     273000 -26729.168043
     274000 -26728.976592
     275000 -26729.725720
     276000 -26729.148365
     277000 -26728.965136
     278000 -26729.271293
     279000 -26730.179489
     280000 -26728.964666
     281000 -26729.982554
     282000 -26729.093413
     283000 -26729.618325
     284000 -26729.222602
     285000 -26729.133262
     286000 -26729.604231
     287000 -26729.210887
     288000 -26730.471670
     289000 -26728.991820
     290000 -26729.025580
     291000 -26729.003522
     292000 -26729.785183
     293000 -26729.089348
     294000 -26728.983755
     295000 -26729.180368
     296000 -26729.070111
     297000 -26729.030693
     298000 -26729.064879
     299000 -26729.104514
     300000 -26729.547335
     301000 -26728.992120
     302000 -26729.193234
     303000 -26729.250824
     304000 -26729.032384
     305000 -26729.018171
     306000 -26729.458476
     307000 -26729.354305
     308000 -26729.093157
     309000 -26729.463344
     310000 -26730.946423
     311000 -26729.312917
     312000 -26729.185936
     313000 -26730.108720
     314000 -26729.568809
     315000 -26729.179820
     316000 -26729.258740
     317000 -26729.240120
     318000 -26729.167579
     319000 -26729.122080
     320000 -26728.986005
     321000 -26730.385966
     322000 -26729.527521
     323000 -26729.073517
     324000 -26729.118905
     325000 -26728.990462
     326000 -26729.042015
     327000 -26730.090171
     328000 -26728.987883
     329000 -26731.056313
     330000 -26728.964304
     331000 -26730.316192
     332000 -26729.488747
     333000 -26732.806279
     334000 -26728.971300
     335000 -26729.436542
     336000 -26729.835964
     337000 -26729.037792
     338000 -26729.160356
     339000 -26729.337951
     340000 -26729.099046
     341000 -26729.188725
     342000 -26729.081928
     343000 -26729.155131
     344000 -26729.021505
     345000 -26729.042150
     346000 -26728.978787
     347000 -26731.232324
     348000 -26729.556523
     349000 -26728.985263
     350000 -26729.131902
     351000 -26728.991282
     352000 -26731.572474
     353000 -26730.194176
     354000 -26729.129431
     355000 -26729.733655
     356000 -26729.813185
     357000 -26729.108456
     358000 -26729.847024
     359000 -26729.036933
     360000 -26729.112168
     361000 -26729.011435
     362000 -26730.104298
     363000 -26728.968131
     364000 -26728.968404
     365000 -26729.256582
     366000 -26729.888626
     367000 -26729.132737
     368000 -26729.052810
     369000 -26729.078429
     370000 -26728.968682
     371000 -26732.554355
     372000 -26729.495248
     373000 -26729.040113
     374000 -26730.077102
     375000 -26729.400173
     376000 -26729.959223
     377000 -26729.078927
     378000 -26731.102780
     379000 -26728.971161
     380000 -26729.560405
     381000 -26729.059377
     382000 -26729.188642
     383000 -26728.965311
     384000 -26729.533495
     385000 -26729.018829
     386000 -26728.990210
     387000 -26729.226300
     388000 -26729.038298
     389000 -26729.413631
     390000 -26728.986363
     391000 -26729.063703
     392000 -26730.525332
     393000 -26729.053529
     394000 -26729.868992
     395000 -26729.502655
     396000 -26731.834639
     397000 -26730.088220
     398000 -26729.183998
     399000 -26729.083561
     400000 -26728.993953
     401000 -26728.988920
     402000 -26729.006811
     403000 -26729.973584
     404000 -26729.031200
     405000 -26729.342275
     406000 -26729.006951
     407000 -26729.260752
     408000 -26729.716126
     409000 -26729.977343
     410000 -26728.997169
     411000 -26729.654681
     412000 -26729.107883
     413000 -26729.825022
     414000 -26729.523892
     415000 -26729.073079
     416000 -26729.043368
     417000 -26729.022165
     418000 -26729.021612
     419000 -26728.969460
     420000 -26729.358203
     421000 -26729.021179
     422000 -26729.662459
     423000 -26733.199298
     424000 -26729.467746
     425000 -26729.355900
     426000 -26732.391074
     427000 -26729.526805
     428000 -26728.966926
     429000 -26728.983718
     430000 -26729.110703
     431000 -26730.601240
     432000 -26730.022172
     433000 -26729.347951
     434000 -26728.990798
     435000 -26729.224319
     436000 -26730.690435
     437000 -26730.074087
     438000 -26729.238564
     439000 -26729.173970
     440000 -26729.394778
     441000 -26729.652216
     442000 -26729.040409
     443000 -26729.093022
     444000 -26729.371057
     445000 -26729.071621
     446000 -26729.290579
     447000 -26729.713304
     448000 -26729.144267
     449000 -26729.158745
     450000 -26730.574010
     451000 -26729.405697
     452000 -26730.172581
     453000 -26728.988923
     454000 -26728.964848
     455000 -26729.188222
     456000 -26728.987413
     457000 -26728.986671
     458000 -26729.456675
     459000 -26728.998186
     460000 -26729.109316
     461000 -26729.325673
     462000 -26729.088107
     463000 -26730.695700
     464000 -26730.200919
     465000 -26728.969279
     466000 -26729.088749
     467000 -26729.051673
     468000 -26729.131003
     469000 -26729.884644
     470000 -26731.076804
     471000 -26730.257387
     472000 -26729.406539
     473000 -26729.152887
     474000 -26728.991912
     475000 -26729.963565
     476000 -26729.661483
     477000 -26729.041758
     478000 -26728.968512
     479000 -26729.137664
     480000 -26731.574743
     481000 -26729.003505
     482000 -26729.328341
     483000 -26729.711780
     484000 -26729.983163
     485000 -26729.022121
     486000 -26729.164933
     487000 -26728.990411
     488000 -26728.994403
     489000 -26729.077403
     490000 -26728.964629
     491000 -26729.336430
     492000 -26729.605862
     493000 -26729.199298
     494000 -26728.965713
     495000 -26729.002225
     496000 -26729.314529
     497000 -26729.431197
     498000 -26729.095257
     499000 -26730.151522
     500000 -26728.989267
     501000 -26730.853472
     502000 -26729.279577
     503000 -26728.973594
     504000 -26729.078823
     505000 -26729.010391
     506000 -26728.964073
     507000 -26729.759379
     508000 -26729.203265
     509000 -26729.637831
     510000 -26728.991973
     511000 -26729.833456
     512000 -26729.209725
     513000 -26729.007457
     514000 -26729.604151
     515000 -26729.047244
     516000 -26731.874685
     517000 -26731.279472
     518000 -26729.170464
     519000 -26729.029041
     520000 -26730.160664
     521000 -26729.115863
     522000 -26729.142518
     523000 -26728.998765
     524000 -26729.132402
     525000 -26729.977197
     526000 -26730.198005
     527000 -26728.985760
     528000 -26729.028358
     529000 -26729.232519
     530000 -26729.035770
     531000 -26730.757254
     532000 -26729.079758
     533000 -26729.313180
     534000 -26728.993284
     535000 -26729.378169
     536000 -26728.982473
     537000 -26730.714756
     538000 -26729.255086
     539000 -26729.271388
     540000 -26729.003456
     541000 -26730.487183
     542000 -26730.055657
     543000 -26729.608822
     544000 -26728.967015
     545000 -26729.006624
     546000 -26729.007605
     547000 -26729.929387
     548000 -26729.248727
     549000 -26729.631586
     550000 -26729.007766
     551000 -26729.029846
     552000 -26730.173577
     553000 -26731.300248
     554000 -26730.113303
     555000 -26728.991895
     556000 -26729.132057
     557000 -26728.973152
     558000 -26729.554572
     559000 -26729.175742
     560000 -26729.647026
     561000 -26729.105166
     562000 -26729.444534
     563000 -26729.055641
     564000 -26728.980105
     565000 -26729.473098
     566000 -26729.278048
     567000 -26729.844367
     568000 -26729.116195
     569000 -26729.049559
     570000 -26728.969127
     571000 -26729.007493
     572000 -26729.767920
     573000 -26729.016832
     574000 -26730.353499
     575000 -26728.991313
     576000 -26728.979982
     577000 -26730.581643
     578000 -26729.904380
     579000 -26729.743385
     580000 -26729.301954
     581000 -26729.021200
     582000 -26729.690111
     583000 -26728.975423
     584000 -26730.057180
     585000 -26729.881380
     586000 -26729.117457
     587000 -26729.569909
     588000 -26728.985005
     589000 -26729.006761
     590000 -26728.978266
     591000 -26728.971758
     592000 -26729.066280
     593000 -26729.268274
     594000 -26729.029105
     595000 -26728.979249
     596000 -26729.045750
     597000 -26729.239913
     598000 -26729.595678
     599000 -26729.813124
     600000 -26729.006954
     601000 -26729.008610
     602000 -26729.018434
     603000 -26729.074995
     604000 -26729.226991
     605000 -26729.319489
     606000 -26738.023233
     607000 -26729.303657
     608000 -26728.971911
     609000 -26729.071862
     610000 -26730.019662
     611000 -26728.971235
     612000 -26728.977193
     613000 -26729.995830
     614000 -26729.276004
     615000 -26729.020143
     616000 -26728.979996
     617000 -26728.982510
     618000 -26730.751261
     619000 -26729.002675
     620000 -26729.024710
     621000 -26728.994147
     622000 -26729.028918
     623000 -26729.076514
     624000 -26729.907484
     625000 -26730.096751
     626000 -26729.279169
     627000 -26729.699202
     628000 -26728.985765
     629000 -26728.974509
     630000 -26729.051454
     631000 -26730.222677
     632000 -26729.998761
     633000 -26729.234106
     634000 -26729.889243
     635000 -26728.970831
     636000 -26729.146384
     637000 -26729.097565
     638000 -26729.153458
     639000 -26729.054476
     640000 -26728.996970
     641000 -26731.737702
     642000 -26730.163276
     643000 -26728.991960
     644000 -26730.622102
     645000 -26728.977746
     646000 -26729.051025
     647000 -26728.992378
     648000 -26729.185440
     649000 -26729.024869
     650000 -26729.376432
     651000 -26729.267841
     652000 -26729.372801
     653000 -26729.015590
     654000 -26729.491273
     655000 -26728.987581
     656000 -26729.209975
     657000 -26729.106682
     658000 -26729.048335
     659000 -26728.977700
     660000 -26729.085912
     661000 -26728.976842
     662000 -26729.084942
     663000 -26729.445545
     664000 -26729.004622
     665000 -26729.032684
     666000 -26729.015771
     667000 -26734.311439
     668000 -26729.377980
     669000 -26729.226603
     670000 -26729.970496
     671000 -26729.310668
     672000 -26729.458366
     673000 -26732.930628
     674000 -26729.602437
     675000 -26729.060985
     676000 -26729.225166
     677000 -26729.157932
     678000 -26728.970317
     679000 -26729.102708
     680000 -26728.997599
     681000 -26729.357137
     682000 -26729.005111
     683000 -26729.185595
     684000 -26729.271733
     685000 -26729.396426
     686000 -26729.120525
     687000 -26729.106100
     688000 -26728.972939
     689000 -26729.031433
     690000 -26729.374898
     691000 -26730.128521
     692000 -26730.417293
     693000 -26729.031632
     694000 -26729.076597
     695000 -26728.966492
     696000 -26729.390131
     697000 -26728.996581
     698000 -26729.065171
     699000 -26728.970085
     700000 -26728.964648
     701000 -26728.985794
     702000 -26729.002388
     703000 -26731.157241
     704000 -26729.611212
     705000 -26728.994251
     706000 -26729.960954
     707000 -26728.966508
     708000 -26728.998607
     709000 -26729.150691
     710000 -26729.116545
     711000 -26729.171744
     712000 -26728.964046
     713000 -26728.964325
     714000 -26729.104347
     715000 -26729.614420
     716000 -26728.966830
     717000 -26729.060935
     718000 -26728.989235
     719000 -26729.109137
     720000 -26728.975175
     721000 -26728.994487
     722000 -26731.371009
     723000 -26728.978683
     724000 -26729.045055
     725000 -26730.628236
     726000 -26728.974472
     727000 -26729.006019
     728000 -26729.185887
     729000 -26729.223990
     730000 -26729.405221
     731000 -26729.608387
     732000 -26730.488386
     733000 -26729.425396
     734000 -26730.085737
     735000 -26729.122789
     736000 -26729.570958
     737000 -26730.352701
     738000 -26728.974333
     739000 -26729.000022
     740000 -26728.968307
     741000 -26729.250844
     742000 -26728.964765
     743000 -26731.022501
     744000 -26729.370876
     745000 -26729.090104
     746000 -26728.974987
     747000 -26729.739647
     748000 -26728.977683
     749000 -26729.619929
     750000 -26730.499431
     751000 -26730.375435
     752000 -26729.708681
     753000 -26728.997511
     754000 -26728.966475
     755000 -26730.068342
     756000 -26729.035414
     757000 -26729.246951
     758000 -26729.185019
     759000 -26729.002513
     760000 -26729.379399
     761000 -26728.966799
     762000 -26730.554037
     763000 -26729.010370
     764000 -26729.017549
     765000 -26729.391148
     766000 -26729.426081
     767000 -26729.025935
     768000 -26730.346515
     769000 -26728.981002
     770000 -26728.983280
     771000 -26728.967154
     772000 -26729.768942
     773000 -26729.242970
     774000 -26729.232715
     775000 -26730.628332
     776000 -26729.023230
     777000 -26729.001645
     778000 -26728.992983
     779000 -26729.540415
     780000 -26730.654724
     781000 -26729.239992
     782000 -26728.995087
     783000 -26729.185852
     784000 -26728.988448
     785000 -26728.994939
     786000 -26729.204770
     787000 -26728.964848
     788000 -26728.973886
     789000 -26729.499767
     790000 -26730.053533
     791000 -26728.970598
     792000 -26728.965946
     793000 -26729.015152
     794000 -26729.008247
     795000 -26728.983780
     796000 -26728.998902
     797000 -26739.517380
     798000 -26729.285576
     799000 -26728.990063
     800000 -26728.966938
     801000 -26729.021078
     802000 -26728.964961
     803000 -26729.219195
     804000 -26728.964179
     805000 -26729.781814
     806000 -26728.992568
     807000 -26729.029420
     808000 -26734.468098
     809000 -26729.532888
     810000 -26729.897742
     811000 -26729.694576
     812000 -26728.990119
     813000 -26728.964038
     814000 -26729.089237
     815000 -26729.019711
     816000 -26729.428827
     817000 -26728.964051
     818000 -26730.215303
     819000 -26729.233234
     820000 -26729.080926
     821000 -26729.519997
     822000 -26729.025163
     823000 -26728.965089
     824000 -26729.708307
     825000 -26731.609137
     826000 -26729.678370
     827000 -26729.545447
     828000 -26728.966834
     829000 -26729.321353
     830000 -26729.895734
     831000 -26729.596591
     832000 -26729.149155
     833000 -26728.983872
     834000 -26728.984727
     835000 -26729.696718
     836000 -26728.964645
     837000 -26729.864348
     838000 -26729.432585
     839000 -26728.964027
     840000 -26729.168106
     841000 -26728.965332
     842000 -26730.004105
     843000 -26729.655710
     844000 -26729.259221
     845000 -26730.929323
     846000 -26729.679514
     847000 -26731.850640
     848000 -26728.982522
     849000 -26729.112820
     850000 -26729.453982
     851000 -26729.040095
     852000 -26729.389425
     853000 -26729.195489
     854000 -26729.724892
     855000 -26728.989979
     856000 -26730.981593
     857000 -26729.804397
     858000 -26728.993504
     859000 -26729.158031
     860000 -26729.105598
     861000 -26729.157756
     862000 -26730.908779
     863000 -26729.823499
     864000 -26729.077071
     865000 -26728.970423
     866000 -26729.130283
     867000 -26731.669462
     868000 -26730.395126
     869000 -26728.980914
     870000 -26728.964013
     871000 -26730.253670
     872000 -26729.241175
     873000 -26729.260588
     874000 -26729.171373
     875000 -26729.417196
     876000 -26729.086911
     877000 -26729.598053
     878000 -26729.200100
     879000 -26730.639111
     880000 -26729.498413
     881000 -26729.526823
     882000 -26729.095425
     883000 -26729.312716
     884000 -26729.929329
     885000 -26729.003515
     886000 -26729.479035
     887000 -26729.207783
     888000 -26729.771741
     889000 -26730.162345
     890000 -26729.091972
     891000 -26729.193611
     892000 -26730.680816
     893000 -26728.971542
     894000 -26729.819768
     895000 -26729.035339
     896000 -26728.975609
     897000 -26729.355074
     898000 -26729.190862
     899000 -26729.022361
     900000 -26729.096036
     901000 -26729.013999
     902000 -26729.195258
     903000 -26730.669648
     904000 -26729.507659
     905000 -26731.883498
     906000 -26728.975632
     907000 -26728.985131
     908000 -26729.277034
     909000 -26728.984154
     910000 -26729.289733
     911000 -26731.717762
     912000 -26729.219591
     913000 -26731.337962
     914000 -26729.014391
     915000 -26728.980121
     916000 -26729.218600
     917000 -26729.364207
     918000 -26728.965586
     919000 -26729.202110
     920000 -26728.968370
     921000 -26729.143541
     922000 -26728.969901
     923000 -26729.130097
     924000 -26729.599270
     925000 -26729.773400
     926000 -26729.028490
     927000 -26729.548505
     928000 -26729.081343
     929000 -26729.040319
     930000 -26730.166064
     931000 -26729.240371
     932000 -26729.139991
     933000 -26729.106658
     934000 -26729.036055
     935000 -26728.964767
     936000 -26729.044101
     937000 -26729.511003
     938000 -26729.026566
     939000 -26729.361905
     940000 -26728.964019
     941000 -26728.968644
     942000 -26730.379774
     943000 -26728.964797
     944000 -26730.695049
     945000 -26731.071795
     946000 -26729.509454
     947000 -26729.097292
     948000 -26729.035562
     949000 -26729.048991
     950000 -26729.423939
     951000 -26729.639949
     952000 -26729.033194
     953000 -26729.224496
     954000 -26729.574245
     955000 -26729.046111
     956000 -26729.024226
     957000 -26729.158475
     958000 -26728.971560
     959000 -26730.302294
     960000 -26729.014106
     961000 -26732.249097
     962000 -26729.146949
     963000 -26729.003487
     964000 -26729.476757
     965000 -26729.135776
     966000 -26730.238482
     967000 -26730.179379
     968000 -26728.964166
     969000 -26729.840283
     970000 -26729.718895
     971000 -26729.299799
     972000 -26730.307621
     973000 -26730.030202
     974000 -26729.211725
     975000 -26729.819427
     976000 -26728.995700
     977000 -26729.323603
     978000 -26728.966481
     979000 -26730.583887
     980000 -26729.487268
     981000 -26729.127087
     982000 -26730.622476
     983000 -26729.301248
     984000 -26728.967364
     985000 -26729.021867
     986000 -26729.488360
     987000 -26729.672122
     988000 -26729.132736
     989000 -26729.582567
     990000 -26729.067387
     991000 -26729.533265
     992000 -26729.034588
     993000 -26730.387051
     994000 -26728.966938
     995000 -26729.648798
     996000 -26729.072984
     997000 -26729.475525
     998000 -26730.342051
     999000 -26729.049617
    1000000 -26729.004995
