       1000 -832.515790
       2000 -835.812742
       3000 -837.203877
       4000 -833.406509
       5000 -834.785962
       6000 -836.207993
       7000 -833.151277
       8000 -837.952615
       9000 -834.398736
      10000 -838.799698
      11000 -832.632118
      12000 -832.539803
      13000 -833.061874
      14000 -833.956449
      15000 -833.108104
      16000 -835.751773
      17000 -836.300215
      18000 -838.382844
      19000 -834.511016
      20000 -835.839129
      21000 -836.166943
      22000 -835.152207
      23000 -835.596070
      24000 -835.776670
      25000 -836.006584
      26000 -833.273761
      27000 -832.450299
      28000 -835.150037
      29000 -842.920417
      30000 -836.511696
      31000 -835.148853
      32000 -832.469548
      33000 -838.487407
      34000 -837.931741
      35000 -835.874468
      36000 -833.146706
      37000 -835.422442
      38000 -835.152672
      39000 -836.126327
      40000 -836.509815
      41000 -832.445892
      42000 -832.482152
      43000 -832.447068
      44000 -835.834983
      45000 -832.995851
      46000 -832.499311
      47000 -833.031568
      48000 -832.620003
      49000 -835.149309
      50000 -835.217671
      51000 -835.099556
      52000 -836.223326
      53000 -834.395345
      54000 -838.112294
      55000 -832.835257
      56000 -835.281478
      57000 -838.250740
      58000 -832.465399
      59000 -834.547829
      60000 -838.964810
      61000 -835.366476
      62000 -838.147142
      63000 -833.162352
      64000 -835.638582
      65000 -835.609306
      66000 -832.567829
      67000 -835.830838
      68000 -832.630344
      69000 -836.694981
      70000 -833.308578
      71000 -834.399187
      72000 -835.838045
      73000 -832.723748
      74000 -833.157196
      75000 -836.195052
      76000 -833.333563
      77000 -835.148614
      78000 -833.978205
      79000 -835.150389
      80000 -836.139451
      81000 -833.216155
      82000 -833.443438
      83000 -833.500170
      84000 -835.874982
      85000 -832.812849
      86000 -835.256464
      87000 -836.576009
      88000 -841.091161
      89000 -833.850182
      90000 -836.014478
      91000 -832.835564
      92000 -835.841931
      93000 -842.029112
      94000 -832.961848
      95000 -838.301805
      96000 -835.154840
      97000 -835.595892
      98000 -837.852736
      99000 -837.455595
     100000 -836.108104
     101000 -837.200168
     102000 -832.958923
     103000 -833.027818
     104000 -832.619456
     105000 -836.480412
     106000 -832.615279
     107000 -838.847277
     108000 -835.494578
     109000 -835.271223
     110000 -836.458932
     111000 -837.529001
     112000 -832.773051
     113000 -832.446865
     114000 -834.501818
     115000 -832.466401
     116000 -839.150020
     117000 -835.229383
     118000 -832.473881
     119000 -832.617271
     120000 -834.394965
     121000 -835.603020
     122000 -834.493552
     123000 -832.859291
     124000 -835.836708
     125000 -835.425911
     126000 -832.455588
     127000 -832.465368
     128000 -832.484551
     129000 -832.705200
     130000 -840.389862
     131000 -833.190760
     132000 -836.820033
     133000 -837.405765
     134000 -839.417269
     135000 -835.151570
     136000 -843.114411
     137000 -833.028648
     138000 -837.949754
     139000 -834.406932
     140000 -832.485586
     141000 -838.367117
     142000 -836.056388
     143000 -833.113152
     144000 -839.339252
     145000 -843.170106
     146000 -833.221478
     147000 -837.234776
     148000 -834.539577
     149000 -832.442754
     150000 -833.896701
     151000 -837.177502
     152000 -834.471316
     153000 -835.284554
     154000 -834.470792
     155000 -833.075136
     156000 -837.848300
     157000 -835.924463
     158000 -832.877940
     159000 -833.559489
     160000 -832.991897
     161000 -832.993419
     162000 -840.510315
     163000 -833.796109
     164000 -834.799777
     165000 -833.952608
     166000 -832.687797
     167000 -835.151390
     168000 -833.406044
     169000 -835.302148
     170000 -832.647504
     171000 -835.858646
     172000 -832.445020
     173000 -832.731175
     174000 -833.040335
     175000 -835.443882
     176000 -832.882309
     177000 -837.219996
     178000 -840.390185
     179000 -835.242729
     180000 -835.605419
     181000 -835.830359
     182000 -840.574252
     183000 -832.509914
     184000 -840.017084
     185000 -832.486947
     186000 -832.978910
     187000 -835.445996
     188000 -841.384321
     189000 -832.657086
     190000 -834.357506
     191000 -832.446097
     192000 -837.306540
     193000 -833.849548
     194000 -835.615270
     195000 -835.315950
     196000 -832.597432
     197000 -835.235214
     198000 -832.713734
     199000 -835.273023
     200000 -833.205257
     201000 -832.552505
     202000 -842.547731
     203000 -836.460181
     204000 -835.628088
     205000 -834.895713
     206000 -835.167185
     207000 -833.072314
     208000 -838.440652
     209000 -832.445382
     210000 -833.902005
     211000 -832.843792
     212000 -837.503390
     213000 -832.503714
     214000 -838.474464
     215000 -838.504401
     216000 -837.909563
     217000 -836.953219
     218000 -835.611398
     219000 -839.977049
     220000 -832.548644
     221000 -832.686900
     222000 -832.803527
     223000 -835.324179
     224000 -832.513466
     225000 -833.911317
     226000 -834.069711
     227000 -834.416925
     228000 -832.446310
     229000 -835.300332
     230000 -835.216069
     231000 -832.823201
     232000 -835.289055
     233000 -835.734585
     234000 -833.287893
     235000 -835.154516
     236000 -833.160034
     237000 -832.648885
     238000 -832.485412
     239000 -832.873174
     240000 -835.793049
     241000 -832.634819
     242000 -832.474849
     243000 -835.173578
     244000 -835.203152
     245000 -833.263885
     246000 -833.564655
     247000 -838.015535
     248000 -835.977330
     249000 -832.700003
     250000 -835.148609
     251000 -832.481382
     252000 -832.604603
     253000 -837.816891
     254000 -833.316669
     255000 -832.647311
     256000 -833.012958
     257000 -834.588548
     258000 -836.166819
     259000 -832.446480
     260000 -832.629861
     261000 -839.974664
     262000 -837.804225
     263000 -833.069263
     264000 -835.597809
     265000 -835.218720
     266000 -834.403130
     267000 -837.798406
     268000 -832.494508
     269000 -835.228831
     270000 -833.263018
     271000 -835.368301
     272000 -837.854161
     273000 -834.667411
     274000 -840.652286
     275000 -835.150195
     276000 -835.346581
     277000 -833.365030
     278000 -836.114518
     279000 -832.521466
     280000 -839.053702
     281000 -838.167317
     282000 -832.898500
     283000 -832.816620
     284000 -833.171229
     285000 -837.921522
     286000 -834.395200
     287000 -834.547965
     288000 -835.148987
     289000 -833.260314
     290000 -832.452356
     291000 -832.460955
     292000 -838.148734
     293000 -835.160298
     294000 -838.992375
     295000 -836.491128
     296000 -837.494499
     297000 -835.200891
     298000 -837.809378
     299000 -835.382473
     300000 -833.576847
     301000 -837.180067
     302000 -833.160994
     303000 -836.851164
     304000 -832.925763
     305000 -834.515682
     306000 -838.869917
     307000 -837.971351
     308000 -833.293995
     309000 -833.019385
     310000 -832.871298
     311000 -832.843767
     312000 -835.294773
     313000 -832.448698
     314000 -840.392163
     315000 -838.061778
     316000 -836.559938
     317000 -834.555788
     318000 -833.510633
     319000 -838.955747
     320000 -832.573828
     321000 -840.163436
     322000 -833.407027
     323000 -832.735521
     324000 -832.481973
     325000 -832.445684
     326000 -832.685223
     327000 -832.444872
     328000 -833.053481
     329000 -832.540436
     330000 -835.274106
     331000 -835.162637
     332000 -832.698471
     333000 -837.172073
     334000 -835.650014
     335000 -834.353296
     336000 -833.408860
     337000 -833.157050
     338000 -838.592422
     339000 -832.612233
     340000 -832.736187
     341000 -832.897322
     342000 -835.148757
     343000 -833.134425
     344000 -833.495237
     345000 -833.083545
     346000 -834.818652
     347000 -834.538024
     348000 -835.842985
     349000 -835.253349
     350000 -835.202161
     351000 -835.156101
     352000 -832.442803
     353000 -832.573736
     354000 -837.171924
     355000 -840.247491
     356000 -832.857464
     357000 -837.810053
     358000 -841.163781
     359000 -832.811356
     360000 -840.016980
     361000 -832.901170
     362000 -832.472335
     363000 -835.595498
     364000 -833.036861
     365000 -832.611159
     366000 -838.647784
     367000 -832.887228
     368000 -834.287156
     369000 -832.458341
     370000 -835.344558
     371000 -832.603907
     372000 -837.957612
     373000 -838.313177
     374000 -832.479998
     375000 -832.466608
     376000 -833.092366
     377000 -832.452675
     378000 -835.577870
     379000 -835.892320
     380000 -836.154705
     381000 -839.549056
     382000 -834.553643
     383000 -838.343470
     384000 -835.356409
     385000 -834.395547
     386000 -834.481638
     387000 -843.345765
     388000 -833.001847
     389000 -833.005646
     390000 -833.986371
     391000 -839.807988
     392000 -835.355484
     393000 -832.653864
     394000 -835.680611
     395000 -833.409809
     396000 -833.474769
     397000 -833.200751
     398000 -835.216529
     399000 -833.185449
     400000 -835.376228
     401000 -834.129256
     402000 -833.152142
     403000 -835.607939
     404000 -836.785477
     405000 -833.330110
     406000 -835.816339
     407000 -835.212792
     408000 -835.804832
     409000 -835.387254
     410000 -834.215926
     411000 -833.836865
     412000 -835.228867
     413000 -835.538768
     414000 -835.422665
     415000 -832.473495
     416000 -837.868187
     417000 -834.726065
     418000 -835.160663
     419000 -832.595706
     420000 -833.548188
     421000 -832.472369
     422000 -837.823833
     423000 -832.510768
     424000 -832.512706
     425000 -832.953977
     426000 -833.014687
     427000 -837.431398
     428000 -840.101376
     429000 -833.587258
     430000 -835.981740
     431000 -835.639740
     432000 -839.657391
     433000 -836.302071
     434000 -832.991870
     435000 -832.472464
     436000 -832.899290
     437000 -834.653748
     438000 -834.350662
     439000 -834.792276
     440000 -835.590121
     441000 -833.101144
     442000 -832.723435
     443000 -832.794564
     444000 -833.322475
     445000 -836.013669
     446000 -833.155698
     447000 -832.574187
     448000 -833.432783
     449000 -840.576283
     450000 -835.148659
     451000 -833.032517
     452000 -832.452922
     453000 -835.907987
     454000 -837.178270
     455000 -833.322755
     456000 -837.357286
     457000 -832.514390
     458000 -835.056545
     459000 -836.901888
     460000 -835.545539
     461000 -834.421787
     462000 -834.485862
     463000 -832.451116
     464000 -835.215932
     465000 -832.743554
     466000 -833.230460
     467000 -833.672337
     468000 -838.647107
     469000 -835.544498
     470000 -837.206980
     471000 -833.057783
     472000 -833.130363
     473000 -832.506982
     474000 -838.041774
     475000 -835.310466
     476000 -835.187190
     477000 -835.674303
     478000 -833.031774
     479000 -837.803644
     480000 -833.038580
     481000 -833.015247
     482000 -832.782099
     483000 -832.497877
     484000 -835.279359
     485000 -838.275688
     486000 -835.605265
     487000 -832.934675
     488000 -835.340463
     489000 -833.629907
     490000 -837.984833
     491000 -832.442781
     492000 -836.140122
     493000 -832.448431
     494000 -833.851563
     495000 -835.488117
     496000 -832.577258
     497000 -835.607629
     498000 -835.234242
     499000 -837.979518
     500000 -834.965553
     501000 -835.926683
     502000 -835.726442
     503000 -838.796764
     504000 -832.454824
     505000 -834.755659
     506000 -833.132561
     507000 -833.718874
     508000 -832.480851
     509000 -837.814193
     510000 -832.450379
     511000 -835.588986
     512000 -835.351890
     513000 -835.162646
     514000 -840.794730
     515000 -834.398131
     516000 -832.521714
     517000 -832.742465
     518000 -832.755002
     519000 -836.832131
     520000 -832.721677
     521000 -834.458873
     522000 -836.499911
     523000 -836.075115
     524000 -833.115970
     525000 -839.583909
     526000 -834.800177
     527000 -836.803387
     528000 -835.461720
     529000 -833.007012
     530000 -834.383223
     531000 -833.373164
     532000 -833.377745
     533000 -834.671562
     534000 -838.431104
     535000 -839.885822
     536000 -844.049591
     537000 -832.715718
     538000 -837.463444
     539000 -835.154153
     540000 -832.579662
     541000 -840.760804
     542000 -833.010474
     543000 -834.054300
     544000 -835.193494
     545000 -832.713271
     546000 -838.783708
     547000 -833.750209
     548000 -838.145302
     549000 -832.443102
     550000 -832.631668
     551000 -834.502735
     552000 -839.496672
     553000 -835.602491
     554000 -835.160055
     555000 -835.734923
     556000 -835.417131
     557000 -832.528595
     558000 -835.288733
     559000 -833.156625
     560000 -832.743245
     561000 -835.453939
     562000 -835.604876
     563000 -833.947628
     564000 -833.194215
     565000 -833.550125
     566000 -837.845691
     567000 -835.357885
     568000 -835.900018
     569000 -836.548382
     570000 -834.397333
     571000 -832.561218
     572000 -835.148595
     573000 -835.966423
     574000 -835.187910
     575000 -832.455694
     576000 -833.850723
     577000 -832.556094
     578000 -836.169489
     579000 -834.764893
     580000 -837.249074
     581000 -835.429050
     582000 -838.454513
     583000 -838.409489
     584000 -832.474526
     585000 -833.001117
     586000 -833.590440
     587000 -840.412154
     588000 -832.458823
     589000 -836.514254
     590000 -832.598623
     591000 -835.221425
     592000 -837.493137
     593000 -837.825044
     594000 -837.433649
     595000 -832.549440
     596000 -832.518350
     597000 -836.081891
     598000 -835.250526
     599000 -833.206832
     600000 -836.609459
     601000 -832.591235
     602000 -835.122837
     603000 -835.434748
     604000 -833.612388
     605000 -835.411022
     606000 -835.169705
     607000 -835.167911
     608000 -835.680424
     609000 -835.369535
     610000 -835.502037
     611000 -838.322294
     612000 -834.231515
     613000 -832.721353
     614000 -832.672275
     615000 -837.948409
     616000 -837.398266
     617000 -837.939561
     618000 -834.489969
     619000 -835.743447
     620000 -835.241053
     621000 -832.601627
     622000 -833.242074
     623000 -832.501714
     624000 -835.223206
     625000 -833.189219
     626000 -837.813533
     627000 -835.891754
     628000 -832.478909
     629000 -835.878441
     630000 -832.654889
     631000 -832.716871
     632000 -832.579264
     633000 -835.742826
     634000 -837.848979
     635000 -835.155948
     636000 -834.596669
     637000 -832.594050
     638000 -835.681636
     639000 -834.259674
     640000 -835.176259
     641000 -835.445665
     642000 -839.483443
     643000 -835.318255
     644000 -832.457952
     645000 -833.206270
     646000 -840.005684
     647000 -832.795668
     648000 -832.495532
     649000 -832.836169
     650000 -832.443445
     651000 -838.768964
     652000 -835.703925
     653000 -835.496536
     654000 -832.454989
     655000 -833.022225
     656000 -835.187477
     657000 -834.739350
     658000 -837.442270
     659000 -835.560999
     660000 -832.469742
     661000 -835.194701
     662000 -835.261110
     663000 -833.656625
     664000 -832.774938
     665000 -835.238876
     666000 -832.999951
     667000 -832.504552
     668000 -834.432226
     669000 -832.443964
     670000 -835.240856
     671000 -835.328764
     672000 -837.370942
     673000 -834.407453
     674000 -832.488167
     675000 -837.845739
     676000 -834.737895
     677000 -832.480152
     678000 -832.481997
     679000 -832.575952
     680000 -835.700521
     681000 -838.856781
     682000 -833.280670
     683000 -838.037246
     684000 -832.819301
     685000 -834.415649
     686000 -832.442764
     687000 -833.120904
     688000 -832.571065
     689000 -836.414566
     690000 -836.487397
     691000 -834.481885
     692000 -832.608767
     693000 -833.293131
     694000 -834.394555
     695000 -832.573830
     696000 -838.256790
     697000 -835.936547
     698000 -835.153606
     699000 -839.973431
     700000 -837.852005
     701000 -835.779260
     702000 -835.638489
     703000 -837.369058
     704000 -838.372216
     705000 -839.951851
     706000 -832.570420
     707000 -840.752147
     708000 -832.673054
     709000 -832.443431
     710000 -835.152049
     711000 -833.011039
     712000 -837.794767
     713000 -836.563570
     714000 -837.184864
     715000 -833.488122
     716000 -836.482386
     717000 -835.563940
     718000 -841.072397
     719000 -832.444111
     720000 -833.251944
     721000 -836.492078
     722000 -837.864427
     723000 -834.660409
     724000 -832.895573
     725000 -832.449200
     726000 -838.660526
     727000 -835.151129
     728000 -837.509048
     729000 -834.488848
     730000 -835.632343
     731000 -832.887485
     732000 -833.765219
     733000 -837.320074
     734000 -836.459474
     735000 -832.479925
     736000 -833.889241
     737000 -832.645389
     738000 -837.209164
     739000 -832.843570
     740000 -835.345870
     741000 -835.815841
     742000 -832.463000
     743000 -834.430042
     744000 -832.491520
     745000 -833.427313
     746000 -832.550159
     747000 -834.819863
     748000 -833.615053
     749000 -835.212479
     750000 -832.800378
     751000 -840.968109
     752000 -834.412471
     753000 -832.638343
     754000 -835.249327
     755000 -833.148278
     756000 -835.768361
     757000 -835.563910
     758000 -842.627797
     759000 -832.884274
     760000 -836.416841
     761000 -832.443988
     762000 -835.206608
     763000 -838.673155
     764000 -840.630379
     765000 -837.961726
     766000 -835.853560
     767000 -833.294292
     768000 -840.045195
     769000 -835.214436
     770000 -836.086236
     771000 -832.450101
     772000 -832.572948
     773000 -837.171498
     774000 -834.465865
     775000 -833.430053
     776000 -835.612524
     777000 -833.402490
     778000 -833.054982
     779000 -834.414202
     780000 -835.676326
     781000 -835.157753
     782000 -835.210750
     783000 -833.007018
     784000 -834.460410
     785000 -838.236547
     786000 -839.459547
     787000 -833.269598
     788000 -835.677704
     789000 -840.541910
     790000 -832.992271
     791000 -833.101181
     792000 -835.401977
     793000 -835.631571
     794000 -836.303562
     795000 -834.465106
     796000 -834.819677
     797000 -835.302631
     798000 -837.932665
     799000 -832.454418
     800000 -832.476575
     801000 -832.637899
     802000 -832.782381
     803000 -833.026783
     804000 -833.057111
     805000 -833.737838
     806000 -832.544827
     807000 -833.408534
     808000 -839.024467
     809000 -832.627490
     810000 -834.462211
     811000 -832.599997
     812000 -833.421819
     813000 -832.609833
     814000 -835.512760
     815000 -839.013377
     816000 -832.500685
     817000 -835.405678
     818000 -840.101004
     819000 -832.476099
     820000 -833.422663
     821000 -834.726294
     822000 -833.091513
     823000 -833.356642
     824000 -834.410745
     825000 -836.112177
     826000 -834.478467
     827000 -837.799036
     828000 -845.657667
     829000 -834.609906
     830000 -835.048060
     831000 -835.555241
     832000 -835.423996
     833000 -834.422955
     834000 -833.014384
     835000 -838.149690
     836000 -833.574095
     837000 -833.027496
     838000 -832.542242
     839000 -832.488725
     840000 -835.389358
     841000 -832.452624
     842000 -835.283159
     843000 -833.789349
     844000 -839.974388
     845000 -837.329289
     846000 -839.324745
     847000 -833.263738
     848000 -833.156123
     849000 -836.750807
     850000 -835.195761
     851000 -832.578159
     852000 -835.148861
     853000 -833.224602
     854000 -835.607066
     855000 -838.220231
     856000 -837.267062
     857000 -838.096403
     858000 -832.560905
     859000 -835.008969
     860000 -834.411892
     861000 -832.640683
     862000 -838.961504
     863000 -833.698906
     864000 -836.235446
     865000 -833.143479
     866000 -836.307052
     867000 -832.895543
     868000 -835.376271
     869000 -832.969532
     870000 -835.867322
     871000 -832.471890
     872000 -835.425069
     873000 -833.590887
     874000 -838.139535
     875000 -832.504276
     876000 -839.836034
     877000 -833.006686
     878000 -833.604936
     879000 -833.277679
     880000 -832.829902
     881000 -835.249579
     882000 -835.624917
     883000 -835.154240
     884000 -835.696286
     885000 -832.614785
     886000 -835.595571
     887000 -835.467857
     888000 -835.834086
     889000 -832.444385
     890000 -835.623146
     891000 -832.459531
     892000 -836.775849
     893000 -833.250698
     894000 -835.819138
     895000 -835.243200
     896000 -836.849480
     897000 -833.178537
     898000 -835.151040
     899000 -834.662737
     900000 -833.217512
     901000 -833.528182
     902000 -835.370245
     903000 -832.464509
     904000 -834.470337
     905000 -837.240221
     906000 -842.858046
     907000 -832.453751
     908000 -832.830207
     909000 -834.887696
     910000 -832.461828
     911000 -835.250064
     912000 -835.705037
     913000 -832.482294
     914000 -832.543627
     915000 -832.537607
     916000 -839.221858
     917000 -832.493178
     918000 -837.820189
     919000 -840.502283
     920000 -833.123586
     921000 -838.695214
     922000 -832.607894
     923000 -835.681666
     924000 -834.714471
     925000 -832.496243
     926000 -832.491070
     927000 -837.458516
     928000 -837.170827
     929000 -834.432380
     930000 -835.630872
     931000 -832.447107
     932000 -834.460379
     933000 -832.526380
     934000 -833.509416
     935000 -833.263808
     936000 -837.330387
     937000 -832.657450
     938000 -835.969844
     939000 -832.695613
     940000 -835.877398
     941000 -832.510987
     942000 -834.961188
     943000 -833.833147
     944000 -838.152098
     945000 -836.040262
     946000 -833.137864
     947000 -834.958049
     948000 -838.650158
     949000 -832.830321
     950000 -832.665630
     951000 -832.841412
     952000 -836.850803
     953000 -838.122311
     954000 -832.450256
     955000 -832.898110
     956000 -832.445053
     957000 -835.175082
     958000 -835.264323
     959000 -833.000307
     960000 -833.915829
     961000 -834.834595
     962000 -835.069239
     963000 -832.632884
     964000 -836.425403
     965000 -834.938688
     966000 -832.462222
     967000 -834.735082
     968000 -832.518725
     969000 -832.454679
     970000 -832.951260
     971000 -835.661221
     972000 -835.040105
     973000 -839.419475
     974000 -833.049254
     975000 -835.331361
     976000 -835.258853
     977000 -833.053288
     978000 -837.856456
     979000 -837.292879
     980000 -835.296032
     981000 -837.886449
     982000 -837.685854
     983000 -832.502585
     984000 -836.770877
     985000 -838.441525
     986000 -833.999875
     987000 -833.274916
     988000 -838.755306
     989000 -832.501818
     990000 -835.153825
     991000 -834.546283
     992000 -833.953063
     993000 -834.754370
     994000 -841.072969
     995000 -842.677342
     996000 -834.642323
     997000 -834.416524
     998000 -837.460315
     999000 -835.639577
    1000000 -838.165585
    1001000 -834.678921
    1002000 -834.072975
    1003000 -837.179819
    1004000 -837.313267
    1005000 -834.468983
    1006000 -834.398152
    1007000 -832.516704
    1008000 -835.931128
    1009000 -835.320330
    1010000 -837.896416
    1011000 -840.098702
    1012000 -832.623341
    1013000 -834.398416
    1014000 -838.147020
    1015000 -836.603560
    1016000 -833.624622
    1017000 -833.164890
    1018000 -833.122315
    1019000 -832.579006
    1020000 -832.731643
    1021000 -836.358202
    1022000 -832.564228
    1023000 -832.645046
    1024000 -832.489404
    1025000 -832.442775
    1026000 -832.866022
    1027000 -832.994926
    1028000 -835.158943
    1029000 -832.755763
    1030000 -837.862578
    1031000 -835.148926
    1032000 -832.658422
    1033000 -833.696455
    1034000 -839.926014
    1035000 -837.386874
    1036000 -833.775266
    1037000 -832.548090
    1038000 -837.815349
    1039000 -835.362187
    1040000 -834.443872
    1041000 -836.134718
    1042000 -837.277395
    1043000 -836.613521
    1044000 -834.465316
    1045000 -835.624901
    1046000 -840.449532
    1047000 -838.533485
    1048000 -835.826423
    1049000 -832.505139
    1050000 -834.396819
    1051000 -832.601521
    1052000 -832.556429
    1053000 -837.233235
    1054000 -837.793848
    1055000 -838.349953
    1056000 -832.447911
    1057000 -832.677337
    1058000 -843.514512
    1059000 -832.626866
    1060000 -839.965725
    1061000 -838.003421
    1062000 -832.997400
    1063000 -837.810821
    1064000 -833.855091
    1065000 -832.797954
    1066000 -837.733203
    1067000 -834.565443
    1068000 -832.859823
    1069000 -835.198898
    1070000 -832.512487
    1071000 -833.074438
    1072000 -832.870441
    1073000 -840.745176
    1074000 -832.983364
    1075000 -834.595855
    1076000 -832.571045
    1077000 -832.604158
    1078000 -835.618944
    1079000 -835.432345
    1080000 -837.279452
    1081000 -832.653189
    1082000 -832.475430
    1083000 -832.896597
    1084000 -838.427679
    1085000 -838.182368
    1086000 -834.471582
    1087000 -832.500869
    1088000 -834.087142
    1089000 -834.404136
    1090000 -840.097911
    1091000 -838.248276
    1092000 -835.281728
    1093000 -835.195395
    1094000 -834.679677
    1095000 -832.468284
    1096000 -832.487496
    1097000 -838.344310
    1098000 -833.386148
    1099000 -838.034373
    1100000 -834.852608
    1101000 -832.445240
    1102000 -832.561468
    1103000 -835.204310
    1104000 -837.938942
    1105000 -833.123763
    1106000 -835.358779
    1107000 -832.520417
    1108000 -835.273861
    1109000 -834.659726
    1110000 -840.220759
    1111000 -833.034664
    1112000 -834.686470
    1113000 -835.727304
    1114000 -832.602746
    1115000 -832.651877
    1116000 -836.982933
    1117000 -835.782625
    1118000 -838.009081
    1119000 -840.692727
    1120000 -842.004601
    1121000 -832.443070
    1122000 -832.446853
    1123000 -834.524260
    1124000 -838.094560
    1125000 -834.806372
    1126000 -833.133771
    1127000 -832.467621
    1128000 -837.598614
    1129000 -843.060372
    1130000 -836.594994
    1131000 -832.446324
    1132000 -833.369941
    1133000 -832.604360
    1134000 -833.291224
    1135000 -832.546356
    1136000 -838.171050
    1137000 -840.467818
    1138000 -832.485024
    1139000 -832.993972
    1140000 -832.480507
    1141000 -835.207571
    1142000 -837.893302
    1143000 -834.177745
    1144000 -832.699446
    1145000 -832.487840
    1146000 -832.443903
    1147000 -832.474191
    1148000 -837.831824
    1149000 -834.805639
    1150000 -832.734266
    1151000 -832.534798
    1152000 -835.358985
    1153000 -833.085314
    1154000 -832.996987
    1155000 -838.403321
    1156000 -838.665059
    1157000 -835.647021
    1158000 -840.414513
    1159000 -839.038199
    1160000 -834.546116
    1161000 -834.483072
    1162000 -834.399314
    1163000 -832.464881
    1164000 -836.649987
    1165000 -838.881419
    1166000 -834.403838
    1167000 -835.663728
    1168000 -834.732966
    1169000 -833.951594
    1170000 -832.578399
    1171000 -837.805181
    1172000 -832.482113
    1173000 -834.431253
    1174000 -843.207111
    1175000 -833.971656
    1176000 -835.210124
    1177000 -833.025069
    1178000 -833.718169
    1179000 -837.296341
    1180000 -833.456872
    1181000 -835.603290
    1182000 -833.036101
    1183000 -832.958652
    1184000 -835.816566
    1185000 -836.382673
    1186000 -832.584529
    1187000 -840.417729
    1188000 -836.902635
    1189000 -837.301508
    1190000 -832.443395
    1191000 -833.929528
    1192000 -834.127242
    1193000 -835.978402
    1194000 -835.152389
    1195000 -832.999248
    1196000 -833.073351
    1197000 -833.495252
    1198000 -834.727001
    1199000 -837.195613
    1200000 -837.170205
    1201000 -835.269151
    1202000 -833.085777
    1203000 -833.375443
    1204000 -832.470934
    1205000 -840.653257
    1206000 -835.555859
    1207000 -835.965998
    1208000 -836.116558
    1209000 -833.115237
    1210000 -832.443751
    1211000 -835.314757
    1212000 -840.391281
    1213000 -832.893235
    1214000 -832.610802
    1215000 -833.260339
    1216000 -835.361885
    1217000 -833.433287
    1218000 -832.526453
    1219000 -834.412126
    1220000 -837.853748
    1221000 -832.449225
    1222000 -837.533320
    1223000 -835.723684
    1224000 -832.911643
    1225000 -834.442164
    1226000 -832.481104
    1227000 -835.188547
    1228000 -832.487587
    1229000 -832.483537
    1230000 -833.022963
    1231000 -834.400530
    1232000 -833.200600
    1233000 -838.053077
    1234000 -833.576355
    1235000 -834.495922
    1236000 -833.060259
    1237000 -835.238841
    1238000 -835.600615
    1239000 -838.778881
    1240000 -837.172987
    1241000 -836.213982
    1242000 -834.396589
    1243000 -835.553960
    1244000 -833.466004
    1245000 -840.774080
    1246000 -832.528384
    1247000 -836.746824
    1248000 -833.045671
    1249000 -837.595614
    1250000 -837.382385
    1251000 -832.857439
    1252000 -832.744335
    1253000 -835.741736
    1254000 -837.087248
    1255000 -832.540749
    1256000 -835.220334
    1257000 -839.886224
    1258000 -832.600640
    1259000 -838.044145
    1260000 -838.059912
    1261000 -835.873411
    1262000 -835.897939
    1263000 -833.093417
    1264000 -833.150390
    1265000 -832.444071
    1266000 -833.029806
    1267000 -832.823607
    1268000 -833.034078
    1269000 -837.820861
    1270000 -832.853485
    1271000 -832.532149
    1272000 -837.065390
    1273000 -833.319525
    1274000 -841.143026
    1275000 -833.318138
    1276000 -841.747721
    1277000 -832.558948
    1278000 -832.839873
    1279000 -832.460545
    1280000 -838.395928
    1281000 -836.445098
    1282000 -838.048884
    1283000 -832.539492
    1284000 -834.414687
    1285000 -843.628296
    1286000 -833.005714
    1287000 -838.001012
    1288000 -836.212046
    1289000 -850.123977
    1290000 -835.733323
    1291000 -838.184679
    1292000 -835.551546
    1293000 -832.993970
    1294000 -835.769382
    1295000 -832.627863
    1296000 -838.011797
    1297000 -832.455749
    1298000 -834.632883
    1299000 -836.987613
    1300000 -834.313251
    1301000 -833.261818
    1302000 -838.288554
    1303000 -833.017035
    1304000 -835.832288
    1305000 -835.150415
    1306000 -834.881270
    1307000 -840.502885
    1308000 -835.232110
    1309000 -836.064410
    1310000 -832.458090
    1311000 -839.533146
    1312000 -833.027094
    1313000 -832.992540
    1314000 -832.492220
    1315000 -832.624857
    1316000 -835.033637
    1317000 -837.755177
    1318000 -835.158461
    1319000 -840.150799
    1320000 -837.820785
    1321000 -832.483550
    1322000 -832.493554
    1323000 -840.490766
    1324000 -832.506453
    1325000 -837.803451
    1326000 -832.731055
    1327000 -832.648418
    1328000 -833.003232
    1329000 -838.860980
    1330000 -832.603616
    1331000 -836.175402
    1332000 -837.200364
    1333000 -834.643630
    1334000 -832.458518
    1335000 -836.329536
    1336000 -835.843014
    1337000 -833.159379
    1338000 -835.280132
    1339000 -838.158342
    1340000 -835.221122
    1341000 -832.561803
    1342000 -832.529592
    1343000 -832.496432
    1344000 -834.658241
    1345000 -837.233764
    1346000 -837.820064
    1347000 -834.350394
    1348000 -833.963409
    1349000 -833.721963
    1350000 -832.497718
    1351000 -835.179111
    1352000 -832.454464
    1353000 -837.898948
    1354000 -832.472212
    1355000 -835.707684
    1356000 -836.739669
    1357000 -835.875541
    1358000 -833.194490
    1359000 -835.168584
    1360000 -833.034078
    1361000 -835.595549
    1362000 -836.895754
    1363000 -833.279974
    1364000 -832.483248
    1365000 -832.852061
    1366000 -837.801190
    1367000 -832.461852
    1368000 -835.280310
    1369000 -835.443569
    1370000 -832.993369
    1371000 -833.225500
    1372000 -832.488169
    1373000 -832.485450
    1374000 -838.191740
    1375000 -837.003367
    1376000 -833.760536
    1377000 -838.934620
    1378000 -837.208155
    1379000 -835.619590
    1380000 -834.754127
    1381000 -832.537299
    1382000 -837.821187
    1383000 -835.500339
    1384000 -835.704570
    1385000 -833.477804
    1386000 -832.574394
    1387000 -833.174630
    1388000 -834.606778
    1389000 -832.788747
    1390000 -832.619561
    1391000 -834.235598
    1392000 -832.600690
    1393000 -833.272970
    1394000 -837.180198
    1395000 -835.735514
    1396000 -832.490861
    1397000 -834.585265
    1398000 -839.496202
    1399000 -833.175809
    1400000 -837.808622
    1401000 -832.548853
    1402000 -837.566580
    1403000 -834.410247
    1404000 -836.164825
    1405000 -839.106424
    1406000 -834.590294
    1407000 -832.562884
    1408000 -836.374891
    1409000 -833.477077
    1410000 -836.477435
    1411000 -838.469121
    1412000 -836.167711
    1413000 -835.837628
    1414000 -834.707236
    1415000 -833.647186
    1416000 -833.087883
    1417000 -832.444380
    1418000 -834.749173
    1419000 -835.311116
    1420000 -835.400821
    1421000 -833.031860
    1422000 -836.088801
    1423000 -832.993720
    1424000 -832.516699
    1425000 -833.369764
    1426000 -832.752882
    1427000 -835.287440
    1428000 -835.185003
    1429000 -832.446325
    1430000 -837.931278
    1431000 -833.683359
    1432000 -841.196861
    1433000 -835.026616
    1434000 -832.462343
    1435000 -833.266067
    1436000 -833.594067
    1437000 -837.838939
    1438000 -835.177423
    1439000 -834.424903
    1440000 -835.614949
    1441000 -832.512013
    1442000 -835.623970
    1443000 -835.609248
    1444000 -835.658688
    1445000 -835.996017
    1446000 -832.787466
    1447000 -835.805549
    1448000 -834.485296
    1449000 -835.300304
    1450000 -837.562540
    1451000 -840.492763
    1452000 -832.904863
    1453000 -835.956465
    1454000 -840.668604
    1455000 -836.008298
    1456000 -833.356398
    1457000 -832.635438
    1458000 -835.291273
    1459000 -832.661507
    1460000 -833.489496
    1461000 -835.639860
    1462000 -833.018030
    1463000 -835.803976
    1464000 -838.085463
    1465000 -833.380351
    1466000 -832.585663
    1467000 -832.649314
    1468000 -841.654079
    1469000 -832.775601
    1470000 -832.983112
    1471000 -835.367893
    1472000 -832.522825
    1473000 -840.124265
    1474000 -833.228859
    1475000 -833.236869
    1476000 -837.692255
    1477000 -832.738703
    1478000 -836.764136
    1479000 -832.445487
    1480000 -834.608388
    1481000 -841.844792
    1482000 -835.811484
    1483000 -838.763956
    1484000 -837.607151
    1485000 -838.732119
    1486000 -835.313504
    1487000 -835.152261
    1488000 -836.294643
    1489000 -835.347682
    1490000 -832.940964
    1491000 -837.808173
    1492000 -838.205864
    1493000 -833.180252
    1494000 -834.553684
    1495000 -835.863381
    1496000 -834.070788
    1497000 -838.230030
    1498000 -836.063229
    1499000 -832.885236
    1500000 -837.803077
    1501000 -833.893967
    1502000 -832.996953
    1503000 -832.531663
    1504000 -840.879871
    1505000 -840.034747
    1506000 -837.804933
    1507000 -834.432076
    1508000 -833.676072
    1509000 -838.031697
    1510000 -835.154174
    1511000 -832.513484
    1512000 -832.450901
    1513000 -832.568160
    1514000 -834.728387
    1515000 -833.069966
    1516000 -833.317942
    1517000 -833.703438
    1518000 -837.392081
    1519000 -833.736423
    1520000 -835.149891
    1521000 -836.152266
    1522000 -837.435659
    1523000 -836.136783
    1524000 -837.170227
    1525000 -832.450258
    1526000 -833.142994
    1527000 -832.888249
    1528000 -832.478088
    1529000 -834.679620
    1530000 -832.596639
    1531000 -833.025416
    1532000 -832.907132
    1533000 -842.821902
    1534000 -838.170156
    1535000 -833.602600
    1536000 -836.869493
    1537000 -833.184328
    1538000 -846.557787
    1539000 -833.783660
    1540000 -840.424281
    1541000 -836.688406
    1542000 -832.502828
    1543000 -833.722296
    1544000 -832.947345
    1545000 -834.490229
    1546000 -837.613556
    1547000 -835.155526
    1548000 -832.476763
    1549000 -832.471152
    1550000 -835.160066
    1551000 -833.053698
    1552000 -837.804615
    1553000 -833.123862
    1554000 -840.490053
    1555000 -833.138613
    1556000 -835.938317
    1557000 -835.360483
    1558000 -835.164028
    1559000 -833.147033
    1560000 -837.888555
    1561000 -837.219871
    1562000 -832.705397
    1563000 -833.594974
    1564000 -836.280327
    1565000 -835.500960
    1566000 -832.480562
    1567000 -835.734542
    1568000 -834.085169
    1569000 -832.581773
    1570000 -833.512643
    1571000 -832.766724
    1572000 -832.512918
    1573000 -832.994009
    1574000 -835.309893
    1575000 -832.449529
    1576000 -832.605847
    1577000 -832.443289
    1578000 -833.482475
    1579000 -832.533373
    1580000 -832.704391
    1581000 -832.442838
    1582000 -840.972988
    1583000 -835.264121
    1584000 -832.452259
    1585000 -833.187059
    1586000 -835.634568
    1587000 -832.512669
    1588000 -835.874525
    1589000 -832.711422
    1590000 -833.129057
    1591000 -832.492789
    1592000 -832.448150
    1593000 -835.731385
    1594000 -835.464034
    1595000 -832.946967
    1596000 -833.653244
    1597000 -835.698487
    1598000 -833.150692
    1599000 -832.905211
    1600000 -835.727282
    1601000 -838.724554
    1602000 -833.140391
    1603000 -835.318354
    1604000 -833.652756
    1605000 -832.597922
    1606000 -832.991965
    1607000 -833.918417
    1608000 -838.624401
    1609000 -833.047459
    1610000 -834.070522
    1611000 -834.406211
    1612000 -832.721772
    1613000 -837.820343
    1614000 -836.076328
    1615000 -832.930600
    1616000 -839.730934
    1617000 -833.288297
    1618000 -832.443665
    1619000 -835.483080
    1620000 -834.397280
    1621000 -833.742988
    1622000 -835.187762
    1623000 -835.542247
    1624000 -835.023642
    1625000 -832.442776
    1626000 -832.448188
    1627000 -837.176176
    1628000 -835.200022
    1629000 -837.086999
    1630000 -840.603885
    1631000 -833.410343
    1632000 -832.474748
    1633000 -840.670313
    1634000 -832.510867
    1635000 -834.553474
    1636000 -835.215976
    1637000 -838.141585
    1638000 -836.353078
    1639000 -832.487553
    1640000 -832.731470
    1641000 -833.634718
    1642000 -835.168459
    1643000 -839.391119
    1644000 -832.478406
    1645000 -832.542533
    1646000 -832.651822
    1647000 -834.396465
    1648000 -835.153901
    1649000 -832.905510
    1650000 -840.439282
    1651000 -837.857837
    1652000 -836.122484
    1653000 -832.442895
    1654000 -842.281629
    1655000 -832.538274
    1656000 -838.213303
    1657000 -832.485576
    1658000 -835.618259
    1659000 -833.139380
    1660000 -832.478203
    1661000 -832.442747
    1662000 -834.413627
    1663000 -835.429490
    1664000 -835.603938
    1665000 -837.260311
    1666000 -832.442776
    1667000 -832.468428
    1668000 -838.630427
    1669000 -835.157597
    1670000 -835.638340
    1671000 -832.599156
    1672000 -834.742597
    1673000 -832.458732
    1674000 -835.221425
    1675000 -832.483508
    1676000 -832.638802
    1677000 -835.807753
    1678000 -835.909308
    1679000 -838.265921
    1680000 -835.318632
    1681000 -832.990684
    1682000 -832.713352
    1683000 -832.689848
    1684000 -832.479666
    1685000 -832.442756
    1686000 -834.118556
    1687000 -835.155853
    1688000 -833.672383
    1689000 -835.548374
    1690000 -832.487345
    1691000 -837.912417
    1692000 -833.346542
    1693000 -839.550513
    1694000 -832.599987
    1695000 -835.314906
    1696000 -835.187814
    1697000 -834.253980
    1698000 -834.985267
    1699000 -833.193172
    1700000 -835.678636
    1701000 -832.570582
    1702000 -834.427451
    1703000 -839.445554
    1704000 -836.219620
    1705000 -832.768997
    1706000 -832.789344
    1707000 -832.517148
    1708000 -836.263286
    1709000 -834.479418
    1710000 -832.798068
    1711000 -832.459909
    1712000 -832.531455
    1713000 -833.095398
    1714000 -835.414596
    1715000 -832.447884
    1716000 -832.445160
    1717000 -833.100826
    1718000 -845.805947
    1719000 -832.713935
    1720000 -832.513978
    1721000 -837.932700
    1722000 -832.543594
    1723000 -832.688447
    1724000 -832.444251
    1725000 -832.450928
    1726000 -835.671109
    1727000 -834.223014
    1728000 -834.001071
    1729000 -837.011084
    1730000 -834.394396
    1731000 -835.579508
    1732000 -834.006444
    1733000 -832.443545
    1734000 -834.469142
    1735000 -835.608649
    1736000 -836.957558
    1737000 -840.391710
    1738000 -832.540765
    1739000 -832.711962
    1740000 -835.491331
    1741000 -832.499681
    1742000 -834.558685
    1743000 -836.321127
    1744000 -834.503486
    1745000 -832.555226
    1746000 -833.529688
    1747000 -835.249861
    1748000 -832.867149
    1749000 -832.975953
    1750000 -835.779902
    1751000 -832.442757
    1752000 -837.178128
    1753000 -834.648093
    1754000 -832.517350
    1755000 -836.482455
    1756000 -840.469227
    1757000 -833.307257
    1758000 -832.751835
    1759000 -833.539886
    1760000 -835.517983
    1761000 -835.322736
    1762000 -838.974879
    1763000 -833.138433
    1764000 -832.674572
    1765000 -835.034853
    1766000 -835.691284
    1767000 -839.472067
    1768000 -837.456907
    1769000 -832.955293
    1770000 -832.776207
    1771000 -837.801458
    1772000 -836.061679
    1773000 -833.028879
    1774000 -836.162077
    1775000 -838.325155
    1776000 -835.721618
    1777000 -835.446874
    1778000 -832.442771
    1779000 -836.034213
    1780000 -833.932413
    1781000 -838.190375
    1782000 -833.098293
    1783000 -840.831029
    1784000 -833.280214
    1785000 -833.015347
    1786000 -837.500082
    1787000 -834.409928
    1788000 -832.611945
    1789000 -832.450133
    1790000 -832.523339
    1791000 -841.075241
    1792000 -836.328467
    1793000 -834.484255
    1794000 -832.497434
    1795000 -833.000690
    1796000 -833.134468
    1797000 -835.272880
    1798000 -832.446046
    1799000 -834.401760
    1800000 -835.197998
    1801000 -833.132584
    1802000 -833.036059
    1803000 -832.443184
    1804000 -835.675696
    1805000 -832.757909
    1806000 -835.627411
    1807000 -835.256412
    1808000 -836.552645
    1809000 -832.719591
    1810000 -832.637417
    1811000 -834.570861
    1812000 -834.495646
    1813000 -832.445213
    1814000 -834.411400
    1815000 -833.249427
    1816000 -832.748403
    1817000 -832.458531
    1818000 -832.598471
    1819000 -832.897855
    1820000 -838.013102
    1821000 -832.443314
    1822000 -835.307993
    1823000 -833.135640
    1824000 -832.454141
    1825000 -837.170216
    1826000 -837.819992
    1827000 -838.377398
    1828000 -832.628272
    1829000 -832.456272
    1830000 -832.442791
    1831000 -832.445284
    1832000 -836.471031
    1833000 -835.608345
    1834000 -832.561975
    1835000 -842.749014
    1836000 -835.160640
    1837000 -833.183038
    1838000 -832.447073
    1839000 -836.295601
    1840000 -832.443189
    1841000 -832.841519
    1842000 -837.782782
    1843000 -837.117682
    1844000 -835.969013
    1845000 -835.449755
    1846000 -832.920146
    1847000 -832.768183
    1848000 -833.588886
    1849000 -835.270431
    1850000 -836.634546
    1851000 -835.313747
    1852000 -837.173466
    1853000 -832.735912
    1854000 -835.604050
    1855000 -836.820009
    1856000 -832.805234
    1857000 -832.443019
    1858000 -835.223599
    1859000 -832.519016
    1860000 -832.466478
    1861000 -836.430446
    1862000 -833.464366
    1863000 -835.243814
    1864000 -832.808211
    1865000 -835.988647
    1866000 -833.310537
    1867000 -832.546949
    1868000 -834.579227
    1869000 -839.967459
    1870000 -834.418912
    1871000 -835.785772
    1872000 -832.538174
    1873000 -843.094075
    1874000 -839.969629
    1875000 -834.627742
    1876000 -832.752881
    1877000 -833.246145
    1878000 -833.474343
    1879000 -832.591188
    1880000 -834.585684
    1881000 -835.206128
    1882000 -833.873473
    1883000 -834.579595
    1884000 -840.785605
    1885000 -833.266415
    1886000 -837.304659
    1887000 -832.517416
    1888000 -832.990780
    1889000 -834.888174
    1890000 -833.779780
    1891000 -835.189254
    1892000 -841.002458
    1893000 -840.432105
    1894000 -835.663783
    1895000 -834.030658
    1896000 -832.451056
    1897000 -833.708222
    1898000 -832.758342
    1899000 -838.540844
    1900000 -835.508672
    1901000 -833.871205
    1902000 -834.711849
    1903000 -833.011936
    1904000 -833.383307
    1905000 -834.559475
    1906000 -836.257029
    1907000 -832.468189
    1908000 -835.290044
    1909000 -835.776614
    1910000 -836.981302
    1911000 -835.223108
    1912000 -835.596893
    1913000 -834.920652
    1914000 -838.075223
    1915000 -833.081440
    1916000 -833.591530
    1917000 -833.272183
    1918000 -833.075748
    1919000 -837.188576
    1920000 -832.492606
    1921000 -839.398944
    1922000 -837.816314
    1923000 -836.093383
    1924000 -833.276231
    1925000 -835.218134
    1926000 -833.026569
    1927000 -835.846672
    1928000 -836.213801
    1929000 -835.595462
    1930000 -835.391316
    1931000 -837.244966
    1932000 -835.033076
    1933000 -833.726786
    1934000 -835.352283
    1935000 -842.556397
    1936000 -832.558473
    1937000 -838.054364
    1938000 -832.498712
    1939000 -832.636525
    1940000 -837.617774
    1941000 -837.801284
    1942000 -834.415358
    1943000 -834.213811
    1944000 -835.646312
    1945000 -832.486957
    1946000 -840.484979
    1947000 -835.505895
    1948000 -833.158793
    1949000 -833.255881
    1950000 -835.595987
    1951000 -837.401943
    1952000 -835.542311
    1953000 -835.248664
    1954000 -837.326550
    1955000 -832.826673
    1956000 -834.560354
    1957000 -832.597924
    1958000 -832.768425
    1959000 -835.308266
    1960000 -832.608080
    1961000 -833.357600
    1962000 -832.567736
    1963000 -834.136957
    1964000 -833.228645
    1965000 -832.641333
    1966000 -834.123255
    1967000 -834.613676
    1968000 -837.399036
    1969000 -835.790982
    1970000 -836.217775
    1971000 -832.522423
    1972000 -833.231398
    1973000 -832.444820
    1974000 -833.223634
    1975000 -834.596450
    1976000 -838.166136
    1977000 -840.589155
    1978000 -832.444591
    1979000 -833.451768
    1980000 -832.827110
    1981000 -837.270074
    1982000 -833.791034
    1983000 -835.232891
    1984000 -838.229807
    1985000 -833.014834
    1986000 -837.947474
    1987000 -836.166877
    1988000 -837.411077
    1989000 -837.938962
    1990000 -834.899385
    1991000 -832.444864
    1992000 -835.512175
    1993000 -832.829501
    1994000 -835.005907
    1995000 -833.706171
    1996000 -839.492415
    1997000 -833.084173
    1998000 -838.369739
    1999000 -835.884903
    2000000 -835.627083
    2001000 -832.863948
    2002000 -835.701402
    2003000 -832.442870
    2004000 -838.862680
    2005000 -835.745734
    2006000 -833.060557
    2007000 -835.217059
    2008000 -836.213209
    2009000 -837.861672
    2010000 -834.471886
    2011000 -835.912090
    2012000 -838.819785
    2013000 -833.020939
    2014000 -835.511043
    2015000 -835.591747
    2016000 -836.537502
    2017000 -832.619251
    2018000 -832.444274
    2019000 -838.850885
    2020000 -835.191678
    2021000 -832.612642
    2022000 -838.724840
    2023000 -833.442793
    2024000 -832.811979
    2025000 -835.562318
    2026000 -832.477018
    2027000 -832.960188
    2028000 -835.159683
    2029000 -835.595462
    2030000 -834.405832
    2031000 -832.489325
    2032000 -832.483912
    2033000 -835.339804
    2034000 -832.453545
    2035000 -833.169275
    2036000 -832.609386
    2037000 -833.880837
    2038000 -832.443060
    2039000 -833.314217
    2040000 -832.790616
    2041000 -832.446767
    2042000 -832.454796
    2043000 -832.726874
    2044000 -833.226208
    2045000 -832.991885
    2046000 -833.020850
    2047000 -834.677478
    2048000 -834.472681
    2049000 -835.785919
    2050000 -832.553790
    2051000 -833.264362
    2052000 -843.734245
    2053000 -835.613626
    2054000 -834.494387
    2055000 -833.967782
    2056000 -833.397986
    2057000 -834.542514
    2058000 -835.595608
    2059000 -835.166739
    2060000 -836.649801
    2061000 -840.844476
    2062000 -836.185521
    2063000 -832.973523
    2064000 -833.602265
    2065000 -835.290175
    2066000 -836.182626
    2067000 -835.193386
    2068000 -833.490050
    2069000 -834.045019
    2070000 -835.257794
    2071000 -840.389879
    2072000 -836.229585
    2073000 -837.179884
    2074000 -837.627846
    2075000 -832.683914
    2076000 -835.254420
    2077000 -832.823573
    2078000 -832.995100
    2079000 -835.383258
    2080000 -832.590259
    2081000 -835.355906
    2082000 -837.851340
    2083000 -832.699869
    2084000 -835.983475
    2085000 -834.574405
    2086000 -838.017657
    2087000 -832.614285
    2088000 -835.602522
    2089000 -840.020563
    2090000 -832.587142
    2091000 -832.446162
    2092000 -832.833652
    2093000 -833.695692
    2094000 -833.168860
    2095000 -832.988543
    2096000 -835.120525
    2097000 -834.246256
    2098000 -833.179825
    2099000 -835.724408
    2100000 -834.569476
    2101000 -833.391837
    2102000 -832.640649
    2103000 -832.585693
    2104000 -837.716496
    2105000 -833.868900
    2106000 -833.661211
    2107000 -832.489796
    2108000 -832.478063
    2109000 -835.602406
    2110000 -833.134034
    2111000 -832.575934
    2112000 -834.508409
    2113000 -836.447727
    2114000 -835.159451
    2115000 -832.773491
    2116000 -840.552141
    2117000 -833.768330
    2118000 -835.855730
    2119000 -832.720207
    2120000 -838.045918
    2121000 -833.461986
    2122000 -835.810959
    2123000 -835.717293
    2124000 -838.186931
    2125000 -834.477379
    2126000 -832.820317
    2127000 -834.739534
    2128000 -837.922086
    2129000 -835.201818
    2130000 -833.100842
    2131000 -834.658843
    2132000 -832.983759
    2133000 -832.505443
    2134000 -836.433347
    2135000 -832.683382
    2136000 -832.452672
    2137000 -833.222520
    2138000 -835.710703
    2139000 -832.463596
    2140000 -832.896481
    2141000 -838.147131
    2142000 -838.035472
    2143000 -835.266481
    2144000 -837.170514
    2145000 -832.475011
    2146000 -837.902514
    2147000 -832.545276
    2148000 -840.861497
    2149000 -834.687147
    2150000 -832.447870
    2151000 -832.968514
    2152000 -840.487594
    2153000 -832.485332
    2154000 -835.224738
    2155000 -840.073328
    2156000 -832.443409
    2157000 -833.456811
    2158000 -835.202577
    2159000 -832.654831
    2160000 -832.442785
    2161000 -833.214832
    2162000 -835.762888
    2163000 -832.485432
    2164000 -840.722609
    2165000 -832.727672
    2166000 -836.051918
    2167000 -839.245422
    2168000 -837.577147
    2169000 -833.276628
    2170000 -833.013562
    2171000 -835.208312
    2172000 -837.821615
    2173000 -832.449195
    2174000 -832.964089
    2175000 -832.998028
    2176000 -832.739107
    2177000 -832.993658
    2178000 -832.950771
    2179000 -832.592699
    2180000 -834.518268
    2181000 -832.452587
    2182000 -835.991759
    2183000 -832.699866
    2184000 -836.974268
    2185000 -837.262999
    2186000 -832.444612
    2187000 -834.819544
    2188000 -834.000378
    2189000 -832.743213
    2190000 -833.031920
    2191000 -837.222065
    2192000 -832.583618
    2193000 -835.150285
    2194000 -832.544973
    2195000 -832.832865
    2196000 -833.741816
    2197000 -835.832540
    2198000 -836.267680
    2199000 -833.121719
    2200000 -835.245832
    2201000 -834.471231
    2202000 -832.817215
    2203000 -833.189284
    2204000 -832.793882
    2205000 -833.035483
    2206000 -836.125223
    2207000 -832.472880
    2208000 -838.322820
    2209000 -834.533721
    2210000 -837.850229
    2211000 -835.148595
    2212000 -835.218148
    2213000 -835.157549
    2214000 -835.173683
    2215000 -834.400421
    2216000 -832.449475
    2217000 -832.543865
    2218000 -837.854205
    2219000 -835.983866
    2220000 -836.072267
    2221000 -839.485065
    2222000 -832.445980
    2223000 -835.341712
    2224000 -838.205009
    2225000 -832.595576
    2226000 -833.666824
    2227000 -832.760408
    2228000 -838.021636
    2229000 -837.867872
    2230000 -832.500098
    2231000 -834.481140
    2232000 -835.608575
    2233000 -838.476376
    2234000 -834.402755
    2235000 -840.678704
    2236000 -833.137242
    2237000 -832.894883
    2238000 -835.066093
    2239000 -835.495996
    2240000 -835.632644
    2241000 -835.372636
    2242000 -832.729598
    2243000 -832.454795
    2244000 -835.693225
    2245000 -832.943836
    2246000 -835.782379
    2247000 -832.993953
    2248000 -837.295755
    2249000 -832.482972
    2250000 -838.771276
    2251000 -836.691987
    2252000 -832.442754
    2253000 -835.427366
    2254000 -832.734794
    2255000 -836.411337
    2256000 -832.539891
    2257000 -832.479819
    2258000 -835.234288
    2259000 -842.946401
    2260000 -838.898279
    2261000 -833.112279
    2262000 -834.424651
    2263000 -832.482990
    2264000 -833.826176
    2265000 -834.135514
    2266000 -838.123399
    2267000 -832.644068
    2268000 -836.350610
    2269000 -834.051336
    2270000 -835.149398
    2271000 -832.454903
    2272000 -834.986952
    2273000 -835.334292
    2274000 -835.606214
    2275000 -832.585962
    2276000 -835.155814
    2277000 -835.753023
    2278000 -835.159288
    2279000 -835.602901
    2280000 -832.442889
    2281000 -832.842096
    2282000 -833.638641
    2283000 -832.665128
    2284000 -836.421542
    2285000 -833.191353
    2286000 -835.589064
    2287000 -835.622354
    2288000 -835.410639
    2289000 -834.244439
    2290000 -832.464576
    2291000 -833.200627
    2292000 -837.841778
    2293000 -837.807512
    2294000 -832.614377
    2295000 -833.554403
    2296000 -839.893330
    2297000 -834.399707
    2298000 -833.869109
    2299000 -832.993352
    2300000 -835.807824
    2301000 -835.292039
    2302000 -843.294782
    2303000 -835.363933
    2304000 -834.906563
    2305000 -836.417205
    2306000 -832.613648
    2307000 -838.153243
    2308000 -838.579704
    2309000 -838.467627
    2310000 -832.533916
    2311000 -840.369055
    2312000 -834.525645
    2313000 -833.047782
    2314000 -836.710887
    2315000 -833.520169
    2316000 -835.686549
    2317000 -839.212142
    2318000 -835.222357
    2319000 -836.855576
    2320000 -836.536901
    2321000 -833.414890
    2322000 -836.175971
    2323000 -833.004265
    2324000 -837.631557
    2325000 -839.261490
    2326000 -832.643723
    2327000 -832.444628
    2328000 -832.454709
    2329000 -832.684606
    2330000 -832.541742
    2331000 -834.541058
    2332000 -833.928549
    2333000 -832.568790
    2334000 -833.145188
    2335000 -835.879493
    2336000 -832.517080
    2337000 -834.423544
    2338000 -832.988152
    2339000 -832.530727
    2340000 -832.442749
    2341000 -839.666116
    2342000 -837.901977
    2343000 -838.367013
    2344000 -835.351304
    2345000 -835.247312
    2346000 -838.594695
    2347000 -833.018175
    2348000 -832.720641
    2349000 -835.595736
    2350000 -832.750255
    2351000 -832.740165
    2352000 -832.790483
    2353000 -832.563624
    2354000 -836.771472
    2355000 -843.551934
    2356000 -835.277570
    2357000 -836.277119
    2358000 -833.054534
    2359000 -833.223660
    2360000 -832.465503
    2361000 -833.004859
    2362000 -838.194156
    2363000 -835.625857
    2364000 -838.138276
    2365000 -832.460471
    2366000 -832.443220
    2367000 -835.213980
    2368000 -837.639878
    2369000 -834.664919
    2370000 -834.621202
    2371000 -836.218160
    2372000 -840.405411
    2373000 -832.537935
    2374000 -833.247448
    2375000 -837.069419
    2376000 -834.406253
    2377000 -835.467495
    2378000 -833.701663
    2379000 -832.442771
    2380000 -838.790338
    2381000 -837.759003
    2382000 -835.197858
    2383000 -835.268387
    2384000 -835.282490
    2385000 -832.450042
    2386000 -835.859772
    2387000 -833.021461
    2388000 -837.032160
    2389000 -841.238190
    2390000 -832.490886
    2391000 -832.451835
    2392000 -832.493302
    2393000 -834.397636
    2394000 -835.449137
    2395000 -836.157663
    2396000 -833.036521
    2397000 -833.579654
    2398000 -832.446414
    2399000 -834.394364
    2400000 -832.456101
    2401000 -835.660067
    2402000 -837.818839
    2403000 -834.239239
    2404000 -835.488292
    2405000 -832.687472
    2406000 -833.415773
    2407000 -832.452045
    2408000 -833.654774
    2409000 -836.239651
    2410000 -841.318386
    2411000 -833.609242
    2412000 -833.099052
    2413000 -832.661403
    2414000 -837.271602
    2415000 -835.134247
    2416000 -835.482342
    2417000 -840.423159
    2418000 -832.548857
    2419000 -837.170492
    2420000 -835.404840
    2421000 -833.580944
    2422000 -835.538621
    2423000 -832.514947
    2424000 -840.591610
    2425000 -834.396075
    2426000 -832.780860
    2427000 -840.426817
    2428000 -835.329161
    2429000 -838.843929
    2430000 -832.466393
    2431000 -835.426622
    2432000 -832.445482
    2433000 -837.799591
    2434000 -837.517856
    2435000 -833.685347
    2436000 -834.569636
    2437000 -838.112775
    2438000 -833.869428
    2439000 -835.363091
    2440000 -835.157141
    2441000 -835.899569
    2442000 -833.185212
    2443000 -835.159450
    2444000 -838.020688
    2445000 -837.836439
    2446000 -834.505296
    2447000 -835.160059
    2448000 -835.754498
    2449000 -833.478325
    2450000 -837.181600
    2451000 -837.845027
    2452000 -833.511296
    2453000 -838.007308
    2454000 -833.426632
    2455000 -833.735840
    2456000 -833.290127
    2457000 -835.230177
    2458000 -832.468751
    2459000 -832.658734
    2460000 -838.149300
    2461000 -840.638750
    2462000 -832.721244
    2463000 -833.117538
    2464000 -832.621785
    2465000 -837.801012
    2466000 -833.355239
    2467000 -835.720708
    2468000 -832.689262
    2469000 -834.545821
    2470000 -833.358583
    2471000 -832.587472
    2472000 -832.625326
    2473000 -832.450295
    2474000 -833.645978
    2475000 -835.149820
    2476000 -835.150687
    2477000 -836.762101
    2478000 -837.194681
    2479000 -832.922413
    2480000 -835.148600
    2481000 -838.333021
    2482000 -838.590234
    2483000 -832.538332
    2484000 -833.191425
    2485000 -832.443254
    2486000 -835.156414
    2487000 -833.201083
    2488000 -832.547226
    2489000 -839.532689
    2490000 -835.206992
    2491000 -835.899177
    2492000 -832.511268
    2493000 -837.822670
    2494000 -836.162341
    2495000 -834.494571
    2496000 -832.993135
    2497000 -835.245398
    2498000 -834.829367
    2499000 -837.109093
    2500000 -836.920959
    2501000 -836.078406
    2502000 -832.494653
    2503000 -835.287981
    2504000 -835.490356
    2505000 -837.414497
    2506000 -835.149733
    2507000 -838.517669
    2508000 -832.508478
    2509000 -832.574787
    2510000 -832.593543
    2511000 -832.608991
    2512000 -832.469163
    2513000 -843.845435
    2514000 -834.182608
    2515000 -832.786977
    2516000 -832.763480
    2517000 -834.398561
    2518000 -836.348684
    2519000 -833.257126
    2520000 -835.631242
    2521000 -832.445390
    2522000 -832.843841
    2523000 -832.466835
    2524000 -836.284241
    2525000 -832.462049
    2526000 -832.537179
    2527000 -833.173084
    2528000 -837.843844
    2529000 -834.803346
    2530000 -832.997962
    2531000 -832.459284
    2532000 -832.487743
    2533000 -833.028726
    2534000 -835.611515
    2535000 -832.507843
    2536000 -833.004443
    2537000 -832.460563
    2538000 -832.470443
    2539000 -832.562982
    2540000 -835.377287
    2541000 -836.189056
    2542000 -835.854147
    2543000 -834.585057
    2544000 -835.494184
    2545000 -837.892066
    2546000 -838.792703
    2547000 -835.291578
    2548000 -832.589727
    2549000 -832.519621
    2550000 -833.292141
    2551000 -832.824012
    2552000 -838.654577
    2553000 -832.615757
    2554000 -833.798041
    2555000 -835.607846
    2556000 -835.171276
    2557000 -832.913584
    2558000 -833.148411
    2559000 -834.557463
    2560000 -832.459110
    2561000 -834.509601
    2562000 -833.532693
    2563000 -832.757480
    2564000 -835.496944
    2565000 -834.413051
    2566000 -832.456494
    2567000 -835.162520
    2568000 -833.980832
    2569000 -835.171490
    2570000 -835.245063
    2571000 -837.973063
    2572000 -835.943597
    2573000 -833.016887
    2574000 -832.608668
    2575000 -832.875182
    2576000 -840.635168
    2577000 -833.360359
    2578000 -833.004116
    2579000 -832.911353
    2580000 -834.395983
    2581000 -833.036812
    2582000 -836.770836
    2583000 -832.600691
    2584000 -835.566339
    2585000 -842.938425
    2586000 -832.957152
    2587000 -848.685534
    2588000 -834.412769
    2589000 -832.671902
    2590000 -832.457638
    2591000 -838.023978
    2592000 -833.373683
    2593000 -834.152632
    2594000 -842.628752
    2595000 -832.560722
    2596000 -833.441333
    2597000 -833.005180
    2598000 -833.478707
    2599000 -835.311173
    2600000 -836.000699
    2601000 -832.473526
    2602000 -834.854328
    2603000 -837.452240
    2604000 -834.154026
    2605000 -832.467634
    2606000 -832.703195
    2607000 -833.479026
    2608000 -838.002043
    2609000 -832.681578
    2610000 -835.621576
    2611000 -834.407948
    2612000 -840.010994
    2613000 -833.512329
    2614000 -837.158186
    2615000 -835.517149
    2616000 -836.504660
    2617000 -836.061525
    2618000 -833.450235
    2619000 -832.516404
    2620000 -835.868960
    2621000 -835.148601
    2622000 -832.519127
    2623000 -841.451873
    2624000 -840.006035
    2625000 -835.343977
    2626000 -833.304161
    2627000 -832.496111
    2628000 -832.612620
    2629000 -835.770462
    2630000 -832.581392
    2631000 -833.446143
    2632000 -833.116534
    2633000 -835.304122
    2634000 -832.701595
    2635000 -833.660634
    2636000 -834.416262
    2637000 -832.491042
    2638000 -837.799068
    2639000 -834.396594
    2640000 -840.293979
    2641000 -836.749482
    2642000 -835.750490
    2643000 -834.931898
    2644000 -834.394186
    2645000 -833.312001
    2646000 -834.546397
    2647000 -832.503925
    2648000 -832.734498
    2649000 -835.457532
    2650000 -837.924053
    2651000 -833.821134
    2652000 -838.380039
    2653000 -832.442778
    2654000 -836.543591
    2655000 -835.629932
    2656000 -833.243830
    2657000 -835.322176
    2658000 -839.434674
    2659000 -835.205163
    2660000 -832.750088
    2661000 -833.428582
    2662000 -832.650414
    2663000 -832.543643
    2664000 -835.281117
    2665000 -834.527258
    2666000 -833.243360
    2667000 -833.223683
    2668000 -835.611648
    2669000 -836.597467
    2670000 -835.174596
    2671000 -832.507242
    2672000 -832.452753
    2673000 -834.961256
    2674000 -832.448722
    2675000 -835.297843
    2676000 -836.234629
    2677000 -838.179041
    2678000 -832.447711
    2679000 -835.988917
    2680000 -833.622390
    2681000 -832.967328
    2682000 -832.506986
    2683000 -835.170039
    2684000 -835.612996
    2685000 -835.472225
    2686000 -835.355938
    2687000 -835.793271
    2688000 -835.902044
    2689000 -833.879216
    2690000 -835.149042
    2691000 -832.627074
    2692000 -832.774596
    2693000 -832.892133
    2694000 -832.732354
    2695000 -832.687067
    2696000 -833.157745
    2697000 -837.799545
    2698000 -832.783068
    2699000 -834.436512
    2700000 -832.995617
    2701000 -832.545301
    2702000 -832.931414
    2703000 -835.599213
    2704000 -834.478813
    2705000 -837.906434
    2706000 -842.813477
    2707000 -833.171933
    2708000 -835.274715
    2709000 -832.444148
    2710000 -832.628663
    2711000 -833.059613
    2712000 -834.525782
    2713000 -832.526060
    2714000 -832.925959
    2715000 -834.872155
    2716000 -835.084129
    2717000 -832.778582
    2718000 -837.812854
    2719000 -837.072314
    2720000 -837.838346
    2721000 -835.507719
    2722000 -836.635968
    2723000 -832.478685
    2724000 -835.253388
    2725000 -835.162020
    2726000 -832.822553
    2727000 -832.722582
    2728000 -832.965264
    2729000 -832.537667
    2730000 -835.448153
    2731000 -832.607119
    2732000 -834.666545
    2733000 -838.165725
    2734000 -832.444683
    2735000 -838.393172
    2736000 -832.933169
    2737000 -833.901778
    2738000 -832.562076
    2739000 -834.986632
    2740000 -845.785980
    2741000 -832.594724
    2742000 -833.736433
    2743000 -833.269626
    2744000 -840.354676
    2745000 -836.956222
    2746000 -833.231677
    2747000 -840.089360
    2748000 -835.471934
    2749000 -835.175025
    2750000 -834.023602
    2751000 -836.956000
    2752000 -832.493573
    2753000 -832.468636
    2754000 -834.855023
    2755000 -837.170735
    2756000 -839.138718
    2757000 -835.148705
    2758000 -836.424777
    2759000 -835.411938
    2760000 -832.647176
    2761000 -835.259500
    2762000 -838.999843
    2763000 -832.461690
    2764000 -832.972863
    2765000 -838.145317
    2766000 -835.600350
    2767000 -835.998288
    2768000 -837.776982
    2769000 -840.473033
    2770000 -845.750190
    2771000 -836.102215
    2772000 -837.891211
    2773000 -835.053463
    2774000 -835.155599
    2775000 -836.860071
    2776000 -834.369304
    2777000 -835.170551
    2778000 -835.529835
    2779000 -834.772243
    2780000 -832.752156
    2781000 -837.505769
    2782000 -832.993587
    2783000 -832.960642
    2784000 -833.034991
    2785000 -835.151937
    2786000 -835.513540
    2787000 -837.801310
    2788000 -833.253545
    2789000 -832.557475
    2790000 -837.559413
    2791000 -837.814899
    2792000 -832.966901
    2793000 -833.061747
    2794000 -837.931095
    2795000 -835.499514
    2796000 -833.049051
    2797000 -833.100599
    2798000 -832.449964
    2799000 -840.639149
    2800000 -835.397456
    2801000 -837.856038
    2802000 -835.454341
    2803000 -835.131545
    2804000 -835.305949
    2805000 -832.680392
    2806000 -835.607134
    2807000 -832.659270
    2808000 -832.721715
    2809000 -832.460767
    2810000 -837.349916
    2811000 -832.596884
    2812000 -840.686483
    2813000 -835.036642
    2814000 -835.955255
    2815000 -834.527062
    2816000 -835.161928
    2817000 -840.570855
    2818000 -834.546991
    2819000 -837.581835
    2820000 -832.997244
    2821000 -838.224755
    2822000 -837.860552
    2823000 -836.088036
    2824000 -835.892730
    2825000 -838.148592
    2826000 -835.881975
    2827000 -837.379944
    2828000 -832.999123
    2829000 -834.394936
    2830000 -832.449328
    2831000 -836.168453
    2832000 -833.312210
    2833000 -837.343992
    2834000 -832.453408
    2835000 -835.298497
    2836000 -834.405801
    2837000 -835.385649
    2838000 -835.455950
    2839000 -836.197558
    2840000 -834.582315
    2841000 -839.151668
    2842000 -835.641722
    2843000 -832.576975
    2844000 -832.560476
    2845000 -835.189126
    2846000 -832.443057
    2847000 -832.778093
    2848000 -832.534670
    2849000 -834.495265
    2850000 -833.501481
    2851000 -838.467111
    2852000 -840.136227
    2853000 -839.898424
    2854000 -837.851366
    2855000 -838.053556
    2856000 -833.150669
    2857000 -836.103111
    2858000 -832.500166
    2859000 -835.869973
    2860000 -833.300091
    2861000 -835.837695
    2862000 -832.445465
    2863000 -835.245372
    2864000 -835.149048
    2865000 -833.081334
    2866000 -840.369883
    2867000 -837.180824
    2868000 -835.245023
    2869000 -832.627576
    2870000 -836.156584
    2871000 -835.529379
    2872000 -833.154007
    2873000 -834.518895
    2874000 -833.922928
    2875000 -835.633756
    2876000 -837.882375
    2877000 -837.246093
    2878000 -834.439116
    2879000 -832.654646
    2880000 -832.593130
    2881000 -836.368225
    2882000 -837.416077
    2883000 -835.595559
    2884000 -837.821925
    2885000 -832.692598
    2886000 -835.621711
    2887000 -833.570929
    2888000 -835.177324
    2889000 -836.064702
    2890000 -835.695503
    2891000 -835.693360
    2892000 -832.482332
    2893000 -832.444874
    2894000 -834.462283
    2895000 -835.458840
    2896000 -835.086723
    2897000 -833.927840
    2898000 -835.806393
    2899000 -838.900844
    2900000 -834.958048
    2901000 -838.073960
    2902000 -838.203556
    2903000 -835.181865
    2904000 -837.922950
    2905000 -832.511596
    2906000 -832.445268
    2907000 -832.911417
    2908000 -832.899518
    2909000 -837.190586
    2910000 -832.759429
    2911000 -834.189368
    2912000 -835.303106
    2913000 -835.596514
    2914000 -835.645460
    2915000 -832.890188
    2916000 -832.495879
    2917000 -838.354700
    2918000 -834.457999
    2919000 -833.200579
    2920000 -833.141836
    2921000 -833.336988
    2922000 -834.394727
    2923000 -834.546822
    2924000 -832.509781
    2925000 -833.999543
    2926000 -836.069960
    2927000 -838.666156
    2928000 -835.293745
    2929000 -836.257223
    2930000 -834.394156
    2931000 -837.806869
    2932000 -838.529821
    2933000 -835.990324
    2934000 -832.621625
    2935000 -840.595327
    2936000 -832.770271
    2937000 -832.477947
    2938000 -832.481049
    2939000 -833.014128
    2940000 -832.829215
    2941000 -832.458836
    2942000 -837.129382
    2943000 -832.467930
    2944000 -840.513115
    2945000 -833.170179
    2946000 -832.648324
    2947000 -840.006584
    2948000 -836.659349
    2949000 -835.720756
    2950000 -833.065412
    2951000 -835.179993
    2952000 -832.481708
    2953000 -833.010429
    2954000 -833.879180
    2955000 -832.462995
    2956000 -840.394532
    2957000 -834.423060
    2958000 -837.932564
    2959000 -836.158712
    2960000 -833.691214
    2961000 -835.736451
    2962000 -832.559540
    2963000 -835.977037
    2964000 -833.126793
    2965000 -840.056519
    2966000 -839.360643
    2967000 -832.552644
    2968000 -833.862625
    2969000 -832.449020
    2970000 -838.413106
    2971000 -832.724220
    2972000 -832.568977
    2973000 -832.538846
    2974000 -833.126053
    2975000 -834.710395
    2976000 -835.156732
    2977000 -835.163302
    2978000 -832.501446
    2979000 -838.206383
    2980000 -833.353395
    2981000 -835.862537
    2982000 -835.329946
    2983000 -834.781638
    2984000 -832.460298
    2985000 -832.442744
    2986000 -835.428260
    2987000 -836.754132
    2988000 -837.798759
    2989000 -839.987096
    2990000 -837.939576
    2991000 -835.762130
    2992000 -833.603079
    2993000 -833.731930
    2994000 -832.529895
    2995000 -833.682627
    2996000 -832.464346
    2997000 -834.419927
    2998000 -834.870757
    2999000 -833.637276
    3000000 -832.993632
