    genPlus1     spaQ
        1000  0.169136
        2000  0.097969
        3000  0.128292
        4000  0.117661
        5000  0.170347
        6000  0.193137
        7000  0.147116
        8000  0.159801
        9000  0.145704
       10000  0.089215
       11000  0.138839
       12000  0.143911
       13000  0.176230
       14000  0.123953
       15000  0.149559
       16000  0.174846
       17000  0.199509
       18000  0.129993
       19000  0.128960
       20000  0.116879
       21000  0.126160
       22000  0.147447
       23000  0.156048
       24000  0.176245
       25000  0.192311
       26000  0.188687
       27000  0.153387
       28000  0.151626
       29000  0.128393
       30000  0.204203
       31000  0.150687
       32000  0.164352
       33000  0.176091
       34000  0.128042
       35000  0.116104
       36000  0.195875
       37000  0.173233
       38000  0.152739
       39000  0.195360
       40000  0.118603
       41000  0.159594
       42000  0.165906
       43000  0.154297
       44000  0.179203
       45000  0.167114
       46000  0.146983
       47000  0.125724
       48000  0.139414
       49000  0.148862
       50000  0.183542
       51000  0.110168
       52000  0.109416
       53000  0.141418
       54000  0.167341
       55000  0.185651
       56000  0.165996
       57000  0.116287
       58000  0.163764
       59000  0.224274
       60000  0.101732
       61000  0.130813
       62000  0.151930
       63000  0.183113
       64000  0.121785
       65000  0.152065
       66000  0.172931
       67000  0.197703
       68000  0.176588
       69000  0.115210
       70000  0.190205
       71000  0.139907
       72000  0.187678
       73000  0.181104
       74000  0.196178
       75000  0.140249
       76000  0.119063
       77000  0.150187
       78000  0.215842
       79000  0.148198
       80000  0.135049
       81000  0.185968
       82000  0.203814
       83000  0.197447
       84000  0.181039
       85000  0.184791
       86000  0.136345
       87000  0.088676
       88000  0.088957
       89000  0.110259
       90000  0.186641
       91000  0.185663
       92000  0.197932
       93000  0.196740
       94000  0.127528
       95000  0.174211
       96000  0.153394
       97000  0.156213
       98000  0.152790
       99000  0.158571
      100000  0.189924
      101000  0.142935
      102000  0.190041
      103000  0.155998
      104000  0.139441
      105000  0.105292
      106000  0.139644
      107000  0.189155
      108000  0.126066
      109000  0.135467
      110000  0.203063
      111000  0.112445
      112000  0.183202
      113000  0.154364
      114000  0.156944
      115000  0.150530
      116000  0.196028
      117000  0.138141
      118000  0.164920
      119000  0.175878
      120000  0.144051
      121000  0.192823
      122000  0.130011
      123000  0.186549
      124000  0.136575
      125000  0.092093
      126000  0.162115
      127000  0.163759
      128000  0.166173
      129000  0.180271
      130000  0.135723
      131000  0.197137
      132000  0.100537
      133000  0.116662
      134000  0.201370
      135000  0.147682
      136000  0.068283
      137000  0.172903
      138000  0.127105
      139000  0.147628
      140000  0.148280
      141000  0.196288
      142000  0.112425
      143000  0.149251
      144000  0.200481
      145000  0.148733
      146000  0.143806
      147000  0.146360
      148000  0.127406
      149000  0.157007
      150000  0.109570
      151000  0.132183
      152000  0.154736
      153000  0.134721
      154000  0.115301
      155000  0.193746
      156000  0.171734
      157000  0.190109
      158000  0.187230
      159000  0.132771
      160000  0.163875
      161000  0.162515
      162000  0.150336
      163000  0.211990
      164000  0.170851
      165000  0.108761
      166000  0.179464
      167000  0.147753
      168000  0.117669
      169000  0.167230
      170000  0.138136
      171000  0.097330
      172000  0.155075
      173000  0.181430
      174000  0.125506
      175000  0.127805
      176000  0.129763
      177000  0.145045
      178000  0.136452
      179000  0.137222
      180000  0.122701
      181000  0.117075
      182000  0.221486
      183000  0.168634
      184000  0.143585
      185000  0.166432
      186000  0.127075
      187000  0.091909
      188000  0.179897
      189000  0.177971
      190000  0.223281
      191000  0.154635
      192000  0.094698
      193000  0.213142
      194000  0.180679
      195000  0.168011
      196000  0.140545
      197000  0.162847
      198000  0.135396
      199000  0.165465
      200000  0.144517
      201000  0.143093
      202000  0.117229
      203000  0.119580
      204000  0.149390
      205000  0.114967
      206000  0.155881
      207000  0.177106
      208000  0.178512
      209000  0.159386
      210000  0.214256
      211000  0.130927
      212000  0.160493
      213000  0.168081
      214000  0.126620
      215000  0.180345
      216000  0.129294
      217000  0.111009
      218000  0.122533
      219000  0.116750
      220000  0.143336
      221000  0.136457
      222000  0.184426
      223000  0.168462
      224000  0.145808
      225000  0.109357
      226000  0.217703
      227000  0.224387
      228000  0.154557
      229000  0.133886
      230000  0.139140
      231000  0.131574
      232000  0.134478
      233000  0.119317
      234000  0.199808
      235000  0.153304
      236000  0.196260
      237000  0.177556
      238000  0.166266
      239000  0.130034
      240000  0.138459
      241000  0.176825
      242000  0.165041
      243000  0.143338
      244000  0.140214
      245000  0.120466
      246000  0.199588
      247000  0.163076
      248000  0.200666
      249000  0.135931
      250000  0.150161
      251000  0.165819
      252000  0.175165
      253000  0.137234
      254000  0.119397
      255000  0.177476
      256000  0.157913
      257000  0.161951
      258000  0.191843
      259000  0.154496
      260000  0.176562
      261000  0.140879
      262000  0.139686
      263000  0.124799
      264000  0.159271
      265000  0.138934
      266000  0.138925
      267000  0.142881
      268000  0.167207
      269000  0.138180
      270000  0.199137
      271000  0.104951
      272000  0.133172
      273000  0.165637
      274000  0.157584
      275000  0.148298
      276000  0.169642
      277000  0.118450
      278000  0.129517
      279000  0.145197
      280000  0.193848
      281000  0.098349
      282000  0.187965
      283000  0.131786
      284000  0.146107
      285000  0.157947
      286000  0.144214
      287000  0.159778
      288000  0.149156
      289000  0.199064
      290000  0.161439
      291000  0.151332
      292000  0.168785
      293000  0.145422
      294000  0.192491
      295000  0.105131
      296000  0.160145
      297000  0.140416
      298000  0.138513
      299000  0.171408
      300000  0.199980
      301000  0.139867
      302000  0.183035
      303000  0.209831
      304000  0.128517
      305000  0.157847
      306000  0.103277
      307000  0.160832
      308000  0.189579
      309000  0.157020
      310000  0.130090
      311000  0.185972
      312000  0.134175
      313000  0.160519
      314000  0.133759
      315000  0.234651
      316000  0.103447
      317000  0.224439
      318000  0.205459
      319000  0.191666
      320000  0.173315
      321000  0.150663
      322000  0.194121
      323000  0.134576
      324000  0.148656
      325000  0.154794
      326000  0.136525
      327000  0.159156
      328000  0.193080
      329000  0.171055
      330000  0.106670
      331000  0.144990
      332000  0.179962
      333000  0.137608
      334000  0.167482
      335000  0.223202
      336000  0.137043
      337000  0.146818
      338000  0.189314
      339000  0.175597
      340000  0.181648
      341000  0.187923
      342000  0.149458
      343000  0.148022
      344000  0.205087
      345000  0.151168
      346000  0.117070
      347000  0.127486
      348000  0.116793
      349000  0.184472
      350000  0.160055
      351000  0.146327
      352000  0.157477
      353000  0.141831
      354000  0.133902
      355000  0.216236
      356000  0.186482
      357000  0.138383
      358000  0.178218
      359000  0.184733
      360000  0.088287
      361000  0.188059
      362000  0.164722
      363000  0.157490
      364000  0.173829
      365000  0.139848
      366000  0.190437
      367000  0.129619
      368000  0.221953
      369000  0.151761
      370000  0.169538
      371000  0.175125
      372000  0.126715
      373000  0.174582
      374000  0.148869
      375000  0.163940
      376000  0.194268
      377000  0.161510
      378000  0.179366
      379000  0.115720
      380000  0.126473
      381000  0.066769
      382000  0.126701
      383000  0.169661
      384000  0.170139
      385000  0.144423
      386000  0.155523
      387000  0.089245
      388000  0.159881
      389000  0.169539
      390000  0.108281
      391000  0.090562
      392000  0.170093
      393000  0.137854
      394000  0.144728
      395000  0.194225
      396000  0.196570
      397000  0.185187
      398000  0.139104
      399000  0.145424
      400000  0.187551
      401000  0.218890
      402000  0.147071
      403000  0.180426
      404000  0.208337
      405000  0.200925
      406000  0.187046
      407000  0.139402
      408000  0.186707
      409000  0.171634
      410000  0.105181
      411000  0.207611
      412000  0.162357
      413000  0.124661
      414000  0.173243
      415000  0.149616
      416000  0.088952
      417000  0.229924
      418000  0.182018
      419000  0.174649
      420000  0.199053
      421000  0.149753
      422000  0.136275
      423000  0.146022
      424000  0.168875
      425000  0.127741
      426000  0.157661
      427000  0.115699
      428000  0.213795
      429000  0.207280
      430000  0.185415
      431000  0.148132
      432000  0.092299
      433000  0.195952
      434000  0.164626
      435000  0.149741
      436000  0.187993
      437000  0.165038
      438000  0.220069
      439000  0.229177
      440000  0.179802
      441000  0.149995
      442000  0.181090
      443000  0.184071
      444000  0.200725
      445000  0.113247
      446000  0.146887
      447000  0.173338
      448000  0.195073
      449000  0.118692
      450000  0.149659
      451000  0.155481
      452000  0.152788
      453000  0.115388
      454000  0.132009
      455000  0.200732
      456000  0.118652
      457000  0.169018
      458000  0.179099
      459000  0.099485
      460000  0.178188
      461000  0.135999
      462000  0.155833
      463000  0.161150
      464000  0.107786
      465000  0.181965
      466000  0.186671
      467000  0.209241
      468000  0.107264
      469000  0.124485
      470000  0.217767
      471000  0.193213
      472000  0.148249
      473000  0.146329
      474000  0.164307
      475000  0.167704
      476000  0.158512
      477000  0.145186
      478000  0.155561
      479000  0.139848
      480000  0.174012
      481000  0.157581
      482000  0.132928
      483000  0.167535
      484000  0.165864
      485000  0.182490
      486000  0.152862
      487000  0.189222
      488000  0.186673
      489000  0.208271
      490000  0.161543
      491000  0.157409
      492000  0.135134
      493000  0.160442
      494000  0.213185
      495000  0.175981
      496000  0.173531
      497000  0.152379
      498000  0.183976
      499000  0.161266
      500000  0.176376
      501000  0.183240
      502000  0.119517
      503000  0.104526
      504000  0.152401
      505000  0.169214
      506000  0.195462
      507000  0.112280
      508000  0.165758
      509000  0.148166
      510000  0.160969
      511000  0.179761
      512000  0.131442
      513000  0.155106
      514000  0.169882
      515000  0.140233
      516000  0.145179
      517000  0.181919
      518000  0.133870
      519000  0.100380
      520000  0.135093
      521000  0.153716
      522000  0.201372
      523000  0.086536
      524000  0.180283
      525000  0.207319
      526000  0.098303
      527000  0.210187
      528000  0.174909
      529000  0.126345
      530000  0.223761
      531000  0.202041
      532000  0.118206
      533000  0.121782
      534000  0.111775
      535000  0.127312
      536000  0.179444
      537000  0.135320
      538000  0.158896
      539000  0.146837
      540000  0.141499
      541000  0.169048
      542000  0.191727
      543000  0.217393
      544000  0.159192
      545000  0.135414
      546000  0.118061
      547000  0.210983
      548000  0.150589
      549000  0.157967
      550000  0.138860
      551000  0.129447
      552000  0.205878
      553000  0.153512
      554000  0.154607
      555000  0.099082
      556000  0.172998
      557000  0.144680
      558000  0.134495
      559000  0.146839
      560000  0.181952
      561000  0.127448
      562000  0.152947
      563000  0.124123
      564000  0.197234
      565000  0.133016
      566000  0.133924
      567000  0.170213
      568000  0.096764
      569000  0.117864
      570000  0.145226
      571000  0.172498
      572000  0.149982
      573000  0.200450
      574000  0.158593
      575000  0.152235
      576000  0.207985
      577000  0.172154
      578000  0.110354
      579000  0.169564
      580000  0.106762
      581000  0.173522
      582000  0.237923
      583000  0.177586
      584000  0.149492
      585000  0.168588
      586000  0.207355
      587000  0.129680
      588000  0.151680
      589000  0.201743
      590000  0.174820
      591000  0.138727
      592000  0.160092
      593000  0.149774
      594000  0.157639
      595000  0.143286
      596000  0.169348
      597000  0.194249
      598000  0.136717
      599000  0.197589
      600000  0.103405
      601000  0.140871
      602000  0.109674
      603000  0.173769
      604000  0.131425
      605000  0.172725
      606000  0.182263
      607000  0.144133
      608000  0.182858
      609000  0.170787
      610000  0.190534
      611000  0.094519
      612000  0.220887
      613000  0.180998
      614000  0.137062
      615000  0.159561
      616000  0.116954
      617000  0.127628
      618000  0.156127
      619000  0.184853
      620000  0.163283
      621000  0.140329
      622000  0.142942
      623000  0.146774
      624000  0.161904
      625000  0.145248
      626000  0.148053
      627000  0.181772
      628000  0.148989
      629000  0.116018
      630000  0.177861
      631000  0.180798
      632000  0.141521
      633000  0.140929
      634000  0.152434
      635000  0.153684
      636000  0.162360
      637000  0.174551
      638000  0.120647
      639000  0.104619
      640000  0.142994
      641000  0.091912
      642000  0.202658
      643000  0.168138
      644000  0.151828
      645000  0.185470
      646000  0.115093
      647000  0.132472
      648000  0.167308
      649000  0.185686
      650000  0.158297
      651000  0.202750
      652000  0.171821
      653000  0.176314
      654000  0.152369
      655000  0.156660
      656000  0.158544
      657000  0.168586
      658000  0.115307
      659000  0.178756
      660000  0.164378
      661000  0.140990
      662000  0.136062
      663000  0.208883
      664000  0.183279
      665000  0.163122
      666000  0.191388
      667000  0.146532
      668000  0.151147
      669000  0.158666
      670000  0.137347
      671000  0.168709
      672000  0.154756
      673000  0.147725
      674000  0.148021
      675000  0.152117
      676000  0.168530
      677000  0.148853
      678000  0.148654
      679000  0.173449
      680000  0.171584
      681000  0.189379
      682000  0.188995
      683000  0.164099
      684000  0.185041
      685000  0.136799
      686000  0.156949
      687000  0.195119
      688000  0.141984
      689000  0.090440
      690000  0.203680
      691000  0.155541
      692000  0.139967
      693000  0.189542
      694000  0.142021
      695000  0.173315
      696000  0.164631
      697000  0.114793
      698000  0.153038
      699000  0.140792
      700000  0.133357
      701000  0.176385
      702000  0.148258
      703000  0.105175
      704000  0.176451
      705000  0.139165
      706000  0.142021
      707000  0.227126
      708000  0.137029
      709000  0.158286
      710000  0.152520
      711000  0.158206
      712000  0.105554
      713000  0.203000
      714000  0.140765
      715000  0.134704
      716000  0.203572
      717000  0.178863
      718000  0.116810
      719000  0.158756
      720000  0.187691
      721000  0.203781
      722000  0.153827
      723000  0.122191
      724000  0.187861
      725000  0.160659
      726000  0.107007
      727000  0.152157
      728000  0.092522
      729000  0.130311
      730000  0.121954
      731000  0.129611
      732000  0.211314
      733000  0.223811
      734000  0.105608
      735000  0.148877
      736000  0.209012
      737000  0.138231
      738000  0.127745
      739000  0.185965
      740000  0.131709
      741000  0.117403
      742000  0.151018
      743000  0.150902
      744000  0.147696
      745000  0.136478
      746000  0.143240
      747000  0.171569
      748000  0.113971
      749000  0.139427
      750000  0.132315
      751000  0.168811
      752000  0.148580
      753000  0.177011
      754000  0.163878
      755000  0.147274
      756000  0.098599
      757000  0.178862
      758000  0.109928
      759000  0.129705
      760000  0.208923
      761000  0.155613
      762000  0.139915
      763000  0.073768
      764000  0.116481
      765000  0.230423
      766000  0.180072
      767000  0.199979
      768000  0.145155
      769000  0.139270
      770000  0.096668
      771000  0.153436
      772000  0.173259
      773000  0.137330
      774000  0.222556
      775000  0.194973
      776000  0.122501
      777000  0.117736
      778000  0.193127
      779000  0.137004
      780000  0.169776
      781000  0.145946
      782000  0.160846
      783000  0.158873
      784000  0.153847
      785000  0.137402
      786000  0.202196
      787000  0.120349
      788000  0.169886
      789000  0.152199
      790000  0.165237
      791000  0.179278
      792000  0.129372
      793000  0.121976
      794000  0.199586
      795000  0.154238
      796000  0.117041
      797000  0.133768
      798000  0.127992
      799000  0.152481
      800000  0.149253
      801000  0.176987
      802000  0.132918
      803000  0.172679
      804000  0.153179
      805000  0.210710
      806000  0.143581
      807000  0.202941
      808000  0.128777
      809000  0.139056
      810000  0.132179
      811000  0.174900
      812000  0.203275
      813000  0.139914
      814000  0.125476
      815000  0.100971
      816000  0.167801
      817000  0.104297
      818000  0.147930
      819000  0.149308
      820000  0.136619
      821000  0.168074
      822000  0.124267
      823000  0.118612
      824000  0.137527
      825000  0.127592
      826000  0.131001
      827000  0.143910
      828000  0.204023
      829000  0.163009
      830000  0.178853
      831000  0.124160
      832000  0.128532
      833000  0.150053
      834000  0.157704
      835000  0.147128
      836000  0.206971
      837000  0.156034
      838000  0.143750
      839000  0.147966
      840000  0.171732
      841000  0.161499
      842000  0.134797
      843000  0.211842
      844000  0.116917
      845000  0.219821
      846000  0.096488
      847000  0.199157
      848000  0.122781
      849000  0.209144
      850000  0.140889
      851000  0.173587
      852000  0.149305
      853000  0.121288
      854000  0.152490
      855000  0.085753
      856000  0.095138
      857000  0.099577
      858000  0.172477
      859000  0.177698
      860000  0.148488
      861000  0.138444
      862000  0.191797
      863000  0.203720
      864000  0.115059
      865000  0.123066
      866000  0.108013
      867000  0.187860
      868000  0.130403
      869000  0.190394
      870000  0.188516
      871000  0.164664
      872000  0.173348
      873000  0.207365
      874000  0.119603
      875000  0.168132
      876000  0.209189
      877000  0.169734
      878000  0.114140
      879000  0.199533
      880000  0.131362
      881000  0.136777
      882000  0.149771
      883000  0.153225
      884000  0.143661
      885000  0.139669
      886000  0.090565
      887000  0.175161
      888000  0.116992
      889000  0.155386
      890000  0.164474
      891000  0.162833
      892000  0.208115
      893000  0.120740
      894000  0.178436
      895000  0.163440
      896000  0.165434
      897000  0.145753
      898000  0.147898
      899000  0.122105
      900000  0.121439
      901000  0.115456
      902000  0.170822
      903000  0.163631
      904000  0.131574
      905000  0.146808
      906000  0.100441
      907000  0.161742
      908000  0.131352
      909000  0.232692
      910000  0.151196
      911000  0.163930
      912000  0.183649
      913000  0.165922
      914000  0.143659
      915000  0.144058
      916000  0.097900
      917000  0.167075
      918000  0.136759
      919000  0.122382
      920000  0.195198
      921000  0.090547
      922000  0.175353
      923000  0.194549
      924000  0.167602
      925000  0.147257
      926000  0.147739
      927000  0.114736
      928000  0.136929
      929000  0.151164
      930000  0.149071
      931000  0.160030
      932000  0.132321
      933000  0.144838
      934000  0.197762
      935000  0.188237
      936000  0.219956
      937000  0.177990
      938000  0.131768
      939000  0.136106
      940000  0.116041
      941000  0.146004
      942000  0.113320
      943000  0.212791
      944000  0.153590
      945000  0.193186
      946000  0.147833
      947000  0.176143
      948000  0.184279
      949000  0.185464
      950000  0.137344
      951000  0.185884
      952000  0.100138
      953000  0.234065
      954000  0.153397
      955000  0.129302
      956000  0.155060
      957000  0.157034
      958000  0.164901
      959000  0.168395
      960000  0.214546
      961000  0.116618
      962000  0.179466
      963000  0.176723
      964000  0.202329
      965000  0.175535
      966000  0.163277
      967000  0.119610
      968000  0.145403
      969000  0.152430
      970000  0.189784
      971000  0.146202
      972000  0.178620
      973000  0.201414
      974000  0.125286
      975000  0.132370
      976000  0.164535
      977000  0.125187
      978000  0.132979
      979000  0.150490
      980000  0.106260
      981000  0.155565
      982000  0.166875
      983000  0.146699
      984000  0.261517
      985000  0.174208
      986000  0.108091
      987000  0.199459
      988000  0.192568
      989000  0.167907
      990000  0.146931
      991000  0.226746
      992000  0.124018
      993000  0.118995
      994000  0.089224
      995000  0.136616
      996000  0.122875
      997000  0.136678
      998000  0.093034
      999000  0.166425
     1000000  0.118778
     1001000  0.121518
     1002000  0.217769
     1003000  0.139815
     1004000  0.120718
     1005000  0.131672
     1006000  0.145515
     1007000  0.169212
     1008000  0.190292
     1009000  0.104422
     1010000  0.173071
     1011000  0.110832
     1012000  0.176210
     1013000  0.140141
     1014000  0.148142
     1015000  0.203999
     1016000  0.208149
     1017000  0.183256
     1018000  0.195161
     1019000  0.141535
     1020000  0.181451
     1021000  0.200831
     1022000  0.142382
     1023000  0.177359
     1024000  0.166690
     1025000  0.156899
     1026000  0.186796
     1027000  0.161824
     1028000  0.145693
     1029000  0.133843
     1030000  0.153669
     1031000  0.149224
     1032000  0.137655
     1033000  0.203648
     1034000  0.136836
     1035000  0.220940
     1036000  0.111397
     1037000  0.171602
     1038000  0.137471
     1039000  0.130996
     1040000  0.152351
     1041000  0.195567
     1042000  0.149502
     1043000  0.206349
     1044000  0.154255
     1045000  0.164706
     1046000  0.160600
     1047000  0.092728
     1048000  0.178792
     1049000  0.146482
     1050000  0.145025
     1051000  0.140334
     1052000  0.172177
     1053000  0.146230
     1054000  0.105575
     1055000  0.131374
     1056000  0.160286
     1057000  0.178966
     1058000  0.099859
     1059000  0.176401
     1060000  0.140235
     1061000  0.175910
     1062000  0.160993
     1063000  0.138239
     1064000  0.213261
     1065000  0.184206
     1066000  0.168354
     1067000  0.160743
     1068000  0.186569
     1069000  0.159739
     1070000  0.168856
     1071000  0.177278
     1072000  0.130115
     1073000  0.161330
     1074000  0.190849
     1075000  0.162319
     1076000  0.141985
     1077000  0.175140
     1078000  0.122323
     1079000  0.173665
     1080000  0.149637
     1081000  0.137884
     1082000  0.149386
     1083000  0.129346
     1084000  0.281196
     1085000  0.170058
     1086000  0.154757
     1087000  0.167818
     1088000  0.218053
     1089000  0.221235
     1090000  0.110863
     1091000  0.116356
     1092000  0.185199
     1093000  0.159388
     1094000  0.166163
     1095000  0.150275
     1096000  0.148088
     1097000  0.175579
     1098000  0.202373
     1099000  0.123351
     1100000  0.172707
     1101000  0.154978
     1102000  0.172515
     1103000  0.160258
     1104000  0.174220
     1105000  0.148625
     1106000  0.170258
     1107000  0.145275
     1108000  0.165519
     1109000  0.122217
     1110000  0.106582
     1111000  0.155256
     1112000  0.121250
     1113000  0.173365
     1114000  0.140271
     1115000  0.137942
     1116000  0.213647
     1117000  0.176566
     1118000  0.124384
     1119000  0.167331
     1120000  0.196224
     1121000  0.156359
     1122000  0.159945
     1123000  0.223784
     1124000  0.178204
     1125000  0.171088
     1126000  0.123286
     1127000  0.150364
     1128000  0.110418
     1129000  0.144031
     1130000  0.082578
     1131000  0.154552
     1132000  0.192702
     1133000  0.140189
     1134000  0.199897
     1135000  0.143482
     1136000  0.118609
     1137000  0.092918
     1138000  0.166224
     1139000  0.162234
     1140000  0.148814
     1141000  0.139833
     1142000  0.156061
     1143000  0.219843
     1144000  0.135953
     1145000  0.166527
     1146000  0.158628
     1147000  0.149532
     1148000  0.150616
     1149000  0.117446
     1150000  0.134622
     1151000  0.144248
     1152000  0.131133
     1153000  0.194055
     1154000  0.167488
     1155000  0.177400
     1156000  0.184664
     1157000  0.181757
     1158000  0.142227
     1159000  0.197903
     1160000  0.159673
     1161000  0.155629
     1162000  0.145879
     1163000  0.163687
     1164000  0.207102
     1165000  0.103086
     1166000  0.138774
     1167000  0.146000
     1168000  0.168337
     1169000  0.108776
     1170000  0.173602
     1171000  0.139438
     1172000  0.165901
     1173000  0.151039
     1174000  0.150996
     1175000  0.215707
     1176000  0.139620
     1177000  0.192191
     1178000  0.204283
     1179000  0.150702
     1180000  0.195939
     1181000  0.153313
     1182000  0.173747
     1183000  0.127614
     1184000  0.178309
     1185000  0.106797
     1186000  0.141231
     1187000  0.142644
     1188000  0.212118
     1189000  0.121326
     1190000  0.156035
     1191000  0.210065
     1192000  0.218850
     1193000  0.113943
     1194000  0.147384
     1195000  0.168129
     1196000  0.177190
     1197000  0.205087
     1198000  0.227898
     1199000  0.129246
     1200000  0.136369
     1201000  0.165216
     1202000  0.194069
     1203000  0.202100
     1204000  0.149932
     1205000  0.266890
     1206000  0.124141
     1207000  0.191235
     1208000  0.130619
     1209000  0.194951
     1210000  0.158527
     1211000  0.133162
     1212000  0.137261
     1213000  0.129443
     1214000  0.139865
     1215000  0.199065
     1216000  0.170412
     1217000  0.203562
     1218000  0.169999
     1219000  0.148525
     1220000  0.152883
     1221000  0.153662
     1222000  0.223444
     1223000  0.173135
     1224000  0.128914
     1225000  0.133857
     1226000  0.148749
     1227000  0.158663
     1228000  0.148079
     1229000  0.166061
     1230000  0.156569
     1231000  0.139539
     1232000  0.185179
     1233000  0.087238
     1234000  0.199965
     1235000  0.156543
     1236000  0.176089
     1237000  0.137482
     1238000  0.160291
     1239000  0.242609
     1240000  0.137981
     1241000  0.116274
     1242000  0.140802
     1243000  0.178499
     1244000  0.135334
     1245000  0.162401
     1246000  0.170150
     1247000  0.207441
     1248000  0.154181
     1249000  0.163875
     1250000  0.155311
     1251000  0.130508
     1252000  0.134253
     1253000  0.174253
     1254000  0.109020
     1255000  0.171077
     1256000  0.161668
     1257000  0.127080
     1258000  0.140379
     1259000  0.164415
     1260000  0.100232
     1261000  0.188688
     1262000  0.189376
     1263000  0.194299
     1264000  0.147163
     1265000  0.155562
     1266000  0.192341
     1267000  0.131562
     1268000  0.192475
     1269000  0.149201
     1270000  0.186335
     1271000  0.170439
     1272000  0.214480
     1273000  0.119340
     1274000  0.173795
     1275000  0.190608
     1276000  0.187979
     1277000  0.172346
     1278000  0.185826
     1279000  0.151397
     1280000  0.112591
     1281000  0.199928
     1282000  0.164630
     1283000  0.143931
     1284000  0.148920
     1285000  0.224782
     1286000  0.159108
     1287000  0.124727
     1288000  0.109610
     1289000  0.110457
     1290000  0.119348
     1291000  0.141643
     1292000  0.178410
     1293000  0.162235
     1294000  0.185647
     1295000  0.176455
     1296000  0.162895
     1297000  0.162146
     1298000  0.164094
     1299000  0.110488
     1300000  0.222448
     1301000  0.188146
     1302000  0.115266
     1303000  0.157333
     1304000  0.179074
     1305000  0.148185
     1306000  0.115347
     1307000  0.122347
     1308000  0.137947
     1309000  0.086622
     1310000  0.151805
     1311000  0.204735
     1312000  0.172717
     1313000  0.191149
     1314000  0.147630
     1315000  0.139181
     1316000  0.178430
     1317000  0.077912
     1318000  0.154272
     1319000  0.096425
     1320000  0.136677
     1321000  0.148490
     1322000  0.167113
     1323000  0.149065
     1324000  0.168329
     1325000  0.145845
     1326000  0.181425
     1327000  0.138095
     1328000  0.159589
     1329000  0.103427
     1330000  0.175108
     1331000  0.192116
     1332000  0.128681
     1333000  0.164585
     1334000  0.151731
     1335000  0.107646
     1336000  0.197954
     1337000  0.146699
     1338000  0.134964
     1339000  0.098501
     1340000  0.161734
     1341000  0.172537
     1342000  0.144610
     1343000  0.167396
     1344000  0.122272
     1345000  0.218247
     1346000  0.149086
     1347000  0.117139
     1348000  0.215537
     1349000  0.112231
     1350000  0.167520
     1351000  0.157557
     1352000  0.152472
     1353000  0.156458
     1354000  0.164706
     1355000  0.172079
     1356000  0.208922
     1357000  0.116081
     1358000  0.197242
     1359000  0.144033
     1360000  0.125661
     1361000  0.157609
     1362000  0.210825
     1363000  0.188964
     1364000  0.166029
     1365000  0.130672
     1366000  0.140660
     1367000  0.163218
     1368000  0.165924
     1369000  0.127817
     1370000  0.166039
     1371000  0.198109
     1372000  0.148021
     1373000  0.148294
     1374000  0.170403
     1375000  0.213166
     1376000  0.127972
     1377000  0.102215
     1378000  0.127846
     1379000  0.163982
     1380000  0.230410
     1381000  0.144078
     1382000  0.136622
     1383000  0.125877
     1384000  0.195044
     1385000  0.196676
     1386000  0.141794
     1387000  0.183798
     1388000  0.227828
     1389000  0.183838
     1390000  0.139436
     1391000  0.217492
     1392000  0.174940
     1393000  0.199406
     1394000  0.139894
     1395000  0.173875
     1396000  0.166841
     1397000  0.161784
     1398000  0.202904
     1399000  0.145884
     1400000  0.147119
     1401000  0.171655
     1402000  0.111326
     1403000  0.137606
     1404000  0.196305
     1405000  0.099563
     1406000  0.125008
     1407000  0.172608
     1408000  0.201206
     1409000  0.135016
     1410000  0.105336
     1411000  0.093641
     1412000  0.126141
     1413000  0.179329
     1414000  0.120532
     1415000  0.208667
     1416000  0.178317
     1417000  0.158908
     1418000  0.168966
     1419000  0.167741
     1420000  0.172263
     1421000  0.173276
     1422000  0.189271
     1423000  0.126688
     1424000  0.169212
     1425000  0.118359
     1426000  0.133946
     1427000  0.166361
     1428000  0.158264
     1429000  0.159758
     1430000  0.128067
     1431000  0.129718
     1432000  0.175223
     1433000  0.178223
     1434000  0.163296
     1435000  0.199220
     1436000  0.207440
     1437000  0.134575
     1438000  0.142850
     1439000  0.135628
     1440000  0.163283
     1441000  0.168816
     1442000  0.164584
     1443000  0.162300
     1444000  0.168288
     1445000  0.113593
     1446000  0.132746
     1447000  0.177758
     1448000  0.155791
     1449000  0.167123
     1450000  0.111443
     1451000  0.149200
     1452000  0.188189
     1453000  0.190979
     1454000  0.270227
     1455000  0.095330
     1456000  0.118617
     1457000  0.176858
     1458000  0.185442
     1459000  0.137521
     1460000  0.197081
     1461000  0.166455
     1462000  0.157199
     1463000  0.186682
     1464000  0.121436
     1465000  0.193107
     1466000  0.174049
     1467000  0.138055
     1468000  0.064921
     1469000  0.183306
     1470000  0.126964
     1471000  0.187348
     1472000  0.169712
     1473000  0.109848
     1474000  0.121198
     1475000  0.143157
     1476000  0.167078
     1477000  0.134459
     1478000  0.101275
     1479000  0.154873
     1480000  0.227856
     1481000  0.106358
     1482000  0.137638
     1483000  0.187147
     1484000  0.110182
     1485000  0.186361
     1486000  0.133224
     1487000  0.152596
     1488000  0.199381
     1489000  0.131628
     1490000  0.189436
     1491000  0.147024
     1492000  0.117564
     1493000  0.184105
     1494000  0.160099
     1495000  0.180520
     1496000  0.217725
     1497000  0.116867
     1498000  0.112295
     1499000  0.187492
     1500000  0.140015
     1501000  0.209137
     1502000  0.167478
     1503000  0.144465
     1504000  0.164204
     1505000  0.113614
     1506000  0.146258
     1507000  0.151130
     1508000  0.203044
     1509000  0.123458
     1510000  0.146831
     1511000  0.168941
     1512000  0.161098
     1513000  0.172953
     1514000  0.168156
     1515000  0.152157
     1516000  0.200606
     1517000  0.129253
     1518000  0.093763
     1519000  0.210678
     1520000  0.148468
     1521000  0.191376
     1522000  0.115544
     1523000  0.093705
     1524000  0.136397
     1525000  0.153397
     1526000  0.123077
     1527000  0.187600
     1528000  0.165435
     1529000  0.166161
     1530000  0.140586
     1531000  0.156275
     1532000  0.129043
     1533000  0.207615
     1534000  0.156837
     1535000  0.207638
     1536000  0.112313
     1537000  0.196955
     1538000  0.217064
     1539000  0.111268
     1540000  0.128240
     1541000  0.206062
     1542000  0.146678
     1543000  0.210364
     1544000  0.127921
     1545000  0.223071
     1546000  0.164493
     1547000  0.146470
     1548000  0.165276
     1549000  0.149904
     1550000  0.154609
     1551000  0.193087
     1552000  0.139583
     1553000  0.148619
     1554000  0.149016
     1555000  0.147792
     1556000  0.114757
     1557000  0.170342
     1558000  0.155353
     1559000  0.122985
     1560000  0.130608
     1561000  0.145033
     1562000  0.135719
     1563000  0.207461
     1564000  0.206448
     1565000  0.125857
     1566000  0.148808
     1567000  0.173816
     1568000  0.218013
     1569000  0.141382
     1570000  0.134023
     1571000  0.182941
     1572000  0.145851
     1573000  0.162216
     1574000  0.133402
     1575000  0.160748
     1576000  0.140114
     1577000  0.158161
     1578000  0.116266
     1579000  0.144346
     1580000  0.135759
     1581000  0.156721
     1582000  0.168157
     1583000  0.135882
     1584000  0.152931
     1585000  0.184470
     1586000  0.148666
     1587000  0.168872
     1588000  0.188720
     1589000  0.180553
     1590000  0.195359
     1591000  0.147576
     1592000  0.153962
     1593000  0.184479
     1594000  0.175004
     1595000  0.189639
     1596000  0.130429
     1597000  0.143518
     1598000  0.147147
     1599000  0.129098
     1600000  0.184351
     1601000  0.186172
     1602000  0.147695
     1603000  0.168144
     1604000  0.202343
     1605000  0.140520
     1606000  0.163737
     1607000  0.214600
     1608000  0.091483
     1609000  0.154018
     1610000  0.213602
     1611000  0.138306
     1612000  0.135089
     1613000  0.136737
     1614000  0.194108
     1615000  0.189082
     1616000  0.207296
     1617000  0.199818
     1618000  0.155826
     1619000  0.175779
     1620000  0.145206
     1621000  0.210824
     1622000  0.141685
     1623000  0.178065
     1624000  0.111848
     1625000  0.156897
     1626000  0.160370
     1627000  0.138966
     1628000  0.140494
     1629000  0.097215
     1630000  0.097220
     1631000  0.117589
     1632000  0.165029
     1633000  0.150395
     1634000  0.146014
     1635000  0.126710
     1636000  0.161301
     1637000  0.119537
     1638000  0.121807
     1639000  0.166496
     1640000  0.134726
     1641000  0.208381
     1642000  0.156081
     1643000  0.106610
     1644000  0.165473
     1645000  0.143731
     1646000  0.177706
     1647000  0.140855
     1648000  0.153127
     1649000  0.129089
     1650000  0.126786
     1651000  0.153254
     1652000  0.195265
     1653000  0.157679
     1654000  0.198331
     1655000  0.144013
     1656000  0.171184
     1657000  0.166284
     1658000  0.150646
     1659000  0.181764
     1660000  0.149068
     1661000  0.157069
     1662000  0.148760
     1663000  0.188833
     1664000  0.161182
     1665000  0.123725
     1666000  0.156895
     1667000  0.164198
     1668000  0.107586
     1669000  0.145981
     1670000  0.166292
     1671000  0.174851
     1672000  0.119368
     1673000  0.162695
     1674000  0.138727
     1675000  0.148494
     1676000  0.138530
     1677000  0.137801
     1678000  0.115361
     1679000  0.165233
     1680000  0.168159
     1681000  0.191088
     1682000  0.180640
     1683000  0.136337
     1684000  0.148906
     1685000  0.157295
     1686000  0.218678
     1687000  0.146388
     1688000  0.209242
     1689000  0.124367
     1690000  0.148103
     1691000  0.129126
     1692000  0.118808
     1693000  0.093588
     1694000  0.140413
     1695000  0.133155
     1696000  0.158582
     1697000  0.118683
     1698000  0.176982
     1699000  0.184793
     1700000  0.099913
     1701000  0.173108
     1702000  0.150602
     1703000  0.105767
     1704000  0.109480
     1705000  0.133378
     1706000  0.132683
     1707000  0.169249
     1708000  0.123820
     1709000  0.155358
     1710000  0.184210
     1711000  0.162898
     1712000  0.170386
     1713000  0.150366
     1714000  0.172885
     1715000  0.160278
     1716000  0.155013
     1717000  0.124048
     1718000  0.148264
     1719000  0.180666
     1720000  0.168983
     1721000  0.127991
     1722000  0.171283
     1723000  0.179494
     1724000  0.158836
     1725000  0.153234
     1726000  0.169354
     1727000  0.119195
     1728000  0.123107
     1729000  0.098128
     1730000  0.143508
     1731000  0.123442
     1732000  0.212022
     1733000  0.155914
     1734000  0.131661
     1735000  0.122610
     1736000  0.212180
     1737000  0.137481
     1738000  0.171079
     1739000  0.135464
     1740000  0.190286
     1741000  0.167707
     1742000  0.160376
     1743000  0.122507
     1744000  0.129402
     1745000  0.142925
     1746000  0.115429
     1747000  0.163916
     1748000  0.130214
     1749000  0.190606
     1750000  0.246761
     1751000  0.157300
     1752000  0.139444
     1753000  0.164786
     1754000  0.169266
     1755000  0.203574
     1756000  0.100077
     1757000  0.200323
     1758000  0.182318
     1759000  0.206161
     1760000  0.125310
     1761000  0.132777
     1762000  0.192099
     1763000  0.147802
     1764000  0.178832
     1765000  0.235145
     1766000  0.183209
     1767000  0.202439
     1768000  0.114791
     1769000  0.127705
     1770000  0.183331
     1771000  0.145178
     1772000  0.112325
     1773000  0.192312
     1774000  0.126284
     1775000  0.236002
     1776000  0.184174
     1777000  0.241053
     1778000  0.157368
     1779000  0.112849
     1780000  0.214893
     1781000  0.118022
     1782000  0.194446
     1783000  0.125177
     1784000  0.188975
     1785000  0.157567
     1786000  0.160364
     1787000  0.137658
     1788000  0.175581
     1789000  0.160906
     1790000  0.145059
     1791000  0.073924
     1792000  0.122344
     1793000  0.155716
     1794000  0.147150
     1795000  0.168487
     1796000  0.123270
     1797000  0.165456
     1798000  0.159653
     1799000  0.146531
     1800000  0.159650
     1801000  0.148124
     1802000  0.155112
     1803000  0.156231
     1804000  0.120801
     1805000  0.133767
     1806000  0.181095
     1807000  0.164370
     1808000  0.205074
     1809000  0.135172
     1810000  0.138594
     1811000  0.100854
     1812000  0.156524
     1813000  0.154989
     1814000  0.148408
     1815000  0.120766
     1816000  0.134107
     1817000  0.151729
     1818000  0.174811
     1819000  0.129310
     1820000  0.162958
     1821000  0.156106
     1822000  0.133497
     1823000  0.147955
     1824000  0.152536
     1825000  0.135047
     1826000  0.149075
     1827000  0.130214
     1828000  0.176477
     1829000  0.152128
     1830000  0.156843
     1831000  0.159343
     1832000  0.256597
     1833000  0.152243
     1834000  0.172548
     1835000  0.104180
     1836000  0.154724
     1837000  0.122185
     1838000  0.154295
     1839000  0.123078
     1840000  0.158062
     1841000  0.185888
     1842000  0.169844
     1843000  0.215570
     1844000  0.114132
     1845000  0.127596
     1846000  0.128674
     1847000  0.183001
     1848000  0.200364
     1849000  0.135513
     1850000  0.206785
     1851000  0.186008
     1852000  0.138154
     1853000  0.134561
     1854000  0.161209
     1855000  0.209127
     1856000  0.132156
     1857000  0.156422
     1858000  0.161936
     1859000  0.169403
     1860000  0.150519
     1861000  0.199535
     1862000  0.196205
     1863000  0.137150
     1864000  0.184610
     1865000  0.191838
     1866000  0.200410
     1867000  0.171522
     1868000  0.227337
     1869000  0.140363
     1870000  0.136361
     1871000  0.186140
     1872000  0.170889
     1873000  0.145853
     1874000  0.088789
     1875000  0.123446
     1876000  0.182362
     1877000  0.120835
     1878000  0.204577
     1879000  0.174381
     1880000  0.161805
     1881000  0.160427
     1882000  0.109912
     1883000  0.125483
     1884000  0.224747
     1885000  0.141969
     1886000  0.219504
     1887000  0.145502
     1888000  0.126764
     1889000  0.173902
     1890000  0.127553
     1891000  0.141530
     1892000  0.169837
     1893000  0.127448
     1894000  0.100136
     1895000  0.107662
     1896000  0.153204
     1897000  0.112450
     1898000  0.182592
     1899000  0.178143
     1900000  0.176789
     1901000  0.125637
     1902000  0.229677
     1903000  0.126219
     1904000  0.202301
     1905000  0.126419
     1906000  0.194627
     1907000  0.164164
     1908000  0.134425
     1909000  0.176242
     1910000  0.098493
     1911000  0.138600
     1912000  0.155486
     1913000  0.109156
     1914000  0.097009
     1915000  0.193937
     1916000  0.200448
     1917000  0.188616
     1918000  0.177382
     1919000  0.217021
     1920000  0.147594
     1921000  0.201010
     1922000  0.148515
     1923000  0.111731
     1924000  0.120213
     1925000  0.161485
     1926000  0.125849
     1927000  0.136171
     1928000  0.092768
     1929000  0.157373
     1930000  0.171824
     1931000  0.124764
     1932000  0.178414
     1933000  0.112155
     1934000  0.169932
     1935000  0.084002
     1936000  0.172315
     1937000  0.164876
     1938000  0.167615
     1939000  0.176915
     1940000  0.224859
     1941000  0.140623
     1942000  0.136839
     1943000  0.119348
     1944000  0.167120
     1945000  0.148142
     1946000  0.148667
     1947000  0.102403
     1948000  0.182910
     1949000  0.187874
     1950000  0.156122
     1951000  0.156227
     1952000  0.242664
     1953000  0.163831
     1954000  0.120063
     1955000  0.131464
     1956000  0.160467
     1957000  0.174779
     1958000  0.183011
     1959000  0.167580
     1960000  0.175363
     1961000  0.118593
     1962000  0.172925
     1963000  0.219042
     1964000  0.198196
     1965000  0.138415
     1966000  0.218771
     1967000  0.124015
     1968000  0.156093
     1969000  0.098276
     1970000  0.253081
     1971000  0.145127
     1972000  0.198272
     1973000  0.159132
     1974000  0.121309
     1975000  0.162349
     1976000  0.143882
     1977000  0.164592
     1978000  0.159018
     1979000  0.204021
     1980000  0.131450
     1981000  0.123111
     1982000  0.211879
     1983000  0.162670
     1984000  0.171769
     1985000  0.171079
     1986000  0.230198
     1987000  0.110400
     1988000  0.116458
     1989000  0.159011
     1990000  0.114872
     1991000  0.159153
     1992000  0.176925
     1993000  0.185432
     1994000  0.112257
     1995000  0.129191
     1996000  0.202831
     1997000  0.151124
     1998000  0.130530
     1999000  0.115879
     2000000  0.149508
     2001000  0.130310
     2002000  0.120142
     2003000  0.157631
     2004000  0.189518
     2005000  0.119045
     2006000  0.125009
     2007000  0.238103
     2008000  0.197470
     2009000  0.228835
     2010000  0.154781
     2011000  0.133714
     2012000  0.193817
     2013000  0.125991
     2014000  0.176881
     2015000  0.123089
     2016000  0.104443
     2017000  0.175987
     2018000  0.158849
     2019000  0.188147
     2020000  0.141286
     2021000  0.175620
     2022000  0.186179
     2023000  0.116987
     2024000  0.184757
     2025000  0.178804
     2026000  0.149202
     2027000  0.190083
     2028000  0.145543
     2029000  0.157375
     2030000  0.147416
     2031000  0.166682
     2032000  0.148452
     2033000  0.131982
     2034000  0.161699
     2035000  0.122488
     2036000  0.139936
     2037000  0.109804
     2038000  0.156370
     2039000  0.119446
     2040000  0.132640
     2041000  0.159915
     2042000  0.152407
     2043000  0.134897
     2044000  0.143604
     2045000  0.163905
     2046000  0.171925
     2047000  0.121569
     2048000  0.154843
     2049000  0.138787
     2050000  0.143013
     2051000  0.142049
     2052000  0.171219
     2053000  0.163069
     2054000  0.129959
     2055000  0.215627
     2056000  0.202674
     2057000  0.159466
     2058000  0.156569
     2059000  0.144312
     2060000  0.207099
     2061000  0.109710
     2062000  0.204684
     2063000  0.190526
     2064000  0.207631
     2065000  0.134418
     2066000  0.196736
     2067000  0.141118
     2068000  0.204960
     2069000  0.212978
     2070000  0.164464
     2071000  0.135545
     2072000  0.109309
     2073000  0.131669
     2074000  0.109622
     2075000  0.136579
     2076000  0.107042
     2077000  0.131563
     2078000  0.161756
     2079000  0.130117
     2080000  0.140923
     2081000  0.131267
     2082000  0.152659
     2083000  0.180026
     2084000  0.185481
     2085000  0.113792
     2086000  0.124026
     2087000  0.139693
     2088000  0.160828
     2089000  0.143788
     2090000  0.174138
     2091000  0.154611
     2092000  0.185590
     2093000  0.112650
     2094000  0.196514
     2095000  0.191018
     2096000  0.109723
     2097000  0.118810
     2098000  0.184081
     2099000  0.173181
     2100000  0.160960
     2101000  0.202518
     2102000  0.138446
     2103000  0.174050
     2104000  0.107372
     2105000  0.109980
     2106000  0.130239
     2107000  0.147862
     2108000  0.149084
     2109000  0.180233
     2110000  0.148044
     2111000  0.141707
     2112000  0.129111
     2113000  0.105787
     2114000  0.154483
     2115000  0.183220
     2116000  0.152762
     2117000  0.111505
     2118000  0.188186
     2119000  0.135149
     2120000  0.164496
     2121000  0.135450
     2122000  0.137661
     2123000  0.119743
     2124000  0.170227
     2125000  0.131076
     2126000  0.131667
     2127000  0.119466
     2128000  0.128572
     2129000  0.140333
     2130000  0.194522
     2131000  0.165263
     2132000  0.126947
     2133000  0.168238
     2134000  0.202504
     2135000  0.179255
     2136000  0.161509
     2137000  0.198026
     2138000  0.119908
     2139000  0.163492
     2140000  0.187893
     2141000  0.119359
     2142000  0.176729
     2143000  0.165043
     2144000  0.136688
     2145000  0.149435
     2146000  0.156703
     2147000  0.171403
     2148000  0.165435
     2149000  0.121226
     2150000  0.154045
     2151000  0.190360
     2152000  0.161728
     2153000  0.148306
     2154000  0.162029
     2155000  0.146602
     2156000  0.156023
     2157000  0.135601
     2158000  0.160095
     2159000  0.137811
     2160000  0.156863
     2161000  0.185902
     2162000  0.175483
     2163000  0.166269
     2164000  0.113268
     2165000  0.181277
     2166000  0.094769
     2167000  0.142062
     2168000  0.091818
     2169000  0.188815
     2170000  0.157824
     2171000  0.160627
     2172000  0.149308
     2173000  0.153670
     2174000  0.127468
     2175000  0.160814
     2176000  0.134444
     2177000  0.162388
     2178000  0.189768
     2179000  0.174471
     2180000  0.128548
     2181000  0.152859
     2182000  0.113678
     2183000  0.180026
     2184000  0.212541
     2185000  0.222933
     2186000  0.155269
     2187000  0.171557
     2188000  0.211870
     2189000  0.181951
     2190000  0.125715
     2191000  0.126551
     2192000  0.173924
     2193000  0.148251
     2194000  0.171381
     2195000  0.185561
     2196000  0.128386
     2197000  0.179086
     2198000  0.108665
     2199000  0.148743
     2200000  0.137018
     2201000  0.154729
     2202000  0.184960
     2203000  0.145245
     2204000  0.184044
     2205000  0.173679
     2206000  0.111147
     2207000  0.149690
     2208000  0.237349
     2209000  0.158952
     2210000  0.133513
     2211000  0.150027
     2212000  0.161486
     2213000  0.154068
     2214000  0.143324
     2215000  0.139568
     2216000  0.153596
     2217000  0.171302
     2218000  0.152926
     2219000  0.191711
     2220000  0.194005
     2221000  0.202690
     2222000  0.159628
     2223000  0.169391
     2224000  0.139756
     2225000  0.174641
     2226000  0.202767
     2227000  0.182678
     2228000  0.163368
     2229000  0.132071
     2230000  0.146914
     2231000  0.155486
     2232000  0.152199
     2233000  0.186897
     2234000  0.221205
     2235000  0.114726
     2236000  0.147867
     2237000  0.129396
     2238000  0.110895
     2239000  0.126019
     2240000  0.148874
     2241000  0.170938
     2242000  0.134795
     2243000  0.161957
     2244000  0.143862
     2245000  0.128017
     2246000  0.138953
     2247000  0.166343
     2248000  0.121635
     2249000  0.165998
     2250000  0.187327
     2251000  0.206147
     2252000  0.157281
     2253000  0.128407
     2254000  0.181588
     2255000  0.120574
     2256000  0.171015
     2257000  0.165639
     2258000  0.137794
     2259000  0.135115
     2260000  0.189483
     2261000  0.194863
     2262000  0.115994
     2263000  0.148549
     2264000  0.110619
     2265000  0.120682
     2266000  0.232940
     2267000  0.138291
     2268000  0.148862
     2269000  0.213133
     2270000  0.148793
     2271000  0.152386
     2272000  0.177033
     2273000  0.239117
     2274000  0.152662
     2275000  0.174067
     2276000  0.153650
     2277000  0.196077
     2278000  0.154449
     2279000  0.153408
     2280000  0.156619
     2281000  0.185909
     2282000  0.201914
     2283000  0.178371
     2284000  0.106190
     2285000  0.184697
     2286000  0.192512
     2287000  0.180923
     2288000  0.172708
     2289000  0.104814
     2290000  0.163641
     2291000  0.121802
     2292000  0.134295
     2293000  0.138897
     2294000  0.139689
     2295000  0.132904
     2296000  0.132291
     2297000  0.139759
     2298000  0.125680
     2299000  0.162552
     2300000  0.177873
     2301000  0.166637
     2302000  0.154358
     2303000  0.130921
     2304000  0.114686
     2305000  0.199178
     2306000  0.175676
     2307000  0.168959
     2308000  0.108591
     2309000  0.179297
     2310000  0.170572
     2311000  0.218221
     2312000  0.128142
     2313000  0.125322
     2314000  0.208343
     2315000  0.133818
     2316000  0.120520
     2317000  0.250833
     2318000  0.138657
     2319000  0.261766
     2320000  0.104452
     2321000  0.136857
     2322000  0.192135
     2323000  0.159383
     2324000  0.225088
     2325000  0.198246
     2326000  0.138306
     2327000  0.159037
     2328000  0.152424
     2329000  0.179313
     2330000  0.143783
     2331000  0.127331
     2332000  0.214812
     2333000  0.142115
     2334000  0.182114
     2335000  0.181238
     2336000  0.169243
     2337000  0.135787
     2338000  0.126832
     2339000  0.170330
     2340000  0.157246
     2341000  0.102561
     2342000  0.129752
     2343000  0.176289
     2344000  0.131468
     2345000  0.163735
     2346000  0.182820
     2347000  0.126061
     2348000  0.135132
     2349000  0.156387
     2350000  0.182251
     2351000  0.134405
     2352000  0.183908
     2353000  0.142418
     2354000  0.208014
     2355000  0.162559
     2356000  0.135107
     2357000  0.108507
     2358000  0.153396
     2359000  0.198058
     2360000  0.163779
     2361000  0.126400
     2362000  0.117909
     2363000  0.090298
     2364000  0.179270
     2365000  0.162992
     2366000  0.158093
     2367000  0.161129
     2368000  0.109303
     2369000  0.099787
     2370000  0.163549
     2371000  0.124890
     2372000  0.130664
     2373000  0.144036
     2374000  0.120807
     2375000  0.109278
     2376000  0.147499
     2377000  0.175147
     2378000  0.209902
     2379000  0.156915
     2380000  0.187791
     2381000  0.090001
     2382000  0.140693
     2383000  0.165167
     2384000  0.134834
     2385000  0.160883
     2386000  0.188301
     2387000  0.172006
     2388000  0.264077
     2389000  0.112545
     2390000  0.166843
     2391000  0.161320
     2392000  0.167088
     2393000  0.140401
     2394000  0.127618
     2395000  0.126397
     2396000  0.155065
     2397000  0.200070
     2398000  0.154520
     2399000  0.143464
     2400000  0.152159
     2401000  0.194080
     2402000  0.136948
     2403000  0.118926
     2404000  0.175988
     2405000  0.136434
     2406000  0.117487
     2407000  0.152978
     2408000  0.202404
     2409000  0.085241
     2410000  0.099541
     2411000  0.114068
     2412000  0.124090
     2413000  0.137525
     2414000  0.149116
     2415000  0.109435
     2416000  0.175749
     2417000  0.128361
     2418000  0.143323
     2419000  0.134763
     2420000  0.172446
     2421000  0.207132
     2422000  0.177930
     2423000  0.145692
     2424000  0.154793
     2425000  0.144697
     2426000  0.132970
     2427000  0.143711
     2428000  0.132473
     2429000  0.194280
     2430000  0.163909
     2431000  0.173416
     2432000  0.159428
     2433000  0.141421
     2434000  0.161049
     2435000  0.209535
     2436000  0.125939
     2437000  0.099289
     2438000  0.109972
     2439000  0.187230
     2440000  0.153974
     2441000  0.182108
     2442000  0.184371
     2443000  0.181985
     2444000  0.163323
     2445000  0.151143
     2446000  0.157175
     2447000  0.145469
     2448000  0.118834
     2449000  0.134981
     2450000  0.140173
     2451000  0.133986
     2452000  0.197825
     2453000  0.124458
     2454000  0.117285
     2455000  0.112012
     2456000  0.189411
     2457000  0.138084
     2458000  0.150213
     2459000  0.137641
     2460000  0.147252
     2461000  0.142880
     2462000  0.180993
     2463000  0.180386
     2464000  0.139328
     2465000  0.140731
     2466000  0.138769
     2467000  0.184145
     2468000  0.179533
     2469000  0.127089
     2470000  0.192255
     2471000  0.174158
     2472000  0.176318
     2473000  0.153388
     2474000  0.130604
     2475000  0.148510
     2476000  0.148055
     2477000  0.207797
     2478000  0.129363
     2479000  0.188801
     2480000  0.150094
     2481000  0.175220
     2482000  0.179928
     2483000  0.144009
     2484000  0.197156
     2485000  0.158127
     2486000  0.153800
     2487000  0.185204
     2488000  0.143427
     2489000  0.093808
     2490000  0.160507
     2491000  0.134176
     2492000  0.168752
     2493000  0.136425
     2494000  0.126277
     2495000  0.114949
     2496000  0.162678
     2497000  0.137047
     2498000  0.171903
     2499000  0.215992
     2500000  0.111506
     2501000  0.112010
     2502000  0.167222
     2503000  0.134535
     2504000  0.176070
     2505000  0.221469
     2506000  0.148564
     2507000  0.180717
     2508000  0.168508
     2509000  0.141772
     2510000  0.140749
     2511000  0.175415
     2512000  0.164299
     2513000  0.093407
     2514000  0.105614
     2515000  0.183767
     2516000  0.182806
     2517000  0.145649
     2518000  0.200616
     2519000  0.187931
     2520000  0.193448
     2521000  0.159389
     2522000  0.130925
     2523000  0.163973
     2524000  0.108389
     2525000  0.163249
     2526000  0.170816
     2527000  0.183713
     2528000  0.134097
     2529000  0.170979
     2530000  0.160832
     2531000  0.151603
     2532000  0.148063
     2533000  0.192307
     2534000  0.162711
     2535000  0.146258
     2536000  0.191533
     2537000  0.163007
     2538000  0.149994
     2539000  0.172615
     2540000  0.171161
     2541000  0.093066
     2542000  0.180099
     2543000  0.100691
     2544000  0.126079
     2545000  0.103470
     2546000  0.187848
     2547000  0.134343
     2548000  0.174294
     2549000  0.145335
     2550000  0.199921
     2551000  0.185222
     2552000  0.190573
     2553000  0.175794
     2554000  0.212032
     2555000  0.152337
     2556000  0.237368
     2557000  0.128859
     2558000  0.195924
     2559000  0.126516
     2560000  0.162761
     2561000  0.223478
     2562000  0.115377
     2563000  0.133782
     2564000  0.176330
     2565000  0.221427
     2566000  0.162288
     2567000  0.145010
     2568000  0.123488
     2569000  0.143619
     2570000  0.137068
     2571000  0.160924
     2572000  0.132631
     2573000  0.157353
     2574000  0.139972
     2575000  0.187130
     2576000  0.116299
     2577000  0.192326
     2578000  0.126419
     2579000  0.188416
     2580000  0.144652
     2581000  0.155036
     2582000  0.209543
     2583000  0.174940
     2584000  0.123829
     2585000  0.134007
     2586000  0.189982
     2587000  0.153579
     2588000  0.137214
     2589000  0.137078
     2590000  0.162500
     2591000  0.123768
     2592000  0.202054
     2593000  0.219351
     2594000  0.109870
     2595000  0.142591
     2596000  0.203762
     2597000  0.159208
     2598000  0.134970
     2599000  0.167744
     2600000  0.192156
     2601000  0.164875
     2602000  0.116072
     2603000  0.158430
     2604000  0.219378
     2605000  0.150362
     2606000  0.180179
     2607000  0.196719
     2608000  0.162415
     2609000  0.179169
     2610000  0.150196
     2611000  0.147816
     2612000  0.114810
     2613000  0.115734
     2614000  0.216887
     2615000  0.091264
     2616000  0.204052
     2617000  0.250863
     2618000  0.203983
     2619000  0.169187
     2620000  0.116223
     2621000  0.150102
     2622000  0.145372
     2623000  0.184027
     2624000  0.142926
     2625000  0.105385
     2626000  0.140549
     2627000  0.167365
     2628000  0.175619
     2629000  0.175905
     2630000  0.141403
     2631000  0.195556
     2632000  0.149048
     2633000  0.239488
     2634000  0.135868
     2635000  0.208975
     2636000  0.116122
     2637000  0.147742
     2638000  0.143936
     2639000  0.144931
     2640000  0.217000
     2641000  0.101471
     2642000  0.185070
     2643000  0.175320
     2644000  0.142620
     2645000  0.200449
     2646000  0.159689
     2647000  0.146585
     2648000  0.181575
     2649000  0.174735
     2650000  0.158106
     2651000  0.212532
     2652000  0.112968
     2653000  0.156889
     2654000  0.204882
     2655000  0.165334
     2656000  0.120883
     2657000  0.186219
     2658000  0.097017
     2659000  0.160338
     2660000  0.134046
     2661000  0.203444
     2662000  0.138007
     2663000  0.171286
     2664000  0.185184
     2665000  0.158565
     2666000  0.120893
     2667000  0.143712
     2668000  0.151657
     2669000  0.212092
     2670000  0.156968
     2671000  0.146308
     2672000  0.152824
     2673000  0.176243
     2674000  0.153799
     2675000  0.134014
     2676000  0.197979
     2677000  0.157974
     2678000  0.154093
     2679000  0.185688
     2680000  0.113848
     2681000  0.127382
     2682000  0.168376
     2683000  0.143822
     2684000  0.180601
     2685000  0.126814
     2686000  0.170116
     2687000  0.117920
     2688000  0.115514
     2689000  0.125475
     2690000  0.150904
     2691000  0.139076
     2692000  0.133185
     2693000  0.187739
     2694000  0.134693
     2695000  0.136450
     2696000  0.122745
     2697000  0.144273
     2698000  0.183610
     2699000  0.134394
     2700000  0.167030
     2701000  0.143550
     2702000  0.128359
     2703000  0.154481
     2704000  0.130978
     2705000  0.156968
     2706000  0.070633
     2707000  0.122429
     2708000  0.165573
     2709000  0.155518
     2710000  0.139001
     2711000  0.193270
     2712000  0.128134
     2713000  0.169968
     2714000  0.128511
     2715000  0.115589
     2716000  0.110501
     2717000  0.183428
     2718000  0.137879
     2719000  0.109236
     2720000  0.104599
     2721000  0.176752
     2722000  0.206814
     2723000  0.165506
     2724000  0.238683
     2725000  0.154990
     2726000  0.185166
     2727000  0.135059
     2728000  0.127437
     2729000  0.144054
     2730000  0.174341
     2731000  0.175309
     2732000  0.099769
     2733000  0.169435
     2734000  0.155234
     2735000  0.177093
     2736000  0.128310
     2737000  0.125023
     2738000  0.142510
     2739000  0.232873
     2740000  0.147504
     2741000  0.140687
     2742000  0.204810
     2743000  0.120348
     2744000  0.084897
     2745000  0.212151
     2746000  0.121139
     2747000  0.111207
     2748000  0.126824
     2749000  0.143150
     2750000  0.216771
     2751000  0.212146
     2752000  0.147503
     2753000  0.150228
     2754000  0.109992
     2755000  0.136864
     2756000  0.195683
     2757000  0.150448
     2758000  0.202315
     2759000  0.172766
     2760000  0.177469
     2761000  0.184630
     2762000  0.192225
     2763000  0.151218
     2764000  0.190504
     2765000  0.149390
     2766000  0.160209
     2767000  0.201081
     2768000  0.169673
     2769000  0.124199
     2770000  0.146245
     2771000  0.189726
     2772000  0.155912
     2773000  0.179010
     2774000  0.153595
     2775000  0.216513
     2776000  0.116844
     2777000  0.143750
     2778000  0.124937
     2779000  0.169839
     2780000  0.182332
     2781000  0.160585
     2782000  0.162425
     2783000  0.127561
     2784000  0.155222
     2785000  0.152478
     2786000  0.190800
     2787000  0.140613
     2788000  0.187765
     2789000  0.142787
     2790000  0.162591
     2791000  0.148284
     2792000  0.190307
     2793000  0.124980
     2794000  0.158539
     2795000  0.176431
     2796000  0.153874
     2797000  0.179237
     2798000  0.160863
     2799000  0.143695
     2800000  0.129549
     2801000  0.153093
     2802000  0.103467
     2803000  0.181221
     2804000  0.167448
     2805000  0.136724
     2806000  0.180398
     2807000  0.137618
     2808000  0.135091
     2809000  0.151362
     2810000  0.118978
     2811000  0.140574
     2812000  0.159024
     2813000  0.107721
     2814000  0.132243
     2815000  0.158553
     2816000  0.145117
     2817000  0.153751
     2818000  0.127030
     2819000  0.163392
     2820000  0.167567
     2821000  0.171591
     2822000  0.132643
     2823000  0.194404
     2824000  0.181815
     2825000  0.152529
     2826000  0.181347
     2827000  0.220820
     2828000  0.191362
     2829000  0.141690
     2830000  0.153635
     2831000  0.196393
     2832000  0.140258
     2833000  0.119246
     2834000  0.152686
     2835000  0.133981
     2836000  0.147410
     2837000  0.171558
     2838000  0.127377
     2839000  0.109862
     2840000  0.125361
     2841000  0.196069
     2842000  0.147936
     2843000  0.141649
     2844000  0.172449
     2845000  0.158726
     2846000  0.156374
     2847000  0.183408
     2848000  0.170629
     2849000  0.156498
     2850000  0.115926
     2851000  0.110966
     2852000  0.149511
     2853000  0.133285
     2854000  0.152661
     2855000  0.232914
     2856000  0.195990
     2857000  0.094123
     2858000  0.167753
     2859000  0.180816
     2860000  0.189842
     2861000  0.179332
     2862000  0.159421
     2863000  0.137048
     2864000  0.150910
     2865000  0.177820
     2866000  0.158125
     2867000  0.140020
     2868000  0.137071
     2869000  0.139052
     2870000  0.204138
     2871000  0.124952
     2872000  0.146974
     2873000  0.128513
     2874000  0.124605
     2875000  0.165783
     2876000  0.155260
     2877000  0.175044
     2878000  0.134142
     2879000  0.177849
     2880000  0.140770
     2881000  0.109305
     2882000  0.221499
     2883000  0.157629
     2884000  0.170984
     2885000  0.179689
     2886000  0.164279
     2887000  0.206897
     2888000  0.157329
     2889000  0.128904
     2890000  0.171227
     2891000  0.183276
     2892000  0.165926
     2893000  0.159157
     2894000  0.132173
     2895000  0.174789
     2896000  0.110444
     2897000  0.124508
     2898000  0.186753
     2899000  0.102765
     2900000  0.108687
     2901000  0.165737
     2902000  0.139878
     2903000  0.157895
     2904000  0.158037
     2905000  0.168780
     2906000  0.159336
     2907000  0.188419
     2908000  0.188001
     2909000  0.141666
     2910000  0.182637
     2911000  0.105526
     2912000  0.167285
     2913000  0.158576
     2914000  0.167034
     2915000  0.129532
     2916000  0.167342
     2917000  0.175906
     2918000  0.132508
     2919000  0.197414
     2920000  0.195733
     2921000  0.201105
     2922000  0.143860
     2923000  0.127039
     2924000  0.146101
     2925000  0.123135
     2926000  0.188622
     2927000  0.090927
     2928000  0.134229
     2929000  0.198510
     2930000  0.142802
     2931000  0.139038
     2932000  0.177730
     2933000  0.191882
     2934000  0.176117
     2935000  0.097392
     2936000  0.133334
     2937000  0.149097
     2938000  0.148755
     2939000  0.170973
     2940000  0.185422
     2941000  0.162713
     2942000  0.096715
     2943000  0.164128
     2944000  0.150510
     2945000  0.183552
     2946000  0.138100
     2947000  0.142959
     2948000  0.207294
     2949000  0.142157
     2950000  0.124892
     2951000  0.142543
     2952000  0.165856
     2953000  0.158302
     2954000  0.213773
     2955000  0.163399
     2956000  0.132933
     2957000  0.150066
     2958000  0.127998
     2959000  0.191584
     2960000  0.209667
     2961000  0.119271
     2962000  0.172386
     2963000  0.200661
     2964000  0.148451
     2965000  0.145751
     2966000  0.096010
     2967000  0.171918
     2968000  0.213421
     2969000  0.153717
     2970000  0.172974
     2971000  0.181125
     2972000  0.142104
     2973000  0.170938
     2974000  0.195271
     2975000  0.120425
     2976000  0.146177
     2977000  0.155225
     2978000  0.167872
     2979000  0.160767
     2980000  0.192049
     2981000  0.135546
     2982000  0.092984
     2983000  0.118157
     2984000  0.151437
     2985000  0.157157
     2986000  0.173488
     2987000  0.209211
     2988000  0.170313
     2989000  0.211840
     2990000  0.159047
     2991000  0.139933
     2992000  0.207650
     2993000  0.112074
     2994000  0.144588
     2995000  0.129735
     2996000  0.163606
     2997000  0.149659
     2998000  0.232406
     2999000  0.113601
     3000000  0.166182
