       1000 -26835.648566
       2000 -26836.298638
       3000 -26835.668149
       4000 -26835.820454
       5000 -26835.710663
       6000 -26836.764627
       7000 -26841.293430
       8000 -26835.742381
       9000 -26836.183704
      10000 -26835.757797
      11000 -26835.753341
      12000 -26835.913612
      13000 -26836.120723
      14000 -26836.054349
      15000 -26835.648002
      16000 -26835.682374
      17000 -26835.650391
      18000 -26836.122667
      19000 -26837.232099
      20000 -26836.067192
      21000 -26835.648799
      22000 -26836.432041
      23000 -26836.290543
      24000 -26836.914157
      25000 -26838.149377
      26000 -26835.751922
      27000 -26835.740824
      28000 -26835.961147
      29000 -26835.766589
      30000 -26835.670057
      31000 -26836.085280
      32000 -26836.224819
      33000 -26836.935013
      34000 -26835.735245
      35000 -26836.045081
      36000 -26835.810100
      37000 -26837.349959
      38000 -26835.648700
      39000 -26835.763505
      40000 -26835.930781
      41000 -26836.226631
      42000 -26836.479027
      43000 -26835.743616
      44000 -26836.134591
      45000 -26835.732572
      46000 -26836.917132
      47000 -26835.668123
      48000 -26836.279857
      49000 -26835.670490
      50000 -26835.704982
      51000 -26835.706262
      52000 -26835.926982
      53000 -26835.922858
      54000 -26835.917274
      55000 -26837.743818
      56000 -26836.600310
      57000 -26835.867064
      58000 -26835.869909
      59000 -26837.474201
      60000 -26835.695515
      61000 -26835.787312
      62000 -26837.053719
      63000 -26835.648736
      64000 -26836.210855
      65000 -26835.659039
      66000 -26835.686948
      67000 -26835.985722
      68000 -26835.771151
      69000 -26835.766968
      70000 -26835.676455
      71000 -26835.869698
      72000 -26835.732209
      73000 -26835.691082
      74000 -26835.731657
      75000 -26835.823136
      76000 -26835.791937
      77000 -26835.675645
      78000 -26835.778224
      79000 -26835.741399
      80000 -26835.771235
      81000 -26835.729488
      82000 -26835.934158
      83000 -26836.635402
      84000 -26835.650942
      85000 -26836.493076
      86000 -26836.576487
      87000 -26837.097456
      88000 -26836.151006
      89000 -26837.454127
      90000 -26835.685030
      91000 -26835.647601
      92000 -26835.712600
      93000 -26836.231833
      94000 -26837.561421
      95000 -26835.682668
      96000 -26835.751595
      97000 -26838.007150
      98000 -26835.647441
      99000 -26835.647609
     100000 -26836.200306
     101000 -26836.074955
     102000 -26835.704532
     103000 -26835.817940
     104000 -26836.239980
     105000 -26835.695369
     106000 -26836.308741
     107000 -26835.664749
     108000 -26835.696214
     109000 -26836.742203
     110000 -26836.191576
     111000 -26835.958247
     112000 -26836.232427
     113000 -26836.413270
     114000 -26835.685954
     115000 -26835.741265
     116000 -26835.732249
     117000 -26835.844143
     118000 -26836.953281
     119000 -26835.652547
     120000 -26836.411028
     121000 -26835.827140
     122000 -26838.942595
     123000 -26835.722189
     124000 -26835.719020
     125000 -26835.756676
     126000 -26835.651493
     127000 -26836.406709
     128000 -26835.665247
     129000 -26835.788580
     130000 -26835.648170
     131000 -26836.258201
     132000 -26836.328170
     133000 -26836.973453
     134000 -26835.652823
     135000 -26835.826414
     136000 -26838.085036
     137000 -26835.700826
     138000 -26835.682148
     139000 -26835.664739
     140000 -26835.649936
     141000 -26835.664831
     142000 -26835.649977
     143000 -26835.648123
     144000 -26835.768465
     145000 -26835.835723
     146000 -26835.743436
     147000 -26838.865014
     148000 -26836.479991
     149000 -26835.877101
     150000 -26835.927494
     151000 -26836.447380
     152000 -26835.667443
     153000 -26835.648223
     154000 -26835.808914
     155000 -26835.831739
     156000 -26835.780441
     157000 -26835.914043
     158000 -26835.648928
     159000 -26835.764463
     160000 -26835.726009
     161000 -26835.833342
     162000 -26836.817626
     163000 -26835.661793
     164000 -26837.957477
     165000 -26838.491727
     166000 -26835.659612
     167000 -26835.708429
     168000 -26835.647321
     169000 -26837.972621
     170000 -26836.736891
     171000 -26836.123085
     172000 -26835.711274
     173000 -26836.026299
     174000 -26837.623149
     175000 -26835.676252
     176000 -26836.176618
     177000 -26835.897546
     178000 -26835.650835
     179000 -26837.619899
     180000 -26835.655214
     181000 -26838.162846
     182000 -26835.650395
     183000 -26835.655515
     184000 -26835.647345
     185000 -26835.808653
     186000 -26835.656378
     187000 -26836.356690
     188000 -26835.647341
     189000 -26835.965703
     190000 -26835.650863
     191000 -26835.651610
     192000 -26835.979167
     193000 -26836.032856
     194000 -26835.685441
     195000 -26835.946008
     196000 -26835.997370
     197000 -26836.795944
     198000 -26835.796792
     199000 -26835.673716
     200000 -26835.761920
     201000 -26835.824340
     202000 -26837.051648
     203000 -26836.046492
     204000 -26835.857210
     205000 -26835.676104
     206000 -26835.897921
     207000 -26835.745119
     208000 -26837.604133
     209000 -26836.899856
     210000 -26835.851147
     211000 -26835.677079
     212000 -26835.668463
     213000 -26836.740933
     214000 -26836.354416
     215000 -26835.667110
     216000 -26835.701117
     217000 -26835.666016
     218000 -26836.956104
     219000 -26836.527314
     220000 -26835.648951
     221000 -26835.752240
     222000 -26835.695668
     223000 -26836.294196
     224000 -26836.981686
     225000 -26835.798237
     226000 -26836.273547
     227000 -26837.482049
     228000 -26837.326579
     229000 -26836.267208
     230000 -26842.501481
     231000 -26836.123984
     232000 -26836.282167
     233000 -26836.302762
     234000 -26837.311937
     235000 -26836.999997
     236000 -26836.424584
     237000 -26836.112904
     238000 -26835.792068
     239000 -26835.682064
     240000 -26836.576400
     241000 -26835.693256
     242000 -26837.403591
     243000 -26836.542132
     244000 -26837.426424
     245000 -26836.851836
     246000 -26835.705418
     247000 -26836.493917
     248000 -26835.763310
     249000 -26835.647396
     250000 -26835.955107
     251000 -26837.516255
     252000 -26835.647507
     253000 -26836.245034
     254000 -26835.995833
     255000 -26837.630793
     256000 -26836.138138
     257000 -26835.671501
     258000 -26835.658453
     259000 -26835.896557
     260000 -26835.797969
     261000 -26835.653112
     262000 -26835.750841
     263000 -26836.347078
     264000 -26836.592802
     265000 -26835.746672
     266000 -26836.826716
     267000 -26836.247305
     268000 -26835.684751
     269000 -26835.810899
     270000 -26836.038928
     271000 -26836.128948
     272000 -26835.653189
     273000 -26835.878887
     274000 -26835.818721
     275000 -26836.385475
     276000 -26839.089545
     277000 -26835.684548
     278000 -26836.055672
     279000 -26843.118057
     280000 -26835.648216
     281000 -26836.365150
     282000 -26836.765719
     283000 -26835.762931
     284000 -26835.971515
     285000 -26836.177848
     286000 -26835.709498
     287000 -26835.661466
     288000 -26836.124897
     289000 -26838.440664
     290000 -26835.932434
     291000 -26837.087586
     292000 -26835.827162
     293000 -26837.183829
     294000 -26835.704548
     295000 -26836.048049
     296000 -26835.974192
     297000 -26835.866315
     298000 -26836.053519
     299000 -26835.745123
     300000 -26836.249238
     301000 -26835.884249
     302000 -26835.902030
     303000 -26835.647786
     304000 -26835.996834
     305000 -26835.998554
     306000 -26836.350655
     307000 -26835.665405
     308000 -26837.908300
     309000 -26835.710571
     310000 -26835.648714
     311000 -26838.281332
     312000 -26835.923155
     313000 -26835.988893
     314000 -26839.543821
     315000 -26835.712850
     316000 -26835.813912
     317000 -26835.725930
     318000 -26835.651678
     319000 -26836.177501
     320000 -26835.920121
     321000 -26836.557153
     322000 -26835.905338
     323000 -26835.672919
     324000 -26835.907033
     325000 -26835.662834
     326000 -26836.335475
     327000 -26837.005031
     328000 -26835.738077
     329000 -26836.087607
     330000 -26835.660191
     331000 -26837.233958
     332000 -26835.777006
     333000 -26835.654530
     334000 -26835.657227
     335000 -26835.658038
     336000 -26835.651994
     337000 -26835.815828
     338000 -26837.437498
     339000 -26835.650005
     340000 -26835.741596
     341000 -26835.671022
     342000 -26836.106586
     343000 -26835.756328
     344000 -26837.696396
     345000 -26835.974893
     346000 -26835.980804
     347000 -26836.128630
     348000 -26837.790994
     349000 -26835.702476
     350000 -26835.737269
     351000 -26836.359238
     352000 -26835.851710
     353000 -26836.452304
     354000 -26836.979205
     355000 -26835.775316
     356000 -26836.930829
     357000 -26835.669908
     358000 -26837.673573
     359000 -26836.239892
     360000 -26835.703446
     361000 -26835.781824
     362000 -26836.207383
     363000 -26835.649773
     364000 -26837.018716
     365000 -26835.692736
     366000 -26835.926797
     367000 -26836.169192
     368000 -26836.946616
     369000 -26836.116985
     370000 -26836.069020
     371000 -26838.546950
     372000 -26835.750460
     373000 -26835.702843
     374000 -26836.503523
     375000 -26835.949957
     376000 -26837.794756
     377000 -26835.648118
     378000 -26836.359606
     379000 -26836.148675
     380000 -26835.752096
     381000 -26835.740469
     382000 -26835.687291
     383000 -26835.654518
     384000 -26835.720593
     385000 -26836.011439
     386000 -26835.650226
     387000 -26835.841770
     388000 -26835.773798
     389000 -26835.655177
     390000 -26835.655864
     391000 -26835.685576
     392000 -26835.691824
     393000 -26835.717806
     394000 -26835.998935
     395000 -26835.874752
     396000 -26835.799822
     397000 -26836.202917
     398000 -26835.647933
     399000 -26835.648181
     400000 -26835.732289
     401000 -26835.932491
     402000 -26836.262630
     403000 -26835.887425
     404000 -26836.250757
     405000 -26835.702832
     406000 -26836.530959
     407000 -26835.648231
     408000 -26835.668111
     409000 -26835.836660
     410000 -26836.531268
     411000 -26836.466673
     412000 -26836.848687
     413000 -26835.686311
     414000 -26835.942307
     415000 -26836.394091
     416000 -26835.791117
     417000 -26836.476041
     418000 -26835.647317
     419000 -26835.654204
     420000 -26837.020591
     421000 -26837.182331
     422000 -26835.680363
     423000 -26835.662729
     424000 -26835.911082
     425000 -26840.375996
     426000 -26835.712292
     427000 -26836.889869
     428000 -26836.822756
     429000 -26836.089919
     430000 -26835.950406
     431000 -26835.651021
     432000 -26835.915623
     433000 -26836.314581
     434000 -26836.444790
     435000 -26835.647963
     436000 -26835.697772
     437000 -26835.699081
     438000 -26836.438939
     439000 -26835.848319
     440000 -26835.691001
     441000 -26835.719582
     442000 -26835.647425
     443000 -26839.472832
     444000 -26835.717327
     445000 -26835.726278
     446000 -26835.677925
     447000 -26836.015474
     448000 -26835.652460
     449000 -26836.008949
     450000 -26835.978230
     451000 -26835.758235
     452000 -26835.721767
     453000 -26835.719206
     454000 -26837.909907
     455000 -26836.036620
     456000 -26835.661441
     457000 -26835.891186
     458000 -26835.647349
     459000 -26837.259689
     460000 -26837.161638
     461000 -26835.981514
     462000 -26836.137942
     463000 -26836.967709
     464000 -26835.664330
     465000 -26836.209087
     466000 -26835.771651
     467000 -26836.461731
     468000 -26835.795561
     469000 -26835.666735
     470000 -26835.981045
     471000 -26835.701797
     472000 -26835.658286
     473000 -26835.952066
     474000 -26835.774167
     475000 -26835.773118
     476000 -26835.744853
     477000 -26835.912952
     478000 -26835.673189
     479000 -26835.673313
     480000 -26835.790772
     481000 -26836.352666
     482000 -26836.172187
     483000 -26835.977943
     484000 -26836.598693
     485000 -26836.427709
     486000 -26836.089777
     487000 -26836.001106
     488000 -26835.651142
     489000 -26836.604684
     490000 -26835.737626
     491000 -26835.695352
     492000 -26837.681161
     493000 -26836.757478
     494000 -26837.398876
     495000 -26835.678184
     496000 -26836.034177
     497000 -26836.164147
     498000 -26835.673171
     499000 -26837.013617
     500000 -26836.925405
     501000 -26835.651244
     502000 -26835.659691
     503000 -26835.737917
     504000 -26835.762262
     505000 -26835.682775
     506000 -26839.963869
     507000 -26835.956964
     508000 -26835.707851
     509000 -26836.402625
     510000 -26835.955287
     511000 -26835.697475
     512000 -26835.731297
     513000 -26835.941842
     514000 -26836.731930
     515000 -26835.959048
     516000 -26835.986317
     517000 -26835.718308
     518000 -26835.679512
     519000 -26835.890837
     520000 -26835.810768
     521000 -26835.851540
     522000 -26835.700221
     523000 -26836.018671
     524000 -26835.649358
     525000 -26836.057899
     526000 -26838.891962
     527000 -26835.765708
     528000 -26835.802394
     529000 -26835.681677
     530000 -26836.178494
     531000 -26835.764736
     532000 -26835.658238
     533000 -26835.673389
     534000 -26835.736501
     535000 -26835.647318
     536000 -26836.273428
     537000 -26835.952260
     538000 -26835.800553
     539000 -26836.258391
     540000 -26835.764947
     541000 -26836.503202
     542000 -26835.761457
     543000 -26835.877948
     544000 -26836.819031
     545000 -26835.725353
     546000 -26836.937221
     547000 -26837.488509
     548000 -26835.660123
     549000 -26835.648443
     550000 -26837.370717
     551000 -26835.736341
     552000 -26836.514370
     553000 -26836.841647
     554000 -26835.742586
     555000 -26839.135987
     556000 -26835.671143
     557000 -26835.652389
     558000 -26836.163252
     559000 -26835.663198
     560000 -26835.727148
     561000 -26835.667068
     562000 -26835.786620
     563000 -26835.672279
     564000 -26835.831597
     565000 -26835.765298
     566000 -26836.139993
     567000 -26835.652045
     568000 -26835.650687
     569000 -26835.668242
     570000 -26836.189877
     571000 -26835.694098
     572000 -26836.029046
     573000 -26835.839794
     574000 -26835.703736
     575000 -26835.647465
     576000 -26839.419406
     577000 -26837.758644
     578000 -26836.743567
     579000 -26836.160442
     580000 -26836.235635
     581000 -26835.841211
     582000 -26838.136635
     583000 -26837.033106
     584000 -26836.191963
     585000 -26835.671544
     586000 -26836.337760
     587000 -26837.276569
     588000 -26836.117148
     589000 -26835.976045
     590000 -26835.821670
     591000 -26836.546385
     592000 -26835.656213
     593000 -26841.979517
     594000 -26836.357026
     595000 -26835.650641
     596000 -26836.083348
     597000 -26835.689891
     598000 -26836.784026
     599000 -26836.692879
     600000 -26835.674152
     601000 -26835.755317
     602000 -26835.840011
     603000 -26836.148115
     604000 -26835.885629
     605000 -26836.029127
     606000 -26835.647361
     607000 -26835.798403
     608000 -26835.670246
     609000 -26835.662769
     610000 -26836.150281
     611000 -26837.064613
     612000 -26836.258000
     613000 -26836.353123
     614000 -26836.098717
     615000 -26836.338329
     616000 -26835.665216
     617000 -26835.676581
     618000 -26835.654601
     619000 -26838.977118
     620000 -26835.648240
     621000 -26838.582271
     622000 -26835.689814
     623000 -26835.661934
     624000 -26835.961724
     625000 -26835.648181
     626000 -26835.856727
     627000 -26835.725493
     628000 -26838.619764
     629000 -26835.668884
     630000 -26835.845090
     631000 -26835.929563
     632000 -26835.705628
     633000 -26836.142931
     634000 -26835.736199
     635000 -26835.874717
     636000 -26835.883784
     637000 -26836.916052
     638000 -26835.653863
     639000 -26835.648803
     640000 -26835.746765
     641000 -26835.693572
     642000 -26836.835663
     643000 -26835.693654
     644000 -26835.772889
     645000 -26836.168514
     646000 -26835.746654
     647000 -26836.687496
     648000 -26835.663067
     649000 -26835.815884
     650000 -26835.649750
     651000 -26836.089246
     652000 -26837.443141
     653000 -26835.686806
     654000 -26836.555505
     655000 -26835.679328
     656000 -26835.844255
     657000 -26837.623348
     658000 -26839.425626
     659000 -26835.664484
     660000 -26836.052907
     661000 -26836.311469
     662000 -26836.039293
     663000 -26835.790187
     664000 -26836.429694
     665000 -26836.286116
     666000 -26836.113641
     667000 -26836.048253
     668000 -26835.702119
     669000 -26835.647807
     670000 -26837.349867
     671000 -26835.661529
     672000 -26836.468951
     673000 -26835.877721
     674000 -26835.662986
     675000 -26835.647405
     676000 -26836.168010
     677000 -26836.003154
     678000 -26836.242410
     679000 -26835.730811
     680000 -26836.067107
     681000 -26836.920275
     682000 -26836.291104
     683000 -26835.834204
     684000 -26835.889245
     685000 -26835.661885
     686000 -26836.656033
     687000 -26836.014619
     688000 -26837.505413
     689000 -26843.349419
     690000 -26835.647320
     691000 -26836.395772
     692000 -26837.311193
     693000 -26835.762046
     694000 -26836.848580
     695000 -26835.754992
     696000 -26835.684535
     697000 -26835.658792
     698000 -26835.699980
     699000 -26835.721608
     700000 -26835.898238
     701000 -26836.085328
     702000 -26836.040666
     703000 -26836.214183
     704000 -26835.780728
     705000 -26835.797360
     706000 -26836.168258
     707000 -26837.711645
     708000 -26835.861592
     709000 -26836.012767
     710000 -26835.749814
     711000 -26835.663172
     712000 -26836.330136
     713000 -26835.649935
     714000 -26835.678489
     715000 -26835.802476
     716000 -26835.649277
     717000 -26835.725993
     718000 -26835.741256
     719000 -26835.657084
     720000 -26836.006760
     721000 -26835.688477
     722000 -26835.884493
     723000 -26835.693134
     724000 -26836.250352
     725000 -26836.307333
     726000 -26835.730346
     727000 -26836.052260
     728000 -26835.649242
     729000 -26839.602424
     730000 -26835.648764
     731000 -26836.995814
     732000 -26835.928731
     733000 -26835.864477
     734000 -26836.485001
     735000 -26836.586431
     736000 -26836.883564
     737000 -26835.702251
     738000 -26835.647864
     739000 -26835.876160
     740000 -26836.019269
     741000 -26835.669976
     742000 -26837.244376
     743000 -26836.225700
     744000 -26837.250159
     745000 -26836.655924
     746000 -26835.655463
     747000 -26836.671988
     748000 -26835.846546
     749000 -26835.724443
     750000 -26838.110154
     751000 -26836.813061
     752000 -26835.719457
     753000 -26835.652237
     754000 -26836.296601
     755000 -26837.032354
     756000 -26835.710769
     757000 -26835.829910
     758000 -26835.768021
     759000 -26835.795956
     760000 -26835.660790
     761000 -26836.549686
     762000 -26837.651423
     763000 -26836.583159
     764000 -26835.857635
     765000 -26835.763980
     766000 -26835.668132
     767000 -26836.700978
     768000 -26836.505066
     769000 -26835.809281
     770000 -26836.199403
     771000 -26836.015463
     772000 -26835.954010
     773000 -26835.676502
     774000 -26836.180034
     775000 -26835.697985
     776000 -26836.127531
     777000 -26836.156045
     778000 -26837.682194
     779000 -26835.822697
     780000 -26835.653441
     781000 -26835.749830
     782000 -26836.981646
     783000 -26835.824094
     784000 -26836.200129
     785000 -26835.792364
     786000 -26836.765004
     787000 -26836.020995
     788000 -26835.648478
     789000 -26836.635452
     790000 -26835.647857
     791000 -26836.099577
     792000 -26837.680151
     793000 -26836.647753
     794000 -26836.651247
     795000 -26835.653921
     796000 -26836.323491
     797000 -26835.938815
     798000 -26836.226084
     799000 -26836.214689
     800000 -26837.627024
     801000 -26835.777595
     802000 -26835.658267
     803000 -26836.095392
     804000 -26835.662584
     805000 -26836.225348
     806000 -26835.653791
     807000 -26835.805201
     808000 -26837.147171
     809000 -26835.651039
     810000 -26835.898980
     811000 -26836.931102
     812000 -26836.552707
     813000 -26835.907181
     814000 -26835.825226
     815000 -26835.652252
     816000 -26835.811192
     817000 -26835.677895
     818000 -26835.656763
     819000 -26835.659401
     820000 -26835.853403
     821000 -26835.652830
     822000 -26837.573867
     823000 -26836.373997
     824000 -26835.663868
     825000 -26835.648494
     826000 -26835.804693
     827000 -26838.679110
     828000 -26835.729500
     829000 -26835.687109
     830000 -26835.808991
     831000 -26835.659102
     832000 -26835.735332
     833000 -26837.224151
     834000 -26835.861232
     835000 -26835.826314
     836000 -26836.222787
     837000 -26835.693001
     838000 -26837.690020
     839000 -26835.799566
     840000 -26835.894969
     841000 -26835.670781
     842000 -26835.664364
     843000 -26836.111290
     844000 -26836.091407
     845000 -26835.647661
     846000 -26835.775733
     847000 -26836.171085
     848000 -26835.987235
     849000 -26835.686047
     850000 -26836.121739
     851000 -26837.621068
     852000 -26836.119227
     853000 -26835.757694
     854000 -26836.992262
     855000 -26835.650568
     856000 -26835.738868
     857000 -26837.421180
     858000 -26835.803439
     859000 -26835.763643
     860000 -26835.859778
     861000 -26837.334890
     862000 -26837.733197
     863000 -26835.811088
     864000 -26836.243869
     865000 -26836.355997
     866000 -26835.649952
     867000 -26835.836415
     868000 -26836.138518
     869000 -26835.661314
     870000 -26835.650055
     871000 -26836.447396
     872000 -26836.106199
     873000 -26835.676458
     874000 -26837.903370
     875000 -26836.049560
     876000 -26838.441938
     877000 -26837.744658
     878000 -26837.333449
     879000 -26835.842341
     880000 -26835.655582
     881000 -26836.234153
     882000 -26836.237030
     883000 -26835.835474
     884000 -26835.707846
     885000 -26835.736049
     886000 -26835.795357
     887000 -26835.859565
     888000 -26836.033001
     889000 -26836.247231
     890000 -26835.682148
     891000 -26835.776272
     892000 -26835.696488
     893000 -26838.385378
     894000 -26835.679763
     895000 -26835.846612
     896000 -26835.759732
     897000 -26835.795864
     898000 -26837.809247
     899000 -26835.662640
     900000 -26835.943481
     901000 -26836.096405
     902000 -26836.149691
     903000 -26835.664324
     904000 -26836.024117
     905000 -26836.619344
     906000 -26835.733655
     907000 -26835.694201
     908000 -26835.649356
     909000 -26837.348463
     910000 -26835.739053
     911000 -26835.672195
     912000 -26835.647634
     913000 -26835.665098
     914000 -26835.881435
     915000 -26835.770420
     916000 -26835.714377
     917000 -26835.831375
     918000 -26835.841033
     919000 -26835.722848
     920000 -26835.808440
     921000 -26836.692920
     922000 -26835.714317
     923000 -26836.452569
     924000 -26835.647393
     925000 -26835.797380
     926000 -26836.918144
     927000 -26835.860640
     928000 -26835.654768
     929000 -26835.649988
     930000 -26835.726184
     931000 -26837.791799
     932000 -26835.819117
     933000 -26835.647322
     934000 -26835.670714
     935000 -26836.335277
     936000 -26835.693454
     937000 -26836.378518
     938000 -26835.735979
     939000 -26835.682678
     940000 -26835.658166
     941000 -26835.722393
     942000 -26835.703409
     943000 -26836.228065
     944000 -26836.941654
     945000 -26835.664108
     946000 -26835.664612
     947000 -26836.703298
     948000 -26836.015837
     949000 -26836.278855
     950000 -26838.243729
     951000 -26836.167818
     952000 -26836.675709
     953000 -26836.097762
     954000 -26836.768261
     955000 -26836.382706
     956000 -26835.658945
     957000 -26835.858629
     958000 -26835.974390
     959000 -26836.022631
     960000 -26836.162377
     961000 -26835.903771
     962000 -26835.785920
     963000 -26835.680994
     964000 -26835.927651
     965000 -26836.377663
     966000 -26835.711515
     967000 -26835.647325
     968000 -26835.758760
     969000 -26836.975699
     970000 -26835.886604
     971000 -26836.552593
     972000 -26835.654062
     973000 -26836.971010
     974000 -26837.184634
     975000 -26836.263897
     976000 -26836.697030
     977000 -26835.724569
     978000 -26835.930514
     979000 -26835.650007
     980000 -26836.107988
     981000 -26836.641469
     982000 -26835.857349
     983000 -26836.858026
     984000 -26842.671907
     985000 -26836.100490
     986000 -26836.073462
     987000 -26836.028118
     988000 -26835.839833
     989000 -26836.078385
     990000 -26835.817314
     991000 -26835.767714
     992000 -26835.998712
     993000 -26835.958177
     994000 -26835.674846
     995000 -26835.909986
     996000 -26836.513658
     997000 -26836.852467
     998000 -26836.115430
     999000 -26839.092701
    1000000 -26835.659147
