       1000 -211.049007
       2000 -210.203051
       3000 -209.419022
       4000 -209.313934
       5000 -209.849089
       6000 -209.955951
       7000 -209.430518
       8000 -212.125100
       9000 -209.729658
      10000 -209.402690
      11000 -210.458582
      12000 -210.457862
      13000 -214.106884
      14000 -210.796840
      15000 -210.132307
      16000 -209.370040
      17000 -209.461773
      18000 -209.614836
      19000 -210.048598
      20000 -210.880186
      21000 -209.222981
      22000 -209.250697
      23000 -209.365920
      24000 -209.214971
      25000 -209.243709
      26000 -209.518444
      27000 -209.524760
      28000 -212.155360
      29000 -210.648341
      30000 -209.577182
      31000 -209.492184
      32000 -209.786875
      33000 -209.290478
      34000 -209.467595
      35000 -210.643175
      36000 -209.151036
      37000 -211.369937
      38000 -209.872599
      39000 -210.694580
      40000 -212.533449
      41000 -209.881369
      42000 -210.544830
      43000 -209.530261
      44000 -209.199981
      45000 -209.146714
      46000 -209.402106
      47000 -210.805626
      48000 -210.831975
      49000 -209.840097
      50000 -210.290018
      51000 -209.364210
      52000 -209.144241
      53000 -209.864300
      54000 -209.409028
      55000 -209.961031
      56000 -209.596293
      57000 -209.583882
      58000 -210.193356
      59000 -210.054687
      60000 -210.708841
      61000 -209.577373
      62000 -210.652431
      63000 -211.201216
      64000 -211.522240
      65000 -209.391715
      66000 -210.133957
      67000 -214.285243
      68000 -210.133547
      69000 -210.024000
      70000 -209.639775
      71000 -210.069794
      72000 -209.144855
      73000 -209.844501
      74000 -210.409544
      75000 -209.280926
      76000 -213.037174
      77000 -210.534942
      78000 -209.508052
      79000 -210.409451
      80000 -209.202113
      81000 -209.297328
      82000 -210.349455
      83000 -209.868853
      84000 -209.958075
      85000 -210.691316
      86000 -209.399303
      87000 -210.190474
      88000 -210.633589
      89000 -209.381608
      90000 -209.715010
      91000 -210.902634
      92000 -210.264079
      93000 -210.675572
      94000 -210.101364
      95000 -209.233663
      96000 -209.745147
      97000 -213.963280
      98000 -209.334293
      99000 -212.885800
     100000 -209.290176
     101000 -210.972022
     102000 -209.193969
     103000 -209.589845
     104000 -209.580227
     105000 -212.347797
     106000 -211.684358
     107000 -209.390079
     108000 -211.023986
     109000 -211.469380
     110000 -209.314202
     111000 -212.260726
     112000 -209.813926
     113000 -209.993874
     114000 -209.906077
     115000 -210.221953
     116000 -209.214445
     117000 -209.556037
     118000 -212.469930
     119000 -209.484498
     120000 -210.261541
     121000 -209.176890
     122000 -209.652616
     123000 -209.293496
     124000 -210.280223
     125000 -210.319102
     126000 -210.370503
     127000 -209.272726
     128000 -210.306354
     129000 -209.672048
     130000 -211.228667
     131000 -211.260078
     132000 -210.300030
     133000 -212.601888
     134000 -209.348266
     135000 -209.905553
     136000 -210.155872
     137000 -209.362998
     138000 -209.654760
     139000 -212.130550
     140000 -209.339295
     141000 -209.615825
     142000 -211.381216
     143000 -209.305624
     144000 -210.321718
     145000 -209.324540
     146000 -211.025581
     147000 -209.198153
     148000 -210.272197
     149000 -209.240167
     150000 -209.829339
     151000 -210.416662
     152000 -210.729471
     153000 -209.296351
     154000 -210.366485
     155000 -210.315286
     156000 -209.867884
     157000 -209.367797
     158000 -209.463723
     159000 -209.995861
     160000 -209.502938
     161000 -209.774085
     162000 -210.182439
     163000 -210.242685
     164000 -209.689184
     165000 -209.926048
     166000 -211.424037
     167000 -210.163141
     168000 -211.308810
     169000 -211.644433
     170000 -211.124684
     171000 -211.272999
     172000 -210.071534
     173000 -211.539285
     174000 -210.858023
     175000 -210.575246
     176000 -209.295220
     177000 -212.533920
     178000 -209.212457
     179000 -209.597406
     180000 -209.288969
     181000 -211.601401
     182000 -209.467064
     183000 -210.533494
     184000 -209.160043
     185000 -209.634745
     186000 -214.448057
     187000 -212.760674
     188000 -211.258043
     189000 -209.549304
     190000 -210.154248
     191000 -209.493518
     192000 -209.179142
     193000 -210.197621
     194000 -209.283042
     195000 -209.762099
     196000 -209.796837
     197000 -209.175593
     198000 -210.061556
     199000 -209.901473
     200000 -209.814909
     201000 -209.146417
     202000 -209.493231
     203000 -209.498425
     204000 -210.255406
     205000 -209.189194
     206000 -209.144130
     207000 -211.027941
     208000 -209.234851
     209000 -209.696314
     210000 -212.966933
     211000 -209.684014
     212000 -209.442824
     213000 -210.991522
     214000 -210.514388
     215000 -209.700279
     216000 -209.584138
     217000 -209.349781
     218000 -209.777631
     219000 -209.754466
     220000 -210.026394
     221000 -209.650471
     222000 -209.345771
     223000 -211.798964
     224000 -210.039460
     225000 -210.742189
     226000 -209.420086
     227000 -210.846140
     228000 -210.053731
     229000 -209.632606
     230000 -209.276743
     231000 -210.136289
     232000 -209.660084
     233000 -209.578361
     234000 -209.647967
     235000 -209.332638
     236000 -209.151115
     237000 -209.560391
     238000 -209.742867
     239000 -210.419957
     240000 -209.192646
     241000 -210.666447
     242000 -210.631269
     243000 -209.249696
     244000 -209.680296
     245000 -210.220124
     246000 -209.796123
     247000 -210.537877
     248000 -210.414441
     249000 -209.395193
     250000 -209.252586
     251000 -209.389527
     252000 -211.400371
     253000 -209.176042
     254000 -209.630571
     255000 -209.178002
     256000 -209.258607
     257000 -209.497039
     258000 -209.959445
     259000 -209.430221
     260000 -211.449991
     261000 -209.396870
     262000 -210.117140
     263000 -210.147221
     264000 -209.760971
     265000 -210.322834
     266000 -210.371106
     267000 -210.170921
     268000 -209.441165
     269000 -209.197981
     270000 -210.127890
     271000 -209.241102
     272000 -209.445230
     273000 -210.369969
     274000 -210.073452
     275000 -209.383829
     276000 -210.980369
     277000 -210.184255
     278000 -209.862126
     279000 -209.646833
     280000 -210.121302
     281000 -209.791334
     282000 -211.622201
     283000 -209.196035
     284000 -209.178706
     285000 -209.259689
     286000 -209.736371
     287000 -213.486898
     288000 -209.376723
     289000 -210.298898
     290000 -209.611448
     291000 -209.490633
     292000 -209.572904
     293000 -209.660532
     294000 -210.273599
     295000 -212.565422
     296000 -209.210411
     297000 -209.857524
     298000 -209.526055
     299000 -209.584968
     300000 -209.218880
     301000 -209.364626
     302000 -210.502275
     303000 -211.869862
     304000 -210.832150
     305000 -210.538375
     306000 -209.150415
     307000 -209.281696
     308000 -209.362305
     309000 -210.345560
     310000 -213.215077
     311000 -211.605175
     312000 -209.921938
     313000 -209.594419
     314000 -209.367015
     315000 -209.477705
     316000 -209.404149
     317000 -209.997450
     318000 -209.307590
     319000 -210.904017
     320000 -209.990028
     321000 -212.488527
     322000 -209.238221
     323000 -211.646977
     324000 -210.010788
     325000 -209.201610
     326000 -209.897357
     327000 -209.382242
     328000 -209.359944
     329000 -209.341356
     330000 -209.367934
     331000 -209.446762
     332000 -210.301927
     333000 -209.177243
     334000 -212.199258
     335000 -209.954019
     336000 -209.456898
     337000 -209.721023
     338000 -209.591699
     339000 -209.467859
     340000 -209.399253
     341000 -209.220093
     342000 -209.832499
     343000 -209.290469
     344000 -209.276559
     345000 -210.589725
     346000 -216.678972
     347000 -209.311350
     348000 -209.413126
     349000 -209.540061
     350000 -209.247218
     351000 -211.473670
     352000 -209.521675
     353000 -210.990651
     354000 -209.668618
     355000 -210.847514
     356000 -209.353820
     357000 -210.895556
     358000 -209.975717
     359000 -210.079916
     360000 -209.663139
     361000 -209.704921
     362000 -213.969365
     363000 -210.084443
     364000 -209.667275
     365000 -212.879660
     366000 -209.740301
     367000 -209.673195
     368000 -209.692705
     369000 -209.568216
     370000 -209.573283
     371000 -211.375190
     372000 -210.191151
     373000 -209.280706
     374000 -209.312910
     375000 -211.653558
     376000 -209.164592
     377000 -210.463323
     378000 -212.344660
     379000 -209.194637
     380000 -211.170635
     381000 -209.429860
     382000 -209.941418
     383000 -209.553970
     384000 -211.501009
     385000 -210.059034
     386000 -210.407961
     387000 -209.194443
     388000 -209.213868
     389000 -210.962520
     390000 -209.574841
     391000 -210.415296
     392000 -209.651382
     393000 -209.869812
     394000 -210.795410
     395000 -209.561067
     396000 -209.884728
     397000 -210.714418
     398000 -210.506088
     399000 -209.319106
     400000 -209.449423
     401000 -210.317083
     402000 -211.417077
     403000 -210.133685
     404000 -210.458967
     405000 -209.477037
     406000 -210.507582
     407000 -209.271856
     408000 -209.860580
     409000 -209.925334
     410000 -209.244713
     411000 -209.461508
     412000 -213.272871
     413000 -210.797032
     414000 -211.185159
     415000 -209.802809
     416000 -210.497584
     417000 -209.316232
     418000 -209.218510
     419000 -209.282823
     420000 -209.334372
     421000 -209.347474
     422000 -209.175889
     423000 -209.619292
     424000 -209.563816
     425000 -209.151400
     426000 -210.614807
     427000 -209.597252
     428000 -210.902734
     429000 -209.881530
     430000 -209.395404
     431000 -211.933768
     432000 -209.963463
     433000 -209.749909
     434000 -214.230532
     435000 -210.113264
     436000 -209.509291
     437000 -209.212913
     438000 -211.375568
     439000 -209.269090
     440000 -210.486066
     441000 -209.776097
     442000 -209.561513
     443000 -209.407763
     444000 -209.734358
     445000 -209.257804
     446000 -210.015871
     447000 -209.348105
     448000 -209.751526
     449000 -209.649634
     450000 -209.420638
     451000 -209.955659
     452000 -209.552861
     453000 -209.537770
     454000 -209.784577
     455000 -209.405147
     456000 -210.499792
     457000 -209.505075
     458000 -209.930580
     459000 -209.728524
     460000 -211.303346
     461000 -209.828679
     462000 -209.575051
     463000 -212.781025
     464000 -210.381410
     465000 -213.851730
     466000 -213.497767
     467000 -209.839866
     468000 -209.879954
     469000 -214.071896
     470000 -209.184404
     471000 -209.386455
     472000 -209.333683
     473000 -209.446021
     474000 -209.417010
     475000 -210.110663
     476000 -213.242568
     477000 -209.590584
     478000 -209.406841
     479000 -209.941426
     480000 -209.978442
     481000 -213.911639
     482000 -209.251498
     483000 -209.228632
     484000 -210.068878
     485000 -209.224448
     486000 -209.713990
     487000 -209.295265
     488000 -209.234637
     489000 -209.227602
     490000 -209.809968
     491000 -209.317967
     492000 -210.196212
     493000 -209.504997
     494000 -211.773453
     495000 -211.306832
     496000 -210.241199
     497000 -209.204190
     498000 -210.989743
     499000 -209.240796
     500000 -209.205544
     501000 -210.452118
     502000 -209.460934
     503000 -209.242847
     504000 -209.679508
     505000 -209.457993
     506000 -209.442204
     507000 -209.220484
     508000 -209.663768
     509000 -210.256927
     510000 -210.090907
     511000 -209.545879
     512000 -209.630206
     513000 -209.153900
     514000 -210.029298
     515000 -210.373482
     516000 -209.198732
     517000 -210.244103
     518000 -210.250842
     519000 -209.265483
     520000 -209.384319
     521000 -210.126376
     522000 -209.987930
     523000 -209.479561
     524000 -209.901971
     525000 -210.044829
     526000 -210.394496
     527000 -209.428212
     528000 -212.707065
     529000 -213.348312
     530000 -213.012492
     531000 -210.756622
     532000 -209.915803
     533000 -209.587053
     534000 -209.962393
     535000 -209.525869
     536000 -210.402507
     537000 -209.695950
     538000 -209.432328
     539000 -216.764257
     540000 -211.001869
     541000 -209.526893
     542000 -209.595760
     543000 -209.151206
     544000 -209.240096
     545000 -209.487100
     546000 -212.319154
     547000 -210.123376
     548000 -213.569629
     549000 -209.681009
     550000 -210.097105
     551000 -209.873571
     552000 -209.433438
     553000 -209.665335
     554000 -211.677357
     555000 -210.557016
     556000 -209.264274
     557000 -210.565297
     558000 -209.458113
     559000 -209.734615
     560000 -209.394289
     561000 -212.512361
     562000 -211.488537
     563000 -210.147201
     564000 -210.003685
     565000 -213.987436
     566000 -209.358535
     567000 -209.867829
     568000 -211.626906
     569000 -210.136160
     570000 -211.406573
     571000 -209.804253
     572000 -209.786801
     573000 -212.464056
     574000 -209.189351
     575000 -209.653397
     576000 -209.656583
     577000 -209.191529
     578000 -209.303283
     579000 -210.035839
     580000 -209.788588
     581000 -210.480263
     582000 -211.658327
     583000 -210.788574
     584000 -209.489949
     585000 -209.145091
     586000 -209.277321
     587000 -209.339436
     588000 -209.153161
     589000 -209.759811
     590000 -209.892917
     591000 -209.317974
     592000 -210.065242
     593000 -209.827346
     594000 -210.576316
     595000 -209.634901
     596000 -212.190164
     597000 -209.381760
     598000 -209.311900
     599000 -211.404150
     600000 -209.446679
     601000 -209.192909
     602000 -209.530891
     603000 -210.066765
     604000 -209.768379
     605000 -210.916128
     606000 -209.264756
     607000 -210.284574
     608000 -209.188247
     609000 -209.671043
     610000 -211.463202
     611000 -210.186735
     612000 -211.230741
     613000 -211.603937
     614000 -209.694363
     615000 -211.058697
     616000 -209.771834
     617000 -210.396574
     618000 -212.342198
     619000 -209.211224
     620000 -209.162068
     621000 -209.143175
     622000 -213.543622
     623000 -209.344853
     624000 -210.114605
     625000 -209.403561
     626000 -209.438458
     627000 -210.536007
     628000 -210.608388
     629000 -210.996693
     630000 -209.274041
     631000 -209.197787
     632000 -209.546465
     633000 -210.855397
     634000 -212.498528
     635000 -209.318582
     636000 -210.937415
     637000 -212.272626
     638000 -211.613720
     639000 -209.605265
     640000 -215.763957
     641000 -211.766114
     642000 -209.613824
     643000 -209.400769
     644000 -209.468528
     645000 -210.192995
     646000 -209.255286
     647000 -210.717187
     648000 -210.967159
     649000 -209.696006
     650000 -210.831905
     651000 -210.660675
     652000 -209.584410
     653000 -209.494942
     654000 -209.807293
     655000 -209.739663
     656000 -209.940780
     657000 -209.365582
     658000 -209.385037
     659000 -209.493908
     660000 -209.291754
     661000 -210.596007
     662000 -209.835700
     663000 -210.062527
     664000 -211.326980
     665000 -209.163676
     666000 -209.183310
     667000 -209.191932
     668000 -209.548461
     669000 -210.053883
     670000 -210.797050
     671000 -211.134861
     672000 -209.310684
     673000 -210.355437
     674000 -209.302313
     675000 -210.367055
     676000 -210.209696
     677000 -209.189553
     678000 -210.949887
     679000 -210.077255
     680000 -209.658348
     681000 -209.591577
     682000 -209.546109
     683000 -209.849667
     684000 -209.222613
     685000 -209.928558
     686000 -210.956938
     687000 -210.933738
     688000 -209.849499
     689000 -210.931980
     690000 -210.215701
     691000 -209.931508
     692000 -214.445105
     693000 -209.169129
     694000 -209.268375
     695000 -213.137808
     696000 -209.464545
     697000 -210.419123
     698000 -209.484739
     699000 -209.679424
     700000 -210.139316
     701000 -211.924073
     702000 -209.157843
     703000 -209.760287
     704000 -210.685239
     705000 -210.937418
     706000 -209.153717
     707000 -210.913793
     708000 -212.677322
     709000 -209.901445
     710000 -209.907729
     711000 -209.506733
     712000 -210.421555
     713000 -210.085206
     714000 -209.677282
     715000 -211.608941
     716000 -210.101908
     717000 -209.181326
     718000 -210.839791
     719000 -211.752263
     720000 -212.309704
     721000 -212.083662
     722000 -211.822541
     723000 -209.309773
     724000 -210.381221
     725000 -209.692185
     726000 -209.171525
     727000 -209.899358
     728000 -209.770669
     729000 -209.348220
     730000 -210.379526
     731000 -209.425970
     732000 -209.317168
     733000 -209.323163
     734000 -209.844501
     735000 -210.909654
     736000 -211.440509
     737000 -209.147277
     738000 -211.180066
     739000 -209.191733
     740000 -211.730883
     741000 -209.843385
     742000 -210.012889
     743000 -209.456388
     744000 -209.981869
     745000 -210.809207
     746000 -209.218326
     747000 -209.795374
     748000 -209.379192
     749000 -211.088377
     750000 -210.908075
     751000 -209.577271
     752000 -210.858983
     753000 -209.755599
     754000 -209.232294
     755000 -209.852453
     756000 -209.400952
     757000 -211.370145
     758000 -209.168381
     759000 -211.282648
     760000 -209.566809
     761000 -209.207715
     762000 -209.816304
     763000 -211.867722
     764000 -210.039632
     765000 -211.231873
     766000 -209.656664
     767000 -210.743229
     768000 -209.522837
     769000 -209.795317
     770000 -210.729132
     771000 -210.757270
     772000 -209.945353
     773000 -212.949030
     774000 -209.482751
     775000 -210.077224
     776000 -209.490174
     777000 -209.187471
     778000 -211.222891
     779000 -210.875387
     780000 -211.941813
     781000 -209.436878
     782000 -211.418516
     783000 -210.640856
     784000 -210.027768
     785000 -213.218555
     786000 -210.643865
     787000 -209.576932
     788000 -209.945099
     789000 -210.080894
     790000 -210.318221
     791000 -209.795216
     792000 -209.594705
     793000 -209.269677
     794000 -209.342204
     795000 -210.880696
     796000 -209.722714
     797000 -209.835341
     798000 -210.211462
     799000 -209.798359
     800000 -209.513846
     801000 -210.271279
     802000 -209.511507
     803000 -209.262515
     804000 -209.981020
     805000 -211.850446
     806000 -209.562524
     807000 -209.689761
     808000 -209.305070
     809000 -210.568207
     810000 -210.015337
     811000 -209.549117
     812000 -209.216471
     813000 -211.876274
     814000 -210.198711
     815000 -209.917817
     816000 -209.246608
     817000 -210.154362
     818000 -209.813538
     819000 -209.585816
     820000 -210.292337
     821000 -209.412369
     822000 -209.411145
     823000 -209.901876
     824000 -210.368490
     825000 -210.253769
     826000 -209.234992
     827000 -209.511120
     828000 -209.644102
     829000 -211.287243
     830000 -210.375864
     831000 -210.530577
     832000 -209.526573
     833000 -210.427664
     834000 -209.529443
     835000 -209.706152
     836000 -209.734027
     837000 -209.682390
     838000 -210.430916
     839000 -209.276503
     840000 -209.532108
     841000 -209.725138
     842000 -210.759130
     843000 -210.061938
     844000 -209.915019
     845000 -209.970391
     846000 -209.588490
     847000 -209.344691
     848000 -210.957343
     849000 -209.194210
     850000 -209.223812
     851000 -210.604611
     852000 -209.230688
     853000 -209.609697
     854000 -210.249553
     855000 -210.616705
     856000 -210.288038
     857000 -209.936185
     858000 -209.197011
     859000 -212.175713
     860000 -209.684143
     861000 -210.046827
     862000 -212.240739
     863000 -212.337344
     864000 -210.177067
     865000 -212.074248
     866000 -210.221569
     867000 -209.210713
     868000 -209.338436
     869000 -211.148850
     870000 -209.903258
     871000 -211.087340
     872000 -211.237595
     873000 -209.630972
     874000 -209.871325
     875000 -209.972454
     876000 -209.302427
     877000 -209.517755
     878000 -211.318724
     879000 -209.427283
     880000 -211.387503
     881000 -213.810680
     882000 -211.104796
     883000 -210.082336
     884000 -211.214473
     885000 -210.632080
     886000 -209.564919
     887000 -209.664383
     888000 -209.340819
     889000 -210.131460
     890000 -209.348285
     891000 -209.533609
     892000 -209.299820
     893000 -209.241291
     894000 -210.133608
     895000 -212.606572
     896000 -209.913093
     897000 -209.211447
     898000 -209.556686
     899000 -211.002020
     900000 -209.667251
     901000 -209.626941
     902000 -213.671665
     903000 -210.164049
     904000 -211.688615
     905000 -209.877973
     906000 -209.622717
     907000 -210.237055
     908000 -211.776039
     909000 -209.387022
     910000 -211.829363
     911000 -209.984593
     912000 -209.486946
     913000 -209.240090
     914000 -210.282144
     915000 -211.562762
     916000 -209.490620
     917000 -210.031304
     918000 -209.723318
     919000 -209.466736
     920000 -210.010079
     921000 -209.546851
     922000 -210.151899
     923000 -209.199941
     924000 -210.553641
     925000 -210.254321
     926000 -211.212050
     927000 -209.608873
     928000 -209.829863
     929000 -211.771520
     930000 -212.660005
     931000 -209.383818
     932000 -210.344989
     933000 -209.189433
     934000 -210.284311
     935000 -210.507843
     936000 -213.652689
     937000 -209.608695
     938000 -209.349711
     939000 -209.785561
     940000 -211.031480
     941000 -209.797202
     942000 -209.490281
     943000 -209.960449
     944000 -210.076888
     945000 -209.205680
     946000 -210.082954
     947000 -209.541994
     948000 -209.718601
     949000 -209.593229
     950000 -209.486531
     951000 -209.602817
     952000 -209.337130
     953000 -210.137560
     954000 -209.423354
     955000 -209.605547
     956000 -209.602516
     957000 -210.217029
     958000 -209.540278
     959000 -210.312233
     960000 -211.064198
     961000 -209.545125
     962000 -210.969421
     963000 -209.204914
     964000 -209.673273
     965000 -209.191818
     966000 -211.230900
     967000 -210.568097
     968000 -209.758892
     969000 -210.148853
     970000 -209.272947
     971000 -212.235140
     972000 -209.402830
     973000 -209.408750
     974000 -209.343185
     975000 -210.883686
     976000 -209.901534
     977000 -210.549697
     978000 -209.907466
     979000 -210.300698
     980000 -210.010602
     981000 -209.944062
     982000 -209.892291
     983000 -210.119672
     984000 -210.253348
     985000 -210.246136
     986000 -212.940613
     987000 -209.591615
     988000 -210.061779
     989000 -210.302712
     990000 -209.441512
     991000 -210.223574
     992000 -210.006072
     993000 -209.491125
     994000 -210.641185
     995000 -211.099239
     996000 -210.721018
     997000 -210.410423
     998000 -209.150942
     999000 -209.342515
    1000000 -209.527718
    1001000 -210.497005
    1002000 -209.208625
    1003000 -211.513247
    1004000 -210.572648
    1005000 -209.476513
    1006000 -209.543986
    1007000 -210.472349
    1008000 -209.394278
    1009000 -209.251465
    1010000 -210.284303
    1011000 -209.278107
    1012000 -209.449228
    1013000 -209.523027
    1014000 -209.779130
    1015000 -209.259797
    1016000 -209.169608
    1017000 -210.897624
    1018000 -209.945306
    1019000 -209.560537
    1020000 -209.496899
    1021000 -211.505239
    1022000 -210.720250
    1023000 -209.513443
    1024000 -210.256047
    1025000 -213.269536
    1026000 -209.893719
    1027000 -210.429654
    1028000 -209.203352
    1029000 -209.569703
    1030000 -209.681516
    1031000 -209.475915
    1032000 -210.086512
    1033000 -209.594301
    1034000 -209.591404
    1035000 -209.337915
    1036000 -209.865462
    1037000 -210.085630
    1038000 -209.453157
    1039000 -210.141629
    1040000 -209.377375
    1041000 -209.318683
    1042000 -211.913160
    1043000 -210.465483
    1044000 -210.025460
    1045000 -214.953328
    1046000 -209.963431
    1047000 -211.068324
    1048000 -209.251412
    1049000 -209.276188
    1050000 -209.380376
    1051000 -209.194706
    1052000 -212.706315
    1053000 -209.308330
    1054000 -209.190795
    1055000 -209.355677
    1056000 -211.007367
    1057000 -210.021671
    1058000 -209.503968
    1059000 -210.188514
    1060000 -210.203683
    1061000 -209.331514
    1062000 -210.995241
    1063000 -212.162240
    1064000 -211.090291
    1065000 -210.519935
    1066000 -209.212249
    1067000 -209.363722
    1068000 -210.125889
    1069000 -209.313786
    1070000 -209.162017
    1071000 -212.874456
    1072000 -209.945729
    1073000 -209.544191
    1074000 -209.774558
    1075000 -209.159433
    1076000 -209.683567
    1077000 -209.221532
    1078000 -210.756766
    1079000 -209.981288
    1080000 -209.530069
    1081000 -209.549423
    1082000 -209.813923
    1083000 -209.148498
    1084000 -209.543733
    1085000 -209.593251
    1086000 -209.176188
    1087000 -211.046224
    1088000 -209.684478
    1089000 -209.484157
    1090000 -213.499859
    1091000 -209.420765
    1092000 -212.475495
    1093000 -209.531393
    1094000 -209.425285
    1095000 -212.646391
    1096000 -209.555118
    1097000 -210.795362
    1098000 -209.455432
    1099000 -210.773350
    1100000 -209.285372
    1101000 -209.925305
    1102000 -209.460041
    1103000 -209.530234
    1104000 -209.614103
    1105000 -210.745088
    1106000 -209.610529
    1107000 -209.868417
    1108000 -210.035739
    1109000 -209.294327
    1110000 -211.083963
    1111000 -209.886026
    1112000 -209.158358
    1113000 -210.324460
    1114000 -210.036250
    1115000 -209.242600
    1116000 -209.395271
    1117000 -209.611899
    1118000 -209.286583
    1119000 -210.012587
    1120000 -210.543643
    1121000 -209.288284
    1122000 -211.471440
    1123000 -210.353916
    1124000 -211.840036
    1125000 -209.317223
    1126000 -210.880305
    1127000 -211.335003
    1128000 -209.674823
    1129000 -209.891400
    1130000 -210.016693
    1131000 -210.588140
    1132000 -209.246529
    1133000 -211.686253
    1134000 -209.402848
    1135000 -215.347036
    1136000 -209.972510
    1137000 -209.332965
    1138000 -209.208167
    1139000 -209.267616
    1140000 -209.435790
    1141000 -209.254124
    1142000 -209.596510
    1143000 -209.781765
    1144000 -210.629133
    1145000 -210.735361
    1146000 -211.388972
    1147000 -210.927807
    1148000 -209.471969
    1149000 -209.877282
    1150000 -210.906967
    1151000 -209.902291
    1152000 -211.242357
    1153000 -210.253103
    1154000 -211.637263
    1155000 -210.315204
    1156000 -210.662770
    1157000 -210.209560
    1158000 -209.196738
    1159000 -209.239828
    1160000 -211.873020
    1161000 -210.468062
    1162000 -209.246828
    1163000 -210.152360
    1164000 -210.149231
    1165000 -210.084811
    1166000 -209.905020
    1167000 -217.549759
    1168000 -211.223275
    1169000 -209.736654
    1170000 -209.190422
    1171000 -210.139348
    1172000 -209.311602
    1173000 -209.250980
    1174000 -212.343868
    1175000 -209.271341
    1176000 -209.467810
    1177000 -210.357383
    1178000 -211.285184
    1179000 -209.502314
    1180000 -209.287512
    1181000 -210.623796
    1182000 -209.402807
    1183000 -210.683377
    1184000 -210.223207
    1185000 -209.290551
    1186000 -209.724803
    1187000 -209.229851
    1188000 -209.881181
    1189000 -209.576619
    1190000 -209.330029
    1191000 -209.465857
    1192000 -210.715983
    1193000 -211.234349
    1194000 -209.688731
    1195000 -209.313425
    1196000 -209.853728
    1197000 -210.723202
    1198000 -210.038490
    1199000 -209.151158
    1200000 -209.863352
    1201000 -209.589625
    1202000 -209.278220
    1203000 -209.480839
    1204000 -209.157697
    1205000 -209.386244
    1206000 -209.232054
    1207000 -210.981260
    1208000 -209.808177
    1209000 -210.885860
    1210000 -209.207287
    1211000 -210.741558
    1212000 -209.270940
    1213000 -210.121972
    1214000 -209.226326
    1215000 -210.656089
    1216000 -209.614095
    1217000 -209.286471
    1218000 -209.166557
    1219000 -210.975811
    1220000 -210.801293
    1221000 -209.747169
    1222000 -209.220758
    1223000 -211.172386
    1224000 -211.541824
    1225000 -209.244593
    1226000 -210.787456
    1227000 -212.145414
    1228000 -210.320290
    1229000 -211.724005
    1230000 -217.465449
    1231000 -211.077685
    1232000 -210.827591
    1233000 -209.643722
    1234000 -209.378314
    1235000 -210.863423
    1236000 -211.920668
    1237000 -210.021927
    1238000 -209.656052
    1239000 -212.578720
    1240000 -209.774068
    1241000 -209.289909
    1242000 -209.858435
    1243000 -209.179620
    1244000 -212.748862
    1245000 -209.485593
    1246000 -209.673790
    1247000 -210.629610
    1248000 -209.671602
    1249000 -209.286725
    1250000 -209.945842
    1251000 -209.290996
    1252000 -209.209884
    1253000 -212.092464
    1254000 -210.665574
    1255000 -211.823965
    1256000 -210.982989
    1257000 -209.614992
    1258000 -209.356515
    1259000 -211.461797
    1260000 -210.265305
    1261000 -209.419537
    1262000 -209.143229
    1263000 -210.353350
    1264000 -209.546299
    1265000 -210.384871
    1266000 -209.275388
    1267000 -209.864831
    1268000 -209.411482
    1269000 -209.272279
    1270000 -210.248376
    1271000 -210.445740
    1272000 -210.764832
    1273000 -210.023466
    1274000 -209.355124
    1275000 -211.135113
    1276000 -209.397944
    1277000 -210.424273
    1278000 -209.828898
    1279000 -210.009819
    1280000 -209.577742
    1281000 -210.026687
    1282000 -214.502165
    1283000 -210.317614
    1284000 -209.646537
    1285000 -209.247978
    1286000 -209.302469
    1287000 -209.414970
    1288000 -210.660784
    1289000 -209.661302
    1290000 -209.981466
    1291000 -209.331643
    1292000 -209.394401
    1293000 -209.351539
    1294000 -209.759451
    1295000 -209.392319
    1296000 -211.515185
    1297000 -211.693864
    1298000 -209.634372
    1299000 -211.623518
    1300000 -209.887577
    1301000 -209.206081
    1302000 -209.675997
    1303000 -210.022039
    1304000 -209.189691
    1305000 -209.875633
    1306000 -210.302517
    1307000 -210.266401
    1308000 -209.149275
    1309000 -210.429361
    1310000 -211.033854
    1311000 -210.686164
    1312000 -209.395454
    1313000 -209.306927
    1314000 -210.109506
    1315000 -209.526058
    1316000 -209.185723
    1317000 -210.314468
    1318000 -210.356544
    1319000 -212.810434
    1320000 -209.480961
    1321000 -210.389073
    1322000 -210.414289
    1323000 -209.981520
    1324000 -209.982163
    1325000 -210.560811
    1326000 -213.033182
    1327000 -209.152513
    1328000 -210.131406
    1329000 -209.491147
    1330000 -209.341877
    1331000 -211.405008
    1332000 -209.364657
    1333000 -209.251145
    1334000 -209.969752
    1335000 -210.212229
    1336000 -209.632382
    1337000 -210.836571
    1338000 -209.482450
    1339000 -209.668868
    1340000 -209.871544
    1341000 -209.576785
    1342000 -209.204436
    1343000 -209.734548
    1344000 -213.868756
    1345000 -209.688824
    1346000 -209.720548
    1347000 -209.832684
    1348000 -209.933201
    1349000 -210.707222
    1350000 -209.845198
    1351000 -210.738893
    1352000 -209.323957
    1353000 -209.436794
    1354000 -209.418726
    1355000 -209.995912
    1356000 -209.261049
    1357000 -209.605309
    1358000 -209.755698
    1359000 -209.784285
    1360000 -209.584425
    1361000 -210.025968
    1362000 -210.649398
    1363000 -210.518162
    1364000 -210.887473
    1365000 -209.643339
    1366000 -209.926493
    1367000 -209.807499
    1368000 -211.838149
    1369000 -209.459018
    1370000 -209.287967
    1371000 -210.047083
    1372000 -210.627704
    1373000 -210.757457
    1374000 -210.299017
    1375000 -210.011066
    1376000 -209.534418
    1377000 -209.675082
    1378000 -209.447290
    1379000 -209.218616
    1380000 -209.204764
    1381000 -209.802827
    1382000 -210.092338
    1383000 -209.800521
    1384000 -209.674072
    1385000 -210.343267
    1386000 -210.014209
    1387000 -209.348634
    1388000 -209.629694
    1389000 -209.379901
    1390000 -212.029443
    1391000 -209.588575
    1392000 -210.809873
    1393000 -210.557280
    1394000 -209.711648
    1395000 -209.850758
    1396000 -210.295762
    1397000 -209.735418
    1398000 -209.910406
    1399000 -210.069606
    1400000 -209.716069
    1401000 -209.418195
    1402000 -210.165612
    1403000 -209.848953
    1404000 -214.082437
    1405000 -209.821648
    1406000 -209.310957
    1407000 -210.377433
    1408000 -209.379621
    1409000 -213.338179
    1410000 -210.019212
    1411000 -210.372669
    1412000 -209.673601
    1413000 -209.167835
    1414000 -210.826522
    1415000 -209.175998
    1416000 -210.268427
    1417000 -209.331977
    1418000 -210.423442
    1419000 -210.956097
    1420000 -210.352939
    1421000 -210.149859
    1422000 -209.593583
    1423000 -211.238372
    1424000 -209.345838
    1425000 -209.423612
    1426000 -209.153173
    1427000 -209.489988
    1428000 -209.343565
    1429000 -212.919437
    1430000 -210.868123
    1431000 -209.476852
    1432000 -209.766697
    1433000 -209.257611
    1434000 -211.787748
    1435000 -211.784398
    1436000 -209.389921
    1437000 -209.512948
    1438000 -212.058744
    1439000 -210.906610
    1440000 -209.764457
    1441000 -209.483726
    1442000 -211.736899
    1443000 -209.932766
    1444000 -209.454323
    1445000 -209.348838
    1446000 -209.952775
    1447000 -213.137920
    1448000 -209.944708
    1449000 -209.472251
    1450000 -211.249449
    1451000 -209.882200
    1452000 -209.272894
    1453000 -212.875813
    1454000 -210.580344
    1455000 -209.847673
    1456000 -209.589921
    1457000 -209.265949
    1458000 -210.575006
    1459000 -209.408625
    1460000 -210.372366
    1461000 -210.220457
    1462000 -209.163582
    1463000 -209.389535
    1464000 -209.601098
    1465000 -209.443552
    1466000 -213.028363
    1467000 -210.929859
    1468000 -210.877498
    1469000 -210.572395
    1470000 -213.442949
    1471000 -209.603208
    1472000 -212.129827
    1473000 -210.625150
    1474000 -209.999834
    1475000 -209.741099
    1476000 -209.497479
    1477000 -211.820251
    1478000 -209.316068
    1479000 -210.564791
    1480000 -210.292961
    1481000 -210.980404
    1482000 -209.422908
    1483000 -209.372046
    1484000 -213.770481
    1485000 -209.931159
    1486000 -210.427434
    1487000 -210.017262
    1488000 -209.387032
    1489000 -210.312043
    1490000 -210.651074
    1491000 -210.712583
    1492000 -209.520021
    1493000 -209.825474
    1494000 -209.597068
    1495000 -209.297533
    1496000 -209.218331
    1497000 -209.754222
    1498000 -209.597684
    1499000 -209.459932
    1500000 -209.184744
    1501000 -210.247990
    1502000 -209.650152
    1503000 -210.488377
    1504000 -209.569296
    1505000 -209.695059
    1506000 -209.461697
    1507000 -209.730531
    1508000 -209.884465
    1509000 -210.524985
    1510000 -209.174929
    1511000 -214.238660
    1512000 -209.259278
    1513000 -210.325379
    1514000 -209.518373
    1515000 -209.767143
    1516000 -209.143077
    1517000 -209.231230
    1518000 -210.059167
    1519000 -210.560004
    1520000 -209.701028
    1521000 -209.612814
    1522000 -209.686414
    1523000 -209.236969
    1524000 -210.485762
    1525000 -210.636252
    1526000 -209.572423
    1527000 -209.531432
    1528000 -209.484653
    1529000 -210.027432
    1530000 -209.409169
    1531000 -209.196303
    1532000 -210.256276
    1533000 -210.147676
    1534000 -209.541194
    1535000 -210.831899
    1536000 -209.236810
    1537000 -209.535393
    1538000 -209.951707
    1539000 -210.648190
    1540000 -209.282729
    1541000 -210.424628
    1542000 -209.352432
    1543000 -210.100616
    1544000 -209.945182
    1545000 -209.231499
    1546000 -209.202083
    1547000 -210.083474
    1548000 -209.523899
    1549000 -209.394810
    1550000 -209.731810
    1551000 -209.605926
    1552000 -210.723550
    1553000 -209.477394
    1554000 -209.913097
    1555000 -211.442609
    1556000 -210.131455
    1557000 -210.257085
    1558000 -209.596769
    1559000 -209.810910
    1560000 -209.198891
    1561000 -210.227977
    1562000 -209.306426
    1563000 -209.178213
    1564000 -213.219805
    1565000 -209.526156
    1566000 -209.756537
    1567000 -209.791139
    1568000 -210.016057
    1569000 -211.155574
    1570000 -209.231347
    1571000 -209.415719
    1572000 -211.596851
    1573000 -209.989789
    1574000 -210.058424
    1575000 -211.386979
    1576000 -211.542240
    1577000 -210.316366
    1578000 -210.025519
    1579000 -210.112799
    1580000 -209.457949
    1581000 -210.909588
    1582000 -209.679367
    1583000 -209.394564
    1584000 -210.468331
    1585000 -209.438889
    1586000 -209.153066
    1587000 -210.069560
    1588000 -209.910807
    1589000 -209.787700
    1590000 -210.232160
    1591000 -209.684877
    1592000 -211.261880
    1593000 -209.368575
    1594000 -209.795411
    1595000 -210.394278
    1596000 -209.143531
    1597000 -209.516811
    1598000 -209.352935
    1599000 -209.738803
    1600000 -214.200926
    1601000 -210.865699
    1602000 -209.169487
    1603000 -212.580087
    1604000 -209.656096
    1605000 -210.862854
    1606000 -210.708457
    1607000 -211.668339
    1608000 -210.176949
    1609000 -211.355542
    1610000 -209.520892
    1611000 -209.239259
    1612000 -210.515638
    1613000 -209.394547
    1614000 -209.465717
    1615000 -210.890068
    1616000 -209.364749
    1617000 -210.006858
    1618000 -209.151141
    1619000 -210.851946
    1620000 -209.309916
    1621000 -210.503594
    1622000 -209.878758
    1623000 -211.730116
    1624000 -210.722150
    1625000 -209.216242
    1626000 -209.221711
    1627000 -210.972216
    1628000 -209.251691
    1629000 -209.520839
    1630000 -209.471813
    1631000 -209.587785
    1632000 -210.872643
    1633000 -210.065017
    1634000 -210.104385
    1635000 -209.205523
    1636000 -210.999867
    1637000 -209.656292
    1638000 -211.434768
    1639000 -210.479685
    1640000 -211.607453
    1641000 -211.581064
    1642000 -209.555562
    1643000 -209.566387
    1644000 -210.090853
    1645000 -209.371127
    1646000 -209.259788
    1647000 -209.445635
    1648000 -210.112459
    1649000 -209.850000
    1650000 -209.384439
    1651000 -212.735985
    1652000 -210.516158
    1653000 -210.568104
    1654000 -210.420491
    1655000 -210.773730
    1656000 -209.779255
    1657000 -209.269056
    1658000 -209.567760
    1659000 -210.378105
    1660000 -210.935140
    1661000 -210.444241
    1662000 -210.481526
    1663000 -210.194409
    1664000 -210.795394
    1665000 -209.346426
    1666000 -209.390777
    1667000 -211.726401
    1668000 -211.393264
    1669000 -210.762567
    1670000 -209.481724
    1671000 -213.014395
    1672000 -212.505457
    1673000 -213.278111
    1674000 -209.188976
    1675000 -209.364852
    1676000 -209.178353
    1677000 -212.010509
    1678000 -209.422596
    1679000 -209.458479
    1680000 -209.641260
    1681000 -209.951937
    1682000 -210.907855
    1683000 -209.387893
    1684000 -209.147273
    1685000 -209.161841
    1686000 -210.830600
    1687000 -211.322942
    1688000 -209.216132
    1689000 -212.993293
    1690000 -209.426982
    1691000 -210.382867
    1692000 -210.022509
    1693000 -209.644999
    1694000 -209.433085
    1695000 -209.683348
    1696000 -210.977725
    1697000 -209.395590
    1698000 -209.530049
    1699000 -209.202696
    1700000 -209.413227
    1701000 -210.159118
    1702000 -210.410649
    1703000 -210.001011
    1704000 -209.485566
    1705000 -209.373992
    1706000 -209.574704
    1707000 -209.876283
    1708000 -209.497062
    1709000 -209.259656
    1710000 -209.528881
    1711000 -209.293863
    1712000 -209.274966
    1713000 -210.675441
    1714000 -209.244189
    1715000 -209.625730
    1716000 -209.373262
    1717000 -209.445187
    1718000 -209.282847
    1719000 -209.172851
    1720000 -212.597251
    1721000 -209.893649
    1722000 -210.853738
    1723000 -212.338480
    1724000 -209.188477
    1725000 -209.144762
    1726000 -209.232752
    1727000 -213.188264
    1728000 -209.730866
    1729000 -210.651453
    1730000 -209.213617
    1731000 -209.708862
    1732000 -210.122389
    1733000 -209.460774
    1734000 -209.342353
    1735000 -209.323665
    1736000 -209.320099
    1737000 -209.294102
    1738000 -209.420478
    1739000 -210.086496
    1740000 -209.269735
    1741000 -209.338450
    1742000 -209.306655
    1743000 -210.674442
    1744000 -209.851596
    1745000 -210.449067
    1746000 -210.056098
    1747000 -209.424850
    1748000 -209.173356
    1749000 -209.311738
    1750000 -209.577414
    1751000 -209.820414
    1752000 -209.753496
    1753000 -210.404877
    1754000 -211.247767
    1755000 -217.328180
    1756000 -212.623337
    1757000 -210.078877
    1758000 -209.253574
    1759000 -209.453718
    1760000 -211.085286
    1761000 -209.586636
    1762000 -209.329507
    1763000 -210.028721
    1764000 -212.415442
    1765000 -209.351006
    1766000 -209.598689
    1767000 -211.489838
    1768000 -210.309547
    1769000 -211.090796
    1770000 -210.418154
    1771000 -209.460392
    1772000 -209.259898
    1773000 -209.819000
    1774000 -212.580141
    1775000 -209.750808
    1776000 -209.794106
    1777000 -209.971991
    1778000 -210.113749
    1779000 -209.595808
    1780000 -210.618477
    1781000 -209.317231
    1782000 -209.452950
    1783000 -209.559997
    1784000 -209.685104
    1785000 -209.342686
    1786000 -209.250854
    1787000 -210.516945
    1788000 -209.629088
    1789000 -209.775768
    1790000 -211.132080
    1791000 -209.400919
    1792000 -211.361241
    1793000 -209.552628
    1794000 -209.710018
    1795000 -209.589347
    1796000 -209.504622
    1797000 -209.326495
    1798000 -209.833103
    1799000 -209.204319
    1800000 -209.741336
    1801000 -210.304235
    1802000 -209.302878
    1803000 -211.564475
    1804000 -211.516353
    1805000 -209.599595
    1806000 -209.244450
    1807000 -209.381715
    1808000 -209.981567
    1809000 -210.216671
    1810000 -210.198693
    1811000 -209.476331
    1812000 -209.464788
    1813000 -210.236016
    1814000 -209.566585
    1815000 -210.019538
    1816000 -209.880314
    1817000 -209.191963
    1818000 -210.089244
    1819000 -209.854628
    1820000 -211.611992
    1821000 -210.359031
    1822000 -210.368989
    1823000 -212.145069
    1824000 -209.476654
    1825000 -209.245736
    1826000 -210.218781
    1827000 -210.013922
    1828000 -209.737231
    1829000 -210.481859
    1830000 -209.413837
    1831000 -209.155115
    1832000 -209.432355
    1833000 -209.468542
    1834000 -209.535084
    1835000 -209.165959
    1836000 -209.450056
    1837000 -210.374417
    1838000 -212.636622
    1839000 -209.914287
    1840000 -209.276293
    1841000 -211.770743
    1842000 -209.485520
    1843000 -210.424363
    1844000 -209.863881
    1845000 -211.737561
    1846000 -209.589864
    1847000 -209.886592
    1848000 -209.219574
    1849000 -209.160303
    1850000 -209.292772
    1851000 -211.670525
    1852000 -211.285329
    1853000 -209.552277
    1854000 -209.201627
    1855000 -210.848536
    1856000 -210.398770
    1857000 -211.724183
    1858000 -210.144604
    1859000 -209.871829
    1860000 -209.227653
    1861000 -209.208969
    1862000 -209.170542
    1863000 -210.254498
    1864000 -209.943304
    1865000 -211.593240
    1866000 -212.402913
    1867000 -210.108051
    1868000 -211.355148
    1869000 -209.526132
    1870000 -209.329154
    1871000 -210.396915
    1872000 -210.343910
    1873000 -209.710178
    1874000 -209.422155
    1875000 -209.264203
    1876000 -210.960813
    1877000 -209.886273
    1878000 -210.322775
    1879000 -209.270762
    1880000 -211.050798
    1881000 -209.284599
    1882000 -213.078195
    1883000 -209.473218
    1884000 -209.145287
    1885000 -210.434082
    1886000 -209.219521
    1887000 -210.302553
    1888000 -211.644423
    1889000 -209.544885
    1890000 -209.688619
    1891000 -209.424879
    1892000 -209.232556
    1893000 -210.143423
    1894000 -209.523437
    1895000 -209.738204
    1896000 -209.751380
    1897000 -211.583294
    1898000 -209.582246
    1899000 -209.770739
    1900000 -210.144275
    1901000 -211.724344
    1902000 -209.183788
    1903000 -209.821161
    1904000 -209.566158
    1905000 -209.364263
    1906000 -209.364276
    1907000 -209.743910
    1908000 -209.932061
    1909000 -209.684163
    1910000 -211.447975
    1911000 -210.620474
    1912000 -209.661654
    1913000 -210.230977
    1914000 -211.379654
    1915000 -209.174596
    1916000 -210.830647
    1917000 -209.621564
    1918000 -209.532134
    1919000 -209.683093
    1920000 -209.669385
    1921000 -209.151332
    1922000 -209.404938
    1923000 -209.364893
    1924000 -209.766900
    1925000 -209.172520
    1926000 -209.725401
    1927000 -209.817972
    1928000 -211.002428
    1929000 -209.996111
    1930000 -210.337213
    1931000 -210.227288
    1932000 -210.849533
    1933000 -209.555144
    1934000 -210.090597
    1935000 -210.269870
    1936000 -209.583360
    1937000 -209.203706
    1938000 -209.470921
    1939000 -210.174609
    1940000 -209.282971
    1941000 -209.835331
    1942000 -210.004162
    1943000 -209.752372
    1944000 -211.475242
    1945000 -209.504759
    1946000 -209.416831
    1947000 -210.029215
    1948000 -210.883356
    1949000 -209.195618
    1950000 -209.645102
    1951000 -211.925134
    1952000 -209.504985
    1953000 -210.706603
    1954000 -209.866071
    1955000 -209.190956
    1956000 -210.091512
    1957000 -209.350173
    1958000 -212.373948
    1959000 -210.050598
    1960000 -209.632525
    1961000 -209.508965
    1962000 -210.907498
    1963000 -209.959090
    1964000 -209.162940
    1965000 -209.395268
    1966000 -209.609743
    1967000 -210.216896
    1968000 -210.176215
    1969000 -213.364731
    1970000 -209.932506
    1971000 -209.668683
    1972000 -209.355557
    1973000 -212.076300
    1974000 -210.752684
    1975000 -209.452296
    1976000 -209.619803
    1977000 -210.650800
    1978000 -209.192999
    1979000 -209.993141
    1980000 -211.124347
    1981000 -209.646374
    1982000 -210.470166
    1983000 -209.259275
    1984000 -209.223857
    1985000 -209.622919
    1986000 -210.655859
    1987000 -209.338509
    1988000 -209.396679
    1989000 -209.559752
    1990000 -210.061738
    1991000 -210.607746
    1992000 -209.169515
    1993000 -211.672843
    1994000 -209.746452
    1995000 -209.794562
    1996000 -210.775081
    1997000 -210.352663
    1998000 -209.529114
    1999000 -209.983761
    2000000 -211.498025
