    genPlus1     spaQ
        1000  0.583026
        2000  0.570621
        3000  0.578470
        4000  0.587947
        5000  0.557659
        6000  0.577849
        7000  0.578144
        8000  0.566614
        9000  0.575606
       10000  0.576803
       11000  0.565386
       12000  0.593230
       13000  0.583031
       14000  0.579956
       15000  0.580333
       16000  0.569735
       17000  0.575107
       18000  0.589006
       19000  0.573231
       20000  0.561707
       21000  0.581779
       22000  0.581966
       23000  0.567433
       24000  0.572412
       25000  0.581377
       26000  0.565143
       27000  0.573089
       28000  0.573379
       29000  0.582012
       30000  0.568890
       31000  0.581155
       32000  0.591531
       33000  0.565219
       34000  0.579673
       35000  0.582401
       36000  0.572618
       37000  0.571656
       38000  0.571707
       39000  0.585625
       40000  0.581982
       41000  0.576307
       42000  0.568035
       43000  0.577353
       44000  0.572815
       45000  0.573720
       46000  0.568154
       47000  0.570800
       48000  0.579235
       49000  0.568557
       50000  0.563264
       51000  0.584469
       52000  0.571879
       53000  0.584183
       54000  0.579453
       55000  0.576763
       56000  0.580582
       57000  0.579635
       58000  0.576873
       59000  0.574909
       60000  0.571752
       61000  0.564741
       62000  0.579028
       63000  0.561878
       64000  0.578173
       65000  0.576722
       66000  0.575704
       67000  0.580935
       68000  0.571082
       69000  0.570057
       70000  0.572381
       71000  0.575032
       72000  0.572656
       73000  0.576233
       74000  0.578830
       75000  0.570681
       76000  0.580689
       77000  0.579403
       78000  0.584662
       79000  0.578841
       80000  0.578280
       81000  0.590118
       82000  0.581506
       83000  0.568427
       84000  0.573104
       85000  0.573858
       86000  0.586761
       87000  0.576191
       88000  0.589131
       89000  0.574544
       90000  0.566207
       91000  0.578183
       92000  0.589620
       93000  0.583890
       94000  0.579681
       95000  0.579458
       96000  0.582869
       97000  0.565058
       98000  0.580564
       99000  0.569919
      100000  0.571027
      101000  0.572354
      102000  0.572827
      103000  0.581349
      104000  0.566790
      105000  0.575919
      106000  0.582157
      107000  0.574926
      108000  0.561811
      109000  0.571164
      110000  0.582891
      111000  0.569443
      112000  0.595955
      113000  0.585535
      114000  0.571712
      115000  0.575666
      116000  0.580062
      117000  0.570057
      118000  0.584924
      119000  0.573057
      120000  0.577200
      121000  0.571394
      122000  0.574888
      123000  0.584362
      124000  0.570955
      125000  0.583944
      126000  0.578821
      127000  0.591482
      128000  0.575272
      129000  0.570904
      130000  0.580327
      131000  0.572578
      132000  0.567786
      133000  0.562035
      134000  0.576013
      135000  0.581723
      136000  0.575776
      137000  0.575743
      138000  0.578909
      139000  0.576428
      140000  0.582746
      141000  0.588436
      142000  0.568359
      143000  0.585840
      144000  0.569825
      145000  0.576584
      146000  0.568629
      147000  0.585307
      148000  0.565168
      149000  0.572476
      150000  0.573343
      151000  0.571612
      152000  0.575870
      153000  0.572233
      154000  0.579840
      155000  0.569346
      156000  0.592195
      157000  0.562420
      158000  0.578254
      159000  0.580158
      160000  0.569641
      161000  0.586631
      162000  0.586641
      163000  0.582133
      164000  0.579676
      165000  0.564759
      166000  0.582494
      167000  0.589855
      168000  0.577968
      169000  0.582381
      170000  0.577456
      171000  0.573416
      172000  0.591086
      173000  0.583380
      174000  0.577322
      175000  0.563828
      176000  0.567829
      177000  0.572465
      178000  0.576488
      179000  0.585922
      180000  0.580531
      181000  0.582032
      182000  0.584766
      183000  0.573424
      184000  0.573335
      185000  0.572005
      186000  0.581723
      187000  0.582882
      188000  0.560424
      189000  0.563759
      190000  0.578883
      191000  0.575704
      192000  0.581438
      193000  0.586266
      194000  0.550321
      195000  0.578969
      196000  0.574343
      197000  0.573397
      198000  0.582670
      199000  0.576303
      200000  0.570167
      201000  0.596421
      202000  0.592850
      203000  0.574203
      204000  0.568955
      205000  0.564820
      206000  0.587468
      207000  0.572133
      208000  0.572230
      209000  0.566998
      210000  0.571578
      211000  0.572532
      212000  0.572013
      213000  0.582554
      214000  0.585298
      215000  0.582348
      216000  0.575294
      217000  0.569655
      218000  0.588312
      219000  0.568979
      220000  0.594673
      221000  0.570805
      222000  0.567231
      223000  0.582409
      224000  0.587147
      225000  0.568144
      226000  0.578781
      227000  0.578102
      228000  0.575964
      229000  0.577610
      230000  0.574696
      231000  0.574883
      232000  0.575310
      233000  0.572970
      234000  0.567036
      235000  0.578721
      236000  0.577065
      237000  0.570733
      238000  0.574549
      239000  0.573097
      240000  0.586278
      241000  0.576331
      242000  0.568600
      243000  0.594248
      244000  0.582722
      245000  0.580573
      246000  0.590944
      247000  0.571823
      248000  0.575552
      249000  0.563910
      250000  0.574372
      251000  0.581651
      252000  0.585711
      253000  0.587051
      254000  0.573602
      255000  0.579161
      256000  0.569694
      257000  0.592142
      258000  0.570072
      259000  0.574640
      260000  0.572664
      261000  0.571773
      262000  0.577540
      263000  0.589207
      264000  0.574555
      265000  0.559731
      266000  0.581013
      267000  0.564862
      268000  0.582338
      269000  0.574720
      270000  0.566803
      271000  0.578810
      272000  0.573645
      273000  0.580916
      274000  0.582337
      275000  0.581387
      276000  0.579261
      277000  0.582392
      278000  0.577055
      279000  0.574482
      280000  0.573983
      281000  0.579576
      282000  0.584092
      283000  0.572933
      284000  0.567231
      285000  0.565606
      286000  0.579729
      287000  0.572895
      288000  0.584925
      289000  0.576338
      290000  0.589398
      291000  0.589161
      292000  0.576253
      293000  0.588488
      294000  0.571321
      295000  0.582189
      296000  0.580436
      297000  0.577091
      298000  0.590527
      299000  0.577780
      300000  0.562388
      301000  0.572852
      302000  0.566338
      303000  0.592939
      304000  0.574342
      305000  0.577862
      306000  0.588725
      307000  0.576914
      308000  0.565383
      309000  0.575487
      310000  0.569706
      311000  0.582388
      312000  0.579654
      313000  0.590302
      314000  0.570888
      315000  0.574068
      316000  0.592153
      317000  0.570474
      318000  0.566809
      319000  0.561005
      320000  0.587069
      321000  0.562375
      322000  0.578532
      323000  0.570937
      324000  0.586609
      325000  0.582677
      326000  0.594249
      327000  0.572093
      328000  0.574182
      329000  0.571026
      330000  0.565600
      331000  0.581664
      332000  0.573572
      333000  0.579903
      334000  0.584952
      335000  0.585475
      336000  0.569115
      337000  0.584604
      338000  0.574839
      339000  0.584281
      340000  0.567600
      341000  0.571330
      342000  0.575993
      343000  0.580590
      344000  0.568529
      345000  0.576487
      346000  0.572003
      347000  0.582008
      348000  0.571595
      349000  0.568326
      350000  0.588173
      351000  0.582241
      352000  0.554996
      353000  0.568601
      354000  0.586799
      355000  0.579154
      356000  0.580570
      357000  0.576130
      358000  0.578730
      359000  0.575966
      360000  0.591163
      361000  0.575750
      362000  0.564768
      363000  0.578696
      364000  0.597094
      365000  0.574359
      366000  0.580770
      367000  0.571838
      368000  0.589271
      369000  0.575848
      370000  0.582016
      371000  0.572346
      372000  0.580403
      373000  0.574728
      374000  0.579286
      375000  0.573580
      376000  0.572554
      377000  0.565791
      378000  0.582829
      379000  0.566935
      380000  0.585752
      381000  0.573730
      382000  0.577324
      383000  0.574593
      384000  0.588641
      385000  0.570967
      386000  0.586892
      387000  0.574541
      388000  0.580900
      389000  0.581062
      390000  0.576619
      391000  0.588125
      392000  0.576876
      393000  0.583759
      394000  0.566013
      395000  0.566865
      396000  0.568618
      397000  0.568250
      398000  0.571397
      399000  0.585428
      400000  0.574671
      401000  0.569122
      402000  0.573297
      403000  0.589878
      404000  0.568399
      405000  0.578410
      406000  0.578316
      407000  0.574107
      408000  0.566571
      409000  0.572249
      410000  0.559528
      411000  0.576702
      412000  0.577905
      413000  0.580273
      414000  0.576838
      415000  0.572243
      416000  0.582815
      417000  0.572943
      418000  0.570641
      419000  0.583163
      420000  0.577423
      421000  0.576791
      422000  0.582092
      423000  0.576096
      424000  0.588114
      425000  0.577550
      426000  0.580760
      427000  0.579088
      428000  0.576219
      429000  0.564941
      430000  0.573247
      431000  0.569105
      432000  0.567745
      433000  0.566490
      434000  0.568895
      435000  0.572224
      436000  0.580010
      437000  0.560806
      438000  0.576502
      439000  0.580035
      440000  0.579967
      441000  0.583833
      442000  0.564340
      443000  0.589415
      444000  0.558176
      445000  0.568162
      446000  0.573418
      447000  0.571640
      448000  0.582891
      449000  0.586305
      450000  0.574072
      451000  0.590260
      452000  0.576878
      453000  0.574929
      454000  0.568607
      455000  0.573899
      456000  0.572205
      457000  0.570277
      458000  0.587321
      459000  0.574656
      460000  0.584572
      461000  0.584980
      462000  0.577943
      463000  0.579006
      464000  0.570694
      465000  0.588792
      466000  0.578841
      467000  0.574228
      468000  0.578030
      469000  0.574047
      470000  0.573871
      471000  0.564615
      472000  0.584379
      473000  0.587896
      474000  0.594279
      475000  0.579429
      476000  0.583350
      477000  0.577094
      478000  0.574511
      479000  0.599401
      480000  0.572528
      481000  0.586683
      482000  0.565602
      483000  0.584361
      484000  0.583311
      485000  0.564441
      486000  0.581323
      487000  0.581042
      488000  0.565115
      489000  0.584168
      490000  0.563343
      491000  0.573343
      492000  0.582407
      493000  0.582335
      494000  0.589377
      495000  0.559038
      496000  0.579692
      497000  0.582723
      498000  0.593906
      499000  0.585635
      500000  0.564095
      501000  0.586313
      502000  0.557511
      503000  0.572715
      504000  0.576003
      505000  0.566645
      506000  0.592499
      507000  0.578792
      508000  0.583166
      509000  0.576044
      510000  0.560851
      511000  0.578297
      512000  0.558481
      513000  0.580663
      514000  0.567842
      515000  0.592834
      516000  0.566018
      517000  0.584352
      518000  0.585023
      519000  0.587145
      520000  0.579031
      521000  0.577731
      522000  0.575980
      523000  0.574284
      524000  0.567263
      525000  0.571223
      526000  0.583505
      527000  0.576578
      528000  0.572641
      529000  0.572689
      530000  0.561413
      531000  0.567204
      532000  0.581675
      533000  0.578152
      534000  0.589437
      535000  0.574046
      536000  0.589993
      537000  0.569417
      538000  0.578379
      539000  0.590392
      540000  0.585206
      541000  0.589447
      542000  0.578635
      543000  0.572155
      544000  0.571092
      545000  0.568858
      546000  0.579211
      547000  0.586883
      548000  0.571637
      549000  0.571144
      550000  0.574353
      551000  0.588117
      552000  0.577892
      553000  0.582037
      554000  0.576860
      555000  0.564740
      556000  0.579963
      557000  0.572426
      558000  0.571377
      559000  0.588514
      560000  0.569748
      561000  0.568955
      562000  0.566717
      563000  0.584320
      564000  0.574672
      565000  0.579445
      566000  0.580138
      567000  0.573919
      568000  0.583760
      569000  0.587779
      570000  0.569163
      571000  0.567853
      572000  0.578980
      573000  0.581475
      574000  0.573659
      575000  0.564261
      576000  0.594224
      577000  0.570006
      578000  0.573276
      579000  0.575334
      580000  0.576781
      581000  0.587586
      582000  0.583163
      583000  0.579712
      584000  0.567194
      585000  0.575823
      586000  0.572486
      587000  0.576463
      588000  0.567604
      589000  0.582696
      590000  0.562964
      591000  0.566205
      592000  0.585303
      593000  0.574216
      594000  0.565812
      595000  0.581050
      596000  0.577854
      597000  0.579803
      598000  0.563261
      599000  0.561661
      600000  0.586927
      601000  0.557275
      602000  0.579514
      603000  0.577226
      604000  0.580541
      605000  0.590776
      606000  0.587780
      607000  0.588243
      608000  0.587686
      609000  0.580023
      610000  0.586520
      611000  0.571745
      612000  0.583993
      613000  0.566738
      614000  0.564242
      615000  0.579717
      616000  0.575419
      617000  0.559532
      618000  0.571135
      619000  0.567480
      620000  0.583874
      621000  0.585726
      622000  0.567827
      623000  0.568091
      624000  0.572766
      625000  0.569930
      626000  0.567221
      627000  0.570618
      628000  0.567570
      629000  0.567421
      630000  0.582571
      631000  0.557144
      632000  0.565277
      633000  0.584900
      634000  0.574494
      635000  0.582950
      636000  0.577830
      637000  0.560823
      638000  0.582796
      639000  0.576534
      640000  0.576962
      641000  0.579334
      642000  0.573455
      643000  0.587758
      644000  0.573136
      645000  0.575666
      646000  0.581618
      647000  0.573945
      648000  0.580408
      649000  0.572325
      650000  0.587779
      651000  0.571719
      652000  0.582715
      653000  0.570948
      654000  0.569811
      655000  0.569686
      656000  0.579272
      657000  0.575620
      658000  0.595020
      659000  0.572171
      660000  0.577387
      661000  0.570999
      662000  0.570128
      663000  0.595169
      664000  0.583143
      665000  0.575853
      666000  0.576851
      667000  0.576992
      668000  0.584640
      669000  0.578320
      670000  0.575656
      671000  0.568852
      672000  0.574948
      673000  0.584412
      674000  0.587056
      675000  0.573288
      676000  0.583225
      677000  0.586746
      678000  0.581563
      679000  0.574556
      680000  0.566088
      681000  0.573388
      682000  0.576212
      683000  0.585799
      684000  0.586240
      685000  0.583042
      686000  0.576352
      687000  0.572104
      688000  0.577935
      689000  0.586254
      690000  0.571451
      691000  0.560713
      692000  0.576732
      693000  0.578064
      694000  0.574658
      695000  0.577822
      696000  0.576997
      697000  0.578354
      698000  0.577930
      699000  0.581780
      700000  0.573878
      701000  0.585901
      702000  0.588357
      703000  0.582242
      704000  0.569051
      705000  0.566742
      706000  0.589337
      707000  0.579712
      708000  0.568023
      709000  0.566386
      710000  0.559064
      711000  0.568663
      712000  0.580422
      713000  0.576911
      714000  0.574232
      715000  0.578477
      716000  0.566711
      717000  0.584003
      718000  0.583530
      719000  0.569529
      720000  0.591392
      721000  0.561399
      722000  0.591251
      723000  0.576199
      724000  0.565243
      725000  0.583714
      726000  0.583682
      727000  0.583144
      728000  0.577035
      729000  0.585167
      730000  0.576748
      731000  0.574764
      732000  0.573770
      733000  0.580429
      734000  0.583675
      735000  0.566303
      736000  0.575343
      737000  0.577110
      738000  0.575258
      739000  0.570329
      740000  0.579687
      741000  0.574511
      742000  0.588320
      743000  0.582858
      744000  0.583662
      745000  0.571009
      746000  0.559094
      747000  0.589983
      748000  0.584857
      749000  0.562621
      750000  0.571162
      751000  0.581913
      752000  0.563177
      753000  0.574554
      754000  0.584417
      755000  0.574735
      756000  0.571815
      757000  0.567918
      758000  0.582125
      759000  0.571598
      760000  0.569218
      761000  0.568346
      762000  0.566692
      763000  0.565172
      764000  0.560389
      765000  0.566959
      766000  0.579851
      767000  0.575534
      768000  0.574950
      769000  0.584698
      770000  0.576584
      771000  0.567050
      772000  0.570221
      773000  0.571487
      774000  0.577546
      775000  0.575304
      776000  0.585913
      777000  0.581000
      778000  0.570447
      779000  0.562767
      780000  0.585110
      781000  0.577956
      782000  0.569056
      783000  0.586340
      784000  0.591925
      785000  0.577500
      786000  0.582754
      787000  0.594416
      788000  0.575518
      789000  0.581353
      790000  0.577709
      791000  0.581193
      792000  0.572408
      793000  0.591999
      794000  0.576577
      795000  0.568690
      796000  0.574078
      797000  0.594187
      798000  0.568978
      799000  0.572109
      800000  0.559399
      801000  0.581414
      802000  0.580579
      803000  0.573061
      804000  0.577052
      805000  0.578476
      806000  0.578635
      807000  0.577656
      808000  0.583033
      809000  0.575705
      810000  0.579186
      811000  0.574814
      812000  0.582327
      813000  0.577096
      814000  0.562376
      815000  0.563948
      816000  0.575193
      817000  0.572931
      818000  0.572073
      819000  0.573413
      820000  0.575438
      821000  0.560944
      822000  0.569897
      823000  0.577940
      824000  0.564549
      825000  0.583418
      826000  0.571024
      827000  0.578949
      828000  0.575979
      829000  0.579392
      830000  0.577982
      831000  0.568604
      832000  0.583615
      833000  0.563612
      834000  0.568954
      835000  0.577478
      836000  0.572197
      837000  0.577471
      838000  0.577051
      839000  0.570711
      840000  0.564055
      841000  0.581883
      842000  0.581661
      843000  0.590916
      844000  0.583988
      845000  0.578959
      846000  0.582328
      847000  0.579263
      848000  0.577237
      849000  0.584269
      850000  0.572425
      851000  0.579329
      852000  0.572703
      853000  0.584037
      854000  0.569788
      855000  0.567216
      856000  0.585275
      857000  0.580481
      858000  0.571276
      859000  0.584315
      860000  0.575346
      861000  0.579212
      862000  0.582216
      863000  0.568538
      864000  0.578767
      865000  0.582062
      866000  0.565529
      867000  0.583342
      868000  0.571993
      869000  0.574859
      870000  0.582221
      871000  0.573953
      872000  0.580966
      873000  0.591890
      874000  0.583596
      875000  0.584993
      876000  0.583032
      877000  0.579774
      878000  0.574795
      879000  0.580451
      880000  0.592092
      881000  0.587182
      882000  0.579379
      883000  0.574514
      884000  0.572850
      885000  0.578134
      886000  0.579431
      887000  0.575553
      888000  0.574963
      889000  0.574276
      890000  0.582081
      891000  0.564208
      892000  0.586073
      893000  0.582970
      894000  0.579276
      895000  0.584075
      896000  0.572310
      897000  0.576126
      898000  0.577337
      899000  0.588191
      900000  0.575250
      901000  0.579471
      902000  0.580677
      903000  0.578067
      904000  0.585684
      905000  0.575889
      906000  0.578792
      907000  0.571425
      908000  0.577167
      909000  0.585771
      910000  0.577781
      911000  0.572260
      912000  0.570394
      913000  0.579597
      914000  0.583303
      915000  0.573312
      916000  0.582855
      917000  0.581390
      918000  0.542794
      919000  0.571372
      920000  0.558090
      921000  0.561838
      922000  0.586863
      923000  0.575891
      924000  0.561700
      925000  0.579481
      926000  0.574769
      927000  0.576851
      928000  0.575852
      929000  0.573692
      930000  0.581773
      931000  0.582222
      932000  0.575829
      933000  0.587175
      934000  0.580000
      935000  0.579426
      936000  0.562615
      937000  0.580094
      938000  0.573385
      939000  0.572236
      940000  0.573740
      941000  0.565555
      942000  0.572637
      943000  0.569872
      944000  0.570684
      945000  0.584365
      946000  0.577891
      947000  0.580236
      948000  0.565525
      949000  0.583434
      950000  0.575485
      951000  0.578913
      952000  0.570529
      953000  0.578705
      954000  0.571018
      955000  0.576528
      956000  0.572956
      957000  0.571418
      958000  0.572899
      959000  0.582593
      960000  0.592227
      961000  0.574079
      962000  0.579696
      963000  0.592238
      964000  0.563113
      965000  0.577863
      966000  0.578227
      967000  0.575127
      968000  0.567753
      969000  0.578983
      970000  0.581634
      971000  0.583488
      972000  0.562373
      973000  0.590349
      974000  0.579650
      975000  0.578271
      976000  0.562584
      977000  0.583625
      978000  0.574819
      979000  0.554692
      980000  0.574097
      981000  0.571354
      982000  0.580956
      983000  0.581351
      984000  0.575756
      985000  0.578747
      986000  0.586090
      987000  0.580007
      988000  0.582268
      989000  0.576796
      990000  0.582864
      991000  0.573153
      992000  0.570056
      993000  0.575522
      994000  0.578962
      995000  0.560922
      996000  0.574492
      997000  0.571679
      998000  0.563366
      999000  0.573103
     1000000  0.578411
