    genPlus1     spaQ
        1000  0.570226
        2000  0.578474
        3000  0.583634
        4000  0.572739
        5000  0.562440
        6000  0.593160
        7000  0.582559
        8000  0.579542
        9000  0.573058
       10000  0.575939
       11000  0.578187
       12000  0.572732
       13000  0.580460
       14000  0.579285
       15000  0.565549
       16000  0.589029
       17000  0.568599
       18000  0.581295
       19000  0.584239
       20000  0.585777
       21000  0.580683
       22000  0.587178
       23000  0.577017
       24000  0.592508
       25000  0.582152
       26000  0.574668
       27000  0.574799
       28000  0.578875
       29000  0.584287
       30000  0.577387
       31000  0.573467
       32000  0.567768
       33000  0.577787
       34000  0.585699
       35000  0.572623
       36000  0.559286
       37000  0.585808
       38000  0.570480
       39000  0.575405
       40000  0.573159
       41000  0.587928
       42000  0.576719
       43000  0.567552
       44000  0.582451
       45000  0.583329
       46000  0.576718
       47000  0.575119
       48000  0.572471
       49000  0.575489
       50000  0.579920
       51000  0.558661
       52000  0.569155
       53000  0.560887
       54000  0.582347
       55000  0.573360
       56000  0.575178
       57000  0.583905
       58000  0.575382
       59000  0.590331
       60000  0.591131
       61000  0.565096
       62000  0.593333
       63000  0.583044
       64000  0.575037
       65000  0.576088
       66000  0.579118
       67000  0.572129
       68000  0.577425
       69000  0.570255
       70000  0.576244
       71000  0.578133
       72000  0.567429
       73000  0.579725
       74000  0.575477
       75000  0.589896
       76000  0.579640
       77000  0.579601
       78000  0.565610
       79000  0.580350
       80000  0.584083
       81000  0.569696
       82000  0.577055
       83000  0.571875
       84000  0.578143
       85000  0.591927
       86000  0.569623
       87000  0.578826
       88000  0.574580
       89000  0.582176
       90000  0.580153
       91000  0.579470
       92000  0.568069
       93000  0.589425
       94000  0.562246
       95000  0.587116
       96000  0.577617
       97000  0.585764
       98000  0.572104
       99000  0.582123
      100000  0.562545
      101000  0.580536
      102000  0.574282
      103000  0.579583
      104000  0.590556
      105000  0.576516
      106000  0.578993
      107000  0.577227
      108000  0.577434
      109000  0.587672
      110000  0.563846
      111000  0.577029
      112000  0.584744
      113000  0.578738
      114000  0.585981
      115000  0.566846
      116000  0.587638
      117000  0.579235
      118000  0.581632
      119000  0.585717
      120000  0.575998
      121000  0.572032
      122000  0.571850
      123000  0.570451
      124000  0.579497
      125000  0.577701
      126000  0.576455
      127000  0.565039
      128000  0.585109
      129000  0.577351
      130000  0.569455
      131000  0.563455
      132000  0.575467
      133000  0.564639
      134000  0.587965
      135000  0.583141
      136000  0.578084
      137000  0.583349
      138000  0.580210
      139000  0.581899
      140000  0.576818
      141000  0.576213
      142000  0.586157
      143000  0.582473
      144000  0.577490
      145000  0.578757
      146000  0.575281
      147000  0.575597
      148000  0.585710
      149000  0.571643
      150000  0.574559
      151000  0.564653
      152000  0.587253
      153000  0.585414
      154000  0.573536
      155000  0.576266
      156000  0.583006
      157000  0.573315
      158000  0.568539
      159000  0.578817
      160000  0.580832
      161000  0.579923
      162000  0.579330
      163000  0.577552
      164000  0.578826
      165000  0.572535
      166000  0.574407
      167000  0.586148
      168000  0.569935
      169000  0.566328
      170000  0.579789
      171000  0.567148
      172000  0.567275
      173000  0.566851
      174000  0.573304
      175000  0.576951
      176000  0.569433
      177000  0.585491
      178000  0.575171
      179000  0.573002
      180000  0.579445
      181000  0.573184
      182000  0.583386
      183000  0.570177
      184000  0.580680
      185000  0.579273
      186000  0.573146
      187000  0.560666
      188000  0.584742
      189000  0.565493
      190000  0.579948
      191000  0.582727
      192000  0.561871
      193000  0.586826
      194000  0.593400
      195000  0.586310
      196000  0.566292
      197000  0.577675
      198000  0.584832
      199000  0.555921
      200000  0.566741
      201000  0.563455
      202000  0.577712
      203000  0.578640
      204000  0.568750
      205000  0.572411
      206000  0.579629
      207000  0.584654
      208000  0.581118
      209000  0.582454
      210000  0.586722
      211000  0.563114
      212000  0.572082
      213000  0.574460
      214000  0.572670
      215000  0.575997
      216000  0.588033
      217000  0.572237
      218000  0.573117
      219000  0.576418
      220000  0.570031
      221000  0.587738
      222000  0.564230
      223000  0.576221
      224000  0.586584
      225000  0.585217
      226000  0.575162
      227000  0.575803
      228000  0.575953
      229000  0.576728
      230000  0.580684
      231000  0.571380
      232000  0.557140
      233000  0.574374
      234000  0.592521
      235000  0.583098
      236000  0.579731
      237000  0.575541
      238000  0.565278
      239000  0.584374
      240000  0.578657
      241000  0.576942
      242000  0.571219
      243000  0.577309
      244000  0.570680
      245000  0.579300
      246000  0.570928
      247000  0.569702
      248000  0.569527
      249000  0.575215
      250000  0.586455
      251000  0.571888
      252000  0.578981
      253000  0.581039
      254000  0.576484
      255000  0.586795
      256000  0.580369
      257000  0.578833
      258000  0.585625
      259000  0.586257
      260000  0.581811
      261000  0.576385
      262000  0.573795
      263000  0.570358
      264000  0.585469
      265000  0.575679
      266000  0.562446
      267000  0.582963
      268000  0.575925
      269000  0.576271
      270000  0.574759
      271000  0.565911
      272000  0.570723
      273000  0.590652
      274000  0.567502
      275000  0.582921
      276000  0.556713
      277000  0.571006
      278000  0.571235
      279000  0.572105
      280000  0.578509
      281000  0.571991
      282000  0.582905
      283000  0.586163
      284000  0.582334
      285000  0.569265
      286000  0.576185
      287000  0.553634
      288000  0.563774
      289000  0.563222
      290000  0.578638
      291000  0.578591
      292000  0.570206
      293000  0.583235
      294000  0.563672
      295000  0.572022
      296000  0.577846
      297000  0.580114
      298000  0.582199
      299000  0.575472
      300000  0.585419
      301000  0.587118
      302000  0.587617
      303000  0.584793
      304000  0.580749
      305000  0.576588
      306000  0.575788
      307000  0.587409
      308000  0.575099
      309000  0.566233
      310000  0.580364
      311000  0.575367
      312000  0.577996
      313000  0.571359
      314000  0.585153
      315000  0.574974
      316000  0.572372
      317000  0.589185
      318000  0.569331
      319000  0.566027
      320000  0.569920
      321000  0.580367
      322000  0.571658
      323000  0.576823
      324000  0.565104
      325000  0.579021
      326000  0.576848
      327000  0.572154
      328000  0.562358
      329000  0.588966
      330000  0.570794
      331000  0.574244
      332000  0.574766
      333000  0.590010
      334000  0.565691
      335000  0.578889
      336000  0.582114
      337000  0.581802
      338000  0.574666
      339000  0.581671
      340000  0.579760
      341000  0.562302
      342000  0.576516
      343000  0.580828
      344000  0.573395
      345000  0.575689
      346000  0.574856
      347000  0.573818
      348000  0.575573
      349000  0.574828
      350000  0.589662
      351000  0.573082
      352000  0.578729
      353000  0.572762
      354000  0.571380
      355000  0.577655
      356000  0.567722
      357000  0.579579
      358000  0.573671
      359000  0.572281
      360000  0.583455
      361000  0.574973
      362000  0.548440
      363000  0.581611
      364000  0.578479
      365000  0.580828
      366000  0.586324
      367000  0.570114
      368000  0.581783
      369000  0.574895
      370000  0.572701
      371000  0.579801
      372000  0.569302
      373000  0.583611
      374000  0.577925
      375000  0.577427
      376000  0.578914
      377000  0.563503
      378000  0.568530
      379000  0.580947
      380000  0.586839
      381000  0.589628
      382000  0.586660
      383000  0.577415
      384000  0.579416
      385000  0.575960
      386000  0.592179
      387000  0.572522
      388000  0.570768
      389000  0.574879
      390000  0.576439
      391000  0.585402
      392000  0.570898
      393000  0.576478
      394000  0.568466
      395000  0.579555
      396000  0.579400
      397000  0.568877
      398000  0.588615
      399000  0.562037
      400000  0.575326
      401000  0.583140
      402000  0.579438
      403000  0.569670
      404000  0.570114
      405000  0.565291
      406000  0.581959
      407000  0.571719
      408000  0.566425
      409000  0.585017
      410000  0.561559
      411000  0.585930
      412000  0.575070
      413000  0.575127
      414000  0.564805
      415000  0.578188
      416000  0.573612
      417000  0.589687
      418000  0.564036
      419000  0.585021
      420000  0.568371
      421000  0.574733
      422000  0.579558
      423000  0.569166
      424000  0.580704
      425000  0.580744
      426000  0.585728
      427000  0.582750
      428000  0.572537
      429000  0.582161
      430000  0.580930
      431000  0.581489
      432000  0.586461
      433000  0.572714
      434000  0.578574
      435000  0.569218
      436000  0.582729
      437000  0.574118
      438000  0.576322
      439000  0.576721
      440000  0.571456
      441000  0.579757
      442000  0.575150
      443000  0.571341
      444000  0.575057
      445000  0.578037
      446000  0.564363
      447000  0.575437
      448000  0.563008
      449000  0.575375
      450000  0.579980
      451000  0.582141
      452000  0.576506
      453000  0.571848
      454000  0.585991
      455000  0.580346
      456000  0.590211
      457000  0.582763
      458000  0.572234
      459000  0.575074
      460000  0.565579
      461000  0.581807
      462000  0.585833
      463000  0.572205
      464000  0.573022
      465000  0.575854
      466000  0.580743
      467000  0.567283
      468000  0.572862
      469000  0.584723
      470000  0.576877
      471000  0.573011
      472000  0.583058
      473000  0.579404
      474000  0.564093
      475000  0.568512
      476000  0.565610
      477000  0.578997
      478000  0.584018
      479000  0.581181
      480000  0.561660
      481000  0.566992
      482000  0.569535
      483000  0.573702
      484000  0.580028
      485000  0.577882
      486000  0.574572
      487000  0.571989
      488000  0.584843
      489000  0.576199
      490000  0.560055
      491000  0.577947
      492000  0.581618
      493000  0.589413
      494000  0.582933
      495000  0.582566
      496000  0.581970
      497000  0.586024
      498000  0.574524
      499000  0.562351
      500000  0.582884
      501000  0.576668
      502000  0.573605
      503000  0.577678
      504000  0.578120
      505000  0.573793
      506000  0.568446
      507000  0.577923
      508000  0.564749
      509000  0.579821
      510000  0.588312
      511000  0.576258
      512000  0.572678
      513000  0.565399
      514000  0.582364
      515000  0.577922
      516000  0.578885
      517000  0.582523
      518000  0.556323
      519000  0.565679
      520000  0.569703
      521000  0.573871
      522000  0.567460
      523000  0.571797
      524000  0.560806
      525000  0.579077
      526000  0.569160
      527000  0.591113
      528000  0.578329
      529000  0.572402
      530000  0.576873
      531000  0.575867
      532000  0.564688
      533000  0.592569
      534000  0.574729
      535000  0.568553
      536000  0.583241
      537000  0.566199
      538000  0.579276
      539000  0.557796
      540000  0.583142
      541000  0.579286
      542000  0.575940
      543000  0.589405
      544000  0.558064
      545000  0.579146
      546000  0.576834
      547000  0.576229
      548000  0.573298
      549000  0.574113
      550000  0.567697
      551000  0.583433
      552000  0.573447
      553000  0.585044
      554000  0.578148
      555000  0.585239
      556000  0.576153
      557000  0.578605
      558000  0.599589
      559000  0.581224
      560000  0.578155
      561000  0.562843
      562000  0.575964
      563000  0.592171
      564000  0.570195
      565000  0.587392
      566000  0.583226
      567000  0.576176
      568000  0.571509
      569000  0.580564
      570000  0.573191
      571000  0.580937
      572000  0.570665
      573000  0.578777
      574000  0.588598
      575000  0.568860
      576000  0.574944
      577000  0.560526
      578000  0.564865
      579000  0.577052
      580000  0.586534
      581000  0.579690
      582000  0.567954
      583000  0.574393
      584000  0.585797
      585000  0.569278
      586000  0.576695
      587000  0.570026
      588000  0.584028
      589000  0.578873
      590000  0.587564
      591000  0.568316
      592000  0.573124
      593000  0.583958
      594000  0.574660
      595000  0.575543
      596000  0.566282
      597000  0.579691
      598000  0.577685
      599000  0.569293
      600000  0.583249
      601000  0.577521
      602000  0.574455
      603000  0.566806
      604000  0.561067
      605000  0.574424
      606000  0.572671
      607000  0.581083
      608000  0.572360
      609000  0.573591
      610000  0.560961
      611000  0.564781
      612000  0.575196
      613000  0.573760
      614000  0.570358
      615000  0.573585
      616000  0.562700
      617000  0.574934
      618000  0.580833
      619000  0.583564
      620000  0.570597
      621000  0.574994
      622000  0.571574
      623000  0.584375
      624000  0.585341
      625000  0.582332
      626000  0.580705
      627000  0.570224
      628000  0.585297
      629000  0.556897
      630000  0.588235
      631000  0.570896
      632000  0.581759
      633000  0.578782
      634000  0.570669
      635000  0.576507
      636000  0.579653
      637000  0.575048
      638000  0.578572
      639000  0.576268
      640000  0.573458
      641000  0.577477
      642000  0.572992
      643000  0.570232
      644000  0.575501
      645000  0.582767
      646000  0.579367
      647000  0.584129
      648000  0.588442
      649000  0.574015
      650000  0.578494
      651000  0.573135
      652000  0.580661
      653000  0.580612
      654000  0.565910
      655000  0.558630
      656000  0.588622
      657000  0.577318
      658000  0.580522
      659000  0.576790
      660000  0.578851
      661000  0.580316
      662000  0.577358
      663000  0.584818
      664000  0.583942
      665000  0.573080
      666000  0.590248
      667000  0.577056
      668000  0.557436
      669000  0.588666
      670000  0.565158
      671000  0.589698
      672000  0.571279
      673000  0.566632
      674000  0.582755
      675000  0.585778
      676000  0.584058
      677000  0.571941
      678000  0.565467
      679000  0.564290
      680000  0.582209
      681000  0.574211
      682000  0.578799
      683000  0.577249
      684000  0.580535
      685000  0.580971
      686000  0.576657
      687000  0.575672
      688000  0.578118
      689000  0.570191
      690000  0.577363
      691000  0.576382
      692000  0.582675
      693000  0.584297
      694000  0.582573
      695000  0.576374
      696000  0.577368
      697000  0.574437
      698000  0.578071
      699000  0.580842
      700000  0.576729
      701000  0.576503
      702000  0.576412
      703000  0.578380
      704000  0.587350
      705000  0.573674
      706000  0.588580
      707000  0.584033
      708000  0.580881
      709000  0.578114
      710000  0.584997
      711000  0.574087
      712000  0.573009
      713000  0.582597
      714000  0.579172
      715000  0.575378
      716000  0.575582
      717000  0.586037
      718000  0.570389
      719000  0.587905
      720000  0.556439
      721000  0.561164
      722000  0.574426
      723000  0.576488
      724000  0.557767
      725000  0.569278
      726000  0.567302
      727000  0.589301
      728000  0.573188
      729000  0.570512
      730000  0.570700
      731000  0.578481
      732000  0.579373
      733000  0.570154
      734000  0.574815
      735000  0.585258
      736000  0.553136
      737000  0.593795
      738000  0.570808
      739000  0.575972
      740000  0.583991
      741000  0.578906
      742000  0.586689
      743000  0.554037
      744000  0.577393
      745000  0.556250
      746000  0.575345
      747000  0.574596
      748000  0.581034
      749000  0.574129
      750000  0.567791
      751000  0.571820
      752000  0.567623
      753000  0.573024
      754000  0.574260
      755000  0.587935
      756000  0.562724
      757000  0.581128
      758000  0.571225
      759000  0.574699
      760000  0.567970
      761000  0.555591
      762000  0.571370
      763000  0.573391
      764000  0.579665
      765000  0.573550
      766000  0.588449
      767000  0.578687
      768000  0.571026
      769000  0.579968
      770000  0.576555
      771000  0.584429
      772000  0.574386
      773000  0.567401
      774000  0.568741
      775000  0.578780
      776000  0.583337
      777000  0.586423
      778000  0.565612
      779000  0.577783
      780000  0.570375
      781000  0.572664
      782000  0.576246
      783000  0.566176
      784000  0.578948
      785000  0.558035
      786000  0.594654
      787000  0.562616
      788000  0.591036
      789000  0.570177
      790000  0.576836
      791000  0.576935
      792000  0.579722
      793000  0.582651
      794000  0.579614
      795000  0.568562
      796000  0.582899
      797000  0.580234
      798000  0.594864
      799000  0.585457
      800000  0.589602
      801000  0.561493
      802000  0.569429
      803000  0.572292
      804000  0.572706
      805000  0.588781
      806000  0.572832
      807000  0.583098
      808000  0.578596
      809000  0.573688
      810000  0.576965
      811000  0.571337
      812000  0.567878
      813000  0.576382
      814000  0.573215
      815000  0.573699
      816000  0.568604
      817000  0.580866
      818000  0.578922
      819000  0.574091
      820000  0.576945
      821000  0.567506
      822000  0.570744
      823000  0.570840
      824000  0.574435
      825000  0.581602
      826000  0.564311
      827000  0.573391
      828000  0.580207
      829000  0.597678
      830000  0.578735
      831000  0.578349
      832000  0.584317
      833000  0.566020
      834000  0.567011
      835000  0.569832
      836000  0.591611
      837000  0.568608
      838000  0.573166
      839000  0.586508
      840000  0.566815
      841000  0.573126
      842000  0.582518
      843000  0.582681
      844000  0.578726
      845000  0.574840
      846000  0.570552
      847000  0.597487
      848000  0.584834
      849000  0.560328
      850000  0.576478
      851000  0.562708
      852000  0.578898
      853000  0.582159
      854000  0.563929
      855000  0.582863
      856000  0.571793
      857000  0.566838
      858000  0.578798
      859000  0.577400
      860000  0.577394
      861000  0.579726
      862000  0.591480
      863000  0.573583
      864000  0.570484
      865000  0.574541
      866000  0.580959
      867000  0.566457
      868000  0.569778
      869000  0.577727
      870000  0.579553
      871000  0.570788
      872000  0.576003
      873000  0.573283
      874000  0.569122
      875000  0.574553
      876000  0.566740
      877000  0.581988
      878000  0.589066
      879000  0.575452
      880000  0.594134
      881000  0.566126
      882000  0.580700
      883000  0.584421
      884000  0.580833
      885000  0.585430
      886000  0.583693
      887000  0.575585
      888000  0.574351
      889000  0.575360
      890000  0.588807
      891000  0.567109
      892000  0.586248
      893000  0.581977
      894000  0.569509
      895000  0.568736
      896000  0.573678
      897000  0.570806
      898000  0.584621
      899000  0.580707
      900000  0.571404
      901000  0.577163
      902000  0.568614
      903000  0.586614
      904000  0.566180
      905000  0.575846
      906000  0.581208
      907000  0.575903
      908000  0.563719
      909000  0.574279
      910000  0.576978
      911000  0.573102
      912000  0.568279
      913000  0.576774
      914000  0.574127
      915000  0.566817
      916000  0.563492
      917000  0.588953
      918000  0.571807
      919000  0.568076
      920000  0.576558
      921000  0.580324
      922000  0.581723
      923000  0.587724
      924000  0.566243
      925000  0.574798
      926000  0.588026
      927000  0.594794
      928000  0.558273
      929000  0.569810
      930000  0.572906
      931000  0.577151
      932000  0.574882
      933000  0.584167
      934000  0.577240
      935000  0.573935
      936000  0.575405
      937000  0.563326
      938000  0.564867
      939000  0.584945
      940000  0.579097
      941000  0.572726
      942000  0.585650
      943000  0.578822
      944000  0.573788
      945000  0.575723
      946000  0.596857
      947000  0.593965
      948000  0.573847
      949000  0.571470
      950000  0.573631
      951000  0.577743
      952000  0.580942
      953000  0.565799
      954000  0.584364
      955000  0.579474
      956000  0.573524
      957000  0.568957
      958000  0.580831
      959000  0.580696
      960000  0.574060
      961000  0.574582
      962000  0.571277
      963000  0.584315
      964000  0.581712
      965000  0.583565
      966000  0.576309
      967000  0.572451
      968000  0.571131
      969000  0.589140
      970000  0.593317
      971000  0.574084
      972000  0.576777
      973000  0.567603
      974000  0.564758
      975000  0.564052
      976000  0.571828
      977000  0.573210
      978000  0.584045
      979000  0.572185
      980000  0.575960
      981000  0.577437
      982000  0.565303
      983000  0.575336
      984000  0.562709
      985000  0.556494
      986000  0.580457
      987000  0.580444
      988000  0.573442
      989000  0.582497
      990000  0.568362
      991000  0.569191
      992000  0.585075
      993000  0.586298
      994000  0.568705
      995000  0.569844
      996000  0.576072
      997000  0.585694
      998000  0.581675
      999000  0.586767
     1000000  0.564475
