       1000 -269.625570
       2000 -265.922411
       3000 -267.555476
       4000 -267.835064
       5000 -266.631447
       6000 -272.394106
       7000 -266.113164
       8000 -267.581597
       9000 -266.555400
      10000 -269.010090
      11000 -273.754460
      12000 -266.030954
      13000 -266.438874
      14000 -271.910061
      15000 -275.183500
      16000 -268.048300
      17000 -268.110160
      18000 -269.601618
      19000 -271.591940
      20000 -275.497278
      21000 -271.696766
      22000 -271.325197
      23000 -271.370179
      24000 -266.772903
      25000 -270.152807
      26000 -268.527778
      27000 -267.823501
      28000 -268.845988
      29000 -265.877475
      30000 -266.433282
      31000 -268.414104
      32000 -266.922865
      33000 -265.845563
      34000 -267.905620
      35000 -265.918427
      36000 -268.468834
      37000 -268.693839
      38000 -267.691449
      39000 -270.685572
      40000 -276.878901
      41000 -268.190134
      42000 -268.531468
      43000 -269.835354
      44000 -271.378835
      45000 -267.654448
      46000 -269.950402
      47000 -269.722588
      48000 -272.593053
      49000 -267.294679
      50000 -266.679135
      51000 -268.589553
      52000 -268.023282
      53000 -271.647472
      54000 -271.757977
      55000 -267.928234
      56000 -279.194378
      57000 -270.387319
      58000 -265.815718
      59000 -269.100042
      60000 -275.482228
      61000 -266.481567
      62000 -266.369992
      63000 -267.614902
      64000 -268.514243
      65000 -268.746817
      66000 -271.972913
      67000 -276.797241
      68000 -270.972139
      69000 -265.793682
      70000 -265.834335
      71000 -267.993479
      72000 -270.085232
      73000 -269.818578
      74000 -278.099341
      75000 -276.244039
      76000 -268.121957
      77000 -269.515470
      78000 -270.008264
      79000 -268.906299
      80000 -273.290610
      81000 -270.045016
      82000 -268.277869
      83000 -271.616207
      84000 -272.673328
      85000 -269.548578
      86000 -268.247683
      87000 -268.509985
      88000 -270.425769
      89000 -266.558386
      90000 -269.615713
      91000 -269.500376
      92000 -265.900985
      93000 -266.862803
      94000 -272.412804
      95000 -269.007522
      96000 -270.473883
      97000 -269.336345
      98000 -269.013400
      99000 -272.090655
     100000 -266.914300
     101000 -271.461981
     102000 -270.448348
     103000 -271.829264
     104000 -269.616029
     105000 -273.814631
     106000 -267.743420
     107000 -270.492368
     108000 -269.663680
     109000 -269.913671
     110000 -269.671149
     111000 -273.294714
     112000 -268.684582
     113000 -269.515684
     114000 -265.824911
     115000 -266.228672
     116000 -266.773041
     117000 -275.020580
     118000 -269.697246
     119000 -269.266553
     120000 -274.977144
     121000 -265.816784
     122000 -268.541557
     123000 -266.251404
     124000 -268.368300
     125000 -269.614559
     126000 -266.572848
     127000 -267.936085
     128000 -270.069212
     129000 -269.398482
     130000 -270.369864
     131000 -268.463718
     132000 -269.087331
     133000 -273.732039
     134000 -269.635257
     135000 -266.439080
     136000 -270.897011
     137000 -267.115831
     138000 -269.138131
     139000 -267.802494
     140000 -265.889034
     141000 -267.216232
     142000 -270.084158
     143000 -271.752293
     144000 -273.519788
     145000 -273.598542
     146000 -266.610794
     147000 -269.768015
     148000 -267.111830
     149000 -269.766520
     150000 -271.442142
     151000 -267.933095
     152000 -267.937912
     153000 -271.460043
     154000 -268.226050
     155000 -270.208516
     156000 -266.591478
     157000 -266.966560
     158000 -268.284215
     159000 -265.798611
     160000 -265.913262
     161000 -268.456179
     162000 -266.209547
     163000 -265.953803
     164000 -265.885058
     165000 -267.815057
     166000 -268.085457
     167000 -267.674057
     168000 -268.419883
     169000 -268.364588
     170000 -277.965040
     171000 -271.686445
     172000 -271.578169
     173000 -268.632034
     174000 -269.804363
     175000 -271.374179
     176000 -269.001690
     177000 -268.166763
     178000 -269.608270
     179000 -269.641717
     180000 -273.859451
     181000 -266.634732
     182000 -270.239316
     183000 -266.417783
     184000 -269.919028
     185000 -267.652392
     186000 -266.937910
     187000 -271.826759
     188000 -266.951923
     189000 -270.090570
     190000 -265.938111
     191000 -265.818934
     192000 -267.715993
     193000 -271.641925
     194000 -266.664377
     195000 -266.740288
     196000 -270.737562
     197000 -266.364836
     198000 -267.889354
     199000 -275.283328
     200000 -268.248712
     201000 -269.470191
     202000 -266.109285
     203000 -266.694938
     204000 -274.953746
     205000 -266.362533
     206000 -271.373485
     207000 -274.029197
     208000 -269.642503
     209000 -267.701085
     210000 -268.273037
     211000 -273.637409
     212000 -268.204991
     213000 -267.681537
     214000 -270.035707
     215000 -265.879995
     216000 -266.084733
     217000 -266.016129
     218000 -266.517508
     219000 -271.547777
     220000 -267.740135
     221000 -266.827274
     222000 -266.184445
     223000 -265.890253
     224000 -275.357181
     225000 -268.183100
     226000 -266.318318
     227000 -267.995443
     228000 -265.773504
     229000 -270.310527
     230000 -268.679255
     231000 -271.544059
     232000 -267.839881
     233000 -270.541361
     234000 -265.984942
     235000 -267.685284
     236000 -267.812576
     237000 -270.366966
     238000 -266.047746
     239000 -269.553154
     240000 -271.675660
     241000 -275.090014
     242000 -268.404838
     243000 -271.839543
     244000 -274.222889
     245000 -269.383911
     246000 -270.870632
     247000 -269.803322
     248000 -266.274858
     249000 -268.118012
     250000 -266.773975
     251000 -267.913349
     252000 -267.908831
     253000 -265.965860
     254000 -266.867658
     255000 -268.449130
     256000 -265.838514
     257000 -273.354233
     258000 -267.333962
     259000 -266.265440
     260000 -273.422466
     261000 -275.885573
     262000 -269.536457
     263000 -267.854948
     264000 -276.724814
     265000 -265.908567
     266000 -265.981590
     267000 -271.503194
     268000 -269.625144
     269000 -275.100568
     270000 -266.487280
     271000 -268.338412
     272000 -271.894571
     273000 -268.502224
     274000 -269.448059
     275000 -269.856182
     276000 -267.209115
     277000 -273.775707
     278000 -269.806301
     279000 -271.248513
     280000 -266.987269
     281000 -278.370759
     282000 -271.699755
     283000 -269.701592
     284000 -266.598814
     285000 -266.847268
     286000 -274.954765
     287000 -280.370892
     288000 -266.774077
     289000 -268.061011
     290000 -269.786663
     291000 -265.791611
     292000 -268.504432
     293000 -273.231207
     294000 -269.390919
     295000 -266.579860
     296000 -267.752991
     297000 -269.547187
     298000 -266.196433
     299000 -270.109171
     300000 -269.670501
     301000 -268.650362
     302000 -266.959913
     303000 -269.794875
     304000 -275.166692
     305000 -271.633814
     306000 -270.803254
     307000 -271.448846
     308000 -268.839333
     309000 -267.678203
     310000 -265.999208
     311000 -272.062930
     312000 -269.552748
     313000 -273.190758
     314000 -267.914492
     315000 -271.675103
     316000 -269.872140
     317000 -276.724978
     318000 -270.043616
     319000 -266.074342
     320000 -270.765443
     321000 -268.607753
     322000 -267.513643
     323000 -273.615433
     324000 -274.075744
     325000 -268.296631
     326000 -267.872365
     327000 -265.910554
     328000 -266.442639
     329000 -269.602351
     330000 -269.836244
     331000 -270.535735
     332000 -266.977882
     333000 -276.209003
     334000 -278.946071
     335000 -271.750956
     336000 -279.048129
     337000 -273.383001
     338000 -270.396755
     339000 -266.537281
     340000 -271.836302
     341000 -267.969026
     342000 -269.433911
     343000 -268.895409
     344000 -266.744821
     345000 -266.783891
     346000 -274.964008
     347000 -269.389830
     348000 -271.073920
     349000 -269.704393
     350000 -268.045825
     351000 -271.968137
     352000 -271.430405
     353000 -266.133630
     354000 -267.409485
     355000 -270.218331
     356000 -266.184388
     357000 -271.768688
     358000 -265.852828
     359000 -267.620683
     360000 -272.674954
     361000 -267.734890
     362000 -266.116219
     363000 -270.248648
     364000 -270.027058
     365000 -266.174790
     366000 -271.361618
     367000 -273.494161
     368000 -269.871969
     369000 -269.223966
     370000 -267.644199
     371000 -273.254972
     372000 -272.025530
     373000 -268.034531
     374000 -268.691629
     375000 -267.710209
     376000 -271.685756
     377000 -265.779184
     378000 -266.344144
     379000 -269.958099
     380000 -273.334367
     381000 -270.196779
     382000 -269.666471
     383000 -266.147229
     384000 -267.809619
     385000 -268.431578
     386000 -266.277054
     387000 -268.861388
     388000 -270.933102
     389000 -266.315125
     390000 -273.063564
     391000 -270.371214
     392000 -265.926187
     393000 -269.982955
     394000 -269.601607
     395000 -269.505459
     396000 -267.544981
     397000 -266.167052
     398000 -268.222486
     399000 -269.076948
     400000 -273.190711
     401000 -272.208000
     402000 -272.701943
     403000 -271.370927
     404000 -267.920057
     405000 -272.379192
     406000 -271.404223
     407000 -268.002125
     408000 -267.637808
     409000 -271.379563
     410000 -271.395678
     411000 -265.912136
     412000 -267.155479
     413000 -275.187104
     414000 -267.894998
     415000 -272.309969
     416000 -270.065116
     417000 -268.055658
     418000 -268.776011
     419000 -266.313723
     420000 -270.334138
     421000 -270.304772
     422000 -267.853968
     423000 -270.009334
     424000 -272.713000
     425000 -267.237297
     426000 -272.336884
     427000 -270.285383
     428000 -270.758634
     429000 -275.818516
     430000 -270.928222
     431000 -279.176212
     432000 -267.682123
     433000 -273.098146
     434000 -272.096709
     435000 -271.380204
     436000 -268.958166
     437000 -270.777407
     438000 -274.764331
     439000 -273.282094
     440000 -267.697419
     441000 -269.969428
     442000 -266.841781
     443000 -268.480010
     444000 -270.278174
     445000 -267.347890
     446000 -271.727384
     447000 -268.764235
     448000 -268.846171
     449000 -268.267737
     450000 -267.880959
     451000 -268.933365
     452000 -268.346628
     453000 -266.137569
     454000 -269.733204
     455000 -267.691826
     456000 -268.450592
     457000 -266.447814
     458000 -268.992065
     459000 -271.519420
     460000 -269.409556
     461000 -268.802920
     462000 -268.265914
     463000 -267.912242
     464000 -269.180050
     465000 -269.551154
     466000 -270.200102
     467000 -270.302660
     468000 -268.213712
     469000 -270.702774
     470000 -267.658138
     471000 -265.816859
     472000 -273.642654
     473000 -278.000133
     474000 -271.684466
     475000 -268.179674
     476000 -269.765533
     477000 -267.768675
     478000 -267.666222
     479000 -268.313301
     480000 -273.619827
     481000 -266.331869
     482000 -267.779289
     483000 -268.773640
     484000 -267.709534
     485000 -268.510553
     486000 -270.127112
     487000 -270.929549
     488000 -272.189411
     489000 -267.978007
     490000 -272.635012
     491000 -269.459063
     492000 -265.868225
     493000 -270.092251
     494000 -271.501378
     495000 -266.001113
     496000 -273.279348
     497000 -265.915513
     498000 -268.834585
     499000 -267.210032
     500000 -269.546650
     501000 -270.375884
     502000 -266.999790
     503000 -273.435501
     504000 -268.131809
     505000 -269.913028
     506000 -269.345586
     507000 -266.151466
     508000 -266.492904
     509000 -267.236939
     510000 -267.737089
     511000 -269.458328
     512000 -268.701279
     513000 -267.778379
     514000 -266.285798
     515000 -267.037124
     516000 -268.037963
     517000 -270.946654
     518000 -270.246867
     519000 -265.828154
     520000 -268.169701
     521000 -268.004910
     522000 -266.224816
     523000 -266.352565
     524000 -267.802746
     525000 -268.650501
     526000 -271.519800
     527000 -271.670047
     528000 -266.089643
     529000 -271.378131
     530000 -271.460248
     531000 -267.291194
     532000 -266.845690
     533000 -268.383286
     534000 -267.341154
     535000 -267.806671
     536000 -269.698293
     537000 -270.603857
     538000 -269.828729
     539000 -269.582331
     540000 -271.374110
     541000 -270.400738
     542000 -265.983025
     543000 -266.552785
     544000 -269.902207
     545000 -267.846813
     546000 -273.285211
     547000 -266.522217
     548000 -267.722828
     549000 -267.657044
     550000 -271.474241
     551000 -266.414520
     552000 -267.712048
     553000 -273.419456
     554000 -271.964505
     555000 -266.091824
     556000 -277.014479
     557000 -270.010352
     558000 -266.224223
     559000 -267.948777
     560000 -268.217076
     561000 -268.296199
     562000 -268.731966
     563000 -275.271533
     564000 -267.690096
     565000 -268.754982
     566000 -271.016586
     567000 -276.666326
     568000 -267.877511
     569000 -265.930439
     570000 -267.136780
     571000 -269.801496
     572000 -281.827162
     573000 -275.150091
     574000 -267.662615
     575000 -267.601093
     576000 -271.739105
     577000 -266.636529
     578000 -265.762833
     579000 -270.186069
     580000 -268.368563
     581000 -266.598478
     582000 -268.307126
     583000 -267.877184
     584000 -267.583172
     585000 -268.945773
     586000 -275.473089
     587000 -271.532201
     588000 -268.004137
     589000 -271.381349
     590000 -270.035454
     591000 -267.729484
     592000 -267.654091
     593000 -266.140386
     594000 -272.067879
     595000 -273.537675
     596000 -266.299999
     597000 -269.520760
     598000 -271.445460
     599000 -267.744361
     600000 -268.745060
     601000 -270.744478
     602000 -270.259589
     603000 -273.845867
     604000 -266.017094
     605000 -268.274484
     606000 -273.229382
     607000 -268.782050
     608000 -271.466101
     609000 -268.223475
     610000 -270.475780
     611000 -274.953767
     612000 -265.764897
     613000 -267.633797
     614000 -271.373455
     615000 -267.648837
     616000 -265.852532
     617000 -269.346201
     618000 -266.307970
     619000 -266.957559
     620000 -272.062762
     621000 -265.798817
     622000 -266.817276
     623000 -268.397030
     624000 -275.438653
     625000 -267.832883
     626000 -268.067603
     627000 -268.488036
     628000 -266.641844
     629000 -267.065750
     630000 -266.122800
     631000 -268.975722
     632000 -271.769239
     633000 -269.316938
     634000 -271.514210
     635000 -268.093065
     636000 -267.942941
     637000 -268.293633
     638000 -271.034440
     639000 -271.378494
     640000 -272.450039
     641000 -267.599830
     642000 -266.692421
     643000 -268.430829
     644000 -267.615996
     645000 -267.430849
     646000 -266.249815
     647000 -273.199544
     648000 -278.652310
     649000 -270.957538
     650000 -266.000764
     651000 -267.906194
     652000 -271.979647
     653000 -272.190372
     654000 -271.580756
     655000 -267.627122
     656000 -265.792796
     657000 -272.006709
     658000 -267.218044
     659000 -265.942940
     660000 -269.316043
     661000 -273.504905
     662000 -271.713609
     663000 -265.998508
     664000 -268.604559
     665000 -268.010931
     666000 -268.824071
     667000 -274.796109
     668000 -265.907289
     669000 -266.295823
     670000 -267.026781
     671000 -267.787975
     672000 -270.134466
     673000 -272.320492
     674000 -269.551545
     675000 -268.069180
     676000 -265.843657
     677000 -270.101483
     678000 -273.402061
     679000 -269.660860
     680000 -265.873286
     681000 -268.768118
     682000 -275.103785
     683000 -266.976326
     684000 -270.619105
     685000 -276.783878
     686000 -267.671790
     687000 -272.109442
     688000 -269.788715
     689000 -267.651085
     690000 -269.765973
     691000 -268.329539
     692000 -267.865774
     693000 -267.145594
     694000 -269.597276
     695000 -272.732104
     696000 -268.976137
     697000 -272.017241
     698000 -268.596755
     699000 -266.329853
     700000 -267.830250
     701000 -277.228279
     702000 -267.769645
     703000 -268.770665
     704000 -268.917923
     705000 -266.776322
     706000 -267.694858
     707000 -268.538973
     708000 -268.953728
     709000 -273.675349
     710000 -268.139747
     711000 -270.703852
     712000 -266.131401
     713000 -275.649786
     714000 -274.978463
     715000 -271.829248
     716000 -265.808610
     717000 -268.170772
     718000 -269.300014
     719000 -265.935159
     720000 -265.867515
     721000 -272.062259
     722000 -267.784958
     723000 -269.175648
     724000 -266.824705
     725000 -278.426170
     726000 -268.453351
     727000 -266.950518
     728000 -275.742149
     729000 -265.974077
     730000 -267.585251
     731000 -267.664640
     732000 -267.302612
     733000 -275.456417
     734000 -266.319802
     735000 -272.958387
     736000 -274.977788
     737000 -266.207500
     738000 -269.940394
     739000 -266.153084
     740000 -270.497756
     741000 -266.980072
     742000 -271.396225
     743000 -265.800915
     744000 -267.577956
     745000 -266.103550
     746000 -268.193158
     747000 -275.114291
     748000 -267.165144
     749000 -270.046462
     750000 -267.882207
     751000 -269.912362
     752000 -273.402232
     753000 -266.180221
     754000 -268.892871
     755000 -269.925398
     756000 -271.424709
     757000 -268.653861
     758000 -266.311798
     759000 -271.921156
     760000 -268.492790
     761000 -270.288285
     762000 -266.244292
     763000 -268.307207
     764000 -273.041061
     765000 -271.121920
     766000 -269.696231
     767000 -267.249089
     768000 -271.820432
     769000 -267.728794
     770000 -269.754095
     771000 -270.682127
     772000 -266.738875
     773000 -273.041434
     774000 -278.858160
     775000 -275.322101
     776000 -270.737595
     777000 -269.550287
     778000 -268.118699
     779000 -267.836893
     780000 -267.894553
     781000 -271.386869
     782000 -266.291342
     783000 -271.833425
     784000 -275.239132
     785000 -268.891484
     786000 -272.972413
     787000 -269.793836
     788000 -270.052796
     789000 -268.259281
     790000 -267.651150
     791000 -266.653102
     792000 -267.754158
     793000 -267.585732
     794000 -265.756646
     795000 -266.342960
     796000 -273.476424
     797000 -269.992276
     798000 -267.848614
     799000 -268.396584
     800000 -275.137292
     801000 -273.837092
     802000 -271.673582
     803000 -274.155255
     804000 -271.444413
     805000 -269.629756
     806000 -266.066624
     807000 -267.848147
     808000 -268.154893
     809000 -266.172962
     810000 -267.587143
     811000 -273.193896
     812000 -273.820978
     813000 -266.341996
     814000 -267.921735
     815000 -268.507925
     816000 -271.428861
     817000 -273.859283
     818000 -266.251056
     819000 -266.139530
     820000 -266.065646
     821000 -266.905514
     822000 -266.794625
     823000 -267.668688
     824000 -267.677647
     825000 -268.082148
     826000 -271.435620
     827000 -275.031994
     828000 -266.152967
     829000 -267.664103
     830000 -269.595601
     831000 -266.113998
     832000 -265.779353
     833000 -273.507538
     834000 -270.260324
     835000 -269.611715
     836000 -271.413130
     837000 -266.700623
     838000 -266.379381
     839000 -268.995317
     840000 -273.190833
     841000 -268.059874
     842000 -267.761089
     843000 -266.331766
     844000 -269.738879
     845000 -271.791126
     846000 -267.794761
     847000 -271.426618
     848000 -268.661383
     849000 -268.665710
     850000 -266.405965
     851000 -269.711395
     852000 -268.598556
     853000 -270.294657
     854000 -273.254242
     855000 -269.964180
     856000 -266.283012
     857000 -269.930302
     858000 -265.839733
     859000 -270.601914
     860000 -266.014653
     861000 -268.233853
     862000 -270.517284
     863000 -266.441572
     864000 -265.989073
     865000 -271.534582
     866000 -271.436561
     867000 -274.153435
     868000 -266.947154
     869000 -269.705523
     870000 -269.121767
     871000 -272.345170
     872000 -265.851539
     873000 -273.190822
     874000 -271.376449
     875000 -272.293001
     876000 -273.201142
     877000 -268.785060
     878000 -265.774997
     879000 -265.889496
     880000 -266.050131
     881000 -266.899813
     882000 -267.743151
     883000 -266.671532
     884000 -270.233302
     885000 -268.240172
     886000 -268.682611
     887000 -270.070995
     888000 -266.806733
     889000 -266.120462
     890000 -267.056484
     891000 -271.092030
     892000 -271.445193
     893000 -267.762202
     894000 -268.746597
     895000 -267.400637
     896000 -268.803134
     897000 -269.948416
     898000 -268.150562
     899000 -269.716475
     900000 -272.483061
     901000 -271.985567
     902000 -274.487589
     903000 -268.234166
     904000 -274.479597
     905000 -270.077728
     906000 -270.168343
     907000 -269.474614
     908000 -266.231000
     909000 -266.356714
     910000 -268.055155
     911000 -273.637982
     912000 -265.889959
     913000 -271.901334
     914000 -282.420831
     915000 -268.141879
     916000 -266.226654
     917000 -266.041316
     918000 -265.865691
     919000 -267.961717
     920000 -266.748921
     921000 -266.109588
     922000 -268.160579
     923000 -270.461708
     924000 -267.580906
     925000 -266.773565
     926000 -271.543841
     927000 -267.771175
     928000 -265.817780
     929000 -266.101492
     930000 -267.865376
     931000 -275.369494
     932000 -271.975299
     933000 -267.742691
     934000 -267.977542
     935000 -268.258291
     936000 -271.924591
     937000 -270.018764
     938000 -271.528718
     939000 -266.132843
     940000 -267.845966
     941000 -268.027002
     942000 -268.666532
     943000 -271.267334
     944000 -269.645853
     945000 -267.998062
     946000 -272.416509
     947000 -269.499458
     948000 -270.049834
     949000 -272.444669
     950000 -275.267802
     951000 -265.863524
     952000 -266.595676
     953000 -267.307014
     954000 -271.399513
     955000 -267.356833
     956000 -271.439074
     957000 -273.255856
     958000 -269.330513
     959000 -268.221945
     960000 -265.809716
     961000 -265.822218
     962000 -269.911279
     963000 -266.051708
     964000 -272.085295
     965000 -271.459668
     966000 -271.691037
     967000 -267.937545
     968000 -266.103077
     969000 -280.476114
     970000 -268.209384
     971000 -267.870983
     972000 -267.797944
     973000 -265.799017
     974000 -267.580035
     975000 -265.780895
     976000 -268.384024
     977000 -267.258098
     978000 -278.348676
     979000 -266.659495
     980000 -265.762026
     981000 -271.214206
     982000 -270.514484
     983000 -266.910614
     984000 -265.879034
     985000 -266.373816
     986000 -267.685506
     987000 -272.130263
     988000 -268.022315
     989000 -269.476753
     990000 -273.114760
     991000 -269.834249
     992000 -270.076455
     993000 -269.899167
     994000 -270.222851
     995000 -270.644241
     996000 -269.501178
     997000 -270.714054
     998000 -267.798219
     999000 -268.158119
    1000000 -269.644523
    1001000 -266.169157
    1002000 -269.169886
    1003000 -270.144323
    1004000 -271.939968
    1005000 -266.182710
    1006000 -270.031164
    1007000 -271.644989
    1008000 -272.206963
    1009000 -266.512620
    1010000 -276.531063
    1011000 -266.830965
    1012000 -267.919512
    1013000 -271.859568
    1014000 -267.519960
    1015000 -266.697359
    1016000 -266.809666
    1017000 -271.802793
    1018000 -267.825510
    1019000 -265.927405
    1020000 -268.945465
    1021000 -268.704743
    1022000 -266.296934
    1023000 -267.821292
    1024000 -274.920606
    1025000 -266.577135
    1026000 -268.240266
    1027000 -267.733157
    1028000 -269.881121
    1029000 -271.669398
    1030000 -269.686832
    1031000 -267.590741
    1032000 -266.073363
    1033000 -269.691453
    1034000 -267.711722
    1035000 -269.788675
    1036000 -269.320090
    1037000 -267.783405
    1038000 -267.766419
    1039000 -271.371471
    1040000 -276.660997
    1041000 -268.425544
    1042000 -270.344062
    1043000 -273.439259
    1044000 -271.518403
    1045000 -268.490570
    1046000 -266.752949
    1047000 -268.074391
    1048000 -273.635178
    1049000 -268.915802
    1050000 -271.528255
    1051000 -267.657706
    1052000 -271.668155
    1053000 -271.586539
    1054000 -265.774475
    1055000 -270.275236
    1056000 -267.701906
    1057000 -273.472412
    1058000 -269.577857
    1059000 -273.314534
    1060000 -277.951865
    1061000 -267.624431
    1062000 -271.480315
    1063000 -269.722814
    1064000 -270.049988
    1065000 -273.290651
    1066000 -267.788564
    1067000 -265.992436
    1068000 -267.072003
    1069000 -266.448146
    1070000 -265.874129
    1071000 -268.185094
    1072000 -268.929760
    1073000 -266.201529
    1074000 -271.141820
    1075000 -266.671520
    1076000 -273.613486
    1077000 -269.402851
    1078000 -265.830337
    1079000 -269.755872
    1080000 -269.879027
    1081000 -271.623629
    1082000 -266.512732
    1083000 -266.243611
    1084000 -266.081800
    1085000 -266.102044
    1086000 -271.425641
    1087000 -266.057337
    1088000 -273.329257
    1089000 -265.766687
    1090000 -271.775728
    1091000 -269.197470
    1092000 -271.761265
    1093000 -270.678062
    1094000 -267.384837
    1095000 -268.378282
    1096000 -271.897686
    1097000 -267.521682
    1098000 -269.662187
    1099000 -268.244387
    1100000 -272.474683
    1101000 -269.724189
    1102000 -270.835665
    1103000 -268.523159
    1104000 -270.065455
    1105000 -269.897727
    1106000 -271.788413
    1107000 -267.577769
    1108000 -265.917914
    1109000 -271.387463
    1110000 -267.059132
    1111000 -266.146347
    1112000 -267.961718
    1113000 -267.700090
    1114000 -266.131465
    1115000 -270.043837
    1116000 -268.527474
    1117000 -269.849858
    1118000 -268.008512
    1119000 -266.693008
    1120000 -269.878585
    1121000 -269.861532
    1122000 -266.453950
    1123000 -266.977219
    1124000 -265.907948
    1125000 -269.671773
    1126000 -271.723460
    1127000 -271.375767
    1128000 -268.165856
    1129000 -267.534681
    1130000 -269.723681
    1131000 -269.933691
    1132000 -265.810202
    1133000 -270.117775
    1134000 -268.891623
    1135000 -266.778118
    1136000 -268.231262
    1137000 -268.020076
    1138000 -273.344026
    1139000 -269.856667
    1140000 -272.852889
    1141000 -266.197564
    1142000 -270.110742
    1143000 -272.418804
    1144000 -266.003498
    1145000 -276.678238
    1146000 -270.181165
    1147000 -268.240972
    1148000 -267.389754
    1149000 -267.716374
    1150000 -267.738568
    1151000 -266.502536
    1152000 -268.704909
    1153000 -267.039935
    1154000 -266.775316
    1155000 -271.627209
    1156000 -268.166879
    1157000 -269.323386
    1158000 -267.137635
    1159000 -272.901783
    1160000 -269.830653
    1161000 -272.205484
    1162000 -266.906363
    1163000 -265.977562
    1164000 -266.482119
    1165000 -267.776164
    1166000 -266.554200
    1167000 -269.764936
    1168000 -272.375693
    1169000 -269.669672
    1170000 -273.531395
    1171000 -267.967271
    1172000 -266.114681
    1173000 -265.820296
    1174000 -271.127633
    1175000 -267.785412
    1176000 -269.554797
    1177000 -271.647062
    1178000 -266.332401
    1179000 -272.125601
    1180000 -271.449576
    1181000 -267.845678
    1182000 -267.663721
    1183000 -269.667276
    1184000 -268.445536
    1185000 -266.023318
    1186000 -269.145638
    1187000 -267.951150
    1188000 -268.502615
    1189000 -267.257221
    1190000 -270.439111
    1191000 -267.694203
    1192000 -267.627742
    1193000 -265.859810
    1194000 -266.126310
    1195000 -271.839571
    1196000 -273.424692
    1197000 -266.156995
    1198000 -274.818476
    1199000 -265.989364
    1200000 -266.085665
    1201000 -266.040722
    1202000 -271.707666
    1203000 -266.526388
    1204000 -266.412980
    1205000 -270.615037
    1206000 -269.951017
    1207000 -267.872917
    1208000 -265.786938
    1209000 -269.954084
    1210000 -271.794579
    1211000 -265.810053
    1212000 -267.770281
    1213000 -266.394388
    1214000 -266.596677
    1215000 -267.675958
    1216000 -268.459107
    1217000 -266.179673
    1218000 -267.288846
    1219000 -266.434045
    1220000 -271.960163
    1221000 -273.270509
    1222000 -268.376100
    1223000 -274.613189
    1224000 -268.420199
    1225000 -267.459520
    1226000 -267.709625
    1227000 -271.571911
    1228000 -269.986046
    1229000 -267.924459
    1230000 -276.507038
    1231000 -269.801039
    1232000 -267.927566
    1233000 -269.750870
    1234000 -267.677252
    1235000 -267.905430
    1236000 -267.718982
    1237000 -273.662402
    1238000 -267.704888
    1239000 -267.894677
    1240000 -268.110281
    1241000 -268.574837
    1242000 -266.112992
    1243000 -269.864125
    1244000 -268.068856
    1245000 -270.258027
    1246000 -271.547806
    1247000 -266.110914
    1248000 -271.466709
    1249000 -270.103034
    1250000 -267.197626
    1251000 -265.901995
    1252000 -267.915225
    1253000 -268.103907
    1254000 -268.309684
    1255000 -267.064732
    1256000 -265.959690
    1257000 -266.088800
    1258000 -265.955515
    1259000 -270.080917
    1260000 -271.009313
    1261000 -270.710174
    1262000 -269.969415
    1263000 -269.117391
    1264000 -271.702515
    1265000 -265.782705
    1266000 -271.399173
    1267000 -269.245045
    1268000 -269.606061
    1269000 -267.981239
    1270000 -266.415028
    1271000 -270.184132
    1272000 -266.596446
    1273000 -268.701972
    1274000 -273.601950
    1275000 -270.645307
    1276000 -270.236566
    1277000 -273.032613
    1278000 -274.238297
    1279000 -270.036154
    1280000 -270.063495
    1281000 -268.758761
    1282000 -266.203110
    1283000 -267.832711
    1284000 -266.367006
    1285000 -267.726706
    1286000 -266.018264
    1287000 -273.525418
    1288000 -271.418232
    1289000 -271.371323
    1290000 -265.854420
    1291000 -268.260255
    1292000 -271.490770
    1293000 -271.484562
    1294000 -266.109935
    1295000 -272.656778
    1296000 -267.815143
    1297000 -265.772714
    1298000 -268.768931
    1299000 -267.706515
    1300000 -275.600714
    1301000 -270.825902
    1302000 -269.078959
    1303000 -273.414424
    1304000 -266.425214
    1305000 -273.777050
    1306000 -269.390609
    1307000 -266.100973
    1308000 -273.415063
    1309000 -266.069222
    1310000 -267.823580
    1311000 -266.301035
    1312000 -267.835661
    1313000 -267.522857
    1314000 -265.916163
    1315000 -266.305045
    1316000 -268.530566
    1317000 -265.756576
    1318000 -267.837979
    1319000 -268.968877
    1320000 -266.549704
    1321000 -267.978277
    1322000 -273.195770
    1323000 -268.003972
    1324000 -271.087100
    1325000 -266.577833
    1326000 -267.928540
    1327000 -271.383493
    1328000 -268.714660
    1329000 -272.300883
    1330000 -271.032931
    1331000 -271.545087
    1332000 -275.220776
    1333000 -268.052204
    1334000 -266.141563
    1335000 -266.066893
    1336000 -268.174852
    1337000 -270.417080
    1338000 -267.859351
    1339000 -273.580739
    1340000 -277.675434
    1341000 -270.667660
    1342000 -269.173777
    1343000 -266.868824
    1344000 -271.511634
    1345000 -269.819795
    1346000 -273.390334
    1347000 -269.787200
    1348000 -273.310405
    1349000 -272.382698
    1350000 -271.954794
    1351000 -266.208977
    1352000 -266.596103
    1353000 -266.740140
    1354000 -267.146560
    1355000 -275.589200
    1356000 -274.609468
    1357000 -271.615542
    1358000 -269.563153
    1359000 -267.302084
    1360000 -268.436968
    1361000 -266.173941
    1362000 -267.915297
    1363000 -267.601517
    1364000 -266.049740
    1365000 -269.691629
    1366000 -274.960688
    1367000 -266.076704
    1368000 -267.923939
    1369000 -269.709083
    1370000 -267.748713
    1371000 -271.761907
    1372000 -265.790303
    1373000 -271.373515
    1374000 -271.657303
    1375000 -267.667022
    1376000 -268.741473
    1377000 -269.620487
    1378000 -267.455658
    1379000 -274.982675
    1380000 -266.348153
    1381000 -266.385903
    1382000 -265.939119
    1383000 -267.767642
    1384000 -266.820392
    1385000 -268.758133
    1386000 -268.664155
    1387000 -267.736142
    1388000 -274.970182
    1389000 -266.210410
    1390000 -268.661532
    1391000 -266.213422
    1392000 -274.993774
    1393000 -266.907833
    1394000 -267.838724
    1395000 -268.552084
    1396000 -275.274361
    1397000 -265.800831
    1398000 -269.018220
    1399000 -272.817710
    1400000 -267.280973
    1401000 -268.073353
    1402000 -269.735213
    1403000 -269.602986
    1404000 -276.225989
    1405000 -266.504239
    1406000 -273.299481
    1407000 -266.263018
    1408000 -266.278539
    1409000 -267.635996
    1410000 -273.670881
    1411000 -269.717073
    1412000 -272.317939
    1413000 -266.008039
    1414000 -267.965654
    1415000 -265.782554
    1416000 -267.827316
    1417000 -267.832610
    1418000 -267.969537
    1419000 -271.425934
    1420000 -266.027550
    1421000 -267.872714
    1422000 -268.335825
    1423000 -266.073383
    1424000 -268.189519
    1425000 -271.435766
    1426000 -267.656723
    1427000 -266.610607
    1428000 -270.252359
    1429000 -266.250179
    1430000 -273.016022
    1431000 -266.354769
    1432000 -266.559276
    1433000 -275.750263
    1434000 -268.410569
    1435000 -267.316604
    1436000 -271.374303
    1437000 -269.937108
    1438000 -271.634382
    1439000 -269.356577
    1440000 -265.900006
    1441000 -272.148825
    1442000 -265.785673
    1443000 -271.602873
    1444000 -271.895042
    1445000 -267.682174
    1446000 -271.582281
    1447000 -270.027170
    1448000 -271.549732
    1449000 -266.147767
    1450000 -266.035423
    1451000 -270.648278
    1452000 -266.316983
    1453000 -277.126246
    1454000 -268.724085
    1455000 -265.843540
    1456000 -276.734403
    1457000 -270.768133
    1458000 -266.409941
    1459000 -266.141876
    1460000 -268.109600
    1461000 -272.750418
    1462000 -265.798752
    1463000 -267.123984
    1464000 -268.167130
    1465000 -273.190869
    1466000 -268.183792
    1467000 -269.667657
    1468000 -266.517584
    1469000 -266.032376
    1470000 -276.675745
    1471000 -268.460692
    1472000 -268.725164
    1473000 -268.307089
    1474000 -269.621508
    1475000 -273.790898
    1476000 -267.581173
    1477000 -265.797641
    1478000 -270.622225
    1479000 -266.709203
    1480000 -269.552364
    1481000 -278.500918
    1482000 -265.793693
    1483000 -267.664254
    1484000 -268.101445
    1485000 -274.850011
    1486000 -269.895535
    1487000 -271.409415
    1488000 -267.491465
    1489000 -265.796827
    1490000 -266.000190
    1491000 -267.916158
    1492000 -265.780117
    1493000 -269.638419
    1494000 -268.193728
    1495000 -266.062996
    1496000 -269.095567
    1497000 -269.713835
    1498000 -271.394426
    1499000 -275.083183
    1500000 -265.768986
    1501000 -270.346722
    1502000 -265.831973
    1503000 -266.162276
    1504000 -268.180730
    1505000 -270.462828
    1506000 -267.578903
    1507000 -269.918635
    1508000 -265.890300
    1509000 -266.304599
    1510000 -267.890070
    1511000 -271.379540
    1512000 -276.741425
    1513000 -266.683943
    1514000 -275.100855
    1515000 -266.929502
    1516000 -266.780017
    1517000 -269.715873
    1518000 -271.976556
    1519000 -268.327107
    1520000 -266.473985
    1521000 -267.823918
    1522000 -267.319554
    1523000 -270.052054
    1524000 -266.398825
    1525000 -269.347536
    1526000 -265.814839
    1527000 -277.113763
    1528000 -266.026485
    1529000 -268.096888
    1530000 -275.379429
    1531000 -270.037490
    1532000 -266.952676
    1533000 -266.187760
    1534000 -266.350332
    1535000 -268.134289
    1536000 -267.800339
    1537000 -266.876753
    1538000 -269.523592
    1539000 -268.265085
    1540000 -265.873015
    1541000 -268.205103
    1542000 -269.569022
    1543000 -266.396108
    1544000 -271.110141
    1545000 -266.591264
    1546000 -267.798335
    1547000 -265.900700
    1548000 -269.818734
    1549000 -266.499634
    1550000 -269.668608
    1551000 -266.650269
    1552000 -275.537033
    1553000 -269.520268
    1554000 -266.243838
    1555000 -266.857550
    1556000 -267.748440
    1557000 -266.433902
    1558000 -270.095896
    1559000 -273.523604
    1560000 -267.925900
    1561000 -268.659921
    1562000 -273.270232
    1563000 -271.761329
    1564000 -271.659624
    1565000 -267.874355
    1566000 -269.065786
    1567000 -268.022127
    1568000 -267.693978
    1569000 -267.808514
    1570000 -265.866620
    1571000 -270.923862
    1572000 -271.499992
    1573000 -268.328967
    1574000 -266.175059
    1575000 -270.791784
    1576000 -275.294985
    1577000 -269.524299
    1578000 -274.648838
    1579000 -267.989579
    1580000 -265.778782
    1581000 -271.449036
    1582000 -265.935124
    1583000 -265.908634
    1584000 -268.251434
    1585000 -270.457050
    1586000 -267.445560
    1587000 -265.842093
    1588000 -266.283120
    1589000 -273.312393
    1590000 -268.059465
    1591000 -269.451376
    1592000 -274.817080
    1593000 -267.853083
    1594000 -270.630122
    1595000 -265.978076
    1596000 -269.407390
    1597000 -265.866094
    1598000 -266.339909
    1599000 -269.881468
    1600000 -266.580222
    1601000 -268.124689
    1602000 -266.813836
    1603000 -273.368437
    1604000 -266.101418
    1605000 -269.509695
    1606000 -268.190443
    1607000 -271.824450
    1608000 -266.626958
    1609000 -273.812416
    1610000 -271.851545
    1611000 -272.576217
    1612000 -270.860764
    1613000 -271.890505
    1614000 -269.972121
    1615000 -266.492951
    1616000 -270.039948
    1617000 -266.498532
    1618000 -267.717435
    1619000 -273.541718
    1620000 -271.864964
    1621000 -268.521962
    1622000 -267.143869
    1623000 -271.503601
    1624000 -266.084894
    1625000 -271.209461
    1626000 -270.555068
    1627000 -267.370223
    1628000 -266.466947
    1629000 -274.524993
    1630000 -268.563608
    1631000 -265.850868
    1632000 -266.031396
    1633000 -269.656644
    1634000 -266.164021
    1635000 -268.174482
    1636000 -269.225104
    1637000 -265.856650
    1638000 -267.534080
    1639000 -271.394063
    1640000 -266.024353
    1641000 -266.064209
    1642000 -269.737227
    1643000 -265.989444
    1644000 -276.403040
    1645000 -273.189991
    1646000 -266.300607
    1647000 -267.811239
    1648000 -267.710387
    1649000 -271.014112
    1650000 -267.587443
    1651000 -266.710249
    1652000 -266.145762
    1653000 -271.437444
    1654000 -269.964318
    1655000 -270.780028
    1656000 -271.828527
    1657000 -267.653783
    1658000 -266.253002
    1659000 -271.779295
    1660000 -269.775647
    1661000 -273.266674
    1662000 -267.621095
    1663000 -266.033269
    1664000 -267.829658
    1665000 -272.023166
    1666000 -273.592641
    1667000 -268.389772
    1668000 -269.710044
    1669000 -269.944030
    1670000 -266.224191
    1671000 -266.972855
    1672000 -273.264672
    1673000 -268.602575
    1674000 -267.760928
    1675000 -270.046847
    1676000 -268.028459
    1677000 -267.737364
    1678000 -266.001378
    1679000 -273.375683
    1680000 -268.669387
    1681000 -266.014646
    1682000 -268.119022
    1683000 -273.356465
    1684000 -271.400036
    1685000 -265.761465
    1686000 -265.940216
    1687000 -269.435990
    1688000 -268.576733
    1689000 -266.015635
    1690000 -268.125186
    1691000 -267.294448
    1692000 -278.404692
    1693000 -266.056077
    1694000 -268.041499
    1695000 -266.634826
    1696000 -268.011070
    1697000 -268.120488
    1698000 -269.501929
    1699000 -267.676981
    1700000 -268.089705
    1701000 -271.492290
    1702000 -269.543583
    1703000 -267.734360
    1704000 -266.086445
    1705000 -271.862256
    1706000 -269.571943
    1707000 -274.357227
    1708000 -266.010150
    1709000 -268.275572
    1710000 -271.333814
    1711000 -272.075672
    1712000 -270.101015
    1713000 -266.878215
    1714000 -269.810668
    1715000 -268.672772
    1716000 -271.728109
    1717000 -268.267987
    1718000 -268.421751
    1719000 -271.474184
    1720000 -265.779528
    1721000 -266.161342
    1722000 -271.371552
    1723000 -272.054567
    1724000 -266.175546
    1725000 -268.770352
    1726000 -268.328072
    1727000 -268.574241
    1728000 -267.593995
    1729000 -268.970724
    1730000 -271.436700
    1731000 -265.852053
    1732000 -268.441545
    1733000 -271.830632
    1734000 -267.533304
    1735000 -267.417512
    1736000 -267.311061
    1737000 -269.855581
    1738000 -266.572435
    1739000 -266.523184
    1740000 -269.724789
    1741000 -268.860366
    1742000 -267.705000
    1743000 -268.590347
    1744000 -267.848861
    1745000 -266.196271
    1746000 -269.209501
    1747000 -267.785771
    1748000 -270.405784
    1749000 -269.335654
    1750000 -266.597998
    1751000 -271.413836
    1752000 -276.442775
    1753000 -267.658576
    1754000 -266.993866
    1755000 -267.918213
    1756000 -272.036240
    1757000 -265.883488
    1758000 -268.360618
    1759000 -265.989693
    1760000 -267.886790
    1761000 -267.538393
    1762000 -266.561593
    1763000 -267.935470
    1764000 -271.442226
    1765000 -267.577103
    1766000 -274.972798
    1767000 -267.291639
    1768000 -277.932576
    1769000 -270.345661
    1770000 -266.053312
    1771000 -273.193108
    1772000 -273.679490
    1773000 -265.864917
    1774000 -267.950020
    1775000 -273.712456
    1776000 -267.577495
    1777000 -270.521757
    1778000 -267.588826
    1779000 -268.781751
    1780000 -271.137905
    1781000 -266.267646
    1782000 -281.269922
    1783000 -268.236340
    1784000 -267.417064
    1785000 -268.512241
    1786000 -265.970686
    1787000 -266.355548
    1788000 -267.532989
    1789000 -273.232067
    1790000 -266.577479
    1791000 -266.371031
    1792000 -268.753775
    1793000 -269.802232
    1794000 -265.877600
    1795000 -268.758728
    1796000 -265.788586
    1797000 -267.573644
    1798000 -268.396511
    1799000 -271.776540
    1800000 -268.403114
    1801000 -268.726807
    1802000 -268.007616
    1803000 -268.359084
    1804000 -266.087743
    1805000 -265.853857
    1806000 -266.187412
    1807000 -281.486010
    1808000 -267.675593
    1809000 -269.763998
    1810000 -267.795638
    1811000 -267.606762
    1812000 -266.426921
    1813000 -267.759790
    1814000 -277.154427
    1815000 -272.914514
    1816000 -270.226890
    1817000 -268.631507
    1818000 -269.697902
    1819000 -269.094872
    1820000 -266.870441
    1821000 -267.915128
    1822000 -276.826397
    1823000 -268.077152
    1824000 -270.337591
    1825000 -267.711636
    1826000 -266.251287
    1827000 -271.385950
    1828000 -271.391483
    1829000 -266.140998
    1830000 -268.081766
    1831000 -267.887167
    1832000 -266.614383
    1833000 -271.987454
    1834000 -273.347693
    1835000 -265.926813
    1836000 -266.439999
    1837000 -265.894989
    1838000 -272.143549
    1839000 -269.827779
    1840000 -267.545441
    1841000 -269.754661
    1842000 -265.895854
    1843000 -271.929482
    1844000 -269.501326
    1845000 -266.554290
    1846000 -272.685812
    1847000 -271.466141
    1848000 -273.917178
    1849000 -274.583251
    1850000 -266.129767
    1851000 -269.619409
    1852000 -266.394109
    1853000 -266.958055
    1854000 -270.254534
    1855000 -266.229950
    1856000 -268.761247
    1857000 -268.668826
    1858000 -267.005854
    1859000 -271.375554
    1860000 -273.238405
    1861000 -267.774092
    1862000 -268.381641
    1863000 -271.476131
    1864000 -267.054387
    1865000 -266.621246
    1866000 -270.298196
    1867000 -271.369442
    1868000 -265.797946
    1869000 -268.870891
    1870000 -275.195223
    1871000 -265.798100
    1872000 -268.098935
    1873000 -269.303622
    1874000 -269.548646
    1875000 -268.934932
    1876000 -267.804699
    1877000 -271.406931
    1878000 -269.782424
    1879000 -269.903485
    1880000 -267.839914
    1881000 -267.123899
    1882000 -265.836826
    1883000 -268.127545
    1884000 -266.031957
    1885000 -267.872483
    1886000 -266.941189
    1887000 -266.836578
    1888000 -268.171952
    1889000 -283.054718
    1890000 -276.394533
    1891000 -265.901033
    1892000 -270.019618
    1893000 -275.756610
    1894000 -265.785312
    1895000 -273.349613
    1896000 -271.697086
    1897000 -272.035194
    1898000 -268.048528
    1899000 -267.788343
    1900000 -265.976747
    1901000 -265.802692
    1902000 -271.944113
    1903000 -276.660450
    1904000 -270.294332
    1905000 -266.540759
    1906000 -267.351458
    1907000 -267.768100
    1908000 -266.186490
    1909000 -271.458184
    1910000 -270.881200
    1911000 -271.446363
    1912000 -271.141869
    1913000 -267.607262
    1914000 -266.270137
    1915000 -267.773117
    1916000 -271.790077
    1917000 -268.363254
    1918000 -267.214648
    1919000 -267.071079
    1920000 -271.919480
    1921000 -273.808027
    1922000 -267.968496
    1923000 -271.465753
    1924000 -266.172612
    1925000 -269.627041
    1926000 -268.770261
    1927000 -267.980126
    1928000 -267.686930
    1929000 -267.668636
    1930000 -268.943841
    1931000 -268.638953
    1932000 -275.641198
    1933000 -266.963222
    1934000 -282.760989
    1935000 -266.602729
    1936000 -267.687619
    1937000 -265.947970
    1938000 -273.513513
    1939000 -266.190275
    1940000 -267.271811
    1941000 -269.546685
    1942000 -269.134563
    1943000 -266.167782
    1944000 -269.862593
    1945000 -269.786598
    1946000 -267.307952
    1947000 -266.696070
    1948000 -267.664137
    1949000 -267.021822
    1950000 -266.707667
    1951000 -268.332587
    1952000 -269.850345
    1953000 -267.810142
    1954000 -267.633805
    1955000 -266.276594
    1956000 -273.206822
    1957000 -266.547554
    1958000 -267.686311
    1959000 -269.044148
    1960000 -268.321101
    1961000 -278.312735
    1962000 -278.999097
    1963000 -274.957918
    1964000 -271.418570
    1965000 -267.350526
    1966000 -268.810429
    1967000 -279.876026
    1968000 -267.523683
    1969000 -268.893342
    1970000 -268.137518
    1971000 -268.514785
    1972000 -269.827598
    1973000 -268.022674
    1974000 -269.543959
    1975000 -267.664356
    1976000 -275.988335
    1977000 -275.087929
    1978000 -265.976445
    1979000 -269.369249
    1980000 -273.242976
    1981000 -267.945158
    1982000 -269.689264
    1983000 -271.903751
    1984000 -266.326350
    1985000 -272.527787
    1986000 -275.147167
    1987000 -267.822592
    1988000 -271.373844
    1989000 -268.624566
    1990000 -269.247626
    1991000 -270.872446
    1992000 -267.905158
    1993000 -265.974174
    1994000 -266.126178
    1995000 -268.884745
    1996000 -266.155060
    1997000 -273.420421
    1998000 -273.465822
    1999000 -266.448050
    2000000 -267.974319
