       1000 -26929.545960
       2000 -26930.049012
       3000 -26929.339242
       4000 -26930.021350
       5000 -26929.511219
       6000 -26929.688776
       7000 -26928.937909
       8000 -26928.805808
       9000 -26928.759381
      10000 -26929.072748
      11000 -26928.918696
      12000 -26928.828629
      13000 -26928.781295
      14000 -26928.756354
      15000 -26928.841282
      16000 -26928.751907
      17000 -26930.109777
      18000 -26929.058811
      19000 -26928.750395
      20000 -26928.918336
      21000 -26930.705986
      22000 -26930.125896
      23000 -26929.265289
      24000 -26928.752142
      25000 -26928.752100
      26000 -26929.184458
      27000 -26929.887946
      28000 -26928.953981
      29000 -26928.755476
      30000 -26928.920400
      31000 -26928.787382
      32000 -26930.210814
      33000 -26928.778556
      34000 -26929.115215
      35000 -26928.900179
      36000 -26929.990532
      37000 -26928.751127
      38000 -26929.459021
      39000 -26928.804118
      40000 -26928.891307
      41000 -26931.138537
      42000 -26929.127819
      43000 -26928.867147
      44000 -26928.779588
      45000 -26929.310025
      46000 -26929.752573
      47000 -26929.011063
      48000 -26928.761612
      49000 -26931.318281
      50000 -26931.058836
      51000 -26928.802047
      52000 -26928.975539
      53000 -26928.887854
      54000 -26929.995309
      55000 -26931.230209
      56000 -26928.821360
      57000 -26928.915749
      58000 -26929.645445
      59000 -26929.555888
      60000 -26928.763255
      61000 -26928.891502
      62000 -26928.778409
      63000 -26929.551427
      64000 -26928.807349
      65000 -26929.867154
      66000 -26929.417264
      67000 -26928.750342
      68000 -26929.218724
      69000 -26928.958489
      70000 -26928.761328
      71000 -26929.949371
      72000 -26929.215512
      73000 -26928.750342
      74000 -26928.882413
      75000 -26928.766058
      76000 -26929.471016
      77000 -26928.914257
      78000 -26929.701861
      79000 -26929.152660
      80000 -26930.080089
      81000 -26928.794460
      82000 -26929.791412
      83000 -26929.833783
      84000 -26929.460761
      85000 -26929.738203
      86000 -26928.967492
      87000 -26930.732721
      88000 -26928.792985
      89000 -26929.760281
      90000 -26928.866780
      91000 -26929.063041
      92000 -26929.532759
      93000 -26929.132384
      94000 -26929.328640
      95000 -26929.112749
      96000 -26928.750336
      97000 -26928.766831
      98000 -26928.919274
      99000 -26929.801977
     100000 -26930.184029
     101000 -26929.637857
     102000 -26928.970711
     103000 -26930.720329
     104000 -26928.797444
     105000 -26928.819380
     106000 -26929.068311
     107000 -26929.048022
     108000 -26930.442420
     109000 -26929.759604
     110000 -26928.750387
     111000 -26928.799887
     112000 -26928.987077
     113000 -26928.905146
     114000 -26930.615361
     115000 -26930.337773
     116000 -26928.768804
     117000 -26929.375719
     118000 -26928.815116
     119000 -26928.752190
     120000 -26928.751020
     121000 -26928.774751
     122000 -26928.758333
     123000 -26928.750843
     124000 -26929.462351
     125000 -26929.468296
     126000 -26929.791880
     127000 -26928.892279
     128000 -26929.158279
     129000 -26932.725833
     130000 -26928.818017
     131000 -26929.339667
     132000 -26930.607368
     133000 -26929.663487
     134000 -26928.990670
     135000 -26928.825961
     136000 -26928.815619
     137000 -26928.762117
     138000 -26929.116220
     139000 -26928.765295
     140000 -26928.812617
     141000 -26930.687761
     142000 -26932.975040
     143000 -26929.834267
     144000 -26929.156990
     145000 -26928.822611
     146000 -26930.534404
     147000 -26929.296444
     148000 -26929.510238
     149000 -26930.637959
     150000 -26928.781851
     151000 -26928.810501
     152000 -26928.868496
     153000 -26928.815144
     154000 -26929.909809
     155000 -26929.632148
     156000 -26928.750456
     157000 -26928.886378
     158000 -26932.033351
     159000 -26928.812371
     160000 -26928.750670
     161000 -26928.784705
     162000 -26928.904748
     163000 -26930.015129
     164000 -26928.795608
     165000 -26929.004389
     166000 -26930.212821
     167000 -26928.751514
     168000 -26928.942496
     169000 -26932.538106
     170000 -26928.953758
     171000 -26929.564395
     172000 -26928.750437
     173000 -26928.878397
     174000 -26928.779034
     175000 -26929.719212
     176000 -26928.847381
     177000 -26928.994268
     178000 -26929.760781
     179000 -26929.601028
     180000 -26929.095107
     181000 -26928.843662
     182000 -26929.878878
     183000 -26928.760336
     184000 -26929.120078
     185000 -26928.913408
     186000 -26929.222055
     187000 -26929.413163
     188000 -26930.181395
     189000 -26928.762840
     190000 -26928.940910
     191000 -26928.874794
     192000 -26929.620724
     193000 -26929.629312
     194000 -26929.296438
     195000 -26930.739921
     196000 -26928.760916
     197000 -26928.820179
     198000 -26928.820235
     199000 -26929.055040
     200000 -26928.750879
     201000 -26929.066060
     202000 -26930.503628
     203000 -26928.775995
     204000 -26928.905394
     205000 -26928.755677
     206000 -26928.823204
     207000 -26929.166992
     208000 -26928.888322
     209000 -26928.776573
     210000 -26928.751385
     211000 -26929.389320
     212000 -26929.015366
     213000 -26928.904261
     214000 -26928.902796
     215000 -26929.402764
     216000 -26928.867945
     217000 -26928.771702
     218000 -26928.767920
     219000 -26929.303680
     220000 -26928.929216
     221000 -26928.753665
     222000 -26929.420222
     223000 -26928.750517
     224000 -26928.844499
     225000 -26934.870951
     226000 -26929.131168
     227000 -26929.397498
     228000 -26931.861529
     229000 -26928.948833
     230000 -26929.521190
     231000 -26933.826120
     232000 -26928.796301
     233000 -26928.834615
     234000 -26929.050655
     235000 -26929.934117
     236000 -26928.768300
     237000 -26930.415322
     238000 -26934.062332
     239000 -26929.925682
     240000 -26928.816601
     241000 -26928.796206
     242000 -26929.536853
     243000 -26928.826584
     244000 -26928.886378
     245000 -26929.471109
     246000 -26928.750507
     247000 -26929.794407
     248000 -26929.177322
     249000 -26928.785100
     250000 -26929.837933
     251000 -26929.090777
     252000 -26928.984875
     253000 -26928.836796
     254000 -26930.508608
     255000 -26929.070810
     256000 -26931.329200
     257000 -26929.733078
     258000 -26930.567568
     259000 -26933.566470
     260000 -26929.004537
     261000 -26928.993823
     262000 -26928.766958
     263000 -26928.783626
     264000 -26928.891627
     265000 -26928.925841
     266000 -26930.521823
     267000 -26928.751175
     268000 -26929.380540
     269000 -26930.446320
     270000 -26929.650199
     271000 -26928.799145
     272000 -26929.015878
     273000 -26934.468386
     274000 -26928.751829
     275000 -26928.909978
     276000 -26930.034253
     277000 -26929.255855
     278000 -26928.897220
     279000 -26928.996933
     280000 -26928.761538
     281000 -26930.450269
     282000 -26928.832175
     283000 -26929.261398
     284000 -26929.592514
     285000 -26928.780540
     286000 -26928.840547
     287000 -26932.604014
     288000 -26928.889556
     289000 -26932.957364
     290000 -26928.751836
     291000 -26929.036244
     292000 -26929.074853
     293000 -26936.140333
     294000 -26928.851974
     295000 -26928.754359
     296000 -26931.292202
     297000 -26928.892615
     298000 -26928.753792
     299000 -26929.000440
     300000 -26929.295172
     301000 -26935.888269
     302000 -26929.398494
     303000 -26929.417580
     304000 -26928.755650
     305000 -26928.762059
     306000 -26929.430938
     307000 -26928.782750
     308000 -26930.478644
     309000 -26928.997524
     310000 -26928.752434
     311000 -26928.811981
     312000 -26928.934559
     313000 -26928.756121
     314000 -26929.766925
     315000 -26928.943067
     316000 -26928.799358
     317000 -26928.750582
     318000 -26928.750618
     319000 -26929.141549
     320000 -26931.836846
     321000 -26928.755229
     322000 -26929.984074
     323000 -26928.795040
     324000 -26928.863523
     325000 -26928.751046
     326000 -26928.892652
     327000 -26928.837134
     328000 -26928.896970
     329000 -26929.389968
     330000 -26930.413122
     331000 -26929.156486
     332000 -26929.099175
     333000 -26928.906406
     334000 -26929.871089
     335000 -26928.981950
     336000 -26928.752871
     337000 -26929.029530
     338000 -26929.007245
     339000 -26929.504016
     340000 -26928.755161
     341000 -26929.003696
     342000 -26928.952653
     343000 -26928.756371
     344000 -26929.327968
     345000 -26928.756665
     346000 -26930.231217
     347000 -26928.765659
     348000 -26928.811226
     349000 -26928.792515
     350000 -26928.755297
     351000 -26928.791453
     352000 -26929.901771
     353000 -26928.758578
     354000 -26928.898313
     355000 -26930.713960
     356000 -26929.773129
     357000 -26928.955366
     358000 -26928.875684
     359000 -26928.789991
     360000 -26931.799036
     361000 -26929.277429
     362000 -26929.125724
     363000 -26928.914116
     364000 -26928.752582
     365000 -26929.039811
     366000 -26930.431874
     367000 -26928.784601
     368000 -26929.142081
     369000 -26928.807607
     370000 -26928.795290
     371000 -26930.301754
     372000 -26929.040737
     373000 -26928.776049
     374000 -26928.881906
     375000 -26929.394762
     376000 -26928.829155
     377000 -26929.363847
     378000 -26928.852090
     379000 -26928.758855
     380000 -26929.704578
     381000 -26928.867266
     382000 -26932.956081
     383000 -26928.753050
     384000 -26928.918214
     385000 -26930.002323
     386000 -26929.530215
     387000 -26929.408229
     388000 -26929.110802
     389000 -26928.901108
     390000 -26929.552639
     391000 -26930.167428
     392000 -26928.817405
     393000 -26928.984269
     394000 -26929.005964
     395000 -26929.667994
     396000 -26929.216150
     397000 -26928.987503
     398000 -26928.861370
     399000 -26928.765360
     400000 -26928.792235
     401000 -26929.268617
     402000 -26929.752794
     403000 -26928.777577
     404000 -26928.845898
     405000 -26928.783138
     406000 -26929.302527
     407000 -26928.806514
     408000 -26930.058956
     409000 -26928.784122
     410000 -26928.807305
     411000 -26929.100046
     412000 -26928.930282
     413000 -26928.798216
     414000 -26932.524466
     415000 -26928.798338
     416000 -26928.786365
     417000 -26929.127248
     418000 -26929.555882
     419000 -26932.975223
     420000 -26928.859812
     421000 -26929.823724
     422000 -26928.968882
     423000 -26928.868305
     424000 -26928.759858
     425000 -26928.760996
     426000 -26929.579845
     427000 -26931.238662
     428000 -26928.767951
     429000 -26928.750354
     430000 -26928.970343
     431000 -26928.754807
     432000 -26928.772109
     433000 -26928.824282
     434000 -26929.871520
     435000 -26928.873889
     436000 -26929.252802
     437000 -26930.521387
     438000 -26929.105885
     439000 -26929.660053
     440000 -26928.910658
     441000 -26928.750661
     442000 -26929.742290
     443000 -26930.316872
     444000 -26928.754665
     445000 -26929.507811
     446000 -26928.843335
     447000 -26929.124204
     448000 -26928.817188
     449000 -26929.392385
     450000 -26929.557820
     451000 -26929.431936
     452000 -26928.789460
     453000 -26929.256697
     454000 -26928.758693
     455000 -26928.750407
     456000 -26928.911349
     457000 -26929.659388
     458000 -26929.417339
     459000 -26928.765311
     460000 -26928.887696
     461000 -26929.442217
     462000 -26928.804399
     463000 -26929.468270
     464000 -26929.017805
     465000 -26928.789339
     466000 -26930.106528
     467000 -26928.812705
     468000 -26928.767074
     469000 -26928.822326
     470000 -26928.910153
     471000 -26929.336537
     472000 -26929.770195
     473000 -26928.859642
     474000 -26930.457030
     475000 -26928.803444
     476000 -26928.937560
     477000 -26928.779576
     478000 -26928.750345
     479000 -26929.280958
     480000 -26929.070352
     481000 -26930.492231
     482000 -26928.847585
     483000 -26928.959315
     484000 -26928.752640
     485000 -26929.110642
     486000 -26928.858816
     487000 -26929.127318
     488000 -26929.604492
     489000 -26928.812035
     490000 -26929.268544
     491000 -26929.157855
     492000 -26929.633451
     493000 -26929.432112
     494000 -26931.153973
     495000 -26928.777220
     496000 -26928.780567
     497000 -26928.789788
     498000 -26929.549900
     499000 -26929.947966
     500000 -26928.752685
     501000 -26928.757068
     502000 -26929.122071
     503000 -26930.339514
     504000 -26928.822617
     505000 -26928.764607
     506000 -26929.660916
     507000 -26928.782897
     508000 -26928.753816
     509000 -26928.751665
     510000 -26929.045714
     511000 -26928.850791
     512000 -26929.183514
     513000 -26929.513684
     514000 -26928.759954
     515000 -26929.838911
     516000 -26929.504446
     517000 -26931.303701
     518000 -26928.973137
     519000 -26929.870906
     520000 -26929.326501
     521000 -26929.560563
     522000 -26928.990129
     523000 -26929.180832
     524000 -26928.851201
     525000 -26929.551854
     526000 -26928.781441
     527000 -26928.774842
     528000 -26928.934918
     529000 -26928.869481
     530000 -26928.852092
     531000 -26929.458161
     532000 -26929.373898
     533000 -26929.190167
     534000 -26929.026918
     535000 -26928.753060
     536000 -26928.758577
     537000 -26928.750978
     538000 -26928.853871
     539000 -26928.880030
     540000 -26931.234697
     541000 -26929.436038
     542000 -26928.768317
     543000 -26928.826737
     544000 -26929.706572
     545000 -26928.901215
     546000 -26933.328868
     547000 -26928.753121
     548000 -26929.239256
     549000 -26928.789345
     550000 -26928.798232
     551000 -26928.764255
     552000 -26928.861874
     553000 -26929.870140
     554000 -26929.706864
     555000 -26928.934889
     556000 -26929.257847
     557000 -26928.924763
     558000 -26929.242678
     559000 -26928.760274
     560000 -26928.849417
     561000 -26928.769236
     562000 -26928.796699
     563000 -26928.926627
     564000 -26929.335908
     565000 -26929.328161
     566000 -26930.412026
     567000 -26928.924890
     568000 -26929.150700
     569000 -26928.804959
     570000 -26928.927627
     571000 -26928.824456
     572000 -26928.903013
     573000 -26928.939811
     574000 -26929.214072
     575000 -26928.774887
     576000 -26929.987044
     577000 -26928.882684
     578000 -26928.813743
     579000 -26929.555580
     580000 -26928.757824
     581000 -26929.100582
     582000 -26928.899487
     583000 -26929.693870
     584000 -26929.223051
     585000 -26928.941390
     586000 -26928.763525
     587000 -26929.731430
     588000 -26929.006468
     589000 -26928.750572
     590000 -26928.822508
     591000 -26928.933188
     592000 -26928.754651
     593000 -26928.751583
     594000 -26929.440511
     595000 -26928.756288
     596000 -26931.420823
     597000 -26928.858388
     598000 -26929.859016
     599000 -26928.752281
     600000 -26928.759966
     601000 -26928.773938
     602000 -26929.050771
     603000 -26929.034060
     604000 -26928.765951
     605000 -26929.739481
     606000 -26930.174918
     607000 -26931.409714
     608000 -26928.943596
     609000 -26929.297410
     610000 -26928.815575
     611000 -26928.863575
     612000 -26928.751284
     613000 -26929.593032
     614000 -26931.330994
     615000 -26928.751011
     616000 -26929.578046
     617000 -26928.947624
     618000 -26929.445308
     619000 -26929.247521
     620000 -26928.825132
     621000 -26929.135617
     622000 -26928.761260
     623000 -26928.752489
     624000 -26928.756377
     625000 -26929.196964
     626000 -26932.179383
     627000 -26932.496361
     628000 -26929.377803
     629000 -26928.914800
     630000 -26928.759500
     631000 -26928.934266
     632000 -26929.391304
     633000 -26928.751565
     634000 -26928.773207
     635000 -26929.000021
     636000 -26930.579078
     637000 -26928.760462
     638000 -26928.765583
     639000 -26929.717733
     640000 -26928.776810
     641000 -26929.305534
     642000 -26928.822646
     643000 -26928.878732
     644000 -26928.823532
     645000 -26928.860091
     646000 -26929.017085
     647000 -26929.135567
     648000 -26931.301797
     649000 -26928.904426
     650000 -26930.527279
     651000 -26929.376776
     652000 -26929.861145
     653000 -26928.787355
     654000 -26928.797164
     655000 -26928.971114
     656000 -26928.762744
     657000 -26929.766129
     658000 -26928.902006
     659000 -26929.142826
     660000 -26929.084892
     661000 -26932.070284
     662000 -26928.946707
     663000 -26928.757439
     664000 -26928.758938
     665000 -26929.254600
     666000 -26928.751642
     667000 -26928.854829
     668000 -26933.874512
     669000 -26929.309480
     670000 -26928.971325
     671000 -26929.624260
     672000 -26929.344591
     673000 -26928.757973
     674000 -26928.761320
     675000 -26929.076470
     676000 -26929.150779
     677000 -26929.462043
     678000 -26929.279598
     679000 -26930.117124
     680000 -26929.166260
     681000 -26929.597264
     682000 -26928.780127
     683000 -26929.505389
     684000 -26928.782927
     685000 -26929.022365
     686000 -26928.953656
     687000 -26929.648150
     688000 -26928.931221
     689000 -26929.532450
     690000 -26929.143347
     691000 -26929.363747
     692000 -26929.492195
     693000 -26929.557364
     694000 -26929.599016
     695000 -26928.752316
     696000 -26928.771237
     697000 -26928.773342
     698000 -26928.927494
     699000 -26928.891138
     700000 -26929.032482
     701000 -26928.762064
     702000 -26929.116576
     703000 -26928.755225
     704000 -26928.969842
     705000 -26928.769816
     706000 -26929.051922
     707000 -26928.912496
     708000 -26928.757613
     709000 -26928.762427
     710000 -26930.155036
     711000 -26929.856388
     712000 -26929.041669
     713000 -26928.771433
     714000 -26930.665906
     715000 -26929.239529
     716000 -26928.754200
     717000 -26930.019411
     718000 -26928.869383
     719000 -26930.718130
     720000 -26930.661043
     721000 -26929.337547
     722000 -26928.781573
     723000 -26929.330338
     724000 -26928.952833
     725000 -26928.969395
     726000 -26929.723044
     727000 -26928.906349
     728000 -26934.976887
     729000 -26928.813051
     730000 -26928.796190
     731000 -26928.846439
     732000 -26928.759975
     733000 -26929.066881
     734000 -26928.807854
     735000 -26929.240411
     736000 -26929.386877
     737000 -26928.853217
     738000 -26938.573105
     739000 -26929.581995
     740000 -26929.084751
     741000 -26928.764856
     742000 -26930.196045
     743000 -26928.936294
     744000 -26928.900420
     745000 -26932.999302
     746000 -26929.727432
     747000 -26928.981604
     748000 -26930.078929
     749000 -26928.829316
     750000 -26928.911821
     751000 -26928.867638
     752000 -26929.106942
     753000 -26929.646334
     754000 -26929.077613
     755000 -26928.768193
     756000 -26928.841241
     757000 -26929.080135
     758000 -26928.887495
     759000 -26928.921650
     760000 -26929.580398
     761000 -26928.766141
     762000 -26930.070857
     763000 -26928.826495
     764000 -26929.964296
     765000 -26931.596994
     766000 -26928.768521
     767000 -26929.015204
     768000 -26928.802003
     769000 -26930.238328
     770000 -26928.976186
     771000 -26928.868533
     772000 -26929.901319
     773000 -26929.310416
     774000 -26928.772136
     775000 -26929.380526
     776000 -26928.846956
     777000 -26930.883281
     778000 -26929.258794
     779000 -26929.054286
     780000 -26928.820223
     781000 -26928.756526
     782000 -26928.839584
     783000 -26928.996006
     784000 -26929.244635
     785000 -26928.818567
     786000 -26929.970487
     787000 -26928.775031
     788000 -26928.982357
     789000 -26928.752114
     790000 -26928.755708
     791000 -26928.756528
     792000 -26928.970679
     793000 -26928.765455
     794000 -26931.346024
     795000 -26928.803750
     796000 -26929.233145
     797000 -26928.824978
     798000 -26928.951732
     799000 -26928.825406
     800000 -26929.296735
     801000 -26928.850806
     802000 -26931.144660
     803000 -26931.181783
     804000 -26930.312672
     805000 -26929.147087
     806000 -26929.072971
     807000 -26929.083523
     808000 -26929.482041
     809000 -26928.752137
     810000 -26930.451153
     811000 -26928.787954
     812000 -26929.922260
     813000 -26932.143861
     814000 -26928.912833
     815000 -26929.039439
     816000 -26929.866095
     817000 -26928.795080
     818000 -26929.254795
     819000 -26929.154166
     820000 -26929.052709
     821000 -26928.973127
     822000 -26928.816767
     823000 -26931.135709
     824000 -26928.750334
     825000 -26928.851937
     826000 -26929.064644
     827000 -26929.528527
     828000 -26928.761121
     829000 -26928.750511
     830000 -26928.986983
     831000 -26930.079442
     832000 -26928.752495
     833000 -26928.750460
     834000 -26928.898085
     835000 -26928.781953
     836000 -26928.777431
     837000 -26930.791137
     838000 -26930.268639
     839000 -26929.734038
     840000 -26928.800358
     841000 -26929.476792
     842000 -26928.786635
     843000 -26928.837526
     844000 -26929.496842
     845000 -26929.019350
     846000 -26928.851759
     847000 -26928.868703
     848000 -26929.797389
     849000 -26928.750933
     850000 -26929.185182
     851000 -26929.014022
     852000 -26928.942474
     853000 -26929.026922
     854000 -26928.896650
     855000 -26928.756023
     856000 -26930.122737
     857000 -26928.853210
     858000 -26928.995688
     859000 -26929.068734
     860000 -26934.092849
     861000 -26929.635572
     862000 -26928.792199
     863000 -26929.021031
     864000 -26928.831204
     865000 -26929.001409
     866000 -26928.991269
     867000 -26928.961698
     868000 -26928.851528
     869000 -26928.792043
     870000 -26929.396936
     871000 -26928.876950
     872000 -26929.522878
     873000 -26928.751374
     874000 -26928.754662
     875000 -26928.786549
     876000 -26928.810875
     877000 -26929.432385
     878000 -26930.304834
     879000 -26929.228586
     880000 -26930.723455
     881000 -26928.942640
     882000 -26928.831013
     883000 -26929.445722
     884000 -26929.162905
     885000 -26929.314337
     886000 -26930.399404
     887000 -26928.763759
     888000 -26928.908392
     889000 -26931.822239
     890000 -26930.589686
     891000 -26928.977645
     892000 -26929.058117
     893000 -26928.891006
     894000 -26929.298402
     895000 -26928.786270
     896000 -26929.012648
     897000 -26928.889416
     898000 -26929.372938
     899000 -26929.132616
     900000 -26929.879350
     901000 -26929.652879
     902000 -26928.750404
     903000 -26928.792930
     904000 -26928.766591
     905000 -26929.074371
     906000 -26929.092006
     907000 -26929.255657
     908000 -26929.809833
     909000 -26928.807919
     910000 -26928.866901
     911000 -26928.758728
     912000 -26928.940489
     913000 -26928.901380
     914000 -26929.213947
     915000 -26929.035899
     916000 -26929.957709
     917000 -26928.753034
     918000 -26929.280678
     919000 -26930.199237
     920000 -26933.228886
     921000 -26928.820545
     922000 -26930.209293
     923000 -26928.826076
     924000 -26928.804931
     925000 -26929.258186
     926000 -26929.190192
     927000 -26932.265411
     928000 -26928.944625
     929000 -26928.761198
     930000 -26928.771714
     931000 -26928.819800
     932000 -26928.816911
     933000 -26929.654260
     934000 -26928.793753
     935000 -26929.535097
     936000 -26929.005626
     937000 -26928.802690
     938000 -26929.342087
     939000 -26928.754115
     940000 -26928.794103
     941000 -26929.086279
     942000 -26929.686954
     943000 -26928.751865
     944000 -26928.997114
     945000 -26929.053935
     946000 -26928.754094
     947000 -26928.825922
     948000 -26932.702235
     949000 -26929.464889
     950000 -26929.036613
     951000 -26928.904925
     952000 -26928.990543
     953000 -26928.789164
     954000 -26928.969035
     955000 -26929.068124
     956000 -26929.137287
     957000 -26929.853305
     958000 -26929.080486
     959000 -26929.458618
     960000 -26928.778978
     961000 -26932.954037
     962000 -26931.355899
     963000 -26930.267060
     964000 -26928.782512
     965000 -26928.986698
     966000 -26928.754002
     967000 -26928.905096
     968000 -26928.895757
     969000 -26932.068226
     970000 -26929.107378
     971000 -26929.025478
     972000 -26928.814040
     973000 -26929.297070
     974000 -26929.067910
     975000 -26931.014744
     976000 -26929.004981
     977000 -26928.793027
     978000 -26930.242916
     979000 -26929.163761
     980000 -26929.603952
     981000 -26929.138770
     982000 -26928.995107
     983000 -26929.055193
     984000 -26930.732409
     985000 -26930.843334
     986000 -26928.985978
     987000 -26928.751959
     988000 -26931.120653
     989000 -26931.667369
     990000 -26929.362173
     991000 -26928.773999
     992000 -26928.754530
     993000 -26933.018670
     994000 -26929.000431
     995000 -26928.980917
     996000 -26928.753584
     997000 -26928.750364
     998000 -26932.433329
     999000 -26928.805105
    1000000 -26928.905922
