    genPlus1     spaQ
        1000  0.466626
        2000  0.458462
        3000  0.450612
        4000  0.461728
        5000  0.393512
        6000  0.474599
        7000  0.466300
        8000  0.475326
        9000  0.458827
       10000  0.456666
       11000  0.471194
       12000  0.461204
       13000  0.464850
       14000  0.433624
       15000  0.466175
       16000  0.442825
       17000  0.467719
       18000  0.468827
       19000  0.442702
       20000  0.460615
       21000  0.468603
       22000  0.484177
       23000  0.470706
       24000  0.474357
       25000  0.442672
       26000  0.472009
       27000  0.459202
       28000  0.457323
       29000  0.455747
       30000  0.456393
       31000  0.477359
       32000  0.458113
       33000  0.473389
       34000  0.476491
       35000  0.464275
       36000  0.465124
       37000  0.466127
       38000  0.457173
       39000  0.459774
       40000  0.470767
       41000  0.434151
       42000  0.460410
       43000  0.465761
       44000  0.438230
       45000  0.435327
       46000  0.473033
       47000  0.473687
       48000  0.457363
       49000  0.464236
       50000  0.467984
       51000  0.460577
       52000  0.469175
       53000  0.478327
       54000  0.457493
       55000  0.473066
       56000  0.467391
       57000  0.458553
       58000  0.461444
       59000  0.455638
       60000  0.463798
       61000  0.455966
       62000  0.466729
       63000  0.470151
       64000  0.439870
       65000  0.428894
       66000  0.449918
       67000  0.455784
       68000  0.460942
       69000  0.466289
       70000  0.462205
       71000  0.429568
       72000  0.474089
       73000  0.458850
       74000  0.457485
       75000  0.460885
       76000  0.475779
       77000  0.426001
       78000  0.468329
       79000  0.431234
       80000  0.470434
       81000  0.402340
       82000  0.457079
       83000  0.426192
       84000  0.455076
       85000  0.468902
       86000  0.417693
       87000  0.441813
       88000  0.454897
       89000  0.456967
       90000  0.464137
       91000  0.473308
       92000  0.439106
       93000  0.469548
       94000  0.469522
       95000  0.458695
       96000  0.457565
       97000  0.451737
       98000  0.465851
       99000  0.469207
      100000  0.472519
      101000  0.465402
      102000  0.470308
      103000  0.463332
      104000  0.482563
      105000  0.452465
      106000  0.470312
      107000  0.427702
      108000  0.473432
      109000  0.429309
      110000  0.475096
      111000  0.458131
      112000  0.471581
      113000  0.481224
      114000  0.449370
      115000  0.440112
      116000  0.452426
      117000  0.461609
      118000  0.472642
      119000  0.463577
      120000  0.478040
      121000  0.463846
      122000  0.476886
      123000  0.468933
      124000  0.456557
      125000  0.471335
      126000  0.471986
      127000  0.469203
      128000  0.462454
      129000  0.479592
      130000  0.425670
      131000  0.442526
      132000  0.473173
      133000  0.474078
      134000  0.476811
      135000  0.433531
      136000  0.471421
      137000  0.467770
      138000  0.462329
      139000  0.463422
      140000  0.451886
      141000  0.471426
      142000  0.469798
      143000  0.473960
      144000  0.466465
      145000  0.465961
      146000  0.462649
      147000  0.452677
      148000  0.464966
      149000  0.471041
      150000  0.429766
      151000  0.465401
      152000  0.446429
      153000  0.435098
      154000  0.457870
      155000  0.471657
      156000  0.456284
      157000  0.460012
      158000  0.461409
      159000  0.465190
      160000  0.481271
      161000  0.450896
      162000  0.471536
      163000  0.468778
      164000  0.430921
      165000  0.464802
      166000  0.461993
      167000  0.472518
      168000  0.456998
      169000  0.470101
      170000  0.477057
      171000  0.440708
      172000  0.452544
      173000  0.459008
      174000  0.479520
      175000  0.453129
      176000  0.467124
      177000  0.461061
      178000  0.479316
      179000  0.425386
      180000  0.460525
      181000  0.415995
      182000  0.473737
      183000  0.475191
      184000  0.470555
      185000  0.462404
      186000  0.423819
      187000  0.426902
      188000  0.454734
      189000  0.449130
      190000  0.460429
      191000  0.463931
      192000  0.446894
      193000  0.438868
      194000  0.430047
      195000  0.477274
      196000  0.476684
      197000  0.453701
      198000  0.474141
      199000  0.461279
      200000  0.477594
      201000  0.467706
      202000  0.472278
      203000  0.416272
      204000  0.450437
      205000  0.462802
      206000  0.466631
      207000  0.469245
      208000  0.462327
      209000  0.466628
      210000  0.469060
      211000  0.464559
      212000  0.467356
      213000  0.462526
      214000  0.467210
      215000  0.469785
      216000  0.450162
      217000  0.434015
      218000  0.475094
      219000  0.474103
      220000  0.456340
      221000  0.480212
      222000  0.461364
      223000  0.464861
      224000  0.414636
      225000  0.442680
      226000  0.465562
      227000  0.455842
      228000  0.464375
      229000  0.432254
      230000  0.443361
      231000  0.465654
      232000  0.472417
      233000  0.471787
      234000  0.465179
      235000  0.470375
      236000  0.455823
      237000  0.475498
      238000  0.467788
      239000  0.431607
      240000  0.470968
      241000  0.428970
      242000  0.470694
      243000  0.475880
      244000  0.468713
      245000  0.421795
      246000  0.423231
      247000  0.461228
      248000  0.481350
      249000  0.461712
      250000  0.408754
      251000  0.464917
      252000  0.464238
      253000  0.465381
      254000  0.463078
      255000  0.465086
      256000  0.467228
      257000  0.470879
      258000  0.473510
      259000  0.425302
      260000  0.438151
      261000  0.470023
      262000  0.458167
      263000  0.465303
      264000  0.475011
      265000  0.443208
      266000  0.474028
      267000  0.451655
      268000  0.465295
      269000  0.465626
      270000  0.473546
      271000  0.465094
      272000  0.480002
      273000  0.453867
      274000  0.467070
      275000  0.466644
      276000  0.474273
      277000  0.457832
      278000  0.467758
      279000  0.462206
      280000  0.442206
      281000  0.465559
      282000  0.466028
      283000  0.478485
      284000  0.470580
      285000  0.460847
      286000  0.471204
      287000  0.464547
      288000  0.469250
      289000  0.461337
      290000  0.469752
      291000  0.423339
      292000  0.457913
      293000  0.457901
      294000  0.468767
      295000  0.467954
      296000  0.459216
      297000  0.462187
      298000  0.471937
      299000  0.470144
      300000  0.477602
      301000  0.461782
      302000  0.470366
      303000  0.470975
      304000  0.469932
      305000  0.470726
      306000  0.483272
      307000  0.469414
      308000  0.451998
      309000  0.479034
      310000  0.471751
      311000  0.465090
      312000  0.465936
      313000  0.463518
      314000  0.439644
      315000  0.461117
      316000  0.451439
      317000  0.443130
      318000  0.432205
      319000  0.453521
      320000  0.480280
      321000  0.430849
      322000  0.467602
      323000  0.460904
      324000  0.466290
      325000  0.470065
      326000  0.456242
      327000  0.461113
      328000  0.458942
      329000  0.472646
      330000  0.465257
      331000  0.433285
      332000  0.462974
      333000  0.447276
      334000  0.457288
      335000  0.429008
      336000  0.468109
      337000  0.457950
      338000  0.480434
      339000  0.455071
      340000  0.473148
      341000  0.469774
      342000  0.470959
      343000  0.473482
      344000  0.456790
      345000  0.436977
      346000  0.480718
      347000  0.474459
      348000  0.457128
      349000  0.467161
      350000  0.462449
      351000  0.413757
      352000  0.425396
      353000  0.461224
      354000  0.460675
      355000  0.470849
      356000  0.471734
      357000  0.435427
      358000  0.452989
      359000  0.460504
      360000  0.463861
      361000  0.457294
      362000  0.421998
      363000  0.454497
      364000  0.481738
      365000  0.453978
      366000  0.466957
      367000  0.469043
      368000  0.466610
      369000  0.479730
      370000  0.469331
      371000  0.432884
      372000  0.472778
      373000  0.469901
      374000  0.463401
      375000  0.476762
      376000  0.462209
      377000  0.465204
      378000  0.475982
      379000  0.461916
      380000  0.471396
      381000  0.477516
      382000  0.457184
      383000  0.460186
      384000  0.454673
      385000  0.460945
      386000  0.465004
      387000  0.460218
      388000  0.451773
      389000  0.478004
      390000  0.464296
      391000  0.476638
      392000  0.468986
      393000  0.463441
      394000  0.463086
      395000  0.476591
      396000  0.458600
      397000  0.456368
      398000  0.469588
      399000  0.462274
      400000  0.432245
      401000  0.425889
      402000  0.477131
      403000  0.466387
      404000  0.473895
      405000  0.462697
      406000  0.425966
      407000  0.473639
      408000  0.480640
      409000  0.471660
      410000  0.465888
      411000  0.454941
      412000  0.462535
      413000  0.462690
      414000  0.427274
      415000  0.474027
      416000  0.471728
      417000  0.459348
      418000  0.452749
      419000  0.459901
      420000  0.457669
      421000  0.454846
      422000  0.461428
      423000  0.472787
      424000  0.467797
      425000  0.461426
      426000  0.455160
      427000  0.444908
      428000  0.456364
      429000  0.475027
      430000  0.459625
      431000  0.446127
      432000  0.464613
      433000  0.459500
      434000  0.467478
      435000  0.471349
      436000  0.467336
      437000  0.452901
      438000  0.471221
      439000  0.465718
      440000  0.468818
      441000  0.461410
      442000  0.471024
      443000  0.464700
      444000  0.463920
      445000  0.475469
      446000  0.471519
      447000  0.453297
      448000  0.463225
      449000  0.457153
      450000  0.468541
      451000  0.444185
      452000  0.464870
      453000  0.466057
      454000  0.466266
      455000  0.437546
      456000  0.460814
      457000  0.470519
      458000  0.455399
      459000  0.434919
      460000  0.454185
      461000  0.467336
      462000  0.480130
      463000  0.423180
      464000  0.471026
      465000  0.465256
      466000  0.466020
      467000  0.473019
      468000  0.459502
      469000  0.461983
      470000  0.447862
      471000  0.470993
      472000  0.459203
      473000  0.464734
      474000  0.445229
      475000  0.469266
      476000  0.453192
      477000  0.468181
      478000  0.460579
      479000  0.463078
      480000  0.431406
      481000  0.464565
      482000  0.473340
      483000  0.457140
      484000  0.464069
      485000  0.453426
      486000  0.460958
      487000  0.435575
      488000  0.462771
      489000  0.475664
      490000  0.458570
      491000  0.458528
      492000  0.436834
      493000  0.472971
      494000  0.447345
      495000  0.464437
      496000  0.457742
      497000  0.477663
      498000  0.436642
      499000  0.461422
      500000  0.470777
      501000  0.455727
      502000  0.425822
      503000  0.438084
      504000  0.467497
      505000  0.468692
      506000  0.464782
      507000  0.446062
      508000  0.462408
      509000  0.471155
      510000  0.475081
      511000  0.459996
      512000  0.464850
      513000  0.446955
      514000  0.464136
      515000  0.466004
      516000  0.420782
      517000  0.478577
      518000  0.439361
      519000  0.485612
      520000  0.463344
      521000  0.442869
      522000  0.464600
      523000  0.383267
      524000  0.472510
      525000  0.429954
      526000  0.465720
      527000  0.455765
      528000  0.457858
      529000  0.478560
      530000  0.423174
      531000  0.468153
      532000  0.463053
      533000  0.454263
      534000  0.481777
      535000  0.468047
      536000  0.453524
      537000  0.474670
      538000  0.467639
      539000  0.467162
      540000  0.463511
      541000  0.432608
      542000  0.458084
      543000  0.459701
      544000  0.469546
      545000  0.467399
      546000  0.427253
      547000  0.472836
      548000  0.469298
      549000  0.465949
      550000  0.487473
      551000  0.481493
      552000  0.474620
      553000  0.471405
      554000  0.474695
      555000  0.455358
      556000  0.454120
      557000  0.459720
      558000  0.471904
      559000  0.428300
      560000  0.462227
      561000  0.455445
      562000  0.471724
      563000  0.462209
      564000  0.465046
      565000  0.463073
      566000  0.394493
      567000  0.459601
      568000  0.474115
      569000  0.457881
      570000  0.468186
      571000  0.458575
      572000  0.479975
      573000  0.471468
      574000  0.464334
      575000  0.487051
      576000  0.456431
      577000  0.459982
      578000  0.466330
      579000  0.463597
      580000  0.463940
      581000  0.472217
      582000  0.468848
      583000  0.460552
      584000  0.480751
      585000  0.453037
      586000  0.437108
      587000  0.458554
      588000  0.440507
      589000  0.460146
      590000  0.425046
      591000  0.470189
      592000  0.463764
      593000  0.463608
      594000  0.440008
      595000  0.471189
      596000  0.460661
      597000  0.439229
      598000  0.476317
      599000  0.475253
      600000  0.459956
      601000  0.484886
      602000  0.453778
      603000  0.476805
      604000  0.474823
      605000  0.473529
      606000  0.464682
      607000  0.464552
      608000  0.471407
      609000  0.475874
      610000  0.445977
      611000  0.461777
      612000  0.459795
      613000  0.457436
      614000  0.463498
      615000  0.471471
      616000  0.467901
      617000  0.452554
      618000  0.427007
      619000  0.467673
      620000  0.459234
      621000  0.455087
      622000  0.464611
      623000  0.466103
      624000  0.486065
      625000  0.455198
      626000  0.466236
      627000  0.479477
      628000  0.461252
      629000  0.480516
      630000  0.458929
      631000  0.467570
      632000  0.463220
      633000  0.427569
      634000  0.448967
      635000  0.468768
      636000  0.478290
      637000  0.429103
      638000  0.463901
      639000  0.429444
      640000  0.476427
      641000  0.465871
      642000  0.424110
      643000  0.460868
      644000  0.442616
      645000  0.463729
      646000  0.461505
      647000  0.467452
      648000  0.439961
      649000  0.471417
      650000  0.477476
      651000  0.462149
      652000  0.461184
      653000  0.461551
      654000  0.478406
      655000  0.467082
      656000  0.457935
      657000  0.456468
      658000  0.474824
      659000  0.438548
      660000  0.467960
      661000  0.462153
      662000  0.471525
      663000  0.458323
      664000  0.434538
      665000  0.468932
      666000  0.467618
      667000  0.475058
      668000  0.472829
      669000  0.469025
      670000  0.466757
      671000  0.465637
      672000  0.437398
      673000  0.468206
      674000  0.470852
      675000  0.463079
      676000  0.389018
      677000  0.477050
      678000  0.467171
      679000  0.476740
      680000  0.468711
      681000  0.431927
      682000  0.460630
      683000  0.471698
      684000  0.484647
      685000  0.460799
      686000  0.466183
      687000  0.460931
      688000  0.462393
      689000  0.455501
      690000  0.450210
      691000  0.464110
      692000  0.475678
      693000  0.459806
      694000  0.478696
      695000  0.457248
      696000  0.463762
      697000  0.466118
      698000  0.450169
      699000  0.454363
      700000  0.483170
      701000  0.469849
      702000  0.472227
      703000  0.451514
      704000  0.466999
      705000  0.483419
      706000  0.474952
      707000  0.422677
      708000  0.465521
      709000  0.469294
      710000  0.465612
      711000  0.463649
      712000  0.467747
      713000  0.457924
      714000  0.462599
      715000  0.467429
      716000  0.454712
      717000  0.465812
      718000  0.473727
      719000  0.424095
      720000  0.413563
      721000  0.460322
      722000  0.461605
      723000  0.456751
      724000  0.470509
      725000  0.459791
      726000  0.450755
      727000  0.442123
      728000  0.471549
      729000  0.461860
      730000  0.450547
      731000  0.451509
      732000  0.467612
      733000  0.464765
      734000  0.472026
      735000  0.466029
      736000  0.442556
      737000  0.452116
      738000  0.469697
      739000  0.457306
      740000  0.461496
      741000  0.468318
      742000  0.469990
      743000  0.439783
      744000  0.471163
      745000  0.465058
      746000  0.463796
      747000  0.458711
      748000  0.465390
      749000  0.458415
      750000  0.429471
      751000  0.470028
      752000  0.467749
      753000  0.475311
      754000  0.467031
      755000  0.473469
      756000  0.421415
      757000  0.473002
      758000  0.466697
      759000  0.471898
      760000  0.472984
      761000  0.480399
      762000  0.467273
      763000  0.469341
      764000  0.456377
      765000  0.436742
      766000  0.473731
      767000  0.458423
      768000  0.471551
      769000  0.460382
      770000  0.463746
      771000  0.431230
      772000  0.464871
      773000  0.463647
      774000  0.434879
      775000  0.435475
      776000  0.470989
      777000  0.464607
      778000  0.469216
      779000  0.451080
      780000  0.424022
      781000  0.458205
      782000  0.467375
      783000  0.469468
      784000  0.479492
      785000  0.466599
      786000  0.461826
      787000  0.484377
      788000  0.463337
      789000  0.469030
      790000  0.423815
      791000  0.463786
      792000  0.474564
      793000  0.465365
      794000  0.458930
      795000  0.427719
      796000  0.453465
      797000  0.477151
      798000  0.486389
      799000  0.457840
      800000  0.474796
      801000  0.456842
      802000  0.472720
      803000  0.473197
      804000  0.466177
      805000  0.434702
      806000  0.464000
      807000  0.461102
      808000  0.470862
      809000  0.474667
      810000  0.483420
      811000  0.482643
      812000  0.447468
      813000  0.454568
      814000  0.462980
      815000  0.474285
      816000  0.462386
      817000  0.438446
      818000  0.464115
      819000  0.473112
      820000  0.453434
      821000  0.465556
      822000  0.460536
      823000  0.455213
      824000  0.461678
      825000  0.474030
      826000  0.468799
      827000  0.465825
      828000  0.480214
      829000  0.454295
      830000  0.437153
      831000  0.439768
      832000  0.476207
      833000  0.462229
      834000  0.460269
      835000  0.449857
      836000  0.464210
      837000  0.475473
      838000  0.479264
      839000  0.455346
      840000  0.469795
      841000  0.471059
      842000  0.419785
      843000  0.468302
      844000  0.464874
      845000  0.429711
      846000  0.474460
      847000  0.471272
      848000  0.432102
      849000  0.470504
      850000  0.463916
      851000  0.468504
      852000  0.466612
      853000  0.481428
      854000  0.466779
      855000  0.422463
      856000  0.452643
      857000  0.425516
      858000  0.467418
      859000  0.472329
      860000  0.448327
      861000  0.474798
      862000  0.429949
      863000  0.464793
      864000  0.458489
      865000  0.460966
      866000  0.479131
      867000  0.470400
      868000  0.460751
      869000  0.471505
      870000  0.479818
      871000  0.463356
      872000  0.471487
      873000  0.435789
      874000  0.446794
      875000  0.463201
      876000  0.447458
      877000  0.468643
      878000  0.479029
      879000  0.466072
      880000  0.458309
      881000  0.450427
      882000  0.473821
      883000  0.464448
      884000  0.424001
      885000  0.461120
      886000  0.440564
      887000  0.464031
      888000  0.474034
      889000  0.461769
      890000  0.470671
      891000  0.474628
      892000  0.458808
      893000  0.467305
      894000  0.471026
      895000  0.464157
      896000  0.455855
      897000  0.469168
      898000  0.466882
      899000  0.481917
      900000  0.456319
      901000  0.451308
      902000  0.462465
      903000  0.465265
      904000  0.459619
      905000  0.431508
      906000  0.475598
      907000  0.453714
      908000  0.468849
      909000  0.450213
      910000  0.461588
      911000  0.429758
      912000  0.459585
      913000  0.473305
      914000  0.457208
      915000  0.463170
      916000  0.464879
      917000  0.453907
      918000  0.471397
      919000  0.467476
      920000  0.453214
      921000  0.469919
      922000  0.457071
      923000  0.462951
      924000  0.464489
      925000  0.427278
      926000  0.467689
      927000  0.449549
      928000  0.473775
      929000  0.455518
      930000  0.451599
      931000  0.458824
      932000  0.465474
      933000  0.430907
      934000  0.461931
      935000  0.460942
      936000  0.461702
      937000  0.462381
      938000  0.468370
      939000  0.468484
      940000  0.481955
      941000  0.473782
      942000  0.460648
      943000  0.470623
      944000  0.419055
      945000  0.436100
      946000  0.466028
      947000  0.420760
      948000  0.396888
      949000  0.458149
      950000  0.464039
      951000  0.474498
      952000  0.469060
      953000  0.479350
      954000  0.461649
      955000  0.455200
      956000  0.422203
      957000  0.471801
      958000  0.473744
      959000  0.422539
      960000  0.470217
      961000  0.458318
      962000  0.466247
      963000  0.466194
      964000  0.434653
      965000  0.464099
      966000  0.462870
      967000  0.470024
      968000  0.418141
      969000  0.469687
      970000  0.435409
      971000  0.462561
      972000  0.463125
      973000  0.466607
      974000  0.467594
      975000  0.459212
      976000  0.465651
      977000  0.457854
      978000  0.471079
      979000  0.475826
      980000  0.431531
      981000  0.474898
      982000  0.468997
      983000  0.453578
      984000  0.396946
      985000  0.468443
      986000  0.470707
      987000  0.460629
      988000  0.461115
      989000  0.431841
      990000  0.477094
      991000  0.462563
      992000  0.464314
      993000  0.454933
      994000  0.488270
      995000  0.459972
      996000  0.456028
      997000  0.470918
      998000  0.462757
      999000  0.421861
     1000000  0.482816
