    genPlus1     spaQ
        1000  0.189272
        2000  0.190492
        3000  0.237171
        4000  0.211605
        5000  0.189345
        6000  0.210274
        7000  0.160064
        8000  0.199494
        9000  0.173488
       10000  0.156772
       11000  0.209162
       12000  0.239795
       13000  0.219067
       14000  0.184613
       15000  0.235246
       16000  0.199308
       17000  0.187398
       18000  0.229001
       19000  0.212927
       20000  0.212594
       21000  0.216747
       22000  0.198633
       23000  0.266384
       24000  0.191148
       25000  0.151621
       26000  0.209428
       27000  0.265535
       28000  0.173173
       29000  0.200514
       30000  0.235192
       31000  0.184258
       32000  0.171972
       33000  0.196836
       34000  0.276657
       35000  0.198711
       36000  0.168095
       37000  0.213463
       38000  0.249036
       39000  0.213259
       40000  0.145744
       41000  0.162629
       42000  0.191516
       43000  0.193057
       44000  0.249961
       45000  0.190696
       46000  0.160641
       47000  0.311521
       48000  0.210915
       49000  0.194842
       50000  0.229454
       51000  0.169811
       52000  0.172362
       53000  0.179113
       54000  0.272413
       55000  0.201419
       56000  0.220156
       57000  0.208751
       58000  0.253635
       59000  0.226145
       60000  0.170361
       61000  0.226515
       62000  0.247610
       63000  0.235400
       64000  0.183781
       65000  0.113724
       66000  0.159384
       67000  0.154803
       68000  0.201875
       69000  0.198595
       70000  0.143832
       71000  0.210120
       72000  0.187539
       73000  0.150546
       74000  0.195792
       75000  0.173597
       76000  0.207732
       77000  0.257973
       78000  0.219145
       79000  0.217275
       80000  0.151339
       81000  0.190340
       82000  0.207869
       83000  0.157093
       84000  0.218911
       85000  0.199778
       86000  0.188682
       87000  0.214649
       88000  0.190939
       89000  0.216839
       90000  0.265403
       91000  0.160049
       92000  0.204199
       93000  0.265689
       94000  0.177250
       95000  0.226102
       96000  0.171120
       97000  0.245440
       98000  0.209627
       99000  0.216124
      100000  0.190567
      101000  0.176950
      102000  0.175381
      103000  0.152418
      104000  0.240329
      105000  0.194801
      106000  0.210197
      107000  0.183835
      108000  0.160870
      109000  0.256170
      110000  0.212188
      111000  0.213156
      112000  0.173049
      113000  0.177670
      114000  0.216665
      115000  0.191183
      116000  0.210420
      117000  0.192938
      118000  0.177899
      119000  0.237685
      120000  0.142028
      121000  0.242141
      122000  0.179275
      123000  0.184942
      124000  0.282300
      125000  0.194053
      126000  0.187950
      127000  0.191921
      128000  0.168712
      129000  0.208529
      130000  0.179102
      131000  0.214010
      132000  0.181931
      133000  0.166290
      134000  0.162494
      135000  0.277395
      136000  0.213228
      137000  0.211699
      138000  0.159554
      139000  0.168246
      140000  0.196087
      141000  0.199011
      142000  0.147336
      143000  0.215039
      144000  0.173183
      145000  0.198527
      146000  0.204519
      147000  0.249385
      148000  0.184309
      149000  0.235253
      150000  0.240566
      151000  0.209896
      152000  0.244571
      153000  0.178711
      154000  0.250516
      155000  0.179703
      156000  0.243662
      157000  0.186819
      158000  0.170450
      159000  0.241279
      160000  0.172357
      161000  0.200955
      162000  0.160916
      163000  0.275021
      164000  0.252834
      165000  0.201115
      166000  0.218603
      167000  0.236011
      168000  0.187000
      169000  0.148692
      170000  0.188005
      171000  0.196916
      172000  0.245798
      173000  0.156681
      174000  0.202273
      175000  0.227089
      176000  0.208086
      177000  0.200294
      178000  0.200692
      179000  0.220280
      180000  0.176719
      181000  0.237066
      182000  0.196687
      183000  0.190823
      184000  0.183792
      185000  0.180499
      186000  0.141656
      187000  0.209793
      188000  0.208919
      189000  0.209336
      190000  0.145042
      191000  0.154153
      192000  0.207983
      193000  0.211495
      194000  0.224518
      195000  0.138037
      196000  0.117734
      197000  0.218268
      198000  0.205530
      199000  0.264993
      200000  0.229922
      201000  0.138314
      202000  0.249578
      203000  0.168766
      204000  0.250980
      205000  0.189518
      206000  0.175323
      207000  0.155315
      208000  0.202915
      209000  0.151190
      210000  0.249810
      211000  0.155695
      212000  0.161910
      213000  0.183474
      214000  0.173454
      215000  0.186060
      216000  0.173564
      217000  0.192034
      218000  0.223214
      219000  0.123867
      220000  0.195801
      221000  0.163763
      222000  0.182758
      223000  0.203303
      224000  0.192572
      225000  0.221234
      226000  0.237949
      227000  0.248367
      228000  0.230821
      229000  0.164905
      230000  0.194832
      231000  0.232313
      232000  0.204923
      233000  0.250937
      234000  0.206884
      235000  0.187510
      236000  0.213697
      237000  0.192791
      238000  0.202470
      239000  0.236713
      240000  0.172899
      241000  0.168670
      242000  0.183257
      243000  0.175487
      244000  0.203785
      245000  0.194850
      246000  0.207357
      247000  0.177917
      248000  0.194892
      249000  0.146310
      250000  0.147380
      251000  0.146177
      252000  0.191755
      253000  0.207024
      254000  0.191351
      255000  0.182126
      256000  0.180569
      257000  0.160141
      258000  0.164992
      259000  0.162867
      260000  0.203632
      261000  0.204850
      262000  0.252466
      263000  0.190309
      264000  0.231881
      265000  0.202375
      266000  0.247133
      267000  0.179112
      268000  0.281239
      269000  0.195840
      270000  0.198164
      271000  0.247162
      272000  0.193258
      273000  0.187221
      274000  0.174404
      275000  0.133252
      276000  0.246899
      277000  0.167955
      278000  0.147777
      279000  0.233780
      280000  0.203414
      281000  0.200180
      282000  0.142327
      283000  0.195244
      284000  0.195458
      285000  0.188694
      286000  0.190369
      287000  0.169661
      288000  0.161004
      289000  0.207093
      290000  0.190370
      291000  0.156126
      292000  0.188316
      293000  0.201956
      294000  0.206958
      295000  0.233884
      296000  0.192142
      297000  0.190923
      298000  0.166953
      299000  0.129619
      300000  0.255262
      301000  0.209981
      302000  0.236541
      303000  0.201347
      304000  0.229003
      305000  0.217299
      306000  0.194000
      307000  0.199075
      308000  0.204000
      309000  0.202122
      310000  0.204893
      311000  0.217681
      312000  0.218314
      313000  0.200284
      314000  0.199291
      315000  0.238828
      316000  0.215485
      317000  0.158211
      318000  0.211557
      319000  0.145634
      320000  0.224765
      321000  0.201985
      322000  0.181569
      323000  0.222214
      324000  0.209920
      325000  0.139665
      326000  0.164961
      327000  0.212231
      328000  0.240715
      329000  0.172533
      330000  0.230894
      331000  0.219280
      332000  0.180376
      333000  0.233306
      334000  0.212349
      335000  0.187814
      336000  0.223751
      337000  0.185148
      338000  0.229642
      339000  0.238749
      340000  0.181523
      341000  0.213065
      342000  0.190472
      343000  0.180293
      344000  0.143026
      345000  0.180859
      346000  0.263412
      347000  0.209382
      348000  0.187011
      349000  0.201008
      350000  0.217237
      351000  0.186612
      352000  0.208207
      353000  0.176586
      354000  0.209174
      355000  0.193815
      356000  0.133348
      357000  0.271040
      358000  0.192664
      359000  0.214222
      360000  0.166380
      361000  0.218677
      362000  0.234765
      363000  0.160015
      364000  0.196371
      365000  0.179806
      366000  0.100231
      367000  0.158920
      368000  0.186876
      369000  0.147146
      370000  0.162296
      371000  0.176075
      372000  0.194142
      373000  0.198517
      374000  0.141412
      375000  0.252841
      376000  0.250126
      377000  0.186286
      378000  0.226388
      379000  0.187994
      380000  0.211660
      381000  0.244270
      382000  0.206398
      383000  0.269354
      384000  0.217211
      385000  0.221831
      386000  0.196917
      387000  0.223652
      388000  0.170518
      389000  0.244191
      390000  0.242628
      391000  0.220868
      392000  0.182115
      393000  0.211753
      394000  0.195269
      395000  0.202358
      396000  0.135602
      397000  0.231120
      398000  0.228077
      399000  0.180494
      400000  0.218947
      401000  0.173441
      402000  0.222582
      403000  0.198725
      404000  0.185312
      405000  0.177186
      406000  0.167461
      407000  0.180987
      408000  0.201634
      409000  0.189265
      410000  0.208698
      411000  0.215298
      412000  0.204493
      413000  0.194126
      414000  0.239041
      415000  0.211840
      416000  0.281157
      417000  0.137957
      418000  0.240924
      419000  0.192819
      420000  0.195335
      421000  0.165255
      422000  0.165337
      423000  0.177076
      424000  0.178702
      425000  0.184326
      426000  0.206582
      427000  0.224258
      428000  0.165664
      429000  0.153323
      430000  0.179123
      431000  0.254904
      432000  0.235853
      433000  0.187783
      434000  0.191126
      435000  0.252910
      436000  0.209699
      437000  0.175936
      438000  0.213993
      439000  0.192317
      440000  0.172555
      441000  0.275489
      442000  0.137234
      443000  0.207936
      444000  0.182607
      445000  0.200039
      446000  0.225872
      447000  0.200076
      448000  0.169708
      449000  0.223282
      450000  0.168301
      451000  0.145347
      452000  0.229818
      453000  0.161972
      454000  0.138408
      455000  0.183438
      456000  0.231650
      457000  0.246308
      458000  0.186507
      459000  0.206003
      460000  0.196378
      461000  0.176729
      462000  0.194614
      463000  0.215634
      464000  0.190833
      465000  0.196748
      466000  0.246310
      467000  0.227263
      468000  0.213304
      469000  0.230608
      470000  0.241167
      471000  0.216570
      472000  0.221426
      473000  0.278711
      474000  0.139852
      475000  0.224227
      476000  0.172117
      477000  0.197786
      478000  0.203637
      479000  0.141696
      480000  0.215786
      481000  0.177533
      482000  0.291492
      483000  0.196938
      484000  0.280743
      485000  0.213487
      486000  0.193882
      487000  0.179966
      488000  0.174414
      489000  0.216741
      490000  0.181085
      491000  0.233359
      492000  0.232272
      493000  0.177194
      494000  0.200720
      495000  0.222210
      496000  0.223011
      497000  0.264737
      498000  0.272961
      499000  0.242574
      500000  0.226238
      501000  0.187189
      502000  0.225817
      503000  0.223562
      504000  0.154825
      505000  0.159514
      506000  0.167066
      507000  0.166120
      508000  0.238829
      509000  0.153543
      510000  0.174701
      511000  0.275677
      512000  0.180268
      513000  0.171401
      514000  0.223901
      515000  0.155265
      516000  0.230708
      517000  0.221896
      518000  0.196051
      519000  0.227107
      520000  0.241108
      521000  0.241679
      522000  0.194899
      523000  0.160703
      524000  0.238038
      525000  0.109951
      526000  0.256707
      527000  0.218595
      528000  0.235607
      529000  0.159128
      530000  0.238517
      531000  0.162630
      532000  0.229510
      533000  0.152251
      534000  0.183601
      535000  0.226544
      536000  0.142556
      537000  0.198034
      538000  0.161438
      539000  0.188107
      540000  0.194177
      541000  0.193293
      542000  0.153798
      543000  0.157476
      544000  0.236651
      545000  0.192244
      546000  0.200874
      547000  0.165689
      548000  0.194779
      549000  0.189451
      550000  0.213079
      551000  0.161424
      552000  0.199872
      553000  0.183413
      554000  0.160668
      555000  0.186290
      556000  0.183853
      557000  0.227242
      558000  0.237883
      559000  0.204418
      560000  0.154004
      561000  0.221915
      562000  0.126331
      563000  0.158562
      564000  0.131266
      565000  0.216842
      566000  0.194280
      567000  0.197714
      568000  0.257988
      569000  0.202466
      570000  0.198149
      571000  0.175159
      572000  0.221115
      573000  0.167014
      574000  0.169478
      575000  0.190217
      576000  0.134473
      577000  0.198625
      578000  0.188042
      579000  0.157094
      580000  0.152421
      581000  0.232247
      582000  0.276508
      583000  0.196020
      584000  0.213475
      585000  0.238233
      586000  0.188058
      587000  0.208964
      588000  0.172292
      589000  0.128517
      590000  0.224609
      591000  0.160839
      592000  0.192092
      593000  0.227775
      594000  0.225039
      595000  0.187266
      596000  0.183888
      597000  0.211004
      598000  0.188288
      599000  0.264105
      600000  0.180956
      601000  0.192432
      602000  0.167904
      603000  0.205501
      604000  0.191916
      605000  0.157591
      606000  0.212136
      607000  0.225512
      608000  0.171354
      609000  0.186841
      610000  0.174854
      611000  0.204468
      612000  0.163031
      613000  0.195217
      614000  0.209172
      615000  0.235606
      616000  0.232177
      617000  0.191673
      618000  0.267991
      619000  0.218245
      620000  0.226553
      621000  0.220073
      622000  0.224943
      623000  0.205773
      624000  0.265492
      625000  0.205119
      626000  0.177895
      627000  0.213657
      628000  0.208321
      629000  0.240699
      630000  0.211793
      631000  0.177234
      632000  0.187259
      633000  0.174747
      634000  0.171679
      635000  0.179379
      636000  0.198309
      637000  0.225848
      638000  0.215962
      639000  0.182671
      640000  0.262969
      641000  0.203006
      642000  0.192998
      643000  0.260611
      644000  0.233883
      645000  0.185773
      646000  0.182560
      647000  0.150037
      648000  0.204726
      649000  0.166011
      650000  0.170435
      651000  0.253779
      652000  0.131829
      653000  0.229167
      654000  0.239447
      655000  0.157616
      656000  0.214163
      657000  0.180546
      658000  0.266088
      659000  0.221995
      660000  0.259647
      661000  0.155054
      662000  0.183046
      663000  0.175522
      664000  0.154808
      665000  0.185514
      666000  0.214156
      667000  0.240930
      668000  0.232128
      669000  0.183088
      670000  0.207653
      671000  0.219078
      672000  0.173228
      673000  0.249055
      674000  0.226614
      675000  0.168741
      676000  0.195296
      677000  0.151245
      678000  0.124389
      679000  0.200341
      680000  0.216368
      681000  0.202434
      682000  0.246153
      683000  0.224500
      684000  0.253685
      685000  0.287260
      686000  0.267754
      687000  0.142342
      688000  0.186927
      689000  0.167185
      690000  0.172327
      691000  0.252331
      692000  0.216288
      693000  0.204337
      694000  0.198207
      695000  0.239960
      696000  0.172977
      697000  0.188390
      698000  0.175425
      699000  0.158824
      700000  0.264094
      701000  0.221472
      702000  0.224689
      703000  0.204634
      704000  0.196406
      705000  0.216702
      706000  0.244513
      707000  0.156163
      708000  0.167305
      709000  0.206777
      710000  0.171999
      711000  0.138221
      712000  0.132737
      713000  0.261521
      714000  0.188533
      715000  0.141350
      716000  0.194526
      717000  0.168015
      718000  0.232365
      719000  0.242921
      720000  0.204138
      721000  0.240169
      722000  0.250342
      723000  0.253020
      724000  0.169749
      725000  0.204825
      726000  0.234994
      727000  0.168407
      728000  0.200262
      729000  0.252065
      730000  0.219163
      731000  0.214512
      732000  0.145565
      733000  0.152841
      734000  0.194729
      735000  0.154600
      736000  0.175683
      737000  0.261400
      738000  0.159612
      739000  0.188292
      740000  0.142763
      741000  0.215919
      742000  0.212662
      743000  0.248149
      744000  0.217701
      745000  0.130036
      746000  0.237797
      747000  0.179236
      748000  0.260540
      749000  0.158626
      750000  0.176640
      751000  0.165734
      752000  0.212936
      753000  0.240683
      754000  0.209396
      755000  0.184595
      756000  0.173213
      757000  0.199947
      758000  0.177760
      759000  0.193670
      760000  0.139014
      761000  0.170667
      762000  0.186718
      763000  0.200483
      764000  0.181978
      765000  0.202406
      766000  0.180857
      767000  0.148825
      768000  0.218908
      769000  0.264097
      770000  0.188237
      771000  0.182558
      772000  0.121466
      773000  0.195196
      774000  0.165532
      775000  0.256055
      776000  0.197705
      777000  0.196437
      778000  0.240302
      779000  0.182196
      780000  0.149480
      781000  0.209062
      782000  0.196197
      783000  0.279036
      784000  0.283412
      785000  0.143234
      786000  0.133528
      787000  0.258314
      788000  0.223635
      789000  0.195049
      790000  0.147323
      791000  0.241225
      792000  0.197268
      793000  0.173649
      794000  0.286223
      795000  0.217183
      796000  0.178722
      797000  0.236587
      798000  0.190750
      799000  0.291718
      800000  0.204751
      801000  0.219625
      802000  0.221508
      803000  0.193024
      804000  0.210534
      805000  0.196543
      806000  0.217112
      807000  0.158294
      808000  0.169742
      809000  0.198413
      810000  0.253858
      811000  0.211392
      812000  0.235172
      813000  0.242861
      814000  0.258179
      815000  0.197942
      816000  0.165556
      817000  0.231938
      818000  0.159684
      819000  0.212258
      820000  0.184420
      821000  0.233058
      822000  0.203858
      823000  0.184873
      824000  0.226545
      825000  0.244308
      826000  0.202366
      827000  0.233090
      828000  0.207248
      829000  0.213120
      830000  0.153374
      831000  0.158606
      832000  0.223383
      833000  0.206001
      834000  0.211144
      835000  0.164497
      836000  0.199476
      837000  0.224401
      838000  0.142851
      839000  0.219113
      840000  0.222665
      841000  0.197926
      842000  0.186023
      843000  0.183053
      844000  0.159255
      845000  0.178469
      846000  0.262786
      847000  0.204055
      848000  0.222404
      849000  0.238239
      850000  0.186757
      851000  0.157799
      852000  0.193177
      853000  0.227327
      854000  0.190612
      855000  0.186496
      856000  0.204596
      857000  0.188597
      858000  0.271824
      859000  0.209695
      860000  0.131171
      861000  0.214226
      862000  0.257284
      863000  0.194150
      864000  0.275698
      865000  0.179456
      866000  0.200751
      867000  0.139480
      868000  0.245798
      869000  0.175582
      870000  0.201942
      871000  0.257394
      872000  0.191397
      873000  0.192084
      874000  0.163276
      875000  0.187438
      876000  0.255617
      877000  0.194938
      878000  0.226630
      879000  0.178160
      880000  0.244030
      881000  0.184242
      882000  0.207047
      883000  0.200584
      884000  0.222348
      885000  0.169683
      886000  0.218351
      887000  0.275098
      888000  0.183773
      889000  0.224666
      890000  0.253477
      891000  0.257816
      892000  0.162147
      893000  0.140666
      894000  0.198673
      895000  0.136012
      896000  0.188774
      897000  0.168920
      898000  0.186197
      899000  0.216685
      900000  0.166377
      901000  0.203787
      902000  0.288226
      903000  0.243297
      904000  0.224856
      905000  0.193781
      906000  0.251389
      907000  0.171792
      908000  0.264831
      909000  0.186757
      910000  0.191819
      911000  0.232838
      912000  0.165796
      913000  0.162024
      914000  0.184717
      915000  0.194571
      916000  0.233122
      917000  0.200494
      918000  0.244176
      919000  0.155679
      920000  0.206147
      921000  0.259929
      922000  0.239099
      923000  0.237199
      924000  0.181975
      925000  0.237201
      926000  0.207648
      927000  0.193934
      928000  0.167334
      929000  0.230987
      930000  0.126256
      931000  0.189297
      932000  0.159098
      933000  0.143004
      934000  0.263968
      935000  0.156572
      936000  0.169321
      937000  0.214088
      938000  0.221887
      939000  0.182008
      940000  0.168802
      941000  0.172923
      942000  0.225357
      943000  0.173058
      944000  0.242348
      945000  0.144247
      946000  0.174925
      947000  0.167956
      948000  0.156435
      949000  0.188735
      950000  0.213475
      951000  0.138725
      952000  0.209447
      953000  0.223180
      954000  0.188153
      955000  0.233237
      956000  0.203421
      957000  0.119095
      958000  0.196805
      959000  0.212032
      960000  0.242328
      961000  0.224637
      962000  0.173526
      963000  0.174872
      964000  0.227095
      965000  0.240577
      966000  0.187223
      967000  0.171850
      968000  0.161458
      969000  0.194006
      970000  0.267534
      971000  0.237784
      972000  0.195067
      973000  0.192233
      974000  0.210173
      975000  0.223819
      976000  0.174657
      977000  0.186602
      978000  0.258617
      979000  0.187743
      980000  0.150407
      981000  0.171111
      982000  0.202312
      983000  0.181804
      984000  0.194899
      985000  0.246554
      986000  0.214765
      987000  0.202089
      988000  0.176540
      989000  0.210214
      990000  0.174480
      991000  0.301642
      992000  0.124915
      993000  0.176763
      994000  0.244745
      995000  0.214212
      996000  0.219502
      997000  0.210608
      998000  0.175113
      999000  0.173730
     1000000  0.207531
