    genPlus1     spaQ
        1000  0.158075
        2000  0.150087
        3000  0.087461
        4000  0.193252
        5000  0.247894
        6000  0.183441
        7000  0.195363
        8000  0.190340
        9000  0.195307
       10000  0.181432
       11000  0.210127
       12000  0.180568
       13000  0.213840
       14000  0.185782
       15000  0.146281
       16000  0.152167
       17000  0.215285
       18000  0.161130
       19000  0.182494
       20000  0.165376
       21000  0.135870
       22000  0.142634
       23000  0.185843
       24000  0.160222
       25000  0.135878
       26000  0.182476
       27000  0.143595
       28000  0.164885
       29000  0.151592
       30000  0.164631
       31000  0.150712
       32000  0.234686
       33000  0.118411
       34000  0.132440
       35000  0.256747
       36000  0.152138
       37000  0.132962
       38000  0.123655
       39000  0.192021
       40000  0.126886
       41000  0.134671
       42000  0.192802
       43000  0.114912
       44000  0.182386
       45000  0.144681
       46000  0.196208
       47000  0.176377
       48000  0.159983
       49000  0.183797
       50000  0.146947
       51000  0.167257
       52000  0.182477
       53000  0.154030
       54000  0.156359
       55000  0.168488
       56000  0.191450
       57000  0.171880
       58000  0.156464
       59000  0.239998
       60000  0.147887
       61000  0.172750
       62000  0.168036
       63000  0.205232
       64000  0.103700
       65000  0.155753
       66000  0.134334
       67000  0.215091
       68000  0.157540
       69000  0.191794
       70000  0.157202
       71000  0.146958
       72000  0.127290
       73000  0.137849
       74000  0.173262
       75000  0.187011
       76000  0.126659
       77000  0.147419
       78000  0.143595
       79000  0.204175
       80000  0.096639
       81000  0.140904
       82000  0.176180
       83000  0.208844
       84000  0.293549
       85000  0.123928
       86000  0.161279
       87000  0.188595
       88000  0.205805
       89000  0.147052
       90000  0.152808
       91000  0.184994
       92000  0.108834
       93000  0.191149
       94000  0.174418
       95000  0.156400
       96000  0.146349
       97000  0.157040
       98000  0.142686
       99000  0.203244
      100000  0.124002
      101000  0.160646
      102000  0.204206
      103000  0.139280
      104000  0.225192
      105000  0.207373
      106000  0.183393
      107000  0.192994
      108000  0.142211
      109000  0.188088
      110000  0.177056
      111000  0.219414
      112000  0.139367
      113000  0.150747
      114000  0.165874
      115000  0.166221
      116000  0.126640
      117000  0.159821
      118000  0.147323
      119000  0.166808
      120000  0.137917
      121000  0.159312
      122000  0.201306
      123000  0.122882
      124000  0.169459
      125000  0.150119
      126000  0.185258
      127000  0.150345
      128000  0.201674
      129000  0.182352
      130000  0.149760
      131000  0.193744
      132000  0.175860
      133000  0.153975
      134000  0.142185
      135000  0.159864
      136000  0.235471
      137000  0.139201
      138000  0.148788
      139000  0.183659
      140000  0.220506
      141000  0.230111
      142000  0.178557
      143000  0.117580
      144000  0.181276
      145000  0.240026
      146000  0.146363
      147000  0.200824
      148000  0.192457
      149000  0.225535
      150000  0.152354
      151000  0.216285
      152000  0.157764
      153000  0.132165
      154000  0.158548
      155000  0.147213
      156000  0.171430
      157000  0.117874
      158000  0.213847
      159000  0.160169
      160000  0.218930
      161000  0.180235
      162000  0.219924
      163000  0.197946
      164000  0.152793
      165000  0.186326
      166000  0.155840
      167000  0.236125
      168000  0.160630
      169000  0.155021
      170000  0.154185
      171000  0.259571
      172000  0.163123
      173000  0.189653
      174000  0.160724
      175000  0.145373
      176000  0.196750
      177000  0.176513
      178000  0.192093
      179000  0.239140
      180000  0.164706
      181000  0.162543
      182000  0.167984
      183000  0.106584
      184000  0.147076
      185000  0.214977
      186000  0.122811
      187000  0.182198
      188000  0.109979
      189000  0.163881
      190000  0.152635
      191000  0.137644
      192000  0.248529
      193000  0.153949
      194000  0.210110
      195000  0.180841
      196000  0.139581
      197000  0.175244
      198000  0.152689
      199000  0.198753
      200000  0.177884
      201000  0.188964
      202000  0.138755
      203000  0.158683
      204000  0.216885
      205000  0.118488
      206000  0.197628
      207000  0.173522
      208000  0.226764
      209000  0.176030
      210000  0.137223
      211000  0.192704
      212000  0.175877
      213000  0.173833
      214000  0.163103
      215000  0.194253
      216000  0.136813
      217000  0.144436
      218000  0.212702
      219000  0.146507
      220000  0.153102
      221000  0.209765
      222000  0.127145
      223000  0.197000
      224000  0.136372
      225000  0.231412
      226000  0.126203
      227000  0.161889
      228000  0.184094
      229000  0.121751
      230000  0.117731
      231000  0.127189
      232000  0.275692
      233000  0.194663
      234000  0.211113
      235000  0.117686
      236000  0.193469
      237000  0.137658
      238000  0.155513
      239000  0.196861
      240000  0.209624
      241000  0.158857
      242000  0.206827
      243000  0.141799
      244000  0.132375
      245000  0.199606
      246000  0.132437
      247000  0.239567
      248000  0.148748
      249000  0.187131
      250000  0.185009
      251000  0.183020
      252000  0.163066
      253000  0.170962
      254000  0.180810
      255000  0.127404
      256000  0.166376
      257000  0.133046
      258000  0.140667
      259000  0.203777
      260000  0.157955
      261000  0.201448
      262000  0.169253
      263000  0.119917
      264000  0.220788
      265000  0.133085
      266000  0.196754
      267000  0.147292
      268000  0.199456
      269000  0.162537
      270000  0.173126
      271000  0.196099
      272000  0.159087
      273000  0.131814
      274000  0.136336
      275000  0.168678
      276000  0.130537
      277000  0.163400
      278000  0.123778
      279000  0.218312
      280000  0.148636
      281000  0.167287
      282000  0.135526
      283000  0.137299
      284000  0.163730
      285000  0.145359
      286000  0.185394
      287000  0.202117
      288000  0.200282
      289000  0.192496
      290000  0.140736
      291000  0.094052
      292000  0.175947
      293000  0.189579
      294000  0.124919
      295000  0.186923
      296000  0.133105
      297000  0.216636
      298000  0.195081
      299000  0.157313
      300000  0.185138
      301000  0.146130
      302000  0.171690
      303000  0.135908
      304000  0.160228
      305000  0.190850
      306000  0.133841
      307000  0.203693
      308000  0.141607
      309000  0.179999
      310000  0.196356
      311000  0.139989
      312000  0.180280
      313000  0.184375
      314000  0.173904
      315000  0.103047
      316000  0.147028
      317000  0.174154
      318000  0.221476
      319000  0.160700
      320000  0.155739
      321000  0.168510
      322000  0.178653
      323000  0.145659
      324000  0.215384
      325000  0.085652
      326000  0.140797
      327000  0.168020
      328000  0.130794
      329000  0.167443
      330000  0.165961
      331000  0.145213
      332000  0.167027
      333000  0.128418
      334000  0.153428
      335000  0.186350
      336000  0.136753
      337000  0.166412
      338000  0.188794
      339000  0.164366
      340000  0.148837
      341000  0.096312
      342000  0.203846
      343000  0.130156
      344000  0.184819
      345000  0.216331
      346000  0.139024
      347000  0.130491
      348000  0.151442
      349000  0.198659
      350000  0.174132
      351000  0.168719
      352000  0.153310
      353000  0.216046
      354000  0.171342
      355000  0.170572
      356000  0.158447
      357000  0.155660
      358000  0.168322
      359000  0.179731
      360000  0.159981
      361000  0.182911
      362000  0.164479
      363000  0.152010
      364000  0.117152
      365000  0.181014
      366000  0.134713
      367000  0.125415
      368000  0.139303
      369000  0.147256
      370000  0.177992
      371000  0.148634
      372000  0.147592
      373000  0.107187
      374000  0.184359
      375000  0.138977
      376000  0.263394
      377000  0.123959
      378000  0.098498
      379000  0.155352
      380000  0.130883
      381000  0.207449
      382000  0.152267
      383000  0.143543
      384000  0.119187
      385000  0.135570
      386000  0.120741
      387000  0.140349
      388000  0.267073
      389000  0.160501
      390000  0.139328
      391000  0.131627
      392000  0.124767
      393000  0.139009
      394000  0.165635
      395000  0.144708
      396000  0.148548
      397000  0.176303
      398000  0.144749
      399000  0.120446
      400000  0.176667
      401000  0.132069
      402000  0.186750
      403000  0.198515
      404000  0.199347
      405000  0.127794
      406000  0.149209
      407000  0.184404
      408000  0.152040
      409000  0.151891
      410000  0.163517
      411000  0.178766
      412000  0.202949
      413000  0.155107
      414000  0.160301
      415000  0.152857
      416000  0.239291
      417000  0.122296
      418000  0.194080
      419000  0.165952
      420000  0.154283
      421000  0.167200
      422000  0.141993
      423000  0.219603
      424000  0.201698
      425000  0.160570
      426000  0.160816
      427000  0.177732
      428000  0.113295
      429000  0.101788
      430000  0.159859
      431000  0.116717
      432000  0.174771
      433000  0.117934
      434000  0.148947
      435000  0.131754
      436000  0.146228
      437000  0.234072
      438000  0.152488
      439000  0.163938
      440000  0.130774
      441000  0.181296
      442000  0.121957
      443000  0.148362
      444000  0.151575
      445000  0.176564
      446000  0.147039
      447000  0.284682
      448000  0.137535
      449000  0.104115
      450000  0.194667
      451000  0.149583
      452000  0.127964
      453000  0.155571
      454000  0.214944
      455000  0.227387
      456000  0.170487
      457000  0.109117
      458000  0.156231
      459000  0.176743
      460000  0.182055
      461000  0.190491
      462000  0.223334
      463000  0.180089
      464000  0.141512
      465000  0.159510
      466000  0.178025
      467000  0.163134
      468000  0.134077
      469000  0.159356
      470000  0.181281
      471000  0.123119
      472000  0.203935
      473000  0.148971
      474000  0.199960
      475000  0.113923
      476000  0.104364
      477000  0.197641
      478000  0.171516
      479000  0.120826
      480000  0.163806
      481000  0.149343
      482000  0.214009
      483000  0.170791
      484000  0.160956
      485000  0.189605
      486000  0.205654
      487000  0.195707
      488000  0.217064
      489000  0.154782
      490000  0.189425
      491000  0.208101
      492000  0.192849
      493000  0.211164
      494000  0.174354
      495000  0.205348
      496000  0.249890
      497000  0.161041
      498000  0.208006
      499000  0.141569
      500000  0.123594
      501000  0.154835
      502000  0.144588
      503000  0.158263
      504000  0.204891
      505000  0.217227
      506000  0.169403
      507000  0.179143
      508000  0.154074
      509000  0.192013
      510000  0.205934
      511000  0.182060
      512000  0.204073
      513000  0.123509
      514000  0.245420
      515000  0.159888
      516000  0.138890
      517000  0.130593
      518000  0.199016
      519000  0.114992
      520000  0.138366
      521000  0.165550
      522000  0.143127
      523000  0.169847
      524000  0.129566
      525000  0.173385
      526000  0.118749
      527000  0.138197
      528000  0.190770
      529000  0.145619
      530000  0.111886
      531000  0.149903
      532000  0.167627
      533000  0.207820
      534000  0.170325
      535000  0.250795
      536000  0.202698
      537000  0.100462
      538000  0.176108
      539000  0.113853
      540000  0.167177
      541000  0.134550
      542000  0.213380
      543000  0.134833
      544000  0.189298
      545000  0.120113
      546000  0.160646
      547000  0.179030
      548000  0.176534
      549000  0.112343
      550000  0.185795
      551000  0.209891
      552000  0.200001
      553000  0.201653
      554000  0.185447
      555000  0.187654
      556000  0.130279
      557000  0.156198
      558000  0.212320
      559000  0.157895
      560000  0.172666
      561000  0.192299
      562000  0.140063
      563000  0.210670
      564000  0.108971
      565000  0.185246
      566000  0.163030
      567000  0.147572
      568000  0.190771
      569000  0.150376
      570000  0.154502
      571000  0.168716
      572000  0.215827
      573000  0.179512
      574000  0.168133
      575000  0.203644
      576000  0.207535
      577000  0.137916
      578000  0.188202
      579000  0.212157
      580000  0.198898
      581000  0.184442
      582000  0.205974
      583000  0.192141
      584000  0.164588
      585000  0.149782
      586000  0.216206
      587000  0.155965
      588000  0.177138
      589000  0.192212
      590000  0.179962
      591000  0.183860
      592000  0.198007
      593000  0.173545
      594000  0.267873
      595000  0.173026
      596000  0.174009
      597000  0.138251
      598000  0.173289
      599000  0.166844
      600000  0.137334
      601000  0.118453
      602000  0.119268
      603000  0.166243
      604000  0.147757
      605000  0.136604
      606000  0.177507
      607000  0.204068
      608000  0.206365
      609000  0.182373
      610000  0.168933
      611000  0.177958
      612000  0.115492
      613000  0.121224
      614000  0.182339
      615000  0.128751
      616000  0.172039
      617000  0.181993
      618000  0.162265
      619000  0.162255
      620000  0.138763
      621000  0.170999
      622000  0.152746
      623000  0.153070
      624000  0.142336
      625000  0.197579
      626000  0.157866
      627000  0.108843
      628000  0.207195
      629000  0.177152
      630000  0.186178
      631000  0.141892
      632000  0.188273
      633000  0.113075
      634000  0.094229
      635000  0.196184
      636000  0.145134
      637000  0.128501
      638000  0.225499
      639000  0.151643
      640000  0.113080
      641000  0.147728
      642000  0.131499
      643000  0.145605
      644000  0.218607
      645000  0.155019
      646000  0.111423
      647000  0.180899
      648000  0.206170
      649000  0.140169
      650000  0.188830
      651000  0.173974
      652000  0.146624
      653000  0.122099
      654000  0.185444
      655000  0.138434
      656000  0.168785
      657000  0.143392
      658000  0.163765
      659000  0.117129
      660000  0.096553
      661000  0.171276
      662000  0.176132
      663000  0.147669
      664000  0.164380
      665000  0.165696
      666000  0.112316
      667000  0.217778
      668000  0.169497
      669000  0.131046
      670000  0.181356
      671000  0.131509
      672000  0.179793
      673000  0.219646
      674000  0.168126
      675000  0.116152
      676000  0.167390
      677000  0.168318
      678000  0.128460
      679000  0.237656
      680000  0.184635
      681000  0.133152
      682000  0.160351
      683000  0.133416
      684000  0.154796
      685000  0.149273
      686000  0.149562
      687000  0.129415
      688000  0.204137
      689000  0.243588
      690000  0.201003
      691000  0.093842
      692000  0.162193
      693000  0.164214
      694000  0.229048
      695000  0.147053
      696000  0.203943
      697000  0.272105
      698000  0.160425
      699000  0.132612
      700000  0.155851
      701000  0.152339
      702000  0.153028
      703000  0.145793
      704000  0.142520
      705000  0.117544
      706000  0.145960
      707000  0.196110
      708000  0.136790
      709000  0.183355
      710000  0.141171
      711000  0.200178
      712000  0.092411
      713000  0.158871
      714000  0.165061
      715000  0.097171
      716000  0.240110
      717000  0.119304
      718000  0.200892
      719000  0.162718
      720000  0.158263
      721000  0.116679
      722000  0.169456
      723000  0.185823
      724000  0.192378
      725000  0.179608
      726000  0.189326
      727000  0.201458
      728000  0.162230
      729000  0.143036
      730000  0.207517
      731000  0.207193
      732000  0.235877
      733000  0.176921
      734000  0.221340
      735000  0.231850
      736000  0.154278
      737000  0.201196
      738000  0.211514
      739000  0.121299
      740000  0.172438
      741000  0.227958
      742000  0.150520
      743000  0.217135
      744000  0.159818
      745000  0.180310
      746000  0.191740
      747000  0.155833
      748000  0.243247
      749000  0.177772
      750000  0.186145
      751000  0.157894
      752000  0.165180
      753000  0.150593
      754000  0.217579
      755000  0.157049
      756000  0.154919
      757000  0.163236
      758000  0.119151
      759000  0.105864
      760000  0.145478
      761000  0.186831
      762000  0.115525
      763000  0.200141
      764000  0.133034
      765000  0.185933
      766000  0.156136
      767000  0.151942
      768000  0.108046
      769000  0.095500
      770000  0.174026
      771000  0.196163
      772000  0.205215
      773000  0.160686
      774000  0.193655
      775000  0.189521
      776000  0.194263
      777000  0.117202
      778000  0.138368
      779000  0.147631
      780000  0.198042
      781000  0.175233
      782000  0.162528
      783000  0.169857
      784000  0.111628
      785000  0.151117
      786000  0.171528
      787000  0.148521
      788000  0.155430
      789000  0.253394
      790000  0.179551
      791000  0.196091
      792000  0.187831
      793000  0.199611
      794000  0.137415
      795000  0.186671
      796000  0.175598
      797000  0.162095
      798000  0.115433
      799000  0.132072
      800000  0.157919
      801000  0.166254
      802000  0.163100
      803000  0.149205
      804000  0.108282
      805000  0.226881
      806000  0.220930
      807000  0.193147
      808000  0.100753
      809000  0.142461
      810000  0.153267
      811000  0.158004
      812000  0.231411
      813000  0.153806
      814000  0.154243
      815000  0.216186
      816000  0.183651
      817000  0.198572
      818000  0.112863
      819000  0.217772
      820000  0.120360
      821000  0.226335
      822000  0.145636
      823000  0.122966
      824000  0.178814
      825000  0.161950
      826000  0.160465
      827000  0.148900
      828000  0.225352
      829000  0.149436
      830000  0.128208
      831000  0.186798
      832000  0.199437
      833000  0.196676
      834000  0.220758
      835000  0.166274
      836000  0.177664
      837000  0.165625
      838000  0.122317
      839000  0.149355
      840000  0.092856
      841000  0.149260
      842000  0.189265
      843000  0.206764
      844000  0.109956
      845000  0.142914
      846000  0.214633
      847000  0.180520
      848000  0.191561
      849000  0.153322
      850000  0.141891
      851000  0.168412
      852000  0.130616
      853000  0.121594
      854000  0.146653
      855000  0.210562
      856000  0.210312
      857000  0.135165
      858000  0.177518
      859000  0.129022
      860000  0.176805
      861000  0.161614
      862000  0.169600
      863000  0.174395
      864000  0.147377
      865000  0.138955
      866000  0.145754
      867000  0.151756
      868000  0.124553
      869000  0.179623
      870000  0.128237
      871000  0.132277
      872000  0.154672
      873000  0.181065
      874000  0.122912
      875000  0.126584
      876000  0.134650
      877000  0.138921
      878000  0.191513
      879000  0.131869
      880000  0.141439
      881000  0.205885
      882000  0.181318
      883000  0.136749
      884000  0.149896
      885000  0.166902
      886000  0.120647
      887000  0.193141
      888000  0.179375
      889000  0.168988
      890000  0.146708
      891000  0.153849
      892000  0.197112
      893000  0.158105
      894000  0.175237
      895000  0.187385
      896000  0.185869
      897000  0.181903
      898000  0.164754
      899000  0.162589
      900000  0.163888
      901000  0.146073
      902000  0.213277
      903000  0.100875
      904000  0.207645
      905000  0.164212
      906000  0.166270
      907000  0.138242
      908000  0.138489
      909000  0.179798
      910000  0.177586
      911000  0.143198
      912000  0.128569
      913000  0.134813
      914000  0.127312
      915000  0.137981
      916000  0.170665
      917000  0.176855
      918000  0.219310
      919000  0.175301
      920000  0.143416
      921000  0.173239
      922000  0.162695
      923000  0.165909
      924000  0.198698
      925000  0.158334
      926000  0.170782
      927000  0.163351
      928000  0.173996
      929000  0.187867
      930000  0.163970
      931000  0.158610
      932000  0.209433
      933000  0.163897
      934000  0.147713
      935000  0.190839
      936000  0.174049
      937000  0.133734
      938000  0.184367
      939000  0.123734
      940000  0.148186
      941000  0.241065
      942000  0.152392
      943000  0.089582
      944000  0.163303
      945000  0.106725
      946000  0.158242
      947000  0.149786
      948000  0.167282
      949000  0.151941
      950000  0.095183
      951000  0.207838
      952000  0.175563
      953000  0.166666
      954000  0.133141
      955000  0.128006
      956000  0.182326
      957000  0.114159
      958000  0.147259
      959000  0.092357
      960000  0.162079
      961000  0.114383
      962000  0.165259
      963000  0.131581
      964000  0.127574
      965000  0.112667
      966000  0.191987
      967000  0.198937
      968000  0.152191
      969000  0.153874
      970000  0.151972
      971000  0.160661
      972000  0.154616
      973000  0.205757
      974000  0.190375
      975000  0.133963
      976000  0.182453
      977000  0.237057
      978000  0.161473
      979000  0.125260
      980000  0.155273
      981000  0.146339
      982000  0.141677
      983000  0.164822
      984000  0.181529
      985000  0.136686
      986000  0.146980
      987000  0.188795
      988000  0.195459
      989000  0.139212
      990000  0.140585
      991000  0.189499
      992000  0.145983
      993000  0.113506
      994000  0.170624
      995000  0.162622
      996000  0.098052
      997000  0.269276
      998000  0.197599
      999000  0.136343
     1000000  0.166422
     1001000  0.108871
     1002000  0.145102
     1003000  0.153798
     1004000  0.180602
     1005000  0.166148
     1006000  0.142781
     1007000  0.132706
     1008000  0.163636
     1009000  0.150436
     1010000  0.176759
     1011000  0.121123
     1012000  0.201437
     1013000  0.089083
     1014000  0.228125
     1015000  0.177231
     1016000  0.198509
     1017000  0.128009
     1018000  0.166954
     1019000  0.126382
     1020000  0.136719
     1021000  0.133783
     1022000  0.244220
     1023000  0.157418
     1024000  0.144214
     1025000  0.190542
     1026000  0.228228
     1027000  0.193610
     1028000  0.172705
     1029000  0.205081
     1030000  0.154164
     1031000  0.202741
     1032000  0.158704
     1033000  0.142565
     1034000  0.112645
     1035000  0.179446
     1036000  0.160844
     1037000  0.210022
     1038000  0.229325
     1039000  0.221461
     1040000  0.148511
     1041000  0.175077
     1042000  0.178846
     1043000  0.236111
     1044000  0.180773
     1045000  0.198485
     1046000  0.130763
     1047000  0.170003
     1048000  0.137638
     1049000  0.146018
     1050000  0.172368
     1051000  0.162424
     1052000  0.181687
     1053000  0.209677
     1054000  0.174940
     1055000  0.175569
     1056000  0.124904
     1057000  0.159154
     1058000  0.181440
     1059000  0.165522
     1060000  0.156672
     1061000  0.204012
     1062000  0.213536
     1063000  0.154888
     1064000  0.167987
     1065000  0.201665
     1066000  0.136226
     1067000  0.165109
     1068000  0.143363
     1069000  0.150580
     1070000  0.256154
     1071000  0.115336
     1072000  0.229931
     1073000  0.131181
     1074000  0.157181
     1075000  0.122931
     1076000  0.133711
     1077000  0.139846
     1078000  0.156740
     1079000  0.138721
     1080000  0.147841
     1081000  0.200787
     1082000  0.141366
     1083000  0.107370
     1084000  0.126885
     1085000  0.115739
     1086000  0.106553
     1087000  0.189281
     1088000  0.112099
     1089000  0.186987
     1090000  0.157052
     1091000  0.150186
     1092000  0.187258
     1093000  0.197323
     1094000  0.203644
     1095000  0.192345
     1096000  0.190306
     1097000  0.156469
     1098000  0.125647
     1099000  0.219876
     1100000  0.179326
     1101000  0.162422
     1102000  0.138777
     1103000  0.239247
     1104000  0.189503
     1105000  0.138806
     1106000  0.169883
     1107000  0.121652
     1108000  0.188562
     1109000  0.128784
     1110000  0.183733
     1111000  0.137384
     1112000  0.255247
     1113000  0.215179
     1114000  0.112526
     1115000  0.113539
     1116000  0.161804
     1117000  0.184017
     1118000  0.149621
     1119000  0.225484
     1120000  0.154123
     1121000  0.102566
     1122000  0.186985
     1123000  0.162930
     1124000  0.141988
     1125000  0.209123
     1126000  0.148954
     1127000  0.218415
     1128000  0.199951
     1129000  0.158450
     1130000  0.227201
     1131000  0.167986
     1132000  0.177202
     1133000  0.119437
     1134000  0.123796
     1135000  0.141742
     1136000  0.130477
     1137000  0.133260
     1138000  0.187263
     1139000  0.162286
     1140000  0.196271
     1141000  0.180114
     1142000  0.162472
     1143000  0.177370
     1144000  0.158616
     1145000  0.196108
     1146000  0.188749
     1147000  0.179757
     1148000  0.198706
     1149000  0.176194
     1150000  0.124085
     1151000  0.238752
     1152000  0.152296
     1153000  0.142052
     1154000  0.183506
     1155000  0.134900
     1156000  0.120374
     1157000  0.139778
     1158000  0.161736
     1159000  0.138455
     1160000  0.166427
     1161000  0.143150
     1162000  0.175413
     1163000  0.216087
     1164000  0.157279
     1165000  0.119188
     1166000  0.170298
     1167000  0.202525
     1168000  0.169580
     1169000  0.173375
     1170000  0.140576
     1171000  0.166561
     1172000  0.143221
     1173000  0.152113
     1174000  0.153035
     1175000  0.140742
     1176000  0.201492
     1177000  0.142848
     1178000  0.149778
     1179000  0.116183
     1180000  0.160765
     1181000  0.166276
     1182000  0.121020
     1183000  0.158731
     1184000  0.184977
     1185000  0.144041
     1186000  0.175762
     1187000  0.147094
     1188000  0.143035
     1189000  0.159164
     1190000  0.195151
     1191000  0.202666
     1192000  0.139401
     1193000  0.195403
     1194000  0.177955
     1195000  0.219585
     1196000  0.134509
     1197000  0.147708
     1198000  0.122305
     1199000  0.140008
     1200000  0.182527
     1201000  0.097292
     1202000  0.186522
     1203000  0.238641
     1204000  0.210667
     1205000  0.247344
     1206000  0.141129
     1207000  0.188610
     1208000  0.150119
     1209000  0.182542
     1210000  0.126936
     1211000  0.207708
     1212000  0.145767
     1213000  0.226434
     1214000  0.122421
     1215000  0.150582
     1216000  0.139655
     1217000  0.126537
     1218000  0.201505
     1219000  0.180851
     1220000  0.101551
     1221000  0.151611
     1222000  0.202137
     1223000  0.162824
     1224000  0.168016
     1225000  0.143550
     1226000  0.155627
     1227000  0.197763
     1228000  0.187971
     1229000  0.168368
     1230000  0.124697
     1231000  0.163652
     1232000  0.181796
     1233000  0.151882
     1234000  0.149182
     1235000  0.102757
     1236000  0.147413
     1237000  0.199458
     1238000  0.134658
     1239000  0.170685
     1240000  0.191161
     1241000  0.147394
     1242000  0.181594
     1243000  0.203678
     1244000  0.149266
     1245000  0.162382
     1246000  0.180798
     1247000  0.190902
     1248000  0.177272
     1249000  0.129051
     1250000  0.177404
     1251000  0.110089
     1252000  0.152588
     1253000  0.132995
     1254000  0.199031
     1255000  0.134960
     1256000  0.148586
     1257000  0.187938
     1258000  0.176726
     1259000  0.161400
     1260000  0.161348
     1261000  0.126389
     1262000  0.100965
     1263000  0.213575
     1264000  0.098341
     1265000  0.150503
     1266000  0.115759
     1267000  0.229329
     1268000  0.159072
     1269000  0.185913
     1270000  0.190654
     1271000  0.122291
     1272000  0.152476
     1273000  0.162319
     1274000  0.230842
     1275000  0.167923
     1276000  0.172983
     1277000  0.161772
     1278000  0.228722
     1279000  0.250219
     1280000  0.142501
     1281000  0.173149
     1282000  0.236504
     1283000  0.203625
     1284000  0.281221
     1285000  0.132487
     1286000  0.198827
     1287000  0.128685
     1288000  0.166827
     1289000  0.167582
     1290000  0.165571
     1291000  0.200591
     1292000  0.139074
     1293000  0.171052
     1294000  0.144666
     1295000  0.178156
     1296000  0.162675
     1297000  0.127072
     1298000  0.159200
     1299000  0.176643
     1300000  0.208199
     1301000  0.154677
     1302000  0.137449
     1303000  0.161281
     1304000  0.169487
     1305000  0.196962
     1306000  0.170495
     1307000  0.219213
     1308000  0.152050
     1309000  0.156097
     1310000  0.142242
     1311000  0.137226
     1312000  0.130441
     1313000  0.235075
     1314000  0.179039
     1315000  0.174131
     1316000  0.122871
     1317000  0.173893
     1318000  0.161808
     1319000  0.144723
     1320000  0.152987
     1321000  0.220755
     1322000  0.221153
     1323000  0.149244
     1324000  0.154093
     1325000  0.144184
     1326000  0.191920
     1327000  0.187679
     1328000  0.127073
     1329000  0.164973
     1330000  0.233127
     1331000  0.149128
     1332000  0.184820
     1333000  0.140774
     1334000  0.137987
     1335000  0.138382
     1336000  0.153809
     1337000  0.188065
     1338000  0.142413
     1339000  0.168211
     1340000  0.210307
     1341000  0.173185
     1342000  0.146908
     1343000  0.117263
     1344000  0.136639
     1345000  0.214824
     1346000  0.126539
     1347000  0.183525
     1348000  0.195286
     1349000  0.220107
     1350000  0.233362
     1351000  0.187197
     1352000  0.161205
     1353000  0.157537
     1354000  0.189803
     1355000  0.201761
     1356000  0.152474
     1357000  0.189097
     1358000  0.171406
     1359000  0.192386
     1360000  0.134697
     1361000  0.147329
     1362000  0.153878
     1363000  0.183320
     1364000  0.148983
     1365000  0.227195
     1366000  0.165617
     1367000  0.153211
     1368000  0.134004
     1369000  0.152489
     1370000  0.184701
     1371000  0.144568
     1372000  0.239560
     1373000  0.158429
     1374000  0.165638
     1375000  0.120661
     1376000  0.211855
     1377000  0.154503
     1378000  0.161283
     1379000  0.133803
     1380000  0.182287
     1381000  0.140563
     1382000  0.186942
     1383000  0.131178
     1384000  0.175054
     1385000  0.155485
     1386000  0.168269
     1387000  0.150742
     1388000  0.153852
     1389000  0.166605
     1390000  0.118901
     1391000  0.190014
     1392000  0.210372
     1393000  0.121880
     1394000  0.165799
     1395000  0.129794
     1396000  0.164455
     1397000  0.196453
     1398000  0.173712
     1399000  0.128856
     1400000  0.176876
     1401000  0.204337
     1402000  0.150718
     1403000  0.211629
     1404000  0.174438
     1405000  0.192711
     1406000  0.182950
     1407000  0.113120
     1408000  0.148730
     1409000  0.116946
     1410000  0.132158
     1411000  0.130693
     1412000  0.180724
     1413000  0.170056
     1414000  0.134379
     1415000  0.191343
     1416000  0.156399
     1417000  0.152161
     1418000  0.172545
     1419000  0.164562
     1420000  0.159274
     1421000  0.205542
     1422000  0.196687
     1423000  0.141861
     1424000  0.164579
     1425000  0.162073
     1426000  0.174102
     1427000  0.125890
     1428000  0.217477
     1429000  0.179171
     1430000  0.136335
     1431000  0.170246
     1432000  0.182038
     1433000  0.158327
     1434000  0.128766
     1435000  0.221262
     1436000  0.163676
     1437000  0.129472
     1438000  0.130347
     1439000  0.201602
     1440000  0.144645
     1441000  0.127073
     1442000  0.209216
     1443000  0.215617
     1444000  0.161981
     1445000  0.194759
     1446000  0.205138
     1447000  0.198933
     1448000  0.168097
     1449000  0.283494
     1450000  0.125842
     1451000  0.104878
     1452000  0.105862
     1453000  0.161187
     1454000  0.166012
     1455000  0.214979
     1456000  0.142866
     1457000  0.132406
     1458000  0.099387
     1459000  0.163427
     1460000  0.168423
     1461000  0.159751
     1462000  0.190246
     1463000  0.165270
     1464000  0.137008
     1465000  0.158827
     1466000  0.171879
     1467000  0.151761
     1468000  0.237388
     1469000  0.133595
     1470000  0.202365
     1471000  0.205222
     1472000  0.125079
     1473000  0.141273
     1474000  0.137167
     1475000  0.155898
     1476000  0.120235
     1477000  0.170103
     1478000  0.102036
     1479000  0.166624
     1480000  0.214462
     1481000  0.201141
     1482000  0.086282
     1483000  0.157960
     1484000  0.166315
     1485000  0.124531
     1486000  0.159075
     1487000  0.153511
     1488000  0.160792
     1489000  0.163760
     1490000  0.157567
     1491000  0.182029
     1492000  0.125568
     1493000  0.158055
     1494000  0.104059
     1495000  0.150677
     1496000  0.150504
     1497000  0.164188
     1498000  0.173392
     1499000  0.144993
     1500000  0.241697
     1501000  0.153612
     1502000  0.182756
     1503000  0.165588
     1504000  0.139039
     1505000  0.176974
     1506000  0.192744
     1507000  0.176603
     1508000  0.196822
     1509000  0.172558
     1510000  0.198992
     1511000  0.221566
     1512000  0.139641
     1513000  0.159440
     1514000  0.173844
     1515000  0.129014
     1516000  0.154341
     1517000  0.152828
     1518000  0.234575
     1519000  0.194669
     1520000  0.169651
     1521000  0.163252
     1522000  0.131717
     1523000  0.156370
     1524000  0.164327
     1525000  0.156392
     1526000  0.143089
     1527000  0.137168
     1528000  0.126079
     1529000  0.140784
     1530000  0.110730
     1531000  0.190692
     1532000  0.144691
     1533000  0.169259
     1534000  0.126250
     1535000  0.166836
     1536000  0.219186
     1537000  0.157565
     1538000  0.116490
     1539000  0.143588
     1540000  0.097382
     1541000  0.193417
     1542000  0.140616
     1543000  0.234720
     1544000  0.164696
     1545000  0.191370
     1546000  0.124954
     1547000  0.181241
     1548000  0.146607
     1549000  0.185375
     1550000  0.110560
     1551000  0.185034
     1552000  0.106018
     1553000  0.161836
     1554000  0.100853
     1555000  0.171120
     1556000  0.153629
     1557000  0.158947
     1558000  0.133484
     1559000  0.083179
     1560000  0.158394
     1561000  0.162241
     1562000  0.206960
     1563000  0.240465
     1564000  0.168569
     1565000  0.168472
     1566000  0.136694
     1567000  0.156131
     1568000  0.161849
     1569000  0.167948
     1570000  0.182555
     1571000  0.189164
     1572000  0.147026
     1573000  0.168552
     1574000  0.131988
     1575000  0.159866
     1576000  0.116808
     1577000  0.147558
     1578000  0.200594
     1579000  0.121009
     1580000  0.129650
     1581000  0.152232
     1582000  0.152902
     1583000  0.189251
     1584000  0.149024
     1585000  0.151642
     1586000  0.189237
     1587000  0.221902
     1588000  0.145122
     1589000  0.157834
     1590000  0.170665
     1591000  0.137060
     1592000  0.162240
     1593000  0.167474
     1594000  0.205785
     1595000  0.212169
     1596000  0.108748
     1597000  0.197906
     1598000  0.201094
     1599000  0.171599
     1600000  0.099788
     1601000  0.163399
     1602000  0.121973
     1603000  0.119437
     1604000  0.203629
     1605000  0.138452
     1606000  0.296630
     1607000  0.184970
     1608000  0.183172
     1609000  0.143430
     1610000  0.166771
     1611000  0.145986
     1612000  0.190346
     1613000  0.163877
     1614000  0.162763
     1615000  0.168893
     1616000  0.215145
     1617000  0.212624
     1618000  0.113550
     1619000  0.131261
     1620000  0.215351
     1621000  0.169648
     1622000  0.164392
     1623000  0.210553
     1624000  0.163255
     1625000  0.187166
     1626000  0.223822
     1627000  0.143559
     1628000  0.160490
     1629000  0.214215
     1630000  0.165837
     1631000  0.197404
     1632000  0.189060
     1633000  0.100148
     1634000  0.143752
     1635000  0.161972
     1636000  0.117672
     1637000  0.176217
     1638000  0.138057
     1639000  0.117000
     1640000  0.140274
     1641000  0.179760
     1642000  0.154603
     1643000  0.165064
     1644000  0.139092
     1645000  0.104366
     1646000  0.167628
     1647000  0.167828
     1648000  0.166256
     1649000  0.115209
     1650000  0.166055
     1651000  0.134535
     1652000  0.186144
     1653000  0.149102
     1654000  0.211598
     1655000  0.132453
     1656000  0.158210
     1657000  0.199920
     1658000  0.173007
     1659000  0.170075
     1660000  0.185585
     1661000  0.175384
     1662000  0.144831
     1663000  0.183711
     1664000  0.195376
     1665000  0.178066
     1666000  0.154886
     1667000  0.204506
     1668000  0.182543
     1669000  0.187021
     1670000  0.194993
     1671000  0.171114
     1672000  0.167627
     1673000  0.162403
     1674000  0.198185
     1675000  0.225776
     1676000  0.136383
     1677000  0.139166
     1678000  0.144583
     1679000  0.188000
     1680000  0.146509
     1681000  0.141894
     1682000  0.152784
     1683000  0.157973
     1684000  0.199970
     1685000  0.173462
     1686000  0.206622
     1687000  0.137796
     1688000  0.150165
     1689000  0.231592
     1690000  0.111481
     1691000  0.115083
     1692000  0.201801
     1693000  0.172194
     1694000  0.156780
     1695000  0.088463
     1696000  0.158659
     1697000  0.160993
     1698000  0.164684
     1699000  0.182673
     1700000  0.166874
     1701000  0.166029
     1702000  0.138258
     1703000  0.179133
     1704000  0.188251
     1705000  0.184518
     1706000  0.114117
     1707000  0.202030
     1708000  0.157613
     1709000  0.221113
     1710000  0.106517
     1711000  0.264509
     1712000  0.162444
     1713000  0.168571
     1714000  0.165795
     1715000  0.197582
     1716000  0.163555
     1717000  0.174555
     1718000  0.205208
     1719000  0.159347
     1720000  0.139582
     1721000  0.234731
     1722000  0.181493
     1723000  0.159096
     1724000  0.164443
     1725000  0.145832
     1726000  0.165254
     1727000  0.129756
     1728000  0.185280
     1729000  0.142577
     1730000  0.162619
     1731000  0.125905
     1732000  0.169126
     1733000  0.130492
     1734000  0.156260
     1735000  0.213464
     1736000  0.157357
     1737000  0.153064
     1738000  0.144664
     1739000  0.159189
     1740000  0.158994
     1741000  0.108600
     1742000  0.138775
     1743000  0.102628
     1744000  0.119520
     1745000  0.140995
     1746000  0.181459
     1747000  0.187050
     1748000  0.178745
     1749000  0.173010
     1750000  0.222695
     1751000  0.161863
     1752000  0.102154
     1753000  0.170571
     1754000  0.138330
     1755000  0.198049
     1756000  0.181905
     1757000  0.151664
     1758000  0.144466
     1759000  0.125912
     1760000  0.174369
     1761000  0.159494
     1762000  0.163552
     1763000  0.176143
     1764000  0.185458
     1765000  0.208439
     1766000  0.179571
     1767000  0.167971
     1768000  0.179576
     1769000  0.112383
     1770000  0.215147
     1771000  0.204624
     1772000  0.117522
     1773000  0.247661
     1774000  0.168661
     1775000  0.149895
     1776000  0.196732
     1777000  0.159369
     1778000  0.190897
     1779000  0.117648
     1780000  0.118622
     1781000  0.135489
     1782000  0.140157
     1783000  0.153922
     1784000  0.120167
     1785000  0.194833
     1786000  0.183685
     1787000  0.174435
     1788000  0.173253
     1789000  0.165055
     1790000  0.130012
     1791000  0.185125
     1792000  0.099364
     1793000  0.177400
     1794000  0.147036
     1795000  0.122660
     1796000  0.200429
     1797000  0.171895
     1798000  0.142762
     1799000  0.170932
     1800000  0.165128
     1801000  0.147170
     1802000  0.201957
     1803000  0.171172
     1804000  0.146164
     1805000  0.163583
     1806000  0.181472
     1807000  0.156628
     1808000  0.146397
     1809000  0.154888
     1810000  0.106943
     1811000  0.174989
     1812000  0.236763
     1813000  0.119532
     1814000  0.152152
     1815000  0.171961
     1816000  0.125553
     1817000  0.106334
     1818000  0.210459
     1819000  0.177404
     1820000  0.172481
     1821000  0.159468
     1822000  0.189886
     1823000  0.234118
     1824000  0.181917
     1825000  0.181478
     1826000  0.170896
     1827000  0.132756
     1828000  0.154198
     1829000  0.204299
     1830000  0.152739
     1831000  0.213511
     1832000  0.216342
     1833000  0.167915
     1834000  0.153163
     1835000  0.137610
     1836000  0.158761
     1837000  0.158006
     1838000  0.137078
     1839000  0.176236
     1840000  0.135118
     1841000  0.202751
     1842000  0.150199
     1843000  0.198678
     1844000  0.182468
     1845000  0.169188
     1846000  0.170831
     1847000  0.134046
     1848000  0.217064
     1849000  0.160860
     1850000  0.182717
     1851000  0.168275
     1852000  0.177432
     1853000  0.130293
     1854000  0.159351
     1855000  0.199848
     1856000  0.176154
     1857000  0.109697
     1858000  0.197782
     1859000  0.131915
     1860000  0.197174
     1861000  0.203236
     1862000  0.163853
     1863000  0.176549
     1864000  0.144570
     1865000  0.154543
     1866000  0.219662
     1867000  0.192564
     1868000  0.143209
     1869000  0.158013
     1870000  0.166026
     1871000  0.167772
     1872000  0.196964
     1873000  0.148947
     1874000  0.219739
     1875000  0.224664
     1876000  0.150906
     1877000  0.133302
     1878000  0.216483
     1879000  0.136954
     1880000  0.127836
     1881000  0.164960
     1882000  0.242600
     1883000  0.147447
     1884000  0.164219
     1885000  0.219097
     1886000  0.149553
     1887000  0.205410
     1888000  0.164780
     1889000  0.151186
     1890000  0.139600
     1891000  0.162255
     1892000  0.187247
     1893000  0.182923
     1894000  0.190737
     1895000  0.184040
     1896000  0.128388
     1897000  0.190917
     1898000  0.172635
     1899000  0.171700
     1900000  0.128963
     1901000  0.186238
     1902000  0.179043
     1903000  0.141187
     1904000  0.069713
     1905000  0.120959
     1906000  0.157041
     1907000  0.200816
     1908000  0.198980
     1909000  0.206299
     1910000  0.153135
     1911000  0.213988
     1912000  0.120855
     1913000  0.120649
     1914000  0.148398
     1915000  0.137346
     1916000  0.185434
     1917000  0.162841
     1918000  0.178045
     1919000  0.150720
     1920000  0.221503
     1921000  0.128980
     1922000  0.144274
     1923000  0.182266
     1924000  0.175189
     1925000  0.153460
     1926000  0.253126
     1927000  0.144850
     1928000  0.148031
     1929000  0.153375
     1930000  0.117088
     1931000  0.122057
     1932000  0.152989
     1933000  0.187589
     1934000  0.172632
     1935000  0.142053
     1936000  0.138759
     1937000  0.181777
     1938000  0.174900
     1939000  0.165537
     1940000  0.155963
     1941000  0.115742
     1942000  0.178829
     1943000  0.137561
     1944000  0.204442
     1945000  0.143273
     1946000  0.162820
     1947000  0.132216
     1948000  0.162649
     1949000  0.201952
     1950000  0.160297
     1951000  0.125385
     1952000  0.232024
     1953000  0.248673
     1954000  0.170887
     1955000  0.105367
     1956000  0.216913
     1957000  0.164312
     1958000  0.159696
     1959000  0.152207
     1960000  0.229872
     1961000  0.119124
     1962000  0.192124
     1963000  0.177308
     1964000  0.178770
     1965000  0.155484
     1966000  0.189089
     1967000  0.116743
     1968000  0.196445
     1969000  0.155028
     1970000  0.171983
     1971000  0.133738
     1972000  0.156008
     1973000  0.236951
     1974000  0.153641
     1975000  0.185037
     1976000  0.133490
     1977000  0.222504
     1978000  0.112384
     1979000  0.154330
     1980000  0.131909
     1981000  0.179539
     1982000  0.113408
     1983000  0.173912
     1984000  0.112715
     1985000  0.199264
     1986000  0.109041
     1987000  0.206390
     1988000  0.091331
     1989000  0.144769
     1990000  0.192012
     1991000  0.112841
     1992000  0.166999
     1993000  0.173756
     1994000  0.133128
     1995000  0.138828
     1996000  0.144408
     1997000  0.138408
     1998000  0.183924
     1999000  0.234834
     2000000  0.139579
     2001000  0.186509
     2002000  0.153682
     2003000  0.171666
     2004000  0.203014
     2005000  0.158729
     2006000  0.201915
     2007000  0.147399
     2008000  0.201608
     2009000  0.175554
     2010000  0.235865
     2011000  0.187102
     2012000  0.160004
     2013000  0.201265
     2014000  0.130779
     2015000  0.178089
     2016000  0.164921
     2017000  0.122090
     2018000  0.141102
     2019000  0.156523
     2020000  0.181909
     2021000  0.165185
     2022000  0.115421
     2023000  0.182455
     2024000  0.095513
     2025000  0.117380
     2026000  0.178763
     2027000  0.177882
     2028000  0.158523
     2029000  0.217539
     2030000  0.176635
     2031000  0.150603
     2032000  0.165987
     2033000  0.159435
     2034000  0.131084
     2035000  0.109847
     2036000  0.210242
     2037000  0.134748
     2038000  0.233644
     2039000  0.101511
     2040000  0.159771
     2041000  0.148518
     2042000  0.174666
     2043000  0.136192
     2044000  0.181438
     2045000  0.160516
     2046000  0.180044
     2047000  0.133448
     2048000  0.153999
     2049000  0.185139
     2050000  0.118945
     2051000  0.204138
     2052000  0.153596
     2053000  0.151649
     2054000  0.168713
     2055000  0.167985
     2056000  0.145494
     2057000  0.226238
     2058000  0.150440
     2059000  0.196766
     2060000  0.129126
     2061000  0.171476
     2062000  0.216674
     2063000  0.196302
     2064000  0.159002
     2065000  0.149849
     2066000  0.170682
     2067000  0.142782
     2068000  0.246891
     2069000  0.118075
     2070000  0.184007
     2071000  0.186402
     2072000  0.139554
     2073000  0.139623
     2074000  0.159086
     2075000  0.107820
     2076000  0.153654
     2077000  0.209166
     2078000  0.152525
     2079000  0.180171
     2080000  0.192086
     2081000  0.115235
     2082000  0.096017
     2083000  0.132556
     2084000  0.142786
     2085000  0.112782
     2086000  0.102116
     2087000  0.176275
     2088000  0.218530
     2089000  0.208238
     2090000  0.196472
     2091000  0.176785
     2092000  0.155156
     2093000  0.123665
     2094000  0.099523
     2095000  0.167990
     2096000  0.189874
     2097000  0.142369
     2098000  0.132318
     2099000  0.176515
     2100000  0.157239
     2101000  0.188131
     2102000  0.124548
     2103000  0.141663
     2104000  0.225013
     2105000  0.169501
     2106000  0.153090
     2107000  0.162780
     2108000  0.152607
     2109000  0.208235
     2110000  0.124868
     2111000  0.142401
     2112000  0.109962
     2113000  0.146157
     2114000  0.119180
     2115000  0.140836
     2116000  0.108374
     2117000  0.137028
     2118000  0.177134
     2119000  0.189435
     2120000  0.138323
     2121000  0.115413
     2122000  0.220686
     2123000  0.141168
     2124000  0.111138
     2125000  0.162738
     2126000  0.123718
     2127000  0.188608
     2128000  0.155927
     2129000  0.102443
     2130000  0.213782
     2131000  0.143885
     2132000  0.200250
     2133000  0.199293
     2134000  0.192588
     2135000  0.140811
     2136000  0.143256
     2137000  0.153057
     2138000  0.212045
     2139000  0.159189
     2140000  0.182673
     2141000  0.172092
     2142000  0.165281
     2143000  0.143963
     2144000  0.196915
     2145000  0.179091
     2146000  0.129731
     2147000  0.157098
     2148000  0.222859
     2149000  0.181203
     2150000  0.173212
     2151000  0.181305
     2152000  0.159446
     2153000  0.145974
     2154000  0.135981
     2155000  0.203104
     2156000  0.156331
     2157000  0.152606
     2158000  0.120986
     2159000  0.176566
     2160000  0.137859
     2161000  0.120076
     2162000  0.186095
     2163000  0.151704
     2164000  0.129728
     2165000  0.195046
     2166000  0.094117
     2167000  0.174997
     2168000  0.159655
     2169000  0.194526
     2170000  0.117651
     2171000  0.168978
     2172000  0.214309
     2173000  0.095050
     2174000  0.177672
     2175000  0.163994
     2176000  0.152307
     2177000  0.221888
     2178000  0.198366
     2179000  0.153553
     2180000  0.169452
     2181000  0.133504
     2182000  0.137427
     2183000  0.183410
     2184000  0.181655
     2185000  0.215102
     2186000  0.155507
     2187000  0.145123
     2188000  0.210723
     2189000  0.178970
     2190000  0.167197
     2191000  0.148456
     2192000  0.222278
     2193000  0.139316
     2194000  0.172838
     2195000  0.177833
     2196000  0.163453
     2197000  0.090690
     2198000  0.159029
     2199000  0.159612
     2200000  0.159144
     2201000  0.231508
     2202000  0.180639
     2203000  0.173063
     2204000  0.108022
     2205000  0.144188
     2206000  0.197892
     2207000  0.149217
     2208000  0.149229
     2209000  0.184358
     2210000  0.132683
     2211000  0.165684
     2212000  0.136816
     2213000  0.239039
     2214000  0.184095
     2215000  0.181949
     2216000  0.176232
     2217000  0.201636
     2218000  0.130749
     2219000  0.166550
     2220000  0.174809
     2221000  0.172254
     2222000  0.137944
     2223000  0.154557
     2224000  0.129393
     2225000  0.145843
     2226000  0.175842
     2227000  0.166387
     2228000  0.203097
     2229000  0.241921
     2230000  0.145669
     2231000  0.152185
     2232000  0.159140
     2233000  0.186068
     2234000  0.176653
     2235000  0.152667
     2236000  0.139054
     2237000  0.119499
     2238000  0.177601
     2239000  0.196397
     2240000  0.165259
     2241000  0.139404
     2242000  0.183868
     2243000  0.202349
     2244000  0.153082
     2245000  0.157131
     2246000  0.137908
     2247000  0.200142
     2248000  0.152262
     2249000  0.162729
     2250000  0.161263
     2251000  0.199997
     2252000  0.207253
     2253000  0.197744
     2254000  0.151342
     2255000  0.129239
     2256000  0.192830
     2257000  0.160761
     2258000  0.172612
     2259000  0.137954
     2260000  0.199977
     2261000  0.167791
     2262000  0.159556
     2263000  0.143082
     2264000  0.158138
     2265000  0.216107
     2266000  0.121641
     2267000  0.160298
     2268000  0.190326
     2269000  0.198469
     2270000  0.108822
     2271000  0.140416
     2272000  0.138147
     2273000  0.162608
     2274000  0.174189
     2275000  0.173053
     2276000  0.162105
     2277000  0.162522
     2278000  0.146436
     2279000  0.197152
     2280000  0.160149
     2281000  0.148264
     2282000  0.137431
     2283000  0.158470
     2284000  0.230014
     2285000  0.127777
     2286000  0.177236
     2287000  0.177024
     2288000  0.195582
     2289000  0.163610
     2290000  0.165842
     2291000  0.140278
     2292000  0.188308
     2293000  0.165502
     2294000  0.127362
     2295000  0.168239
     2296000  0.147407
     2297000  0.154360
     2298000  0.141238
     2299000  0.145600
     2300000  0.192512
     2301000  0.184205
     2302000  0.149257
     2303000  0.164525
     2304000  0.120734
     2305000  0.148004
     2306000  0.183361
     2307000  0.188604
     2308000  0.188635
     2309000  0.140029
     2310000  0.191911
     2311000  0.123571
     2312000  0.153266
     2313000  0.135636
     2314000  0.138192
     2315000  0.141818
     2316000  0.115967
     2317000  0.142881
     2318000  0.125881
     2319000  0.179437
     2320000  0.147346
     2321000  0.177399
     2322000  0.200473
     2323000  0.190206
     2324000  0.190813
     2325000  0.153152
     2326000  0.151114
     2327000  0.147279
     2328000  0.248716
     2329000  0.153020
     2330000  0.144194
     2331000  0.154497
     2332000  0.180651
     2333000  0.148306
     2334000  0.163198
     2335000  0.229888
     2336000  0.149805
     2337000  0.164009
     2338000  0.188529
     2339000  0.165504
     2340000  0.244597
     2341000  0.155445
     2342000  0.147571
     2343000  0.174754
     2344000  0.118095
     2345000  0.136192
     2346000  0.135102
     2347000  0.184011
     2348000  0.135999
     2349000  0.168606
     2350000  0.175952
     2351000  0.164501
     2352000  0.140688
     2353000  0.165646
     2354000  0.166419
     2355000  0.185493
     2356000  0.194702
     2357000  0.146554
     2358000  0.152039
     2359000  0.154136
     2360000  0.212369
     2361000  0.136044
     2362000  0.149950
     2363000  0.174199
     2364000  0.170874
     2365000  0.221324
     2366000  0.160835
     2367000  0.133742
     2368000  0.188235
     2369000  0.167526
     2370000  0.119224
     2371000  0.155324
     2372000  0.176844
     2373000  0.132930
     2374000  0.132960
     2375000  0.152789
     2376000  0.180010
     2377000  0.195229
     2378000  0.165533
     2379000  0.175565
     2380000  0.186910
     2381000  0.110330
     2382000  0.192522
     2383000  0.176931
     2384000  0.187367
     2385000  0.207894
     2386000  0.134676
     2387000  0.168173
     2388000  0.177984
     2389000  0.210354
     2390000  0.157804
     2391000  0.199455
     2392000  0.140117
     2393000  0.208756
     2394000  0.173100
     2395000  0.169696
     2396000  0.146335
     2397000  0.151957
     2398000  0.119188
     2399000  0.226477
     2400000  0.191027
     2401000  0.182179
     2402000  0.147805
     2403000  0.094634
     2404000  0.205356
     2405000  0.214525
     2406000  0.104205
     2407000  0.165656
     2408000  0.214603
     2409000  0.200897
     2410000  0.135721
     2411000  0.192757
     2412000  0.158068
     2413000  0.176568
     2414000  0.153701
     2415000  0.160634
     2416000  0.205003
     2417000  0.170716
     2418000  0.119327
     2419000  0.162590
     2420000  0.150767
     2421000  0.171573
     2422000  0.112699
     2423000  0.170989
     2424000  0.140997
     2425000  0.172678
     2426000  0.153174
     2427000  0.185691
     2428000  0.117118
     2429000  0.135267
     2430000  0.211245
     2431000  0.194715
     2432000  0.194266
     2433000  0.143882
     2434000  0.183920
     2435000  0.157333
     2436000  0.126272
     2437000  0.208067
     2438000  0.197815
     2439000  0.158066
     2440000  0.210449
     2441000  0.200594
     2442000  0.186560
     2443000  0.174220
     2444000  0.099325
     2445000  0.152537
     2446000  0.140136
     2447000  0.137035
     2448000  0.165702
     2449000  0.155933
     2450000  0.156168
     2451000  0.149887
     2452000  0.206413
     2453000  0.217706
     2454000  0.169870
     2455000  0.177292
     2456000  0.185885
     2457000  0.181743
     2458000  0.198807
     2459000  0.216589
     2460000  0.174726
     2461000  0.156414
     2462000  0.155043
     2463000  0.137606
     2464000  0.161473
     2465000  0.208723
     2466000  0.163137
     2467000  0.146969
     2468000  0.214742
     2469000  0.145610
     2470000  0.172754
     2471000  0.143414
     2472000  0.186958
     2473000  0.185854
     2474000  0.174114
     2475000  0.164396
     2476000  0.168606
     2477000  0.201100
     2478000  0.221068
     2479000  0.145087
     2480000  0.162098
     2481000  0.145086
     2482000  0.181451
     2483000  0.145052
     2484000  0.113222
     2485000  0.152758
     2486000  0.121016
     2487000  0.145154
     2488000  0.152623
     2489000  0.283852
     2490000  0.138389
     2491000  0.107769
     2492000  0.147166
     2493000  0.164041
     2494000  0.194007
     2495000  0.124825
     2496000  0.134206
     2497000  0.157810
     2498000  0.147901
     2499000  0.182204
     2500000  0.211840
     2501000  0.180951
     2502000  0.218646
     2503000  0.152632
     2504000  0.153491
     2505000  0.182517
     2506000  0.172719
     2507000  0.149919
     2508000  0.223827
     2509000  0.150555
     2510000  0.177232
     2511000  0.069206
     2512000  0.153268
     2513000  0.184578
     2514000  0.136614
     2515000  0.120671
     2516000  0.135798
     2517000  0.174558
     2518000  0.125054
     2519000  0.182462
     2520000  0.209600
     2521000  0.167130
     2522000  0.181055
     2523000  0.109544
     2524000  0.154961
     2525000  0.197905
     2526000  0.225463
     2527000  0.252014
     2528000  0.160672
     2529000  0.173984
     2530000  0.144447
     2531000  0.175125
     2532000  0.255798
     2533000  0.108307
     2534000  0.188225
     2535000  0.203814
     2536000  0.132607
     2537000  0.113567
     2538000  0.161818
     2539000  0.143337
     2540000  0.135892
     2541000  0.225844
     2542000  0.194864
     2543000  0.176675
     2544000  0.235690
     2545000  0.125541
     2546000  0.194359
     2547000  0.117944
     2548000  0.196366
     2549000  0.142073
     2550000  0.192776
     2551000  0.140208
     2552000  0.246409
     2553000  0.203214
     2554000  0.154536
     2555000  0.176528
     2556000  0.193884
     2557000  0.163979
     2558000  0.151280
     2559000  0.126087
     2560000  0.191695
     2561000  0.162870
     2562000  0.226470
     2563000  0.139756
     2564000  0.118350
     2565000  0.136392
     2566000  0.160478
     2567000  0.155967
     2568000  0.130739
     2569000  0.224996
     2570000  0.146692
     2571000  0.185829
     2572000  0.140719
     2573000  0.145386
     2574000  0.099857
     2575000  0.241024
     2576000  0.161139
     2577000  0.139069
     2578000  0.165470
     2579000  0.161250
     2580000  0.144069
     2581000  0.208620
     2582000  0.111040
     2583000  0.174574
     2584000  0.185875
     2585000  0.166267
     2586000  0.207315
     2587000  0.163360
     2588000  0.225317
     2589000  0.155740
     2590000  0.127802
     2591000  0.172121
     2592000  0.153783
     2593000  0.114691
     2594000  0.140535
     2595000  0.126946
     2596000  0.178413
     2597000  0.138819
     2598000  0.128912
     2599000  0.161981
     2600000  0.242131
     2601000  0.173180
     2602000  0.128777
     2603000  0.189262
     2604000  0.150106
     2605000  0.131247
     2606000  0.205471
     2607000  0.138847
     2608000  0.150469
     2609000  0.196455
     2610000  0.165602
     2611000  0.121585
     2612000  0.175771
     2613000  0.131497
     2614000  0.138734
     2615000  0.239336
     2616000  0.093923
     2617000  0.204791
     2618000  0.183341
     2619000  0.167052
     2620000  0.149590
     2621000  0.205231
     2622000  0.177388
     2623000  0.158303
     2624000  0.103279
     2625000  0.113493
     2626000  0.152705
     2627000  0.143662
     2628000  0.161380
     2629000  0.147418
     2630000  0.190548
     2631000  0.159445
     2632000  0.141873
     2633000  0.187797
     2634000  0.135929
     2635000  0.192511
     2636000  0.210751
     2637000  0.144338
     2638000  0.159041
     2639000  0.151652
     2640000  0.129697
     2641000  0.201160
     2642000  0.145576
     2643000  0.158285
     2644000  0.206145
     2645000  0.260956
     2646000  0.123479
     2647000  0.187670
     2648000  0.188524
     2649000  0.163657
     2650000  0.158138
     2651000  0.181022
     2652000  0.084408
     2653000  0.132002
     2654000  0.210839
     2655000  0.154127
     2656000  0.169419
     2657000  0.179420
     2658000  0.188559
     2659000  0.153547
     2660000  0.133093
     2661000  0.145320
     2662000  0.165023
     2663000  0.177294
     2664000  0.135317
     2665000  0.149086
     2666000  0.214349
     2667000  0.196633
     2668000  0.170603
     2669000  0.175262
     2670000  0.100265
     2671000  0.166839
     2672000  0.166099
     2673000  0.187388
     2674000  0.248936
     2675000  0.257870
     2676000  0.143171
     2677000  0.160369
     2678000  0.130245
     2679000  0.186746
     2680000  0.235433
     2681000  0.192417
     2682000  0.113900
     2683000  0.128004
     2684000  0.141237
     2685000  0.155783
     2686000  0.157619
     2687000  0.166774
     2688000  0.148947
     2689000  0.198695
     2690000  0.135040
     2691000  0.174429
     2692000  0.130996
     2693000  0.190197
     2694000  0.153658
     2695000  0.130415
     2696000  0.091189
     2697000  0.167748
     2698000  0.148254
     2699000  0.181716
     2700000  0.258658
     2701000  0.119986
     2702000  0.198247
     2703000  0.122150
     2704000  0.157833
     2705000  0.164547
     2706000  0.204388
     2707000  0.186655
     2708000  0.168334
     2709000  0.257446
     2710000  0.140322
     2711000  0.159686
     2712000  0.154113
     2713000  0.167263
     2714000  0.158450
     2715000  0.167625
     2716000  0.164380
     2717000  0.161692
     2718000  0.190960
     2719000  0.200059
     2720000  0.169119
     2721000  0.118455
     2722000  0.197189
     2723000  0.174728
     2724000  0.128424
     2725000  0.185922
     2726000  0.189451
     2727000  0.234376
     2728000  0.099831
     2729000  0.127708
     2730000  0.170903
     2731000  0.147718
     2732000  0.226721
     2733000  0.176999
     2734000  0.162749
     2735000  0.143640
     2736000  0.149647
     2737000  0.136384
     2738000  0.178829
     2739000  0.149837
     2740000  0.131336
     2741000  0.136385
     2742000  0.123012
     2743000  0.147411
     2744000  0.165517
     2745000  0.195814
     2746000  0.233817
     2747000  0.207813
     2748000  0.197452
     2749000  0.145638
     2750000  0.169272
     2751000  0.149342
     2752000  0.153583
     2753000  0.097067
     2754000  0.184618
     2755000  0.146407
     2756000  0.115582
     2757000  0.132647
     2758000  0.189294
     2759000  0.101484
     2760000  0.226434
     2761000  0.179914
     2762000  0.131043
     2763000  0.167114
     2764000  0.208946
     2765000  0.264512
     2766000  0.120474
     2767000  0.107346
     2768000  0.172651
     2769000  0.134787
     2770000  0.157495
     2771000  0.109966
     2772000  0.138636
     2773000  0.177936
     2774000  0.207806
     2775000  0.172122
     2776000  0.155265
     2777000  0.114740
     2778000  0.212519
     2779000  0.142105
     2780000  0.162523
     2781000  0.163944
     2782000  0.152243
     2783000  0.164975
     2784000  0.271250
     2785000  0.186786
     2786000  0.198130
     2787000  0.201374
     2788000  0.157597
     2789000  0.163869
     2790000  0.201222
     2791000  0.178684
     2792000  0.148980
     2793000  0.126880
     2794000  0.205256
     2795000  0.232841
     2796000  0.193138
     2797000  0.159895
     2798000  0.205004
     2799000  0.280220
     2800000  0.273451
     2801000  0.183919
     2802000  0.182409
     2803000  0.172901
     2804000  0.172748
     2805000  0.119554
     2806000  0.194660
     2807000  0.129586
     2808000  0.255536
     2809000  0.173619
     2810000  0.184540
     2811000  0.171572
     2812000  0.125235
     2813000  0.127378
     2814000  0.171396
     2815000  0.178886
     2816000  0.175034
     2817000  0.179236
     2818000  0.187825
     2819000  0.187704
     2820000  0.212741
     2821000  0.181320
     2822000  0.155454
     2823000  0.171434
     2824000  0.155317
     2825000  0.191675
     2826000  0.164223
     2827000  0.150119
     2828000  0.132314
     2829000  0.147946
     2830000  0.144359
     2831000  0.167462
     2832000  0.210573
     2833000  0.148183
     2834000  0.181862
     2835000  0.228593
     2836000  0.156280
     2837000  0.147599
     2838000  0.139199
     2839000  0.219769
     2840000  0.154393
     2841000  0.161431
     2842000  0.132517
     2843000  0.140856
     2844000  0.194391
     2845000  0.210704
     2846000  0.136264
     2847000  0.132081
     2848000  0.147777
     2849000  0.152807
     2850000  0.138324
     2851000  0.185563
     2852000  0.162799
     2853000  0.212219
     2854000  0.148933
     2855000  0.134547
     2856000  0.222112
     2857000  0.202714
     2858000  0.207534
     2859000  0.192990
     2860000  0.172197
     2861000  0.203052
     2862000  0.120973
     2863000  0.165683
     2864000  0.181788
     2865000  0.162548
     2866000  0.168966
     2867000  0.152945
     2868000  0.151594
     2869000  0.137316
     2870000  0.214336
     2871000  0.137644
     2872000  0.164761
     2873000  0.118204
     2874000  0.201617
     2875000  0.155420
     2876000  0.199239
     2877000  0.112732
     2878000  0.128994
     2879000  0.174233
     2880000  0.141488
     2881000  0.146035
     2882000  0.186279
     2883000  0.185874
     2884000  0.125255
     2885000  0.172053
     2886000  0.176785
     2887000  0.223194
     2888000  0.153608
     2889000  0.179946
     2890000  0.168204
     2891000  0.136745
     2892000  0.099022
     2893000  0.143053
     2894000  0.199595
     2895000  0.130670
     2896000  0.131910
     2897000  0.197996
     2898000  0.166174
     2899000  0.156347
     2900000  0.208252
     2901000  0.072744
     2902000  0.177001
     2903000  0.145126
     2904000  0.188751
     2905000  0.187991
     2906000  0.152779
     2907000  0.219441
     2908000  0.108268
     2909000  0.187065
     2910000  0.171489
     2911000  0.214597
     2912000  0.145805
     2913000  0.123702
     2914000  0.123232
     2915000  0.108308
     2916000  0.125402
     2917000  0.209858
     2918000  0.163956
     2919000  0.154697
     2920000  0.139877
     2921000  0.199026
     2922000  0.151353
     2923000  0.175662
     2924000  0.128937
     2925000  0.162159
     2926000  0.153419
     2927000  0.114234
     2928000  0.165719
     2929000  0.140062
     2930000  0.124158
     2931000  0.197003
     2932000  0.146901
     2933000  0.215912
     2934000  0.150343
     2935000  0.179343
     2936000  0.107476
     2937000  0.183383
     2938000  0.225656
     2939000  0.221215
     2940000  0.178361
     2941000  0.143606
     2942000  0.128993
     2943000  0.197216
     2944000  0.198948
     2945000  0.183922
     2946000  0.180292
     2947000  0.164829
     2948000  0.124576
     2949000  0.154893
     2950000  0.203041
     2951000  0.125738
     2952000  0.204209
     2953000  0.180538
     2954000  0.118329
     2955000  0.138501
     2956000  0.158679
     2957000  0.219760
     2958000  0.221465
     2959000  0.205422
     2960000  0.233379
     2961000  0.164854
     2962000  0.133821
     2963000  0.182268
     2964000  0.256270
     2965000  0.142180
     2966000  0.133169
     2967000  0.120787
     2968000  0.248099
     2969000  0.119805
     2970000  0.124216
     2971000  0.195931
     2972000  0.144933
     2973000  0.205098
     2974000  0.183601
     2975000  0.172242
     2976000  0.114816
     2977000  0.175244
     2978000  0.193205
     2979000  0.181314
     2980000  0.195431
     2981000  0.203142
     2982000  0.128499
     2983000  0.193559
     2984000  0.142149
     2985000  0.171400
     2986000  0.124826
     2987000  0.190848
     2988000  0.129051
     2989000  0.228861
     2990000  0.197260
     2991000  0.150658
     2992000  0.209673
     2993000  0.108549
     2994000  0.153620
     2995000  0.152408
     2996000  0.119608
     2997000  0.221183
     2998000  0.135554
     2999000  0.178149
     3000000  0.228461
