    genPlus1     spaQ
        1000  0.279096
        2000  0.218229
        3000  0.256897
        4000  0.326184
        5000  0.277552
        6000  0.208054
        7000  0.301446
        8000  0.327868
        9000  0.327393
       10000  0.275458
       11000  0.255463
       12000  0.285101
       13000  0.228853
       14000  0.272978
       15000  0.294925
       16000  0.295908
       17000  0.275747
       18000  0.198252
       19000  0.309348
       20000  0.259474
       21000  0.298158
       22000  0.348578
       23000  0.265404
       24000  0.246939
       25000  0.247468
       26000  0.268091
       27000  0.232092
       28000  0.213891
       29000  0.273026
       30000  0.309189
       31000  0.321168
       32000  0.198549
       33000  0.231048
       34000  0.302325
       35000  0.315345
       36000  0.226297
       37000  0.232828
       38000  0.267870
       39000  0.264611
       40000  0.289524
       41000  0.196486
       42000  0.362132
       43000  0.346266
       44000  0.294792
       45000  0.359180
       46000  0.240210
       47000  0.255912
       48000  0.285339
       49000  0.219709
       50000  0.262640
       51000  0.293172
       52000  0.253002
       53000  0.285897
       54000  0.290333
       55000  0.279758
       56000  0.214683
       57000  0.270171
       58000  0.251470
       59000  0.326871
       60000  0.207308
       61000  0.321314
       62000  0.226471
       63000  0.226791
       64000  0.271274
       65000  0.260017
       66000  0.276365
       67000  0.293899
       68000  0.219913
       69000  0.320372
       70000  0.217961
       71000  0.314397
       72000  0.291142
       73000  0.283457
       74000  0.282994
       75000  0.244720
       76000  0.268481
       77000  0.241902
       78000  0.231939
       79000  0.251948
       80000  0.250529
       81000  0.282531
       82000  0.278826
       83000  0.248211
       84000  0.232710
       85000  0.224033
       86000  0.285475
       87000  0.324593
       88000  0.261424
       89000  0.318290
       90000  0.304376
       91000  0.225100
       92000  0.241401
       93000  0.224770
       94000  0.265311
       95000  0.226872
       96000  0.200785
       97000  0.271523
       98000  0.298692
       99000  0.261574
      100000  0.294154
      101000  0.219573
      102000  0.249879
      103000  0.355597
      104000  0.233614
      105000  0.202075
      106000  0.296250
      107000  0.236503
      108000  0.252910
      109000  0.292941
      110000  0.290844
      111000  0.226003
      112000  0.272707
      113000  0.239013
      114000  0.290038
      115000  0.288083
      116000  0.254347
      117000  0.246527
      118000  0.306487
      119000  0.248862
      120000  0.231404
      121000  0.262125
      122000  0.252379
      123000  0.236085
      124000  0.271479
      125000  0.319492
      126000  0.262901
      127000  0.264656
      128000  0.219460
      129000  0.249161
      130000  0.342606
      131000  0.272794
      132000  0.252758
      133000  0.267444
      134000  0.251401
      135000  0.274293
      136000  0.295630
      137000  0.215160
      138000  0.232796
      139000  0.243732
      140000  0.269234
      141000  0.277182
      142000  0.224858
      143000  0.249716
      144000  0.233066
      145000  0.251803
      146000  0.235718
      147000  0.289911
      148000  0.312933
      149000  0.234354
      150000  0.295510
      151000  0.264988
      152000  0.333609
      153000  0.302086
      154000  0.186272
      155000  0.264269
      156000  0.322488
      157000  0.283599
      158000  0.271219
      159000  0.266601
      160000  0.247327
      161000  0.263689
      162000  0.270915
      163000  0.244934
      164000  0.242956
      165000  0.288821
      166000  0.289860
      167000  0.268714
      168000  0.283543
      169000  0.203492
      170000  0.247919
      171000  0.224822
      172000  0.298550
      173000  0.208976
      174000  0.323744
      175000  0.277903
      176000  0.265045
      177000  0.341654
      178000  0.273306
      179000  0.288792
      180000  0.273034
      181000  0.301586
      182000  0.231692
      183000  0.315248
      184000  0.195717
      185000  0.248578
      186000  0.204582
      187000  0.205688
      188000  0.281439
      189000  0.200916
      190000  0.341993
      191000  0.209933
      192000  0.286497
      193000  0.262363
      194000  0.260134
      195000  0.264341
      196000  0.205393
      197000  0.255257
      198000  0.319395
      199000  0.266043
      200000  0.285731
      201000  0.212295
      202000  0.259055
      203000  0.334561
      204000  0.296754
      205000  0.303088
      206000  0.252370
      207000  0.203131
      208000  0.244886
      209000  0.203228
      210000  0.244878
      211000  0.258976
      212000  0.273827
      213000  0.262521
      214000  0.313431
      215000  0.261515
      216000  0.224292
      217000  0.343209
      218000  0.277789
      219000  0.270732
      220000  0.301362
      221000  0.241632
      222000  0.257639
      223000  0.245524
      224000  0.244300
      225000  0.280543
      226000  0.238358
      227000  0.311903
      228000  0.215112
      229000  0.318491
      230000  0.252369
      231000  0.228120
      232000  0.315785
      233000  0.233536
      234000  0.378501
      235000  0.279993
      236000  0.239299
      237000  0.315995
      238000  0.239954
      239000  0.260557
      240000  0.280170
      241000  0.276105
      242000  0.312065
      243000  0.242578
      244000  0.315170
      245000  0.233538
      246000  0.254222
      247000  0.343817
      248000  0.244321
      249000  0.286438
      250000  0.275728
      251000  0.237481
      252000  0.218154
      253000  0.267740
      254000  0.293404
      255000  0.277015
      256000  0.234220
      257000  0.237361
      258000  0.240002
      259000  0.298846
      260000  0.245709
      261000  0.284278
      262000  0.303311
      263000  0.300008
      264000  0.289289
      265000  0.237400
      266000  0.260330
      267000  0.249380
      268000  0.220264
      269000  0.272775
      270000  0.239537
      271000  0.265899
      272000  0.237426
      273000  0.208194
      274000  0.283820
      275000  0.274151
      276000  0.262133
      277000  0.313341
      278000  0.230360
      279000  0.196986
      280000  0.269741
      281000  0.316022
      282000  0.254950
      283000  0.285015
      284000  0.297451
      285000  0.232378
      286000  0.285133
      287000  0.363878
      288000  0.234946
      289000  0.306740
      290000  0.270850
      291000  0.279498
      292000  0.228043
      293000  0.274580
      294000  0.305243
      295000  0.226113
      296000  0.240140
      297000  0.177708
      298000  0.316135
      299000  0.236939
      300000  0.272943
      301000  0.247279
      302000  0.239023
      303000  0.314009
      304000  0.278020
      305000  0.312375
      306000  0.327514
      307000  0.294471
      308000  0.230738
      309000  0.299269
      310000  0.290332
      311000  0.275684
      312000  0.244375
      313000  0.291076
      314000  0.270879
      315000  0.247298
      316000  0.302731
      317000  0.255806
      318000  0.267382
      319000  0.312145
      320000  0.221756
      321000  0.344330
      322000  0.304965
      323000  0.240171
      324000  0.211789
      325000  0.236221
      326000  0.235604
      327000  0.234159
      328000  0.309891
      329000  0.308809
      330000  0.254184
      331000  0.203630
      332000  0.284630
      333000  0.209791
      334000  0.312681
      335000  0.202466
      336000  0.272348
      337000  0.247639
      338000  0.321362
      339000  0.238655
      340000  0.315928
      341000  0.245670
      342000  0.297600
      343000  0.241339
      344000  0.294396
      345000  0.256048
      346000  0.257256
      347000  0.228334
      348000  0.248823
      349000  0.217357
      350000  0.309939
      351000  0.228153
      352000  0.205808
      353000  0.231560
      354000  0.278092
      355000  0.323639
      356000  0.305654
      357000  0.258560
      358000  0.274449
      359000  0.229230
      360000  0.264335
      361000  0.314180
      362000  0.301390
      363000  0.278949
      364000  0.227443
      365000  0.274283
      366000  0.244259
      367000  0.279357
      368000  0.219410
      369000  0.263783
      370000  0.243727
      371000  0.273482
      372000  0.325704
      373000  0.244194
      374000  0.211377
      375000  0.218483
      376000  0.193700
      377000  0.243618
      378000  0.289776
      379000  0.204515
      380000  0.277162
      381000  0.338446
      382000  0.314152
      383000  0.352242
      384000  0.234302
      385000  0.206534
      386000  0.232762
      387000  0.285007
      388000  0.251509
      389000  0.227066
      390000  0.261353
      391000  0.234859
      392000  0.294604
      393000  0.274685
      394000  0.245602
      395000  0.304498
      396000  0.296658
      397000  0.281059
      398000  0.333731
      399000  0.328134
      400000  0.285284
      401000  0.247152
      402000  0.260571
      403000  0.236751
      404000  0.331463
      405000  0.219192
      406000  0.270981
      407000  0.347696
      408000  0.275154
      409000  0.267839
      410000  0.263260
      411000  0.239657
      412000  0.277207
      413000  0.307901
      414000  0.263783
      415000  0.244367
      416000  0.245882
      417000  0.328183
      418000  0.241279
      419000  0.255345
      420000  0.333335
      421000  0.260315
      422000  0.254666
      423000  0.270028
      424000  0.211516
      425000  0.220730
      426000  0.282831
      427000  0.289232
      428000  0.252176
      429000  0.233170
      430000  0.305753
      431000  0.292312
      432000  0.222514
      433000  0.257319
      434000  0.304370
      435000  0.301340
      436000  0.253544
      437000  0.217937
      438000  0.276812
      439000  0.270279
      440000  0.276132
      441000  0.290666
      442000  0.274901
      443000  0.220036
      444000  0.307508
      445000  0.194718
      446000  0.330045
      447000  0.274240
      448000  0.225204
      449000  0.325540
      450000  0.287923
      451000  0.284923
      452000  0.266436
      453000  0.282998
      454000  0.237622
      455000  0.259285
      456000  0.294955
      457000  0.235910
      458000  0.267390
      459000  0.257553
      460000  0.343449
      461000  0.241559
      462000  0.268299
      463000  0.261477
      464000  0.325911
      465000  0.279483
      466000  0.240922
      467000  0.274904
      468000  0.284828
      469000  0.227078
      470000  0.276286
      471000  0.270499
      472000  0.268753
      473000  0.258232
      474000  0.294420
      475000  0.264258
      476000  0.284905
      477000  0.257552
      478000  0.227322
      479000  0.315665
      480000  0.280563
      481000  0.236228
      482000  0.299829
      483000  0.317930
      484000  0.277574
      485000  0.221487
      486000  0.258983
      487000  0.219358
      488000  0.188034
      489000  0.242667
      490000  0.353232
      491000  0.270283
      492000  0.208619
      493000  0.209227
      494000  0.286829
      495000  0.239127
      496000  0.347898
      497000  0.264171
      498000  0.276468
      499000  0.227219
      500000  0.217248
      501000  0.225694
      502000  0.320900
      503000  0.295855
      504000  0.187913
      505000  0.301928
      506000  0.282314
      507000  0.190535
      508000  0.268695
      509000  0.258709
      510000  0.248757
      511000  0.220844
      512000  0.260511
      513000  0.246761
      514000  0.258136
      515000  0.256932
      516000  0.229460
      517000  0.276838
      518000  0.236489
      519000  0.224069
      520000  0.234979
      521000  0.247532
      522000  0.279398
      523000  0.249758
      524000  0.222713
      525000  0.304911
      526000  0.235261
      527000  0.281574
      528000  0.290759
      529000  0.261217
      530000  0.289172
      531000  0.269256
      532000  0.326529
      533000  0.306395
      534000  0.212398
      535000  0.212734
      536000  0.295387
      537000  0.363191
      538000  0.262416
      539000  0.273806
      540000  0.261662
      541000  0.259535
      542000  0.207069
      543000  0.240006
      544000  0.205517
      545000  0.324238
      546000  0.291490
      547000  0.315083
      548000  0.292757
      549000  0.234905
      550000  0.302486
      551000  0.216184
      552000  0.241371
      553000  0.305416
      554000  0.253272
      555000  0.236407
      556000  0.246095
      557000  0.257941
      558000  0.256170
      559000  0.245797
      560000  0.253547
      561000  0.220985
      562000  0.315688
      563000  0.254822
      564000  0.246608
      565000  0.294818
      566000  0.328636
      567000  0.288808
      568000  0.316844
      569000  0.307688
      570000  0.237391
      571000  0.178041
      572000  0.230943
      573000  0.252299
      574000  0.251540
      575000  0.258968
      576000  0.228615
      577000  0.243185
      578000  0.159199
      579000  0.219068
      580000  0.300364
      581000  0.285555
      582000  0.263579
      583000  0.266478
      584000  0.353270
      585000  0.248579
      586000  0.242389
      587000  0.309586
      588000  0.327143
      589000  0.256030
      590000  0.335428
      591000  0.262502
      592000  0.270939
      593000  0.277012
      594000  0.219963
      595000  0.230645
      596000  0.181582
      597000  0.285791
      598000  0.278466
      599000  0.203635
      600000  0.261178
      601000  0.221475
      602000  0.344206
      603000  0.259119
      604000  0.261120
      605000  0.346894
      606000  0.310738
      607000  0.240891
      608000  0.259162
      609000  0.297842
      610000  0.306330
      611000  0.275729
      612000  0.269536
      613000  0.269968
      614000  0.267596
      615000  0.291449
      616000  0.377901
      617000  0.318661
      618000  0.221772
      619000  0.227654
      620000  0.306233
      621000  0.261524
      622000  0.231234
      623000  0.314115
      624000  0.280064
      625000  0.302414
      626000  0.228320
      627000  0.296165
      628000  0.280097
      629000  0.228749
      630000  0.228290
      631000  0.242274
      632000  0.244539
      633000  0.289022
      634000  0.283770
      635000  0.330634
      636000  0.285768
      637000  0.253893
      638000  0.268594
      639000  0.290968
      640000  0.182121
      641000  0.272016
      642000  0.254687
      643000  0.268237
      644000  0.311237
      645000  0.214712
      646000  0.178567
      647000  0.242112
      648000  0.270406
      649000  0.273659
      650000  0.303935
      651000  0.224050
      652000  0.184857
      653000  0.285970
      654000  0.205703
      655000  0.328843
      656000  0.246341
      657000  0.265950
      658000  0.271128
      659000  0.324899
      660000  0.270047
      661000  0.305397
      662000  0.316914
      663000  0.310704
      664000  0.207750
      665000  0.231801
      666000  0.298107
      667000  0.253860
      668000  0.276624
      669000  0.271536
      670000  0.258397
      671000  0.291005
      672000  0.257968
      673000  0.230304
      674000  0.215808
      675000  0.303738
      676000  0.310080
      677000  0.270637
      678000  0.325314
      679000  0.204287
      680000  0.213803
      681000  0.253704
      682000  0.296212
      683000  0.314282
      684000  0.310479
      685000  0.274731
      686000  0.232260
      687000  0.237474
      688000  0.284091
      689000  0.224012
      690000  0.223204
      691000  0.249379
      692000  0.287255
      693000  0.322011
      694000  0.184469
      695000  0.263003
      696000  0.245836
      697000  0.241239
      698000  0.340236
      699000  0.291747
      700000  0.221498
      701000  0.226660
      702000  0.233911
      703000  0.289557
      704000  0.240674
      705000  0.301064
      706000  0.261301
      707000  0.299620
      708000  0.253289
      709000  0.240687
      710000  0.321941
      711000  0.274124
      712000  0.291723
      713000  0.244087
      714000  0.238547
      715000  0.195272
      716000  0.236598
      717000  0.229798
      718000  0.275204
      719000  0.228899
      720000  0.274900
      721000  0.298033
      722000  0.261918
      723000  0.264855
      724000  0.225904
      725000  0.279942
      726000  0.278164
      727000  0.209764
      728000  0.315786
      729000  0.229314
      730000  0.359299
      731000  0.255418
      732000  0.308741
      733000  0.213125
      734000  0.190490
      735000  0.295000
      736000  0.256030
      737000  0.279163
      738000  0.247106
      739000  0.274181
      740000  0.293280
      741000  0.295177
      742000  0.235770
      743000  0.290395
      744000  0.282806
      745000  0.266818
      746000  0.259142
      747000  0.265262
      748000  0.285010
      749000  0.264228
      750000  0.280615
      751000  0.264015
      752000  0.245152
      753000  0.256276
      754000  0.313608
      755000  0.289061
      756000  0.226933
      757000  0.342764
      758000  0.245631
      759000  0.247532
      760000  0.302808
      761000  0.248609
      762000  0.270012
      763000  0.318231
      764000  0.348426
      765000  0.282837
      766000  0.288994
      767000  0.223816
      768000  0.264122
      769000  0.262534
      770000  0.323119
      771000  0.312035
      772000  0.304269
      773000  0.251623
      774000  0.211520
      775000  0.273672
      776000  0.306963
      777000  0.247391
      778000  0.210444
      779000  0.292606
      780000  0.298437
      781000  0.265655
      782000  0.329111
      783000  0.288689
      784000  0.292733
      785000  0.337083
      786000  0.302194
      787000  0.342643
      788000  0.246062
      789000  0.256078
      790000  0.274752
      791000  0.246449
      792000  0.284482
      793000  0.247045
      794000  0.227857
      795000  0.227898
      796000  0.192286
      797000  0.264546
      798000  0.223401
      799000  0.236659
      800000  0.240995
      801000  0.261781
      802000  0.252146
      803000  0.214314
      804000  0.315452
      805000  0.263702
      806000  0.250752
      807000  0.309079
      808000  0.310066
      809000  0.256305
      810000  0.199926
      811000  0.251376
      812000  0.224495
      813000  0.302101
      814000  0.216462
      815000  0.233043
      816000  0.340936
      817000  0.246361
      818000  0.251671
      819000  0.231660
      820000  0.223849
      821000  0.307165
      822000  0.218858
      823000  0.268433
      824000  0.291601
      825000  0.266393
      826000  0.220165
      827000  0.239272
      828000  0.264095
      829000  0.283428
      830000  0.250331
      831000  0.226609
      832000  0.280665
      833000  0.274441
      834000  0.261046
      835000  0.339108
      836000  0.264464
      837000  0.232376
      838000  0.282076
      839000  0.316976
      840000  0.276511
      841000  0.261122
      842000  0.275659
      843000  0.306657
      844000  0.185012
      845000  0.251870
      846000  0.289098
      847000  0.189402
      848000  0.301699
      849000  0.232990
      850000  0.287115
      851000  0.286392
      852000  0.233574
      853000  0.295043
      854000  0.242405
      855000  0.322247
      856000  0.301266
      857000  0.299956
      858000  0.248357
      859000  0.230369
      860000  0.229992
      861000  0.258517
      862000  0.219850
      863000  0.266735
      864000  0.289131
      865000  0.261955
      866000  0.294141
      867000  0.331432
      868000  0.240402
      869000  0.270760
      870000  0.260593
      871000  0.302815
      872000  0.283069
      873000  0.245331
      874000  0.248965
      875000  0.273588
      876000  0.274075
      877000  0.190595
      878000  0.199733
      879000  0.287250
      880000  0.215026
      881000  0.234404
      882000  0.266045
      883000  0.259489
      884000  0.241950
      885000  0.254523
      886000  0.244431
      887000  0.268494
      888000  0.286769
      889000  0.295186
      890000  0.314221
      891000  0.258055
      892000  0.282346
      893000  0.278049
      894000  0.221411
      895000  0.270102
      896000  0.200260
      897000  0.263681
      898000  0.277357
      899000  0.242388
      900000  0.323877
      901000  0.316881
      902000  0.259780
      903000  0.213757
      904000  0.267893
      905000  0.330358
      906000  0.291239
      907000  0.251855
      908000  0.258320
      909000  0.255641
      910000  0.245958
      911000  0.302562
      912000  0.285981
      913000  0.195269
      914000  0.245085
      915000  0.255140
      916000  0.248419
      917000  0.184396
      918000  0.281995
      919000  0.249017
      920000  0.252271
      921000  0.263991
      922000  0.246986
      923000  0.290857
      924000  0.226392
      925000  0.246260
      926000  0.199540
      927000  0.291918
      928000  0.266969
      929000  0.228447
      930000  0.264089
      931000  0.259113
      932000  0.212904
      933000  0.259698
      934000  0.276979
      935000  0.212399
      936000  0.280263
      937000  0.227466
      938000  0.263849
      939000  0.249194
      940000  0.271671
      941000  0.215460
      942000  0.261995
      943000  0.274657
      944000  0.294460
      945000  0.212561
      946000  0.261043
      947000  0.212555
      948000  0.203548
      949000  0.305194
      950000  0.317911
      951000  0.214976
      952000  0.252455
      953000  0.215286
      954000  0.317440
      955000  0.307075
      956000  0.250835
      957000  0.333675
      958000  0.288596
      959000  0.308009
      960000  0.236697
      961000  0.230877
      962000  0.237344
      963000  0.242425
      964000  0.274588
      965000  0.267367
      966000  0.258758
      967000  0.264450
      968000  0.306082
      969000  0.279277
      970000  0.226433
      971000  0.263044
      972000  0.357077
      973000  0.307567
      974000  0.228510
      975000  0.219274
      976000  0.214929
      977000  0.264151
      978000  0.263820
      979000  0.287438
      980000  0.221757
      981000  0.215894
      982000  0.221879
      983000  0.293138
      984000  0.269585
      985000  0.338576
      986000  0.288009
      987000  0.275425
      988000  0.268926
      989000  0.249418
      990000  0.228115
      991000  0.278200
      992000  0.280035
      993000  0.248253
      994000  0.303143
      995000  0.247185
      996000  0.229517
      997000  0.235174
      998000  0.274678
      999000  0.220246
     1000000  0.282659
