    genPlus1     spaQ
        1000  0.408779
        2000  0.408210
        3000  0.407919
        4000  0.404788
        5000  0.391891
        6000  0.431905
        7000  0.418760
        8000  0.422437
        9000  0.408049
       10000  0.417902
       11000  0.424228
       12000  0.402841
       13000  0.418942
       14000  0.418134
       15000  0.392500
       16000  0.418667
       17000  0.394111
       18000  0.387651
       19000  0.402964
       20000  0.407172
       21000  0.391177
       22000  0.391097
       23000  0.392817
       24000  0.395313
       25000  0.435308
       26000  0.407823
       27000  0.385828
       28000  0.412068
       29000  0.390162
       30000  0.387214
       31000  0.409732
       32000  0.423262
       33000  0.396128
       34000  0.399481
       35000  0.424777
       36000  0.393038
       37000  0.435947
       38000  0.415705
       39000  0.412855
       40000  0.419707
       41000  0.416960
       42000  0.416739
       43000  0.401623
       44000  0.414048
       45000  0.403013
       46000  0.393300
       47000  0.403466
       48000  0.412822
       49000  0.407883
       50000  0.442092
       51000  0.433019
       52000  0.429348
       53000  0.409216
       54000  0.443055
       55000  0.428317
       56000  0.427862
       57000  0.432982
       58000  0.395804
       59000  0.395666
       60000  0.387830
       61000  0.413376
       62000  0.396937
       63000  0.399310
       64000  0.404465
       65000  0.405672
       66000  0.393613
       67000  0.410708
       68000  0.387811
       69000  0.429188
       70000  0.401735
       71000  0.403887
       72000  0.439784
       73000  0.419955
       74000  0.422416
       75000  0.411260
       76000  0.382581
       77000  0.438968
       78000  0.412693
       79000  0.393567
       80000  0.404280
       81000  0.399289
       82000  0.409668
       83000  0.399222
       84000  0.401914
       85000  0.404035
       86000  0.424846
       87000  0.407537
       88000  0.413950
       89000  0.411948
       90000  0.406416
       91000  0.416457
       92000  0.404211
       93000  0.434966
       94000  0.407394
       95000  0.411694
       96000  0.402877
       97000  0.396521
       98000  0.412072
       99000  0.409320
      100000  0.403926
      101000  0.401612
      102000  0.379976
      103000  0.428626
      104000  0.414335
      105000  0.374745
      106000  0.405654
      107000  0.420183
      108000  0.419135
      109000  0.387089
      110000  0.456467
      111000  0.403073
      112000  0.419936
      113000  0.414731
      114000  0.405745
      115000  0.414562
      116000  0.394546
      117000  0.402749
      118000  0.396075
      119000  0.379762
      120000  0.408773
      121000  0.414232
      122000  0.382806
      123000  0.431271
      124000  0.399914
      125000  0.408554
      126000  0.371911
      127000  0.417566
      128000  0.418465
      129000  0.389004
      130000  0.422294
      131000  0.392798
      132000  0.375569
      133000  0.406445
      134000  0.396194
      135000  0.399483
      136000  0.389754
      137000  0.406992
      138000  0.421039
      139000  0.406094
      140000  0.389470
      141000  0.381818
      142000  0.395424
      143000  0.425246
      144000  0.404464
      145000  0.398531
      146000  0.415788
      147000  0.402633
      148000  0.393339
      149000  0.417791
      150000  0.379741
      151000  0.413831
      152000  0.409739
      153000  0.390627
      154000  0.404459
      155000  0.405900
      156000  0.393113
      157000  0.385717
      158000  0.424868
      159000  0.425981
      160000  0.392260
      161000  0.409970
      162000  0.431441
      163000  0.409146
      164000  0.399257
      165000  0.400464
      166000  0.412285
      167000  0.423440
      168000  0.390744
      169000  0.404448
      170000  0.398685
      171000  0.426032
      172000  0.391857
      173000  0.427266
      174000  0.397889
      175000  0.375475
      176000  0.399997
      177000  0.412199
      178000  0.426957
      179000  0.391017
      180000  0.382377
      181000  0.392046
      182000  0.416500
      183000  0.395661
      184000  0.439294
      185000  0.439047
      186000  0.426066
      187000  0.404577
      188000  0.387256
      189000  0.414818
      190000  0.378146
      191000  0.407575
      192000  0.420355
      193000  0.426774
      194000  0.444861
      195000  0.442244
      196000  0.432571
      197000  0.405190
      198000  0.384430
      199000  0.440190
      200000  0.395723
      201000  0.403198
      202000  0.395130
      203000  0.427555
      204000  0.426099
      205000  0.404153
      206000  0.402883
      207000  0.430717
      208000  0.393400
      209000  0.394006
      210000  0.392559
      211000  0.390611
      212000  0.425307
      213000  0.412357
      214000  0.418782
      215000  0.405293
      216000  0.401617
      217000  0.391148
      218000  0.383212
      219000  0.413794
      220000  0.391803
      221000  0.425086
      222000  0.420057
      223000  0.393885
      224000  0.381949
      225000  0.420566
      226000  0.393816
      227000  0.385375
      228000  0.409643
      229000  0.404587
      230000  0.422434
      231000  0.424185
      232000  0.404574
      233000  0.423892
      234000  0.408155
      235000  0.389927
      236000  0.409112
      237000  0.391332
      238000  0.439921
      239000  0.432820
      240000  0.397409
      241000  0.402704
      242000  0.396512
      243000  0.398464
      244000  0.410511
      245000  0.381264
      246000  0.424342
      247000  0.382154
      248000  0.411386
      249000  0.428938
      250000  0.424550
      251000  0.426137
      252000  0.391831
      253000  0.395537
      254000  0.421708
      255000  0.391055
      256000  0.397154
      257000  0.410995
      258000  0.387903
      259000  0.417286
      260000  0.385572
      261000  0.379293
      262000  0.420783
      263000  0.379578
      264000  0.399895
      265000  0.418526
      266000  0.385468
      267000  0.419034
      268000  0.421603
      269000  0.385506
      270000  0.387606
      271000  0.394198
      272000  0.389752
      273000  0.383792
      274000  0.394625
      275000  0.420828
      276000  0.430808
      277000  0.406592
      278000  0.417874
      279000  0.418258
      280000  0.410621
      281000  0.424876
      282000  0.422078
      283000  0.402884
      284000  0.394896
      285000  0.395218
      286000  0.402700
      287000  0.405723
      288000  0.395126
      289000  0.440221
      290000  0.396135
      291000  0.403490
      292000  0.395826
      293000  0.409300
      294000  0.428018
      295000  0.424709
      296000  0.412965
      297000  0.412579
      298000  0.419229
      299000  0.386999
      300000  0.432054
      301000  0.414302
      302000  0.420716
      303000  0.430367
      304000  0.403932
      305000  0.441205
      306000  0.403443
      307000  0.392265
      308000  0.427829
      309000  0.420580
      310000  0.402114
      311000  0.403807
      312000  0.408513
      313000  0.402307
      314000  0.439807
      315000  0.431109
      316000  0.402070
      317000  0.402343
      318000  0.370089
      319000  0.417060
      320000  0.416584
      321000  0.384435
      322000  0.407980
      323000  0.415212
      324000  0.438853
      325000  0.399976
      326000  0.415214
      327000  0.396361
      328000  0.401356
      329000  0.400562
      330000  0.398743
      331000  0.385256
      332000  0.412139
      333000  0.388557
      334000  0.375653
      335000  0.431976
      336000  0.392080
      337000  0.391748
      338000  0.403380
      339000  0.407176
      340000  0.397762
      341000  0.409362
      342000  0.410055
      343000  0.411369
      344000  0.399392
      345000  0.412507
      346000  0.397856
      347000  0.409244
      348000  0.430896
      349000  0.433760
      350000  0.410637
      351000  0.413125
      352000  0.431022
      353000  0.384229
      354000  0.368255
      355000  0.431946
      356000  0.400476
      357000  0.423470
      358000  0.388457
      359000  0.387777
      360000  0.407476
      361000  0.412451
      362000  0.405703
      363000  0.384673
      364000  0.427542
      365000  0.402627
      366000  0.399488
      367000  0.421372
      368000  0.409696
      369000  0.411062
      370000  0.387895
      371000  0.444573
      372000  0.414091
      373000  0.409850
      374000  0.407121
      375000  0.415749
      376000  0.397389
      377000  0.431227
      378000  0.413875
      379000  0.414166
      380000  0.422777
      381000  0.393396
      382000  0.392544
      383000  0.404353
      384000  0.442593
      385000  0.391659
      386000  0.415912
      387000  0.395239
      388000  0.414824
      389000  0.413808
      390000  0.398306
      391000  0.400093
      392000  0.414510
      393000  0.397997
      394000  0.416581
      395000  0.389204
      396000  0.419378
      397000  0.405033
      398000  0.428347
      399000  0.388118
      400000  0.428292
      401000  0.389164
      402000  0.415403
      403000  0.390170
      404000  0.437107
      405000  0.405735
      406000  0.431903
      407000  0.406674
      408000  0.390028
      409000  0.405039
      410000  0.393767
      411000  0.389750
      412000  0.429295
      413000  0.437162
      414000  0.413741
      415000  0.402898
      416000  0.432177
      417000  0.427503
      418000  0.419720
      419000  0.380038
      420000  0.423354
      421000  0.406321
      422000  0.431038
      423000  0.399718
      424000  0.438907
      425000  0.428319
      426000  0.413924
      427000  0.412742
      428000  0.405606
      429000  0.431049
      430000  0.418669
      431000  0.395907
      432000  0.388656
      433000  0.430481
      434000  0.397260
      435000  0.408382
      436000  0.408457
      437000  0.372509
      438000  0.428480
      439000  0.411364
      440000  0.399806
      441000  0.386684
      442000  0.405568
      443000  0.405027
      444000  0.404824
      445000  0.416208
      446000  0.429962
      447000  0.395825
      448000  0.391297
      449000  0.413495
      450000  0.412052
      451000  0.430858
      452000  0.412962
      453000  0.404930
      454000  0.402656
      455000  0.399573
      456000  0.384546
      457000  0.408915
      458000  0.430018
      459000  0.429629
      460000  0.420661
      461000  0.376730
      462000  0.386036
      463000  0.421122
      464000  0.409874
      465000  0.390109
      466000  0.430248
      467000  0.429527
      468000  0.387768
      469000  0.381525
      470000  0.405041
      471000  0.399809
      472000  0.440381
      473000  0.424853
      474000  0.378002
      475000  0.419017
      476000  0.401214
      477000  0.425379
      478000  0.411013
      479000  0.391182
      480000  0.425569
      481000  0.408529
      482000  0.420202
      483000  0.400338
      484000  0.406383
      485000  0.401228
      486000  0.402271
      487000  0.411252
      488000  0.428947
      489000  0.399988
      490000  0.439747
      491000  0.395937
      492000  0.417010
      493000  0.403479
      494000  0.423949
      495000  0.451249
      496000  0.425039
      497000  0.393259
      498000  0.409864
      499000  0.434071
      500000  0.417569
      501000  0.404904
      502000  0.404067
      503000  0.390751
      504000  0.411947
      505000  0.403616
      506000  0.388682
      507000  0.418968
      508000  0.408374
      509000  0.427307
      510000  0.386469
      511000  0.418291
      512000  0.422428
      513000  0.407701
      514000  0.393083
      515000  0.399421
      516000  0.405617
      517000  0.404951
      518000  0.378028
      519000  0.402231
      520000  0.416771
      521000  0.435011
      522000  0.438845
      523000  0.393675
      524000  0.429101
      525000  0.405651
      526000  0.392253
      527000  0.407686
      528000  0.402499
      529000  0.422724
      530000  0.406695
      531000  0.439089
      532000  0.421904
      533000  0.405247
      534000  0.431659
      535000  0.398016
      536000  0.404139
      537000  0.411531
      538000  0.423348
      539000  0.396968
      540000  0.444052
      541000  0.405905
      542000  0.393310
      543000  0.415972
      544000  0.391514
      545000  0.415317
      546000  0.426505
      547000  0.413695
      548000  0.406361
      549000  0.396496
      550000  0.430443
      551000  0.410595
      552000  0.423769
      553000  0.401599
      554000  0.392134
      555000  0.391390
      556000  0.411991
      557000  0.405416
      558000  0.428690
      559000  0.390038
      560000  0.408395
      561000  0.414683
      562000  0.414482
      563000  0.392547
      564000  0.396125
      565000  0.393555
      566000  0.384384
      567000  0.402145
      568000  0.412354
      569000  0.421678
      570000  0.415202
      571000  0.403131
      572000  0.393034
      573000  0.399055
      574000  0.418837
      575000  0.397980
      576000  0.411524
      577000  0.405848
      578000  0.385668
      579000  0.418061
      580000  0.412558
      581000  0.437190
      582000  0.392993
      583000  0.401050
      584000  0.411479
      585000  0.434120
      586000  0.407867
      587000  0.406695
      588000  0.383646
      589000  0.424890
      590000  0.386785
      591000  0.372351
      592000  0.428555
      593000  0.418332
      594000  0.432515
      595000  0.385718
      596000  0.420587
      597000  0.430191
      598000  0.430412
      599000  0.399758
      600000  0.390140
      601000  0.413850
      602000  0.424067
      603000  0.406373
      604000  0.383438
      605000  0.430761
      606000  0.428552
      607000  0.406444
      608000  0.409457
      609000  0.407788
      610000  0.405920
      611000  0.437912
      612000  0.412563
      613000  0.406728
      614000  0.388661
      615000  0.390931
      616000  0.442812
      617000  0.391143
      618000  0.404805
      619000  0.436014
      620000  0.391308
      621000  0.406433
      622000  0.393597
      623000  0.439485
      624000  0.402658
      625000  0.420689
      626000  0.415103
      627000  0.413037
      628000  0.410660
      629000  0.382337
      630000  0.395063
      631000  0.389334
      632000  0.407255
      633000  0.430266
      634000  0.397568
      635000  0.404130
      636000  0.402221
      637000  0.440703
      638000  0.421134
      639000  0.381505
      640000  0.420938
      641000  0.388025
      642000  0.393507
      643000  0.420609
      644000  0.405776
      645000  0.399742
      646000  0.389229
      647000  0.411523
      648000  0.427224
      649000  0.386626
      650000  0.389888
      651000  0.416533
      652000  0.381173
      653000  0.420551
      654000  0.388709
      655000  0.399402
      656000  0.405794
      657000  0.408117
      658000  0.442456
      659000  0.410342
      660000  0.408197
      661000  0.391487
      662000  0.397435
      663000  0.439863
      664000  0.428388
      665000  0.411372
      666000  0.407267
      667000  0.405776
      668000  0.407485
      669000  0.403322
      670000  0.398141
      671000  0.389852
      672000  0.418089
      673000  0.420927
      674000  0.404214
      675000  0.413737
      676000  0.412909
      677000  0.380114
      678000  0.421855
      679000  0.383813
      680000  0.393914
      681000  0.420751
      682000  0.423973
      683000  0.398885
      684000  0.401181
      685000  0.388106
      686000  0.389241
      687000  0.416148
      688000  0.421278
      689000  0.417007
      690000  0.438108
      691000  0.405136
      692000  0.398431
      693000  0.385326
      694000  0.448316
      695000  0.416712
      696000  0.398360
      697000  0.394945
      698000  0.411659
      699000  0.436783
      700000  0.425417
      701000  0.422255
      702000  0.374450
      703000  0.430805
      704000  0.419882
      705000  0.395725
      706000  0.391735
      707000  0.401920
      708000  0.411209
      709000  0.404208
      710000  0.443627
      711000  0.381049
      712000  0.388645
      713000  0.425810
      714000  0.426917
      715000  0.397597
      716000  0.389959
      717000  0.404309
      718000  0.415490
      719000  0.421582
      720000  0.396225
      721000  0.416205
      722000  0.405976
      723000  0.430045
      724000  0.406910
      725000  0.382705
      726000  0.404511
      727000  0.435195
      728000  0.386696
      729000  0.394517
      730000  0.419463
      731000  0.391287
      732000  0.438684
      733000  0.429314
      734000  0.400543
      735000  0.396951
      736000  0.431736
      737000  0.403334
      738000  0.407687
      739000  0.415471
      740000  0.395770
      741000  0.445240
      742000  0.402430
      743000  0.400752
      744000  0.398796
      745000  0.425625
      746000  0.414986
      747000  0.431560
      748000  0.411751
      749000  0.401353
      750000  0.419823
      751000  0.390367
      752000  0.419946
      753000  0.388858
      754000  0.396911
      755000  0.409874
      756000  0.387766
      757000  0.400682
      758000  0.417914
      759000  0.425142
      760000  0.389694
      761000  0.416136
      762000  0.413443
      763000  0.431279
      764000  0.403786
      765000  0.433700
      766000  0.445393
      767000  0.422653
      768000  0.391771
      769000  0.409473
      770000  0.394514
      771000  0.424893
      772000  0.414178
      773000  0.414537
      774000  0.409205
      775000  0.405051
      776000  0.402507
      777000  0.389124
      778000  0.394364
      779000  0.405055
      780000  0.426729
      781000  0.411071
      782000  0.414603
      783000  0.397407
      784000  0.386933
      785000  0.413458
      786000  0.431065
      787000  0.401921
      788000  0.418591
      789000  0.431250
      790000  0.408826
      791000  0.419312
      792000  0.402091
      793000  0.425027
      794000  0.390879
      795000  0.418244
      796000  0.382550
      797000  0.386142
      798000  0.430480
      799000  0.425371
      800000  0.400056
      801000  0.419492
      802000  0.394748
      803000  0.392512
      804000  0.417513
      805000  0.408130
      806000  0.414396
      807000  0.396618
      808000  0.418080
      809000  0.413639
      810000  0.416258
      811000  0.429809
      812000  0.406354
      813000  0.392563
      814000  0.419483
      815000  0.411584
      816000  0.400662
      817000  0.416825
      818000  0.389374
      819000  0.421371
      820000  0.392109
      821000  0.391028
      822000  0.393481
      823000  0.434859
      824000  0.404194
      825000  0.419269
      826000  0.407796
      827000  0.439170
      828000  0.388692
      829000  0.397312
      830000  0.388586
      831000  0.406141
      832000  0.438101
      833000  0.386437
      834000  0.401669
      835000  0.399461
      836000  0.414932
      837000  0.379779
      838000  0.405663
      839000  0.402166
      840000  0.418754
      841000  0.455126
      842000  0.422928
      843000  0.415348
      844000  0.400604
      845000  0.396856
      846000  0.414437
      847000  0.411279
      848000  0.422296
      849000  0.437383
      850000  0.400746
      851000  0.421708
      852000  0.422548
      853000  0.388726
      854000  0.419978
      855000  0.407064
      856000  0.408646
      857000  0.403938
      858000  0.423681
      859000  0.399452
      860000  0.398546
      861000  0.397045
      862000  0.391176
      863000  0.426710
      864000  0.381986
      865000  0.403185
      866000  0.424061
      867000  0.401402
      868000  0.394901
      869000  0.429368
      870000  0.396501
      871000  0.394604
      872000  0.432492
      873000  0.429641
      874000  0.412842
      875000  0.403281
      876000  0.424990
      877000  0.433019
      878000  0.402376
      879000  0.430359
      880000  0.424142
      881000  0.398133
      882000  0.405326
      883000  0.393566
      884000  0.411297
      885000  0.413776
      886000  0.399016
      887000  0.415036
      888000  0.441322
      889000  0.415646
      890000  0.404192
      891000  0.414503
      892000  0.423360
      893000  0.427138
      894000  0.400469
      895000  0.410828
      896000  0.414172
      897000  0.408315
      898000  0.396362
      899000  0.438235
      900000  0.389553
      901000  0.383960
      902000  0.417883
      903000  0.381207
      904000  0.405523
      905000  0.446334
      906000  0.409779
      907000  0.446504
      908000  0.425560
      909000  0.406677
      910000  0.411257
      911000  0.380882
      912000  0.378667
      913000  0.425771
      914000  0.402792
      915000  0.396252
      916000  0.403324
      917000  0.395159
      918000  0.415805
      919000  0.394646
      920000  0.422392
      921000  0.412366
      922000  0.403586
      923000  0.420084
      924000  0.409509
      925000  0.391776
      926000  0.389778
      927000  0.395039
      928000  0.439676
      929000  0.402673
      930000  0.431938
      931000  0.394600
      932000  0.429748
      933000  0.433880
      934000  0.409092
      935000  0.389555
      936000  0.428558
      937000  0.405810
      938000  0.428793
      939000  0.397897
      940000  0.421591
      941000  0.401313
      942000  0.390188
      943000  0.393904
      944000  0.402347
      945000  0.414611
      946000  0.432430
      947000  0.426332
      948000  0.387442
      949000  0.400142
      950000  0.390001
      951000  0.393725
      952000  0.387772
      953000  0.417277
      954000  0.432524
      955000  0.401623
      956000  0.410507
      957000  0.419498
      958000  0.421670
      959000  0.394718
      960000  0.442307
      961000  0.419402
      962000  0.400411
      963000  0.427230
      964000  0.394647
      965000  0.410632
      966000  0.395231
      967000  0.415994
      968000  0.404253
      969000  0.385461
      970000  0.403086
      971000  0.402734
      972000  0.404356
      973000  0.413831
      974000  0.410235
      975000  0.368458
      976000  0.404579
      977000  0.399892
      978000  0.406087
      979000  0.406105
      980000  0.430846
      981000  0.436798
      982000  0.373875
      983000  0.432175
      984000  0.437014
      985000  0.419347
      986000  0.399581
      987000  0.431475
      988000  0.407733
      989000  0.394700
      990000  0.431661
      991000  0.407334
      992000  0.407577
      993000  0.406090
      994000  0.411894
      995000  0.394845
      996000  0.426706
      997000  0.396277
      998000  0.375784
      999000  0.394789
     1000000  0.388204
