    genPlus1     spaQ
        1000  0.146364
        2000  0.093641
        3000  0.147808
        4000  0.117839
        5000  0.168057
        6000  0.181276
        7000  0.196168
        8000  0.146618
        9000  0.136417
       10000  0.107151
       11000  0.120121
       12000  0.109202
       13000  0.118694
       14000  0.137853
       15000  0.086909
       16000  0.135256
       17000  0.141162
       18000  0.166694
       19000  0.126882
       20000  0.114584
       21000  0.182223
       22000  0.126245
       23000  0.144896
       24000  0.087712
       25000  0.134558
       26000  0.159854
       27000  0.171196
       28000  0.182432
       29000  0.100575
       30000  0.130935
       31000  0.155914
       32000  0.146333
       33000  0.195142
       34000  0.152764
       35000  0.129781
       36000  0.127436
       37000  0.159829
       38000  0.119883
       39000  0.198699
       40000  0.113343
       41000  0.080291
       42000  0.116747
       43000  0.104167
       44000  0.177949
       45000  0.111842
       46000  0.108357
       47000  0.125773
       48000  0.121853
       49000  0.116965
       50000  0.102947
       51000  0.101777
       52000  0.150313
       53000  0.129851
       54000  0.110105
       55000  0.102550
       56000  0.144794
       57000  0.171121
       58000  0.095172
       59000  0.121110
       60000  0.167878
       61000  0.145614
       62000  0.109548
       63000  0.125183
       64000  0.153823
       65000  0.189167
       66000  0.120542
       67000  0.188088
       68000  0.067659
       69000  0.098314
       70000  0.186528
       71000  0.116659
       72000  0.206674
       73000  0.170516
       74000  0.148258
       75000  0.158670
       76000  0.085002
       77000  0.127475
       78000  0.121543
       79000  0.092162
       80000  0.141543
       81000  0.105520
       82000  0.151266
       83000  0.111902
       84000  0.120015
       85000  0.121128
       86000  0.075113
       87000  0.114665
       88000  0.137951
       89000  0.138181
       90000  0.139989
       91000  0.138660
       92000  0.170346
       93000  0.103155
       94000  0.145422
       95000  0.223850
       96000  0.105413
       97000  0.138873
       98000  0.177459
       99000  0.147314
      100000  0.151566
      101000  0.122435
      102000  0.156628
      103000  0.103027
      104000  0.175006
      105000  0.163323
      106000  0.153175
      107000  0.151842
      108000  0.162021
      109000  0.162712
      110000  0.191016
      111000  0.089713
      112000  0.159308
      113000  0.145736
      114000  0.103744
      115000  0.108709
      116000  0.101522
      117000  0.106734
      118000  0.118043
      119000  0.121785
      120000  0.187536
      121000  0.169850
      122000  0.092779
      123000  0.135334
      124000  0.191926
      125000  0.159066
      126000  0.116945
      127000  0.136469
      128000  0.182094
      129000  0.137480
      130000  0.139835
      131000  0.174781
      132000  0.164103
      133000  0.137475
      134000  0.149880
      135000  0.128415
      136000  0.100668
      137000  0.158172
      138000  0.144397
      139000  0.082188
      140000  0.146698
      141000  0.153925
      142000  0.176203
      143000  0.122031
      144000  0.134538
      145000  0.124667
      146000  0.161342
      147000  0.131905
      148000  0.135891
      149000  0.091708
      150000  0.139464
      151000  0.127658
      152000  0.123435
      153000  0.091791
      154000  0.101900
      155000  0.166425
      156000  0.166470
      157000  0.138316
      158000  0.162490
      159000  0.184646
      160000  0.123663
      161000  0.157664
      162000  0.143467
      163000  0.162475
      164000  0.103238
      165000  0.171979
      166000  0.157041
      167000  0.134093
      168000  0.114595
      169000  0.132759
      170000  0.121217
      171000  0.170644
      172000  0.151801
      173000  0.157263
      174000  0.130239
      175000  0.086870
      176000  0.139322
      177000  0.149177
      178000  0.153825
      179000  0.147083
      180000  0.185926
      181000  0.157388
      182000  0.095703
      183000  0.150349
      184000  0.136737
      185000  0.142976
      186000  0.122615
      187000  0.127100
      188000  0.179077
      189000  0.159499
      190000  0.140673
      191000  0.143014
      192000  0.100714
      193000  0.164761
      194000  0.232407
      195000  0.219502
      196000  0.125241
      197000  0.169351
      198000  0.132135
      199000  0.132867
      200000  0.157759
      201000  0.104698
      202000  0.096204
      203000  0.098061
      204000  0.096968
      205000  0.141803
      206000  0.162435
      207000  0.139075
      208000  0.128566
      209000  0.159584
      210000  0.151782
      211000  0.167532
      212000  0.084494
      213000  0.153896
      214000  0.123947
      215000  0.129994
      216000  0.160227
      217000  0.132395
      218000  0.092672
      219000  0.117557
      220000  0.161849
      221000  0.145711
      222000  0.081496
      223000  0.199971
      224000  0.151471
      225000  0.131003
      226000  0.111508
      227000  0.153437
      228000  0.201784
      229000  0.155534
      230000  0.158139
      231000  0.111878
      232000  0.097624
      233000  0.163910
      234000  0.125503
      235000  0.090453
      236000  0.119000
      237000  0.160449
      238000  0.117368
      239000  0.132043
      240000  0.138310
      241000  0.166892
      242000  0.156958
      243000  0.057238
      244000  0.157461
      245000  0.134011
      246000  0.144993
      247000  0.142737
      248000  0.179004
      249000  0.106274
      250000  0.162632
      251000  0.112629
      252000  0.159496
      253000  0.087771
      254000  0.198630
      255000  0.140056
      256000  0.146965
      257000  0.146983
      258000  0.093214
      259000  0.103148
      260000  0.113759
      261000  0.105790
      262000  0.118083
      263000  0.156939
      264000  0.167486
      265000  0.166825
      266000  0.101031
      267000  0.141796
      268000  0.105128
      269000  0.173139
      270000  0.105881
      271000  0.178145
      272000  0.107537
      273000  0.195285
      274000  0.154750
      275000  0.195018
      276000  0.091755
      277000  0.131750
      278000  0.108579
      279000  0.156528
      280000  0.158695
      281000  0.131665
      282000  0.106006
      283000  0.107965
      284000  0.167511
      285000  0.127396
      286000  0.107736
      287000  0.121406
      288000  0.152106
      289000  0.139133
      290000  0.107817
      291000  0.102364
      292000  0.188698
      293000  0.151725
      294000  0.159780
      295000  0.121507
      296000  0.088424
      297000  0.148716
      298000  0.163949
      299000  0.228761
      300000  0.138274
      301000  0.141099
      302000  0.098140
      303000  0.134960
      304000  0.116043
      305000  0.138201
      306000  0.164756
      307000  0.106359
      308000  0.177227
      309000  0.116143
      310000  0.153871
      311000  0.148434
      312000  0.095953
      313000  0.163921
      314000  0.170497
      315000  0.095555
      316000  0.118030
      317000  0.164819
      318000  0.143736
      319000  0.133469
      320000  0.109433
      321000  0.152955
      322000  0.125421
      323000  0.140233
      324000  0.156841
      325000  0.157757
      326000  0.133830
      327000  0.148948
      328000  0.162034
      329000  0.142669
      330000  0.145440
      331000  0.102106
      332000  0.099522
      333000  0.152251
      334000  0.150775
      335000  0.128935
      336000  0.199750
      337000  0.251587
      338000  0.099011
      339000  0.146407
      340000  0.133725
      341000  0.138034
      342000  0.126293
      343000  0.138955
      344000  0.106066
      345000  0.115998
      346000  0.118880
      347000  0.171197
      348000  0.178287
      349000  0.104995
      350000  0.129676
      351000  0.146637
      352000  0.125882
      353000  0.140410
      354000  0.160374
      355000  0.137884
      356000  0.125626
      357000  0.129806
      358000  0.118387
      359000  0.100193
      360000  0.118713
      361000  0.164344
      362000  0.160376
      363000  0.137940
      364000  0.126932
      365000  0.146970
      366000  0.142268
      367000  0.092365
      368000  0.119534
      369000  0.152917
      370000  0.178712
      371000  0.121809
      372000  0.116020
      373000  0.161745
      374000  0.140747
      375000  0.120421
      376000  0.153711
      377000  0.159098
      378000  0.149606
      379000  0.154920
      380000  0.069940
      381000  0.154841
      382000  0.174739
      383000  0.149061
      384000  0.145963
      385000  0.140094
      386000  0.130715
      387000  0.168580
      388000  0.168949
      389000  0.089247
      390000  0.136415
      391000  0.137684
      392000  0.124567
      393000  0.183862
      394000  0.117629
      395000  0.140580
      396000  0.153036
      397000  0.189556
      398000  0.141104
      399000  0.126642
      400000  0.143670
      401000  0.140122
      402000  0.129280
      403000  0.091131
      404000  0.140924
      405000  0.135905
      406000  0.178654
      407000  0.163829
      408000  0.202879
      409000  0.104293
      410000  0.090831
      411000  0.114744
      412000  0.146644
      413000  0.161462
      414000  0.149818
      415000  0.155506
      416000  0.166337
      417000  0.131274
      418000  0.094063
      419000  0.153051
      420000  0.180767
      421000  0.136129
      422000  0.140237
      423000  0.168243
      424000  0.133932
      425000  0.141331
      426000  0.127442
      427000  0.220944
      428000  0.167084
      429000  0.178697
      430000  0.131074
      431000  0.103174
      432000  0.147189
      433000  0.106643
      434000  0.182843
      435000  0.157437
      436000  0.157723
      437000  0.135794
      438000  0.097550
      439000  0.128047
      440000  0.160890
      441000  0.184542
      442000  0.105373
      443000  0.189558
      444000  0.100140
      445000  0.141336
      446000  0.144826
      447000  0.098336
      448000  0.206790
      449000  0.110063
      450000  0.173324
      451000  0.127663
      452000  0.160833
      453000  0.123963
      454000  0.113849
      455000  0.180457
      456000  0.111325
      457000  0.109770
      458000  0.141654
      459000  0.130461
      460000  0.138063
      461000  0.128753
      462000  0.118879
      463000  0.121848
      464000  0.220483
      465000  0.096577
      466000  0.224105
      467000  0.161311
      468000  0.215039
      469000  0.135196
      470000  0.146972
      471000  0.163141
      472000  0.114642
      473000  0.121391
      474000  0.139858
      475000  0.109199
      476000  0.130715
      477000  0.112651
      478000  0.163948
      479000  0.127142
      480000  0.131071
      481000  0.100779
      482000  0.114421
      483000  0.148227
      484000  0.119305
      485000  0.113207
      486000  0.148267
      487000  0.140992
      488000  0.176687
      489000  0.168955
      490000  0.139111
      491000  0.144580
      492000  0.122300
      493000  0.136360
      494000  0.137487
      495000  0.127168
      496000  0.126380
      497000  0.110116
      498000  0.153458
      499000  0.170386
      500000  0.105384
      501000  0.178112
      502000  0.118868
      503000  0.162462
      504000  0.097420
      505000  0.164594
      506000  0.150637
      507000  0.155169
      508000  0.207256
      509000  0.132643
      510000  0.173932
      511000  0.092989
      512000  0.104684
      513000  0.180638
      514000  0.093062
      515000  0.077840
      516000  0.156296
      517000  0.093690
      518000  0.133055
      519000  0.124107
      520000  0.141041
      521000  0.172332
      522000  0.116179
      523000  0.080383
      524000  0.143714
      525000  0.172023
      526000  0.162262
      527000  0.145501
      528000  0.105708
      529000  0.134372
      530000  0.141338
      531000  0.156709
      532000  0.150746
      533000  0.070518
      534000  0.106073
      535000  0.139804
      536000  0.200758
      537000  0.113395
      538000  0.177460
      539000  0.112757
      540000  0.155162
      541000  0.130550
      542000  0.125704
      543000  0.134190
      544000  0.188914
      545000  0.122340
      546000  0.185434
      547000  0.144030
      548000  0.150550
      549000  0.132440
      550000  0.122748
      551000  0.174600
      552000  0.159969
      553000  0.191146
      554000  0.166894
      555000  0.118211
      556000  0.168195
      557000  0.098432
      558000  0.160857
      559000  0.104263
      560000  0.115851
      561000  0.136183
      562000  0.131497
      563000  0.109056
      564000  0.107750
      565000  0.117257
      566000  0.116866
      567000  0.158463
      568000  0.147198
      569000  0.145772
      570000  0.181748
      571000  0.112531
      572000  0.169216
      573000  0.197672
      574000  0.121155
      575000  0.121714
      576000  0.119589
      577000  0.084101
      578000  0.144765
      579000  0.172257
      580000  0.129257
      581000  0.141639
      582000  0.105030
      583000  0.104019
      584000  0.132604
      585000  0.148133
      586000  0.129509
      587000  0.192311
      588000  0.136338
      589000  0.097095
      590000  0.137895
      591000  0.135158
      592000  0.099946
      593000  0.129282
      594000  0.147672
      595000  0.143089
      596000  0.199529
      597000  0.120786
      598000  0.146434
      599000  0.129532
      600000  0.139429
      601000  0.174797
      602000  0.139139
      603000  0.194070
      604000  0.080240
      605000  0.183678
      606000  0.133208
      607000  0.113948
      608000  0.175014
      609000  0.143154
      610000  0.162548
      611000  0.089273
      612000  0.176088
      613000  0.154575
      614000  0.109658
      615000  0.108166
      616000  0.100716
      617000  0.172481
      618000  0.075222
      619000  0.189635
      620000  0.135133
      621000  0.086301
      622000  0.160727
      623000  0.072520
      624000  0.147609
      625000  0.151530
      626000  0.054924
      627000  0.129230
      628000  0.157267
      629000  0.116746
      630000  0.109509
      631000  0.219009
      632000  0.161125
      633000  0.175708
      634000  0.105780
      635000  0.202168
      636000  0.224592
      637000  0.159721
      638000  0.112084
      639000  0.172026
      640000  0.135506
      641000  0.098126
      642000  0.111973
      643000  0.141481
      644000  0.139979
      645000  0.152413
      646000  0.202037
      647000  0.144503
      648000  0.191994
      649000  0.171256
      650000  0.102310
      651000  0.164853
      652000  0.175744
      653000  0.190151
      654000  0.107658
      655000  0.161444
      656000  0.124179
      657000  0.105550
      658000  0.129850
      659000  0.184153
      660000  0.114944
      661000  0.114758
      662000  0.144681
      663000  0.130536
      664000  0.136144
      665000  0.149128
      666000  0.150573
      667000  0.146707
      668000  0.143620
      669000  0.208517
      670000  0.135056
      671000  0.110725
      672000  0.170218
      673000  0.117918
      674000  0.132473
      675000  0.126543
      676000  0.156852
      677000  0.134531
      678000  0.166230
      679000  0.109237
      680000  0.154674
      681000  0.152068
      682000  0.089389
      683000  0.097773
      684000  0.170146
      685000  0.174914
      686000  0.099292
      687000  0.153538
      688000  0.131757
      689000  0.177356
      690000  0.095017
      691000  0.176354
      692000  0.106837
      693000  0.200173
      694000  0.126687
      695000  0.182934
      696000  0.135898
      697000  0.158864
      698000  0.139268
      699000  0.118417
      700000  0.231361
      701000  0.216380
      702000  0.152719
      703000  0.138384
      704000  0.097488
      705000  0.135594
      706000  0.176668
      707000  0.122358
      708000  0.113731
      709000  0.137324
      710000  0.137121
      711000  0.118804
      712000  0.098873
      713000  0.144826
      714000  0.099452
      715000  0.156603
      716000  0.101111
      717000  0.124542
      718000  0.076150
      719000  0.124462
      720000  0.084367
      721000  0.131821
      722000  0.135458
      723000  0.102021
      724000  0.150510
      725000  0.159239
      726000  0.105440
      727000  0.072468
      728000  0.195266
      729000  0.136308
      730000  0.162401
      731000  0.109389
      732000  0.150651
      733000  0.106814
      734000  0.116498
      735000  0.118577
      736000  0.170891
      737000  0.123766
      738000  0.107039
      739000  0.193215
      740000  0.119601
      741000  0.112955
      742000  0.110099
      743000  0.116714
      744000  0.178471
      745000  0.115804
      746000  0.133196
      747000  0.125173
      748000  0.152843
      749000  0.157764
      750000  0.089106
      751000  0.124945
      752000  0.114640
      753000  0.083690
      754000  0.137039
      755000  0.116003
      756000  0.116892
      757000  0.081108
      758000  0.102076
      759000  0.130714
      760000  0.087356
      761000  0.089597
      762000  0.174868
      763000  0.142668
      764000  0.128008
      765000  0.133685
      766000  0.102344
      767000  0.203705
      768000  0.139989
      769000  0.081876
      770000  0.135201
      771000  0.066515
      772000  0.117703
      773000  0.100713
      774000  0.194360
      775000  0.112061
      776000  0.196527
      777000  0.190664
      778000  0.153904
      779000  0.180312
      780000  0.099593
      781000  0.086477
      782000  0.129962
      783000  0.152592
      784000  0.167799
      785000  0.108314
      786000  0.096243
      787000  0.162571
      788000  0.172334
      789000  0.183189
      790000  0.125809
      791000  0.113724
      792000  0.116251
      793000  0.116981
      794000  0.101114
      795000  0.101978
      796000  0.084263
      797000  0.146643
      798000  0.140567
      799000  0.101080
      800000  0.194252
      801000  0.132966
      802000  0.223979
      803000  0.147491
      804000  0.128999
      805000  0.195177
      806000  0.208116
      807000  0.134393
      808000  0.154893
      809000  0.175760
      810000  0.102153
      811000  0.097760
      812000  0.156376
      813000  0.144745
      814000  0.190867
      815000  0.139352
      816000  0.099384
      817000  0.130826
      818000  0.071734
      819000  0.109294
      820000  0.155592
      821000  0.175108
      822000  0.115348
      823000  0.176858
      824000  0.123620
      825000  0.143488
      826000  0.138879
      827000  0.150640
      828000  0.125023
      829000  0.161580
      830000  0.147347
      831000  0.109010
      832000  0.170012
      833000  0.160871
      834000  0.158010
      835000  0.129406
      836000  0.144709
      837000  0.142933
      838000  0.186841
      839000  0.115704
      840000  0.118573
      841000  0.162119
      842000  0.109168
      843000  0.143157
      844000  0.178492
      845000  0.125793
      846000  0.101577
      847000  0.128837
      848000  0.127936
      849000  0.151687
      850000  0.131339
      851000  0.133589
      852000  0.151256
      853000  0.154246
      854000  0.132863
      855000  0.121719
      856000  0.105454
      857000  0.122289
      858000  0.134661
      859000  0.125666
      860000  0.167666
      861000  0.185431
      862000  0.158994
      863000  0.112048
      864000  0.137323
      865000  0.147089
      866000  0.162162
      867000  0.186500
      868000  0.106630
      869000  0.142014
      870000  0.091263
      871000  0.132376
      872000  0.164964
      873000  0.202413
      874000  0.141268
      875000  0.153210
      876000  0.111194
      877000  0.122620
      878000  0.124657
      879000  0.136309
      880000  0.135150
      881000  0.088300
      882000  0.138702
      883000  0.156253
      884000  0.125741
      885000  0.116466
      886000  0.114246
      887000  0.110944
      888000  0.139605
      889000  0.157789
      890000  0.117474
      891000  0.123241
      892000  0.092015
      893000  0.141532
      894000  0.176959
      895000  0.130248
      896000  0.131295
      897000  0.201200
      898000  0.100633
      899000  0.123419
      900000  0.181896
      901000  0.139550
      902000  0.118251
      903000  0.082114
      904000  0.154863
      905000  0.152807
      906000  0.114658
      907000  0.158024
      908000  0.122386
      909000  0.074515
      910000  0.167381
      911000  0.152150
      912000  0.123331
      913000  0.102586
      914000  0.157612
      915000  0.153350
      916000  0.087898
      917000  0.127647
      918000  0.150505
      919000  0.115386
      920000  0.162415
      921000  0.119994
      922000  0.130624
      923000  0.134714
      924000  0.157368
      925000  0.088302
      926000  0.144818
      927000  0.149498
      928000  0.150491
      929000  0.122865
      930000  0.123990
      931000  0.125675
      932000  0.082442
      933000  0.122645
      934000  0.160373
      935000  0.146528
      936000  0.148697
      937000  0.094663
      938000  0.148767
      939000  0.151417
      940000  0.139502
      941000  0.151803
      942000  0.111377
      943000  0.131011
      944000  0.116450
      945000  0.123186
      946000  0.132324
      947000  0.181422
      948000  0.145471
      949000  0.136566
      950000  0.134535
      951000  0.162555
      952000  0.166421
      953000  0.149449
      954000  0.138931
      955000  0.116499
      956000  0.160925
      957000  0.159055
      958000  0.140631
      959000  0.130453
      960000  0.122654
      961000  0.176051
      962000  0.163428
      963000  0.132056
      964000  0.135140
      965000  0.157540
      966000  0.181323
      967000  0.124602
      968000  0.121875
      969000  0.222487
      970000  0.168651
      971000  0.198956
      972000  0.149607
      973000  0.115081
      974000  0.127664
      975000  0.146288
      976000  0.133801
      977000  0.117288
      978000  0.103711
      979000  0.213621
      980000  0.146488
      981000  0.205135
      982000  0.101670
      983000  0.140206
      984000  0.168188
      985000  0.202602
      986000  0.091635
      987000  0.105662
      988000  0.165720
      989000  0.194437
      990000  0.192390
      991000  0.148292
      992000  0.141958
      993000  0.154666
      994000  0.168380
      995000  0.178880
      996000  0.112070
      997000  0.134925
      998000  0.161354
      999000  0.126345
     1000000  0.136966
