       1000 -814.544497
       2000 -814.507990
       3000 -813.860130
       4000 -813.806857
       5000 -814.172476
       6000 -814.085402
       7000 -814.278554
       8000 -815.835964
       9000 -814.721364
      10000 -813.879836
      11000 -814.710476
      12000 -814.710517
      13000 -814.367750
      14000 -814.080870
      15000 -813.827803
      16000 -813.889012
      17000 -815.273165
      18000 -813.841060
      19000 -814.945612
      20000 -814.275048
      21000 -817.217561
      22000 -814.292810
      23000 -814.446612
      24000 -814.438735
      25000 -812.957766
      26000 -815.926986
      27000 -813.775850
      28000 -813.438219
      29000 -814.100441
      30000 -813.542058
      31000 -814.070804
      32000 -815.785447
      33000 -812.851772
      34000 -814.472331
      35000 -816.230736
      36000 -814.424882
      37000 -812.764510
      38000 -818.102912
      39000 -814.343172
      40000 -812.750728
      41000 -813.546346
      42000 -815.673174
      43000 -813.641706
      44000 -817.993560
      45000 -817.175246
      46000 -812.929158
      47000 -816.805455
      48000 -814.146330
      49000 -814.397977
      50000 -816.120700
      51000 -812.811460
      52000 -813.928291
      53000 -820.373055
      54000 -814.661262
      55000 -814.916693
      56000 -815.424593
      57000 -814.275093
      58000 -812.885441
      59000 -813.539007
      60000 -813.030013
      61000 -812.763521
      62000 -815.043266
      63000 -814.299457
      64000 -817.317599
      65000 -814.310213
      66000 -815.299744
      67000 -814.717848
      68000 -814.129827
      69000 -814.284205
      70000 -818.400136
      71000 -816.352768
      72000 -812.800483
      73000 -814.825477
      74000 -814.729295
      75000 -812.846890
      76000 -815.261423
      77000 -813.721129
      78000 -814.488009
      79000 -814.673773
      80000 -814.763666
      81000 -816.285155
      82000 -813.750106
      83000 -813.544381
      84000 -813.730143
      85000 -813.468484
      86000 -818.308691
      87000 -816.232319
      88000 -814.952830
      89000 -814.583458
      90000 -813.596693
      91000 -814.523039
      92000 -814.590283
      93000 -813.735131
      94000 -813.995420
      95000 -812.996495
      96000 -814.591958
      97000 -816.760740
      98000 -817.437338
      99000 -813.543505
     100000 -812.745373
     101000 -812.872564
     102000 -813.588841
     103000 -812.749173
     104000 -816.234651
     105000 -814.530926
     106000 -814.402759
     107000 -816.541639
     108000 -813.549580
     109000 -816.856386
     110000 -812.759250
     111000 -813.557988
     112000 -814.090406
     113000 -813.876985
     114000 -814.544018
     115000 -812.922680
     116000 -814.078785
     117000 -814.081395
     118000 -815.300291
     119000 -820.325429
     120000 -816.337257
     121000 -814.282323
     122000 -815.295358
     123000 -814.093630
     124000 -814.947371
     125000 -812.846178
     126000 -816.517869
     127000 -812.741877
     128000 -813.662184
     129000 -814.159800
     130000 -814.465064
     131000 -813.570493
     132000 -813.607053
     133000 -815.443871
     134000 -815.649971
     135000 -817.294833
     136000 -815.719461
     137000 -812.810840
     138000 -814.272181
     139000 -814.084394
     140000 -814.443713
     141000 -812.759590
     142000 -812.803005
     143000 -815.492564
     144000 -813.885759
     145000 -812.751667
     146000 -814.395319
     147000 -812.759469
     148000 -813.835262
     149000 -815.603149
     150000 -814.659958
     151000 -813.573950
     152000 -816.282391
     153000 -819.878925
     154000 -816.028870
     155000 -814.943155
     156000 -814.277837
     157000 -813.105655
     158000 -813.766270
     159000 -814.350185
     160000 -815.270152
     161000 -814.088228
     162000 -812.887673
     163000 -814.965988
     164000 -818.247465
     165000 -814.935715
     166000 -814.744617
     167000 -815.039220
     168000 -814.769115
     169000 -814.102669
     170000 -813.921646
     171000 -822.743585
     172000 -823.140849
     173000 -815.960638
     174000 -824.566113
     175000 -813.761772
     176000 -814.414691
     177000 -812.800620
     178000 -814.797662
     179000 -813.538727
     180000 -814.376998
     181000 -814.171008
     182000 -814.013176
     183000 -812.744501
     184000 -813.614503
     185000 -815.421868
     186000 -813.106356
     187000 -812.774686
     188000 -814.450815
     189000 -814.305500
     190000 -814.221136
     191000 -814.476429
     192000 -814.156336
     193000 -815.095967
     194000 -813.311928
     195000 -814.221610
     196000 -815.529142
     197000 -813.530037
     198000 -813.332606
     199000 -812.738925
     200000 -814.686413
     201000 -813.631454
     202000 -812.962308
     203000 -814.478087
     204000 -818.019519
     205000 -812.824008
     206000 -815.486990
     207000 -815.118595
     208000 -814.354364
     209000 -815.575805
     210000 -814.760761
     211000 -814.606189
     212000 -812.771463
     213000 -814.221995
     214000 -815.027713
     215000 -814.320171
     216000 -815.286981
     217000 -813.847056
     218000 -815.594534
     219000 -817.059113
     220000 -812.843042
     221000 -818.775604
     222000 -813.281223
     223000 -814.460805
     224000 -814.157390
     225000 -813.568279
     226000 -812.792645
     227000 -814.324302
     228000 -816.330917
     229000 -814.264181
     230000 -814.038554
     231000 -815.659693
     232000 -814.613661
     233000 -816.824243
     234000 -815.553791
     235000 -814.167212
     236000 -815.274499
     237000 -819.949429
     238000 -812.832496
     239000 -814.390885
     240000 -817.574124
     241000 -814.613622
     242000 -813.566437
     243000 -817.660736
     244000 -814.658433
     245000 -816.730106
     246000 -814.455798
     247000 -814.312622
     248000 -813.031534
     249000 -813.534816
     250000 -812.738832
     251000 -815.049522
     252000 -812.829218
     253000 -816.301472
     254000 -814.322482
     255000 -816.232462
     256000 -813.721074
     257000 -815.697587
     258000 -812.739231
     259000 -814.626466
     260000 -812.755185
     261000 -815.339101
     262000 -815.488789
     263000 -817.257948
     264000 -817.277495
     265000 -813.643497
     266000 -815.307527
     267000 -816.231942
     268000 -813.969020
     269000 -814.180040
     270000 -817.158318
     271000 -813.533953
     272000 -819.940145
     273000 -814.111625
     274000 -813.346994
     275000 -815.718960
     276000 -812.807996
     277000 -812.876228
     278000 -813.514720
     279000 -813.157842
     280000 -812.778477
     281000 -814.126413
     282000 -815.408408
     283000 -814.249250
     284000 -814.386361
     285000 -814.103529
     286000 -813.027746
     287000 -815.176190
     288000 -814.766566
     289000 -814.277113
     290000 -815.354452
     291000 -815.309634
     292000 -814.581310
     293000 -812.926661
     294000 -812.898153
     295000 -814.186687
     296000 -814.299468
     297000 -813.642110
     298000 -813.896375
     299000 -814.096592
     300000 -814.228439
     301000 -814.165082
     302000 -819.005447
     303000 -816.222838
     304000 -813.423938
     305000 -815.424971
     306000 -816.242418
     307000 -814.705916
     308000 -813.558177
     309000 -812.838610
     310000 -814.092934
     311000 -814.247827
     312000 -816.806670
     313000 -819.483857
     314000 -814.686178
     315000 -813.240582
     316000 -812.801727
     317000 -815.126694
     318000 -815.155694
     319000 -814.676640
     320000 -814.175302
     321000 -814.122268
     322000 -814.363130
     323000 -815.799763
     324000 -815.577169
     325000 -814.113459
     326000 -813.633017
     327000 -813.620911
     328000 -813.791220
     329000 -813.694600
     330000 -814.194993
     331000 -814.172865
     332000 -814.475886
     333000 -814.579822
     334000 -813.672445
     335000 -815.283258
     336000 -812.752123
     337000 -812.863388
     338000 -816.378741
     339000 -812.951036
     340000 -814.140828
     341000 -816.233882
     342000 -815.333469
     343000 -815.395588
     344000 -814.238878
     345000 -815.483772
     346000 -813.736708
     347000 -818.757145
     348000 -813.831365
     349000 -817.217442
     350000 -814.057571
     351000 -814.100538
     352000 -813.022103
     353000 -814.078992
     354000 -816.087913
     355000 -812.984489
     356000 -813.124649
     357000 -813.984465
     358000 -815.909594
     359000 -813.708504
     360000 -812.746254
     361000 -814.435654
     362000 -812.844106
     363000 -813.539093
     364000 -813.934010
     365000 -816.679211
     366000 -813.265149
     367000 -814.681037
     368000 -812.743174
     369000 -814.352090
     370000 -814.076443
     371000 -813.749486
     372000 -812.873250
     373000 -813.920814
     374000 -814.281424
     375000 -813.210833
     376000 -812.905529
     377000 -814.852280
     378000 -813.683878
     379000 -814.306460
     380000 -813.242923
     381000 -816.000626
     382000 -814.221522
     383000 -814.284218
     384000 -814.614310
     385000 -813.529714
     386000 -814.275146
     387000 -816.298662
     388000 -814.098010
     389000 -812.801603
     390000 -814.098204
     391000 -817.076630
     392000 -814.280937
     393000 -813.023668
     394000 -816.110419
     395000 -814.580860
     396000 -813.172180
     397000 -814.816836
     398000 -813.129926
     399000 -814.563879
     400000 -813.543370
     401000 -820.289119
     402000 -814.219806
     403000 -816.290581
     404000 -817.297387
     405000 -815.316319
     406000 -814.450085
     407000 -815.418682
     408000 -813.178219
     409000 -812.751144
     410000 -817.919188
     411000 -814.071467
     412000 -813.146238
     413000 -814.283850
     414000 -814.848071
     415000 -814.295034
     416000 -817.608914
     417000 -814.873717
     418000 -816.290937
     419000 -815.254581
     420000 -815.524728
     421000 -815.628373
     422000 -812.779989
     423000 -813.608832
     424000 -813.932579
     425000 -814.933482
     426000 -812.826166
     427000 -812.742167
     428000 -814.130861
     429000 -814.274918
     430000 -813.181793
     431000 -817.343719
     432000 -813.684394
     433000 -815.837647
     434000 -813.036101
     435000 -818.156335
     436000 -813.543914
     437000 -814.943201
     438000 -814.106450
     439000 -816.357580
     440000 -812.981993
     441000 -813.599643
     442000 -812.893328
     443000 -812.816990
     444000 -816.095251
     445000 -815.597455
     446000 -814.302173
     447000 -814.419965
     448000 -815.548651
     449000 -813.506594
     450000 -813.558336
     451000 -814.086311
     452000 -812.740482
     453000 -812.743131
     454000 -814.346532
     455000 -814.172586
     456000 -813.962074
     457000 -815.473750
     458000 -813.838748
     459000 -814.088994
     460000 -814.505188
     461000 -814.288807
     462000 -814.625476
     463000 -814.443846
     464000 -816.239600
     465000 -814.273147
     466000 -814.025554
     467000 -819.458600
     468000 -812.911328
     469000 -813.567009
     470000 -816.009542
     471000 -814.283033
     472000 -817.950563
     473000 -816.925515
     474000 -813.576816
     475000 -814.929273
     476000 -814.351430
     477000 -814.130022
     478000 -815.187927
     479000 -812.992375
     480000 -813.774755
     481000 -813.544536
     482000 -812.791550
     483000 -814.538680
     484000 -815.164904
     485000 -814.940714
     486000 -812.884765
     487000 -813.829989
     488000 -812.772296
     489000 -815.458798
     490000 -814.306482
     491000 -813.529632
     492000 -813.112656
     493000 -815.484386
     494000 -814.212086
     495000 -812.932434
     496000 -813.716121
     497000 -813.887421
     498000 -813.619995
     499000 -813.194278
     500000 -812.900116
     501000 -815.971541
     502000 -812.927946
     503000 -818.020522
     504000 -814.835087
     505000 -816.057827
     506000 -813.874639
     507000 -815.567161
     508000 -812.779668
     509000 -814.593112
     510000 -815.669182
     511000 -820.292283
     512000 -812.905755
     513000 -814.127493
     514000 -813.534994
     515000 -813.721690
     516000 -813.006308
     517000 -814.378994
     518000 -814.556010
     519000 -813.429078
     520000 -812.955415
     521000 -812.770174
     522000 -814.138134
     523000 -815.485217
     524000 -816.963769
     525000 -817.471624
     526000 -812.901290
     527000 -812.802484
     528000 -813.286081
     529000 -814.371767
     530000 -813.530905
     531000 -813.167189
     532000 -813.242348
     533000 -814.006573
     534000 -812.796613
     535000 -813.110005
     536000 -813.150228
     537000 -813.437021
     538000 -819.639849
     539000 -813.051851
     540000 -815.317461
     541000 -815.663261
     542000 -814.807799
     543000 -814.419961
     544000 -813.531495
     545000 -814.338453
     546000 -814.034028
     547000 -814.999963
     548000 -814.922206
     549000 -819.500431
     550000 -816.437619
     551000 -814.280519
     552000 -816.302713
     553000 -814.001226
     554000 -816.675734
     555000 -814.666299
     556000 -813.749107
     557000 -814.278162
     558000 -817.399656
     559000 -812.773381
     560000 -814.130190
     561000 -816.522431
     562000 -813.663406
     563000 -814.257171
     564000 -815.388067
     565000 -814.083215
     566000 -813.592523
     567000 -816.245702
     568000 -813.043635
     569000 -814.086314
     570000 -814.098930
     571000 -813.576375
     572000 -813.595054
     573000 -813.238902
     574000 -812.793627
     575000 -812.946036
     576000 -812.762908
     577000 -814.358519
     578000 -817.382347
     579000 -815.639388
     580000 -814.371395
     581000 -814.282402
     582000 -815.597990
     583000 -812.931844
     584000 -813.800677
     585000 -812.769193
     586000 -812.763601
     587000 -815.483621
     588000 -813.330059
     589000 -814.871473
     590000 -812.745208
     591000 -812.966614
     592000 -813.568267
     593000 -812.743301
     594000 -814.134070
     595000 -814.368218
     596000 -814.026621
     597000 -814.280888
     598000 -813.536086
     599000 -812.751501
     600000 -813.529894
     601000 -813.141772
     602000 -813.599097
     603000 -812.740649
     604000 -815.822114
     605000 -814.481176
     606000 -812.988620
     607000 -827.058740
     608000 -813.690888
     609000 -818.873180
     610000 -813.529655
     611000 -812.756106
     612000 -814.689802
     613000 -812.791447
     614000 -814.649456
     615000 -812.776457
     616000 -813.604661
     617000 -816.335969
     618000 -815.344852
     619000 -813.659448
     620000 -813.863083
     621000 -814.879883
     622000 -813.682038
     623000 -812.802444
     624000 -812.856497
     625000 -814.131894
     626000 -814.825034
     627000 -815.537026
     628000 -812.744086
     629000 -814.090783
     630000 -814.354880
     631000 -814.279430
     632000 -813.011760
     633000 -814.241749
     634000 -813.232276
     635000 -812.764612
     636000 -813.040569
     637000 -813.686379
     638000 -813.737817
     639000 -816.766477
     640000 -817.877588
     641000 -817.131324
     642000 -813.036235
     643000 -814.727175
     644000 -812.931036
     645000 -812.811645
     646000 -812.781958
     647000 -812.948936
     648000 -814.959605
     649000 -814.611205
     650000 -813.551380
     651000 -814.274826
     652000 -814.286779
     653000 -812.815570
     654000 -815.761582
     655000 -814.936160
     656000 -812.739490
     657000 -814.272385
     658000 -812.889591
     659000 -814.651742
     660000 -819.287499
     661000 -813.113674
     662000 -814.100804
     663000 -815.027228
     664000 -814.915404
     665000 -817.657693
     666000 -816.553985
     667000 -814.302768
     668000 -813.549908
     669000 -813.631672
     670000 -813.534726
     671000 -812.758711
     672000 -814.113885
     673000 -814.085922
     674000 -816.874822
     675000 -817.640283
     676000 -812.916566
     677000 -813.926049
     678000 -814.480129
     679000 -814.878426
     680000 -814.282407
     681000 -816.222106
     682000 -813.134477
     683000 -815.298536
     684000 -814.589020
     685000 -813.994984
     686000 -814.118676
     687000 -817.535639
     688000 -812.965236
     689000 -817.915039
     690000 -812.790055
     691000 -814.221600
     692000 -814.276741
     693000 -813.529747
     694000 -812.914481
     695000 -821.673640
     696000 -813.645372
     697000 -813.487115
     698000 -815.250603
     699000 -812.827228
     700000 -814.382391
     701000 -814.081125
     702000 -814.017356
     703000 -816.616197
     704000 -814.481540
     705000 -817.628376
     706000 -815.266421
     707000 -815.102737
     708000 -812.751830
     709000 -813.907837
     710000 -812.895026
     711000 -816.193263
     712000 -814.233341
     713000 -812.754674
     714000 -814.466860
     715000 -812.738674
     716000 -814.404596
     717000 -813.538600
     718000 -817.710388
     719000 -814.415138
     720000 -813.840738
     721000 -812.906739
     722000 -813.530248
     723000 -814.791169
     724000 -814.236077
     725000 -818.955577
     726000 -815.259429
     727000 -813.529658
     728000 -814.299323
     729000 -814.946150
     730000 -816.711843
     731000 -814.334060
     732000 -813.889164
     733000 -814.291790
     734000 -813.142186
     735000 -814.939321
     736000 -814.749569
     737000 -812.848340
     738000 -814.301046
     739000 -813.024514
     740000 -815.135126
     741000 -819.704062
     742000 -814.084024
     743000 -813.512099
     744000 -814.487159
     745000 -813.530787
     746000 -812.856687
     747000 -812.785566
     748000 -812.762740
     749000 -813.330049
     750000 -815.253414
     751000 -815.128742
     752000 -813.236036
     753000 -814.897236
     754000 -816.783010
     755000 -813.121726
     756000 -818.982794
     757000 -815.174017
     758000 -814.738509
     759000 -814.279999
     760000 -814.371880
     761000 -814.278588
     762000 -816.363092
     763000 -812.869397
     764000 -812.819896
     765000 -816.045065
     766000 -814.163993
     767000 -813.235071
     768000 -814.295493
     769000 -818.129745
     770000 -814.627519
     771000 -814.219094
     772000 -815.615163
     773000 -813.529664
     774000 -815.405779
     775000 -814.825544
     776000 -813.564630
     777000 -814.567492
     778000 -816.690874
     779000 -816.088998
     780000 -815.257041
     781000 -815.763727
     782000 -817.626967
     783000 -814.229215
     784000 -817.952203
     785000 -814.235043
     786000 -813.093686
     787000 -812.740406
     788000 -815.591378
     789000 -813.571303
     790000 -814.740005
     791000 -812.762806
     792000 -817.199720
     793000 -813.738139
     794000 -812.763128
     795000 -813.549303
     796000 -814.903059
     797000 -822.636970
     798000 -814.778624
     799000 -814.483805
     800000 -814.919784
     801000 -813.096369
     802000 -815.935149
     803000 -813.601330
     804000 -813.173198
     805000 -813.540503
     806000 -813.123855
     807000 -816.263025
     808000 -815.560050
     809000 -814.411629
     810000 -814.022577
     811000 -813.553306
     812000 -815.072083
     813000 -815.094972
     814000 -812.800337
     815000 -812.884807
     816000 -816.321539
     817000 -816.282219
     818000 -813.534404
     819000 -815.295935
     820000 -814.278965
     821000 -813.241752
     822000 -814.071880
     823000 -812.768652
     824000 -814.393756
     825000 -813.385656
     826000 -816.508177
     827000 -813.863741
     828000 -812.750810
     829000 -816.281194
     830000 -814.307954
     831000 -814.298587
     832000 -812.756561
     833000 -815.312223
     834000 -815.844655
     835000 -813.830941
     836000 -815.586989
     837000 -816.541026
     838000 -812.820049
     839000 -816.624104
     840000 -814.858233
     841000 -816.054514
     842000 -812.752899
     843000 -820.579632
     844000 -815.550298
     845000 -815.352604
     846000 -812.751347
     847000 -814.184688
     848000 -813.647153
     849000 -814.294857
     850000 -816.248503
     851000 -814.167922
     852000 -812.759472
     853000 -814.298853
     854000 -812.738716
     855000 -812.755272
     856000 -813.024853
     857000 -813.572550
     858000 -814.274991
     859000 -814.443382
     860000 -813.703964
     861000 -812.752284
     862000 -814.482639
     863000 -814.733073
     864000 -814.643830
     865000 -813.083353
     866000 -814.284941
     867000 -813.300767
     868000 -813.572222
     869000 -814.094474
     870000 -816.713744
     871000 -816.158452
     872000 -813.792214
     873000 -814.245762
     874000 -812.838577
     875000 -814.612779
     876000 -814.727697
     877000 -814.707133
     878000 -814.659542
     879000 -815.376035
     880000 -814.473522
     881000 -814.178390
     882000 -812.806738
     883000 -814.088673
     884000 -813.154989
     885000 -814.498404
     886000 -814.089236
     887000 -813.704372
     888000 -814.610959
     889000 -813.636113
     890000 -812.921207
     891000 -816.384280
     892000 -814.091852
     893000 -814.566241
     894000 -813.666720
     895000 -814.211353
     896000 -818.870846
     897000 -815.139588
     898000 -813.267018
     899000 -814.084330
     900000 -814.280841
     901000 -814.159153
     902000 -814.272524
     903000 -813.942816
     904000 -812.784581
     905000 -813.856890
     906000 -813.710984
     907000 -814.321277
     908000 -812.904764
     909000 -815.759848
     910000 -814.154484
     911000 -812.738679
     912000 -814.486077
     913000 -812.792773
     914000 -814.072025
     915000 -813.668433
     916000 -815.010416
     917000 -815.645657
     918000 -814.845371
     919000 -813.674305
     920000 -813.745492
     921000 -815.143872
     922000 -813.601265
     923000 -815.047920
     924000 -814.331494
     925000 -812.773692
     926000 -814.285588
     927000 -813.534370
     928000 -812.745730
     929000 -813.853069
     930000 -815.869519
     931000 -814.124158
     932000 -813.268271
     933000 -815.998279
     934000 -814.125049
     935000 -812.928962
     936000 -815.204335
     937000 -814.138497
     938000 -814.439209
     939000 -812.811827
     940000 -816.243014
     941000 -814.836162
     942000 -813.403891
     943000 -813.618880
     944000 -812.747084
     945000 -814.543872
     946000 -815.461694
     947000 -818.304507
     948000 -813.061735
     949000 -818.141218
     950000 -814.100754
     951000 -815.909056
     952000 -812.739442
     953000 -813.729039
     954000 -814.493667
     955000 -814.225886
     956000 -813.602638
     957000 -814.372878
     958000 -814.810256
     959000 -813.669664
     960000 -814.307926
     961000 -819.135753
     962000 -814.314829
     963000 -816.224207
     964000 -812.827626
     965000 -812.745645
     966000 -815.120764
     967000 -813.724711
     968000 -815.838632
     969000 -813.792164
     970000 -814.447650
     971000 -816.506319
     972000 -814.097397
     973000 -813.558743
     974000 -812.754339
     975000 -812.771089
     976000 -813.802208
     977000 -813.239950
     978000 -816.107809
     979000 -814.296824
     980000 -813.276247
     981000 -816.319089
     982000 -814.316105
     983000 -813.081115
     984000 -815.248542
     985000 -815.463093
     986000 -812.909241
     987000 -813.695836
     988000 -814.295537
     989000 -812.763882
     990000 -813.544621
     991000 -812.762047
     992000 -814.152941
     993000 -814.202683
     994000 -814.800470
     995000 -816.458927
     996000 -816.256570
     997000 -812.738924
     998000 -812.739661
     999000 -815.272950
    1000000 -813.530731
