       1000 -814.172958
       2000 -814.474012
       3000 -815.073307
       4000 -814.275943
       5000 -817.481379
       6000 -813.966720
       7000 -814.219445
       8000 -813.967364
       9000 -814.290048
      10000 -813.534211
      11000 -812.790662
      12000 -815.870327
      13000 -812.744119
      14000 -814.401151
      15000 -814.827733
      16000 -812.827605
      17000 -812.901292
      18000 -816.730994
      19000 -814.519916
      20000 -814.000404
      21000 -816.335274
      22000 -816.856055
      23000 -813.825293
      24000 -812.759269
      25000 -812.747197
      26000 -822.898645
      27000 -813.572014
      28000 -816.151625
      29000 -816.178872
      30000 -813.008211
      31000 -812.974059
      32000 -813.626038
      33000 -814.078510
      34000 -812.985014
      35000 -814.382225
      36000 -812.800271
      37000 -814.335532
      38000 -814.086662
      39000 -812.923332
      40000 -814.122283
      41000 -814.330461
      42000 -812.739761
      43000 -813.661254
      44000 -814.728360
      45000 -816.403128
      46000 -815.232180
      47000 -815.533349
      48000 -814.278542
      49000 -814.348563
      50000 -815.720499
      51000 -814.690693
      52000 -812.784804
      53000 -813.677108
      54000 -813.416844
      55000 -814.078705
      56000 -815.257972
      57000 -813.126116
      58000 -813.539458
      59000 -816.758116
      60000 -815.367867
      61000 -815.348357
      62000 -813.734409
      63000 -814.299770
      64000 -814.266501
      65000 -817.530606
      66000 -812.815997
      67000 -815.339802
      68000 -812.871061
      69000 -813.111309
      70000 -813.082885
      71000 -812.748542
      72000 -814.289261
      73000 -814.328443
      74000 -817.173363
      75000 -813.563499
      76000 -819.801708
      77000 -814.464368
      78000 -812.857949
      79000 -813.529852
      80000 -812.922339
      81000 -813.547850
      82000 -813.535155
      83000 -820.535300
      84000 -814.153304
      85000 -815.332108
      86000 -812.983673
      87000 -812.777522
      88000 -814.083006
      89000 -814.641267
      90000 -818.220724
      91000 -813.601240
      92000 -815.117259
      93000 -815.695805
      94000 -818.111366
      95000 -812.867878
      96000 -813.596784
      97000 -812.811853
      98000 -816.253121
      99000 -818.334426
     100000 -815.288032
     101000 -815.603769
     102000 -813.037615
     103000 -814.331476
     104000 -814.133564
     105000 -815.652851
     106000 -812.826623
     107000 -814.084826
     108000 -813.383506
     109000 -816.204581
     110000 -818.706625
     111000 -816.478221
     112000 -814.133478
     113000 -813.900844
     114000 -814.674615
     115000 -812.807728
     116000 -814.304905
     117000 -814.716614
     118000 -813.072238
     119000 -814.226673
     120000 -815.738143
     121000 -816.598853
     122000 -817.176304
     123000 -816.318346
     124000 -818.004324
     125000 -814.418522
     126000 -813.590837
     127000 -814.122063
     128000 -813.599452
     129000 -814.895495
     130000 -817.148290
     131000 -812.888620
     132000 -812.820885
     133000 -816.242079
     134000 -814.267040
     135000 -816.248473
     136000 -814.134060
     137000 -814.156881
     138000 -815.445139
     139000 -815.699721
     140000 -813.608567
     141000 -812.777057
     142000 -816.891831
     143000 -813.969476
     144000 -813.667896
     145000 -812.773983
     146000 -813.066472
     147000 -813.612153
     148000 -813.018007
     149000 -813.627060
     150000 -813.629065
     151000 -813.531230
     152000 -812.756643
     153000 -812.804138
     154000 -814.590883
     155000 -814.277610
     156000 -814.256824
     157000 -814.415811
     158000 -814.098903
     159000 -820.139057
     160000 -814.230079
     161000 -814.485235
     162000 -812.745587
     163000 -813.543948
     164000 -816.486129
     165000 -815.507974
     166000 -816.117144
     167000 -812.740479
     168000 -814.587096
     169000 -814.133358
     170000 -813.694681
     171000 -815.486439
     172000 -816.178976
     173000 -812.982211
     174000 -814.608833
     175000 -813.393600
     176000 -813.537433
     177000 -813.740950
     178000 -813.549767
     179000 -814.671147
     180000 -816.759245
     181000 -813.523526
     182000 -815.748644
     183000 -815.651791
     184000 -816.119675
     185000 -813.044200
     186000 -815.309338
     187000 -813.345308
     188000 -814.265863
     189000 -813.498659
     190000 -814.284253
     191000 -814.092446
     192000 -813.540718
     193000 -818.620816
     194000 -813.224235
     195000 -812.864106
     196000 -813.724718
     197000 -813.663131
     198000 -813.583052
     199000 -813.086300
     200000 -812.883934
     201000 -813.485612
     202000 -815.066975
     203000 -813.667748
     204000 -813.539535
     205000 -816.270553
     206000 -814.716961
     207000 -816.055537
     208000 -816.168829
     209000 -812.738926
     210000 -813.864325
     211000 -814.376748
     212000 -814.771530
     213000 -812.896622
     214000 -812.875913
     215000 -816.339150
     216000 -813.016895
     217000 -812.914991
     218000 -816.233921
     219000 -814.969820
     220000 -815.500894
     221000 -813.678504
     222000 -817.242730
     223000 -814.567713
     224000 -814.129348
     225000 -814.283603
     226000 -813.913027
     227000 -816.456085
     228000 -812.775425
     229000 -815.498778
     230000 -814.541126
     231000 -814.359099
     232000 -814.362289
     233000 -814.515878
     234000 -813.599376
     235000 -812.787345
     236000 -814.083178
     237000 -815.612347
     238000 -816.815876
     239000 -812.913793
     240000 -815.378087
     241000 -814.177731
     242000 -814.106881
     243000 -813.529637
     244000 -814.587727
     245000 -813.114936
     246000 -813.501985
     247000 -813.019283
     248000 -814.422366
     249000 -815.506502
     250000 -816.428873
     251000 -812.751457
     252000 -815.861902
     253000 -812.982724
     254000 -814.883203
     255000 -812.773963
     256000 -814.829636
     257000 -813.504876
     258000 -813.559805
     259000 -813.538702
     260000 -812.741647
     261000 -813.911881
     262000 -816.038739
     263000 -815.600294
     264000 -814.002368
     265000 -813.608726
     266000 -813.098636
     267000 -813.659654
     268000 -812.926322
     269000 -813.182861
     270000 -812.990570
     271000 -815.522586
     272000 -813.594991
     273000 -812.995793
     274000 -814.255883
     275000 -815.135391
     276000 -817.167270
     277000 -814.313773
     278000 -814.089375
     279000 -813.765354
     280000 -814.331413
     281000 -812.739005
     282000 -816.450642
     283000 -814.386094
     284000 -813.602970
     285000 -814.012101
     286000 -813.715252
     287000 -813.047823
     288000 -814.058109
     289000 -814.891347
     290000 -815.021830
     291000 -817.394986
     292000 -816.783742
     293000 -812.740685
     294000 -818.165170
     295000 -814.229622
     296000 -813.523852
     297000 -812.738744
     298000 -812.909238
     299000 -813.263717
     300000 -814.317870
     301000 -818.019805
     302000 -814.531446
     303000 -812.749548
     304000 -813.933414
     305000 -813.548011
     306000 -816.797001
     307000 -813.530553
     308000 -815.615747
     309000 -816.305958
     310000 -815.637965
     311000 -814.369192
     312000 -814.085765
     313000 -813.551583
     314000 -812.819528
     315000 -812.894137
     316000 -813.162116
     317000 -814.081744
     318000 -814.128994
     319000 -814.391079
     320000 -815.835739
     321000 -814.192862
     322000 -812.798874
     323000 -815.712714
     324000 -814.740642
     325000 -812.886283
     326000 -814.078101
     327000 -813.531310
     328000 -813.166232
     329000 -812.948077
     330000 -813.593168
     331000 -817.803613
     332000 -815.319416
     333000 -813.594188
     334000 -815.518464
     335000 -816.343626
     336000 -814.326109
     337000 -817.343930
     338000 -814.078566
     339000 -814.625937
     340000 -814.192831
     341000 -814.289185
     342000 -813.142546
     343000 -813.560390
     344000 -814.078246
     345000 -814.816876
     346000 -813.621104
     347000 -815.320120
     348000 -812.738707
     349000 -812.784652
     350000 -813.685764
     351000 -814.356999
     352000 -816.008423
     353000 -814.836634
     354000 -814.728148
     355000 -813.421828
     356000 -813.944611
     357000 -814.274620
     358000 -814.459956
     359000 -815.892845
     360000 -814.844935
     361000 -813.931191
     362000 -814.237811
     363000 -814.282379
     364000 -813.529736
     365000 -816.707473
     366000 -814.347303
     367000 -814.315713
     368000 -815.331427
     369000 -814.589325
     370000 -814.384134
     371000 -812.756250
     372000 -814.332913
     373000 -816.350042
     374000 -812.835515
     375000 -815.685771
     376000 -812.804231
     377000 -814.102580
     378000 -814.087983
     379000 -813.201476
     380000 -814.729179
     381000 -816.390304
     382000 -818.117208
     383000 -812.923555
     384000 -813.568194
     385000 -813.557628
     386000 -813.917584
     387000 -813.713426
     388000 -815.023189
     389000 -813.605911
     390000 -814.603309
     391000 -812.740915
     392000 -815.285497
     393000 -814.048102
     394000 -814.135989
     395000 -812.766760
     396000 -812.783555
     397000 -814.315606
     398000 -813.270749
     399000 -818.240877
     400000 -814.314557
     401000 -813.090229
     402000 -814.033925
     403000 -816.218602
     404000 -812.890090
     405000 -815.444741
     406000 -815.615993
     407000 -816.184682
     408000 -814.614731
     409000 -815.050197
     410000 -815.072749
     411000 -815.217006
     412000 -814.371960
     413000 -815.488981
     414000 -813.915434
     415000 -814.888115
     416000 -813.273399
     417000 -816.565412
     418000 -813.667816
     419000 -813.775952
     420000 -814.196996
     421000 -812.939743
     422000 -813.794949
     423000 -812.861785
     424000 -812.866227
     425000 -814.416549
     426000 -817.561374
     427000 -813.142848
     428000 -814.081715
     429000 -813.546997
     430000 -812.811737
     431000 -818.495742
     432000 -814.116035
     433000 -816.506375
     434000 -814.357403
     435000 -812.777310
     436000 -813.080621
     437000 -812.756275
     438000 -814.632553
     439000 -816.206983
     440000 -813.536052
     441000 -813.775908
     442000 -812.762986
     443000 -812.769979
     444000 -812.820719
     445000 -814.105935
     446000 -814.668361
     447000 -814.709512
     448000 -814.152163
     449000 -813.464361
     450000 -813.627784
     451000 -814.497379
     452000 -814.746392
     453000 -814.273602
     454000 -815.701384
     455000 -815.160544
     456000 -815.451373
     457000 -813.531727
     458000 -812.746058
     459000 -814.500236
     460000 -813.535594
     461000 -814.532426
     462000 -812.987471
     463000 -815.227597
     464000 -815.800098
     465000 -814.114556
     466000 -817.556859
     467000 -814.311646
     468000 -813.536062
     469000 -812.868271
     470000 -813.904939
     471000 -812.774768
     472000 -813.578297
     473000 -812.870686
     474000 -812.962234
     475000 -814.162131
     476000 -814.273268
     477000 -814.341803
     478000 -814.379901
     479000 -812.900872
     480000 -815.109378
     481000 -812.967771
     482000 -812.741965
     483000 -813.813271
     484000 -813.565074
     485000 -815.717927
     486000 -813.540884
     487000 -815.089157
     488000 -813.169068
     489000 -814.636263
     490000 -814.112748
     491000 -813.849943
     492000 -813.775400
     493000 -814.258093
     494000 -813.852541
     495000 -815.561827
     496000 -816.794166
     497000 -814.964526
     498000 -815.506562
     499000 -814.621007
     500000 -815.734253
     501000 -813.559212
     502000 -815.284188
     503000 -814.046690
     504000 -812.998499
     505000 -814.465395
     506000 -812.905762
     507000 -814.341643
     508000 -815.085759
     509000 -814.762899
     510000 -812.741319
     511000 -815.483800
     512000 -812.744920
     513000 -814.645455
     514000 -813.700039
     515000 -812.792085
     516000 -815.647555
     517000 -814.574443
     518000 -820.300908
     519000 -813.978507
     520000 -812.915809
     521000 -812.743843
     522000 -813.979459
     523000 -815.808078
     524000 -818.702310
     525000 -816.145369
     526000 -812.759339
     527000 -814.435330
     528000 -814.690378
     529000 -812.806446
     530000 -815.139712
     531000 -815.410735
     532000 -812.886940
     533000 -813.563939
     534000 -814.360843
     535000 -814.903733
     536000 -813.848145
     537000 -813.226340
     538000 -815.344604
     539000 -814.255876
     540000 -813.744295
     541000 -814.627212
     542000 -813.051582
     543000 -814.572706
     544000 -814.308874
     545000 -814.010673
     546000 -812.739367
     547000 -813.999654
     548000 -813.556571
     549000 -813.119431
     550000 -814.159245
     551000 -813.587440
     552000 -812.845601
     553000 -814.409413
     554000 -816.218638
     555000 -815.391709
     556000 -812.741322
     557000 -816.290199
     558000 -814.853699
     559000 -814.756084
     560000 -814.781363
     561000 -813.286518
     562000 -814.079523
     563000 -812.784358
     564000 -815.900264
     565000 -814.325565
     566000 -814.549446
     567000 -816.265186
     568000 -814.843318
     569000 -815.412208
     570000 -813.754964
     571000 -814.351882
     572000 -812.847964
     573000 -812.848888
     574000 -814.121126
     575000 -815.486254
     576000 -812.844710
     577000 -815.706017
     578000 -813.606766
     579000 -816.194697
     580000 -814.634469
     581000 -813.540869
     582000 -815.463400
     583000 -817.339424
     584000 -814.425364
     585000 -815.660767
     586000 -814.077632
     587000 -816.286027
     588000 -813.292384
     589000 -814.273717
     590000 -814.249524
     591000 -814.435252
     592000 -812.852234
     593000 -812.960904
     594000 -815.262218
     595000 -813.658023
     596000 -812.946311
     597000 -819.902404
     598000 -812.874808
     599000 -814.215441
     600000 -812.856516
     601000 -814.891721
     602000 -813.262498
     603000 -812.963373
     604000 -816.383416
     605000 -814.655291
     606000 -814.860480
     607000 -813.545657
     608000 -814.286942
     609000 -813.852663
     610000 -813.255398
     611000 -814.367960
     612000 -816.322667
     613000 -814.444084
     614000 -812.997719
     615000 -814.780250
     616000 -812.865455
     617000 -815.029730
     618000 -813.291288
     619000 -814.273316
     620000 -815.424448
     621000 -821.513345
     622000 -812.798917
     623000 -815.269609
     624000 -813.053680
     625000 -815.217766
     626000 -814.584047
     627000 -813.529632
     628000 -814.147752
     629000 -813.065292
     630000 -816.444145
     631000 -813.059374
     632000 -813.024778
     633000 -814.272416
     634000 -812.762509
     635000 -814.081902
     636000 -814.502438
     637000 -814.728080
     638000 -813.615825
     639000 -812.751424
     640000 -816.255794
     641000 -814.294971
     642000 -814.201543
     643000 -814.120632
     644000 -815.262031
     645000 -814.357210
     646000 -821.462658
     647000 -814.544507
     648000 -815.502179
     649000 -815.327251
     650000 -820.358522
     651000 -814.169493
     652000 -814.272729
     653000 -813.263776
     654000 -816.338817
     655000 -815.005504
     656000 -816.744158
     657000 -814.056120
     658000 -813.281458
     659000 -813.825914
     660000 -812.883120
     661000 -814.971550
     662000 -813.483288
     663000 -819.023860
     664000 -814.694857
     665000 -813.158089
     666000 -813.203264
     667000 -814.855005
     668000 -814.523766
     669000 -815.519617
     670000 -813.530206
     671000 -814.305622
     672000 -818.211120
     673000 -814.870288
     674000 -815.234098
     675000 -814.332025
     676000 -815.860877
     677000 -814.505535
     678000 -812.799581
     679000 -813.852288
     680000 -814.591177
     681000 -815.025234
     682000 -815.967910
     683000 -813.209619
     684000 -814.512420
     685000 -812.907783
     686000 -813.529632
     687000 -814.710556
     688000 -813.006333
     689000 -819.894896
     690000 -814.272872
     691000 -812.898467
     692000 -814.196244
     693000 -812.854129
     694000 -814.188623
     695000 -816.038727
     696000 -813.033138
     697000 -813.549890
     698000 -815.404088
     699000 -812.841453
     700000 -815.102034
     701000 -814.618969
     702000 -812.940880
     703000 -814.078375
     704000 -815.423355
     705000 -812.746415
     706000 -814.615980
     707000 -817.646695
     708000 -814.758821
     709000 -814.115474
     710000 -815.014205
     711000 -813.775125
     712000 -815.484449
     713000 -812.782906
     714000 -814.356266
     715000 -814.215625
     716000 -814.195661
     717000 -812.886780
     718000 -812.755091
     719000 -816.251586
     720000 -814.980925
     721000 -813.665146
     722000 -813.815209
     723000 -812.770802
     724000 -812.803392
     725000 -814.128997
     726000 -813.053735
     727000 -819.484867
     728000 -813.564692
     729000 -814.287776
     730000 -812.746621
     731000 -814.415294
     732000 -819.025424
     733000 -813.559591
     734000 -815.369025
     735000 -814.233073
     736000 -814.148537
     737000 -814.245579
     738000 -813.582129
     739000 -812.891492
     740000 -814.309371
     741000 -816.469724
     742000 -814.554153
     743000 -814.272616
     744000 -813.672183
     745000 -812.748617
     746000 -813.035977
     747000 -813.624621
     748000 -813.430551
     749000 -814.186499
     750000 -818.328243
     751000 -816.695662
     752000 -814.060795
     753000 -812.743025
     754000 -815.728453
     755000 -813.573898
     756000 -819.081205
     757000 -813.531954
     758000 -812.922063
     759000 -814.744500
     760000 -814.289129
     761000 -813.711185
     762000 -814.734855
     763000 -814.311719
     764000 -813.082305
     765000 -815.090913
     766000 -813.015950
     767000 -816.519030
     768000 -819.252337
     769000 -813.637413
     770000 -815.354743
     771000 -814.675968
     772000 -812.738675
     773000 -816.837215
     774000 -815.028505
     775000 -814.284954
     776000 -815.528773
     777000 -813.588095
     778000 -812.741082
     779000 -812.878844
     780000 -817.129382
     781000 -814.171231
     782000 -816.677460
     783000 -814.414911
     784000 -812.809903
     785000 -814.742920
     786000 -813.746036
     787000 -812.806963
     788000 -814.430510
     789000 -819.046562
     790000 -813.644249
     791000 -815.761401
     792000 -813.098240
     793000 -813.783393
     794000 -812.776021
     795000 -812.870334
     796000 -813.823711
     797000 -812.937678
     798000 -813.318569
     799000 -813.571016
     800000 -814.747120
     801000 -815.019479
     802000 -816.884716
     803000 -815.029418
     804000 -812.795377
     805000 -814.233207
     806000 -816.595613
     807000 -814.352329
     808000 -814.349781
     809000 -816.070889
     810000 -814.005638
     811000 -815.356852
     812000 -813.953205
     813000 -815.750682
     814000 -812.744860
     815000 -814.508827
     816000 -817.575440
     817000 -813.654639
     818000 -812.858221
     819000 -813.843605
     820000 -814.382363
     821000 -816.332139
     822000 -814.106052
     823000 -814.064280
     824000 -812.740251
     825000 -814.485470
     826000 -812.743584
     827000 -815.564469
     828000 -821.257963
     829000 -814.555552
     830000 -812.749129
     831000 -812.997820
     832000 -812.992048
     833000 -814.752298
     834000 -813.532237
     835000 -815.391776
     836000 -815.952750
     837000 -815.110014
     838000 -814.996949
     839000 -813.855905
     840000 -815.838198
     841000 -814.282678
     842000 -813.708868
     843000 -814.289680
     844000 -812.742158
     845000 -813.819280
     846000 -815.630376
     847000 -813.920977
     848000 -813.672165
     849000 -812.805949
     850000 -814.078366
     851000 -813.550764
     852000 -813.702776
     853000 -814.945627
     854000 -813.575832
     855000 -814.275335
     856000 -814.164963
     857000 -812.738836
     858000 -815.314073
     859000 -814.111754
     860000 -814.281914
     861000 -812.739635
     862000 -812.845625
     863000 -815.525778
     864000 -814.566122
     865000 -815.493327
     866000 -822.064496
     867000 -815.004093
     868000 -814.339339
     869000 -812.854095
     870000 -814.965705
     871000 -813.553983
     872000 -816.557163
     873000 -812.743355
     874000 -817.135297
     875000 -815.254799
     876000 -814.108457
     877000 -813.719757
     878000 -812.756073
     879000 -812.884172
     880000 -817.903889
     881000 -813.576062
     882000 -817.688347
     883000 -815.342430
     884000 -813.601852
     885000 -815.484389
     886000 -814.165549
     887000 -814.932947
     888000 -813.127067
     889000 -812.757841
     890000 -813.751506
     891000 -812.987501
     892000 -815.014749
     893000 -815.587967
     894000 -814.074422
     895000 -812.842685
     896000 -812.973743
     897000 -818.352893
     898000 -814.886757
     899000 -817.165256
     900000 -815.009593
     901000 -814.261927
     902000 -813.113630
     903000 -814.379613
     904000 -814.311521
     905000 -813.601465
     906000 -815.256564
     907000 -813.620004
     908000 -812.929022
     909000 -814.715612
     910000 -814.078543
     911000 -819.736877
     912000 -819.325290
     913000 -812.839773
     914000 -814.248301
     915000 -814.738311
     916000 -816.490996
     917000 -813.164856
     918000 -817.387520
     919000 -814.843417
     920000 -812.739506
     921000 -813.857804
     922000 -819.456364
     923000 -814.468640
     924000 -814.781941
     925000 -812.743150
     926000 -814.545727
     927000 -818.416090
     928000 -813.970920
     929000 -812.772205
     930000 -815.483526
     931000 -813.687919
     932000 -813.978627
     933000 -817.607588
     934000 -815.631619
     935000 -819.062975
     936000 -815.761197
     937000 -812.754376
     938000 -813.533421
     939000 -815.247728
     940000 -812.760158
     941000 -814.196829
     942000 -814.522110
     943000 -813.214157
     944000 -812.755143
     945000 -813.093823
     946000 -813.931882
     947000 -813.215640
     948000 -814.473262
     949000 -815.567886
     950000 -812.741371
     951000 -817.525401
     952000 -814.203715
     953000 -814.090994
     954000 -813.762677
     955000 -814.881222
     956000 -813.674028
     957000 -813.621504
     958000 -815.704728
     959000 -813.354620
     960000 -813.109414
     961000 -819.581221
     962000 -813.203098
     963000 -815.556579
     964000 -814.078438
     965000 -814.120529
     966000 -814.452968
     967000 -813.777531
     968000 -812.916074
     969000 -814.634361
     970000 -816.631880
     971000 -814.090320
     972000 -812.756705
     973000 -814.119527
     974000 -814.017500
     975000 -814.127195
     976000 -815.516520
     977000 -814.121544
     978000 -813.597540
     979000 -813.266638
     980000 -813.872048
     981000 -815.505985
     982000 -813.562848
     983000 -818.571203
     984000 -814.278156
     985000 -814.250254
     986000 -815.483789
     987000 -814.626159
     988000 -813.707467
     989000 -815.739680
     990000 -814.738192
     991000 -813.176089
     992000 -814.118057
     993000 -813.210728
     994000 -816.382376
     995000 -812.798656
     996000 -812.758514
     997000 -815.551523
     998000 -814.046240
     999000 -813.332838
    1000000 -814.885178
