    genPlus1     spaQ
        1000  0.534407
        2000  0.528042
        3000  0.531462
        4000  0.525220
        5000  0.535096
        6000  0.527816
        7000  0.523683
        8000  0.539898
        9000  0.527442
       10000  0.519486
       11000  0.534513
       12000  0.532557
       13000  0.521151
       14000  0.538530
       15000  0.528171
       16000  0.535588
       17000  0.517556
       18000  0.529936
       19000  0.532221
       20000  0.549068
       21000  0.523268
       22000  0.536185
       23000  0.547275
       24000  0.539286
       25000  0.518386
       26000  0.524277
       27000  0.539041
       28000  0.533313
       29000  0.536618
       30000  0.520564
       31000  0.531186
       32000  0.534862
       33000  0.515441
       34000  0.519264
       35000  0.529301
       36000  0.518046
       37000  0.522387
       38000  0.535279
       39000  0.521978
       40000  0.541208
       41000  0.534254
       42000  0.518816
       43000  0.533944
       44000  0.531434
       45000  0.526388
       46000  0.528141
       47000  0.528789
       48000  0.532722
       49000  0.528774
       50000  0.541592
       51000  0.534424
       52000  0.538675
       53000  0.534967
       54000  0.529587
       55000  0.538892
       56000  0.539360
       57000  0.545093
       58000  0.519727
       59000  0.529992
       60000  0.528247
       61000  0.534529
       62000  0.528093
       63000  0.535414
       64000  0.530708
       65000  0.531550
       66000  0.536061
       67000  0.525649
       68000  0.526742
       69000  0.542602
       70000  0.527764
       71000  0.530218
       72000  0.514639
       73000  0.536458
       74000  0.529105
       75000  0.536054
       76000  0.519886
       77000  0.532925
       78000  0.534817
       79000  0.526171
       80000  0.542975
       81000  0.541577
       82000  0.528294
       83000  0.533446
       84000  0.524746
       85000  0.526248
       86000  0.536897
       87000  0.526636
       88000  0.538277
       89000  0.531444
       90000  0.526650
       91000  0.536543
       92000  0.530090
       93000  0.533883
       94000  0.533551
       95000  0.519134
       96000  0.534216
       97000  0.522497
       98000  0.538094
       99000  0.539748
      100000  0.541506
      101000  0.529023
      102000  0.525978
      103000  0.535894
      104000  0.538548
      105000  0.532308
      106000  0.510244
      107000  0.524734
      108000  0.532205
      109000  0.546850
      110000  0.526517
      111000  0.549219
      112000  0.521134
      113000  0.524264
      114000  0.526106
      115000  0.534054
      116000  0.530920
      117000  0.538006
      118000  0.541254
      119000  0.526922
      120000  0.536399
      121000  0.521487
      122000  0.532633
      123000  0.532443
      124000  0.525935
      125000  0.542125
      126000  0.511930
      127000  0.524521
      128000  0.526826
      129000  0.514170
      130000  0.531796
      131000  0.536880
      132000  0.534264
      133000  0.527630
      134000  0.527842
      135000  0.531110
      136000  0.519314
      137000  0.537941
      138000  0.536004
      139000  0.532733
      140000  0.523938
      141000  0.528694
      142000  0.520098
      143000  0.530113
      144000  0.519925
      145000  0.527187
      146000  0.534231
      147000  0.525230
      148000  0.535649
      149000  0.530013
      150000  0.512125
      151000  0.518203
      152000  0.530048
      153000  0.531537
      154000  0.542268
      155000  0.526064
      156000  0.519065
      157000  0.527842
      158000  0.542603
      159000  0.535279
      160000  0.532298
      161000  0.534937
      162000  0.533006
      163000  0.548627
      164000  0.521310
      165000  0.530586
      166000  0.529257
      167000  0.533334
      168000  0.528666
      169000  0.542836
      170000  0.530461
      171000  0.537265
      172000  0.555436
      173000  0.540385
      174000  0.534339
      175000  0.513773
      176000  0.535828
      177000  0.520968
      178000  0.524086
      179000  0.537922
      180000  0.526033
      181000  0.547507
      182000  0.522647
      183000  0.528981
      184000  0.513403
      185000  0.536390
      186000  0.530349
      187000  0.540462
      188000  0.526137
      189000  0.545364
      190000  0.526559
      191000  0.526904
      192000  0.540014
      193000  0.529901
      194000  0.533953
      195000  0.529639
      196000  0.534699
      197000  0.522314
      198000  0.546027
      199000  0.532853
      200000  0.546572
      201000  0.532163
      202000  0.542476
      203000  0.536297
      204000  0.532828
      205000  0.528657
      206000  0.521823
      207000  0.542254
      208000  0.526373
      209000  0.526330
      210000  0.531204
      211000  0.519147
      212000  0.528337
      213000  0.533337
      214000  0.525566
      215000  0.544870
      216000  0.524195
      217000  0.527823
      218000  0.527246
      219000  0.527331
      220000  0.535800
      221000  0.527567
      222000  0.526037
      223000  0.540079
      224000  0.524349
      225000  0.530011
      226000  0.511385
      227000  0.535720
      228000  0.532946
      229000  0.531354
      230000  0.514906
      231000  0.543764
      232000  0.535042
      233000  0.524665
      234000  0.544426
      235000  0.528120
      236000  0.533141
      237000  0.525942
      238000  0.537766
      239000  0.533518
      240000  0.536882
      241000  0.528554
      242000  0.525764
      243000  0.542373
      244000  0.527060
      245000  0.523516
      246000  0.536274
      247000  0.529013
      248000  0.524082
      249000  0.514314
      250000  0.523167
      251000  0.508711
      252000  0.535625
      253000  0.512939
      254000  0.524828
      255000  0.518174
      256000  0.544065
      257000  0.528005
      258000  0.539138
      259000  0.534914
      260000  0.524665
      261000  0.523619
      262000  0.540923
      263000  0.530065
      264000  0.538149
      265000  0.525682
      266000  0.523374
      267000  0.528192
      268000  0.530745
      269000  0.542184
      270000  0.527269
      271000  0.536433
      272000  0.535191
      273000  0.513485
      274000  0.523069
      275000  0.525744
      276000  0.524287
      277000  0.523796
      278000  0.538764
      279000  0.531235
      280000  0.534919
      281000  0.528649
      282000  0.517203
      283000  0.547298
      284000  0.532042
      285000  0.537102
      286000  0.520662
      287000  0.530064
      288000  0.520634
      289000  0.536450
      290000  0.523366
      291000  0.537143
      292000  0.530531
      293000  0.532009
      294000  0.535075
      295000  0.526620
      296000  0.535715
      297000  0.530001
      298000  0.537961
      299000  0.540874
      300000  0.533168
      301000  0.527573
      302000  0.532434
      303000  0.533364
      304000  0.534051
      305000  0.521079
      306000  0.522021
      307000  0.521203
      308000  0.531761
      309000  0.541705
      310000  0.527085
      311000  0.537213
      312000  0.532100
      313000  0.526836
      314000  0.528912
      315000  0.526644
      316000  0.544089
      317000  0.524186
      318000  0.535941
      319000  0.530312
      320000  0.522435
      321000  0.527941
      322000  0.525367
      323000  0.524967
      324000  0.521796
      325000  0.530571
      326000  0.533874
      327000  0.524906
      328000  0.534071
      329000  0.525767
      330000  0.518487
      331000  0.542509
      332000  0.513187
      333000  0.518182
      334000  0.529918
      335000  0.539201
      336000  0.525618
      337000  0.533259
      338000  0.536724
      339000  0.527825
      340000  0.532625
      341000  0.541257
      342000  0.536438
      343000  0.533095
      344000  0.537364
      345000  0.525600
      346000  0.521694
      347000  0.530174
      348000  0.515147
      349000  0.534315
      350000  0.530537
      351000  0.529065
      352000  0.550726
      353000  0.533983
      354000  0.529661
      355000  0.540741
      356000  0.522566
      357000  0.531914
      358000  0.516124
      359000  0.522065
      360000  0.529887
      361000  0.530033
      362000  0.528381
      363000  0.523539
      364000  0.520291
      365000  0.547483
      366000  0.532015
      367000  0.524278
      368000  0.519537
      369000  0.536036
      370000  0.524636
      371000  0.536853
      372000  0.532134
      373000  0.529997
      374000  0.518296
      375000  0.535191
      376000  0.539401
      377000  0.520998
      378000  0.527504
      379000  0.527355
      380000  0.536113
      381000  0.527131
      382000  0.530666
      383000  0.539994
      384000  0.535882
      385000  0.520022
      386000  0.528809
      387000  0.527412
      388000  0.519546
      389000  0.536221
      390000  0.524888
      391000  0.531352
      392000  0.546002
      393000  0.533223
      394000  0.527476
      395000  0.525934
      396000  0.522918
      397000  0.524376
      398000  0.527815
      399000  0.541350
      400000  0.535752
      401000  0.525457
      402000  0.528539
      403000  0.548293
      404000  0.533125
      405000  0.520302
      406000  0.520370
      407000  0.538304
      408000  0.521540
      409000  0.523994
      410000  0.546779
      411000  0.526228
      412000  0.516802
      413000  0.538195
      414000  0.526166
      415000  0.522015
      416000  0.531454
      417000  0.526574
      418000  0.529130
      419000  0.530663
      420000  0.543551
      421000  0.532535
      422000  0.532858
      423000  0.520762
      424000  0.536789
      425000  0.537068
      426000  0.531780
      427000  0.527198
      428000  0.522527
      429000  0.526466
      430000  0.512716
      431000  0.519007
      432000  0.534005
      433000  0.543203
      434000  0.520932
      435000  0.537508
      436000  0.532645
      437000  0.533782
      438000  0.530737
      439000  0.533490
      440000  0.527488
      441000  0.526469
      442000  0.521966
      443000  0.546075
      444000  0.528337
      445000  0.530058
      446000  0.539041
      447000  0.535257
      448000  0.541805
      449000  0.542290
      450000  0.534206
      451000  0.523565
      452000  0.533231
      453000  0.532144
      454000  0.523605
      455000  0.535818
      456000  0.528230
      457000  0.528164
      458000  0.542245
      459000  0.540054
      460000  0.534253
      461000  0.525411
      462000  0.515579
      463000  0.522611
      464000  0.524190
      465000  0.536740
      466000  0.538043
      467000  0.529290
      468000  0.528996
      469000  0.529088
      470000  0.534377
      471000  0.527285
      472000  0.526518
      473000  0.532774
      474000  0.534126
      475000  0.524826
      476000  0.532732
      477000  0.524344
      478000  0.539416
      479000  0.530659
      480000  0.519609
      481000  0.536194
      482000  0.517155
      483000  0.518645
      484000  0.526026
      485000  0.536226
      486000  0.528109
      487000  0.521722
      488000  0.535609
      489000  0.523227
      490000  0.537534
      491000  0.531206
      492000  0.531411
      493000  0.545036
      494000  0.529653
      495000  0.521738
      496000  0.526697
      497000  0.518138
      498000  0.538046
      499000  0.534220
      500000  0.530419
      501000  0.525604
      502000  0.543449
      503000  0.532038
      504000  0.531773
      505000  0.530154
      506000  0.526209
      507000  0.535680
      508000  0.538878
      509000  0.507461
      510000  0.519931
      511000  0.536877
      512000  0.544093
      513000  0.524959
      514000  0.540391
      515000  0.520911
      516000  0.521021
      517000  0.528907
      518000  0.529330
      519000  0.533823
      520000  0.521357
      521000  0.543039
      522000  0.518785
      523000  0.523260
      524000  0.532995
      525000  0.524572
      526000  0.527869
      527000  0.534379
      528000  0.531152
      529000  0.539919
      530000  0.533823
      531000  0.529398
      532000  0.529355
      533000  0.534919
      534000  0.522048
      535000  0.532411
      536000  0.534700
      537000  0.534653
      538000  0.545255
      539000  0.534027
      540000  0.521295
      541000  0.538047
      542000  0.536477
      543000  0.522743
      544000  0.527854
      545000  0.526635
      546000  0.541295
      547000  0.545287
      548000  0.516334
      549000  0.527954
      550000  0.533374
      551000  0.538555
      552000  0.533519
      553000  0.533974
      554000  0.527209
      555000  0.534939
      556000  0.536159
      557000  0.531818
      558000  0.529854
      559000  0.530078
      560000  0.532569
      561000  0.532360
      562000  0.524002
      563000  0.524106
      564000  0.535515
      565000  0.543602
      566000  0.525417
      567000  0.534257
      568000  0.505162
      569000  0.529351
      570000  0.532019
      571000  0.534573
      572000  0.534356
      573000  0.527448
      574000  0.520022
      575000  0.524946
      576000  0.529866
      577000  0.523220
      578000  0.521325
      579000  0.524536
      580000  0.520757
      581000  0.532384
      582000  0.532226
      583000  0.524525
      584000  0.529403
      585000  0.517588
      586000  0.527929
      587000  0.528758
      588000  0.525677
      589000  0.533542
      590000  0.514793
      591000  0.533357
      592000  0.523081
      593000  0.522560
      594000  0.547171
      595000  0.517345
      596000  0.529241
      597000  0.529218
      598000  0.522642
      599000  0.529041
      600000  0.533049
      601000  0.542321
      602000  0.523067
      603000  0.539233
      604000  0.529697
      605000  0.516812
      606000  0.530198
      607000  0.524597
      608000  0.536787
      609000  0.524691
      610000  0.533625
      611000  0.528910
      612000  0.536708
      613000  0.537693
      614000  0.526666
      615000  0.543612
      616000  0.527669
      617000  0.524841
      618000  0.531612
      619000  0.526796
      620000  0.525169
      621000  0.537770
      622000  0.525860
      623000  0.538071
      624000  0.511503
      625000  0.529838
      626000  0.529078
      627000  0.530806
      628000  0.540550
      629000  0.531991
      630000  0.533334
      631000  0.532613
      632000  0.519636
      633000  0.518104
      634000  0.532963
      635000  0.528051
      636000  0.527641
      637000  0.531689
      638000  0.536444
      639000  0.535255
      640000  0.536091
      641000  0.536974
      642000  0.522584
      643000  0.528334
      644000  0.525790
      645000  0.529808
      646000  0.531162
      647000  0.527495
      648000  0.525265
      649000  0.533508
      650000  0.537502
      651000  0.521951
      652000  0.545779
      653000  0.532557
      654000  0.547009
      655000  0.513486
      656000  0.538215
      657000  0.533646
      658000  0.531981
      659000  0.524456
      660000  0.537191
      661000  0.543501
      662000  0.515396
      663000  0.520644
      664000  0.533393
      665000  0.521145
      666000  0.523830
      667000  0.529665
      668000  0.539266
      669000  0.530402
      670000  0.532626
      671000  0.525928
      672000  0.531875
      673000  0.531999
      674000  0.531149
      675000  0.531438
      676000  0.529636
      677000  0.522874
      678000  0.531891
      679000  0.521525
      680000  0.517011
      681000  0.540960
      682000  0.529579
      683000  0.532995
      684000  0.526457
      685000  0.532902
      686000  0.533095
      687000  0.538624
      688000  0.529178
      689000  0.542509
      690000  0.529598
      691000  0.529121
      692000  0.536069
      693000  0.519491
      694000  0.534373
      695000  0.531832
      696000  0.532070
      697000  0.530883
      698000  0.526143
      699000  0.521563
      700000  0.551217
      701000  0.531802
      702000  0.521796
      703000  0.540217
      704000  0.525831
      705000  0.540769
      706000  0.536621
      707000  0.512553
      708000  0.514146
      709000  0.538611
      710000  0.526577
      711000  0.528197
      712000  0.520459
      713000  0.539529
      714000  0.522134
      715000  0.521039
      716000  0.524953
      717000  0.532991
      718000  0.521309
      719000  0.536130
      720000  0.534489
      721000  0.511355
      722000  0.526211
      723000  0.531618
      724000  0.528812
      725000  0.531071
      726000  0.523778
      727000  0.544498
      728000  0.521332
      729000  0.534895
      730000  0.532927
      731000  0.529465
      732000  0.523202
      733000  0.528746
      734000  0.517322
      735000  0.530972
      736000  0.517814
      737000  0.534369
      738000  0.539480
      739000  0.537493
      740000  0.527048
      741000  0.533704
      742000  0.520553
      743000  0.540174
      744000  0.522571
      745000  0.511400
      746000  0.533717
      747000  0.524134
      748000  0.537357
      749000  0.534034
      750000  0.529122
      751000  0.530998
      752000  0.535127
      753000  0.527705
      754000  0.527770
      755000  0.520627
      756000  0.528478
      757000  0.538262
      758000  0.541204
      759000  0.531941
      760000  0.532655
      761000  0.529115
      762000  0.526493
      763000  0.529590
      764000  0.530419
      765000  0.540181
      766000  0.537976
      767000  0.527374
      768000  0.531173
      769000  0.514435
      770000  0.521700
      771000  0.524928
      772000  0.535962
      773000  0.537597
      774000  0.533433
      775000  0.527899
      776000  0.535333
      777000  0.527410
      778000  0.527705
      779000  0.533036
      780000  0.532604
      781000  0.530843
      782000  0.525253
      783000  0.542086
      784000  0.523668
      785000  0.526873
      786000  0.521331
      787000  0.541497
      788000  0.537004
      789000  0.544810
      790000  0.527709
      791000  0.531345
      792000  0.530541
      793000  0.536254
      794000  0.521478
      795000  0.526343
      796000  0.532633
      797000  0.532887
      798000  0.544994
      799000  0.531181
      800000  0.527891
      801000  0.533926
      802000  0.514198
      803000  0.536672
      804000  0.530755
      805000  0.529430
      806000  0.527273
      807000  0.532695
      808000  0.525030
      809000  0.529028
      810000  0.537391
      811000  0.532327
      812000  0.528956
      813000  0.532533
      814000  0.516334
      815000  0.543982
      816000  0.532661
      817000  0.530969
      818000  0.536541
      819000  0.540701
      820000  0.548505
      821000  0.519675
      822000  0.519135
      823000  0.532096
      824000  0.538354
      825000  0.521467
      826000  0.517853
      827000  0.514982
      828000  0.536035
      829000  0.535471
      830000  0.534652
      831000  0.531039
      832000  0.539592
      833000  0.522735
      834000  0.531679
      835000  0.529777
      836000  0.533948
      837000  0.528858
      838000  0.522371
      839000  0.519691
      840000  0.524395
      841000  0.532408
      842000  0.540466
      843000  0.531330
      844000  0.533164
      845000  0.530099
      846000  0.527258
      847000  0.534104
      848000  0.535116
      849000  0.521974
      850000  0.535979
      851000  0.521431
      852000  0.531046
      853000  0.542451
      854000  0.526385
      855000  0.535962
      856000  0.536228
      857000  0.520517
      858000  0.527421
      859000  0.522858
      860000  0.522571
      861000  0.530726
      862000  0.524140
      863000  0.532475
      864000  0.529328
      865000  0.537425
      866000  0.535653
      867000  0.530122
      868000  0.523237
      869000  0.522387
      870000  0.527088
      871000  0.525931
      872000  0.533525
      873000  0.522102
      874000  0.530666
      875000  0.532377
      876000  0.537011
      877000  0.531742
      878000  0.524883
      879000  0.527311
      880000  0.536542
      881000  0.525747
      882000  0.521937
      883000  0.531864
      884000  0.521549
      885000  0.516503
      886000  0.528111
      887000  0.527516
      888000  0.522551
      889000  0.535066
      890000  0.519660
      891000  0.528871
      892000  0.526477
      893000  0.535108
      894000  0.527980
      895000  0.526452
      896000  0.531440
      897000  0.528746
      898000  0.536187
      899000  0.525727
      900000  0.531062
      901000  0.522842
      902000  0.541566
      903000  0.525751
      904000  0.533984
      905000  0.529221
      906000  0.542909
      907000  0.533567
      908000  0.542191
      909000  0.534431
      910000  0.537033
      911000  0.518730
      912000  0.527518
      913000  0.542841
      914000  0.524521
      915000  0.538026
      916000  0.536573
      917000  0.534654
      918000  0.513138
      919000  0.521190
      920000  0.535988
      921000  0.528811
      922000  0.530969
      923000  0.525959
      924000  0.537962
      925000  0.527310
      926000  0.528410
      927000  0.531538
      928000  0.543158
      929000  0.513935
      930000  0.544074
      931000  0.511407
      932000  0.517932
      933000  0.525339
      934000  0.517465
      935000  0.534246
      936000  0.535711
      937000  0.524330
      938000  0.527188
      939000  0.534290
      940000  0.532391
      941000  0.526912
      942000  0.531740
      943000  0.519947
      944000  0.527327
      945000  0.527253
      946000  0.535255
      947000  0.524045
      948000  0.530531
      949000  0.535387
      950000  0.539606
      951000  0.528793
      952000  0.526200
      953000  0.525997
      954000  0.528611
      955000  0.524011
      956000  0.516485
      957000  0.533625
      958000  0.533944
      959000  0.526904
      960000  0.521351
      961000  0.535219
      962000  0.533857
      963000  0.539158
      964000  0.533097
      965000  0.538867
      966000  0.543020
      967000  0.530559
      968000  0.528642
      969000  0.522119
      970000  0.543658
      971000  0.530294
      972000  0.540592
      973000  0.510666
      974000  0.532403
      975000  0.533369
      976000  0.526742
      977000  0.539565
      978000  0.537023
      979000  0.519409
      980000  0.529991
      981000  0.521677
      982000  0.541658
      983000  0.532546
      984000  0.507685
      985000  0.528687
      986000  0.529456
      987000  0.537523
      988000  0.530733
      989000  0.537324
      990000  0.532266
      991000  0.526703
      992000  0.518515
      993000  0.538518
      994000  0.528562
      995000  0.525206
      996000  0.531275
      997000  0.524885
      998000  0.541159
      999000  0.532102
     1000000  0.522362
