       1000 -794.881949
       2000 -796.483591
       3000 -794.737064
       4000 -800.179897
       5000 -794.681658
       6000 -794.667793
       7000 -796.392283
       8000 -796.343437
       9000 -795.324426
      10000 -794.742598
      11000 -796.085900
      12000 -794.909287
      13000 -797.128297
      14000 -796.702598
      15000 -796.091367
      16000 -794.655484
      17000 -797.094112
      18000 -797.819035
      19000 -795.444103
      20000 -795.059720
      21000 -796.514021
      22000 -796.700280
      23000 -794.655831
      24000 -798.597615
      25000 -795.329981
      26000 -795.082018
      27000 -796.109225
      28000 -796.465411
      29000 -795.398734
      30000 -796.662111
      31000 -794.891180
      32000 -794.650234
      33000 -796.533878
      34000 -794.656218
      35000 -798.134482
      36000 -795.294496
      37000 -794.692734
      38000 -796.463946
      39000 -794.653956
      40000 -798.127338
      41000 -796.466695
      42000 -795.031965
      43000 -796.853385
      44000 -795.073092
      45000 -795.364847
      46000 -797.452650
      47000 -798.254211
      48000 -795.125248
      49000 -796.493316
      50000 -798.792515
      51000 -794.712775
      52000 -795.487991
      53000 -795.822417
      54000 -796.988489
      55000 -795.207725
      56000 -797.298526
      57000 -796.034252
      58000 -799.173135
      59000 -794.864891
      60000 -794.703368
      61000 -794.848399
      62000 -794.696850
      63000 -798.685514
      64000 -796.769648
      65000 -794.672438
      66000 -795.423159
      67000 -796.679098
      68000 -795.346317
      69000 -801.493246
      70000 -795.681250
      71000 -800.019579
      72000 -796.716925
      73000 -796.423523
      74000 -800.741846
      75000 -794.680197
      76000 -795.304463
      77000 -796.472122
      78000 -794.718972
      79000 -794.861963
      80000 -796.348462
      81000 -795.307350
      82000 -798.380265
      83000 -795.452136
      84000 -795.250470
      85000 -796.765829
      86000 -795.076947
      87000 -796.450510
      88000 -794.869240
      89000 -795.979356
      90000 -798.509110
      91000 -796.787791
      92000 -794.687412
      93000 -796.438811
      94000 -796.462011
      95000 -795.434989
      96000 -796.865947
      97000 -794.775975
      98000 -796.546716
      99000 -796.465045
     100000 -796.028130
     101000 -794.709960
     102000 -799.488106
     103000 -794.941870
     104000 -794.683404
     105000 -795.232028
     106000 -794.889371
     107000 -798.267429
     108000 -797.620059
     109000 -796.511343
     110000 -795.557646
     111000 -797.159753
     112000 -797.419188
     113000 -799.835806
     114000 -795.150105
     115000 -796.075393
     116000 -795.150250
     117000 -796.903521
     118000 -798.550684
     119000 -794.726786
     120000 -794.937296
     121000 -797.928175
     122000 -798.254482
     123000 -794.720428
     124000 -800.945290
     125000 -799.361257
     126000 -796.008735
     127000 -796.452833
     128000 -796.467608
     129000 -797.590089
     130000 -794.968572
     131000 -798.538860
     132000 -794.877312
     133000 -798.340427
     134000 -796.516677
     135000 -794.713140
     136000 -800.365766
     137000 -795.073643
     138000 -796.786603
     139000 -794.684753
     140000 -796.518332
     141000 -798.350707
     142000 -796.568157
     143000 -794.658688
     144000 -795.421937
     145000 -795.964593
     146000 -795.870239
     147000 -795.108784
     148000 -798.515774
     149000 -794.725546
     150000 -795.386821
     151000 -797.054081
     152000 -795.552438
     153000 -796.711071
     154000 -794.882231
     155000 -794.672267
     156000 -795.205568
     157000 -795.975949
     158000 -794.692042
     159000 -794.720255
     160000 -796.460681
     161000 -796.725130
     162000 -794.723709
     163000 -797.575923
     164000 -795.492497
     165000 -796.500304
     166000 -794.773862
     167000 -795.877232
     168000 -796.461220
     169000 -794.984877
     170000 -796.553569
     171000 -796.762417
     172000 -796.489909
     173000 -794.709828
     174000 -795.100340
     175000 -798.762997
     176000 -794.827174
     177000 -794.687911
     178000 -794.661786
     179000 -794.922945
     180000 -797.085827
     181000 -797.104892
     182000 -802.970365
     183000 -796.465267
     184000 -794.650637
     185000 -795.090666
     186000 -798.639000
     187000 -795.027940
     188000 -794.754859
     189000 -794.678560
     190000 -795.793578
     191000 -794.653043
     192000 -795.100087
     193000 -797.435342
     194000 -795.280133
     195000 -795.076148
     196000 -796.272476
     197000 -794.979272
     198000 -798.608065
     199000 -794.726324
     200000 -796.737033
     201000 -797.200084
     202000 -796.585562
     203000 -798.845872
     204000 -794.877480
     205000 -795.364809
     206000 -794.911875
     207000 -796.557800
     208000 -794.820350
     209000 -795.111040
     210000 -794.781954
     211000 -794.927216
     212000 -795.116466
     213000 -795.572839
     214000 -796.449701
     215000 -795.645602
     216000 -794.876313
     217000 -797.084963
     218000 -800.785814
     219000 -794.769751
     220000 -794.686306
     221000 -798.836987
     222000 -797.685975
     223000 -794.673086
     224000 -794.828395
     225000 -795.049598
     226000 -795.195109
     227000 -797.002630
     228000 -798.708366
     229000 -797.216398
     230000 -794.786056
     231000 -794.799511
     232000 -794.651903
     233000 -794.949432
     234000 -794.666033
     235000 -798.593426
     236000 -795.492096
     237000 -796.690737
     238000 -794.744340
     239000 -794.651261
     240000 -794.757988
     241000 -794.986989
     242000 -800.670877
     243000 -794.658486
     244000 -797.423152
     245000 -796.784826
     246000 -794.865038
     247000 -798.377501
     248000 -794.851131
     249000 -796.063708
     250000 -794.957183
     251000 -796.699578
     252000 -801.711439
     253000 -796.613566
     254000 -796.092228
     255000 -795.008218
     256000 -799.250978
     257000 -795.637501
     258000 -796.948162
     259000 -794.650063
     260000 -797.020218
     261000 -795.051382
     262000 -794.658900
     263000 -794.688807
     264000 -794.892975
     265000 -794.752319
     266000 -797.814332
     267000 -796.515806
     268000 -794.650551
     269000 -798.870476
     270000 -798.087246
     271000 -794.673288
     272000 -796.468628
     273000 -795.235007
     274000 -801.280209
     275000 -796.467302
     276000 -797.356686
     277000 -794.722971
     278000 -797.607963
     279000 -794.777320
     280000 -794.666350
     281000 -794.650957
     282000 -796.458783
     283000 -796.474614
     284000 -794.847094
     285000 -797.739789
     286000 -794.975834
     287000 -795.364402
     288000 -804.763988
     289000 -798.687932
     290000 -795.119534
     291000 -794.674045
     292000 -794.857055
     293000 -796.630216
     294000 -796.482132
     295000 -798.511806
     296000 -797.184784
     297000 -797.116026
     298000 -795.691279
     299000 -795.084369
     300000 -799.729362
     301000 -797.159498
     302000 -798.325494
     303000 -796.524482
     304000 -796.909823
     305000 -794.651632
     306000 -799.151323
     307000 -797.187628
     308000 -795.020477
     309000 -798.779837
     310000 -794.650007
     311000 -794.656055
     312000 -796.543875
     313000 -794.652947
     314000 -794.724966
     315000 -797.485151
     316000 -795.526298
     317000 -794.900810
     318000 -794.898602
     319000 -796.602275
     320000 -795.319986
     321000 -796.567636
     322000 -796.450045
     323000 -794.678721
     324000 -795.277248
     325000 -800.131376
     326000 -794.697725
     327000 -794.678735
     328000 -797.587955
     329000 -795.396300
     330000 -795.599637
     331000 -794.690708
     332000 -794.655561
     333000 -800.603221
     334000 -796.501933
     335000 -796.457580
     336000 -794.697177
     337000 -795.408066
     338000 -794.743701
     339000 -796.584141
     340000 -794.687562
     341000 -796.494008
     342000 -794.899302
     343000 -794.736933
     344000 -794.742245
     345000 -795.111298
     346000 -795.464015
     347000 -801.480502
     348000 -795.367746
     349000 -796.769736
     350000 -796.496053
     351000 -794.675763
     352000 -794.851551
     353000 -794.984966
     354000 -799.085212
     355000 -794.678417
     356000 -797.779231
     357000 -795.595067
     358000 -795.418140
     359000 -798.992404
     360000 -794.813722
     361000 -796.477570
     362000 -796.450958
     363000 -794.665016
     364000 -799.370673
     365000 -803.031787
     366000 -798.512163
     367000 -796.504969
     368000 -795.083227
     369000 -794.770584
     370000 -796.455243
     371000 -796.601737
     372000 -796.450555
     373000 -795.722042
     374000 -797.662497
     375000 -796.596276
     376000 -799.601114
     377000 -799.568155
     378000 -795.069361
     379000 -794.688251
     380000 -795.367126
     381000 -795.133863
     382000 -797.420836
     383000 -795.382886
     384000 -798.724570
     385000 -794.892693
     386000 -794.966562
     387000 -795.766753
     388000 -796.481631
     389000 -795.692641
     390000 -796.530100
     391000 -795.326987
     392000 -794.658103
     393000 -796.610739
     394000 -794.704131
     395000 -794.976133
     396000 -796.446059
     397000 -794.783761
     398000 -799.253327
     399000 -796.482031
     400000 -794.661656
     401000 -794.756046
     402000 -794.676926
     403000 -798.373660
     404000 -796.506866
     405000 -798.495756
     406000 -794.805407
     407000 -797.192777
     408000 -796.040758
     409000 -794.852696
     410000 -798.324524
     411000 -795.514605
     412000 -796.843556
     413000 -794.693901
     414000 -795.202399
     415000 -795.029775
     416000 -796.460727
     417000 -795.069696
     418000 -797.205809
     419000 -798.388696
     420000 -794.960295
     421000 -794.858194
     422000 -796.430287
     423000 -797.007390
     424000 -798.493468
     425000 -799.058792
     426000 -796.782903
     427000 -796.562638
     428000 -798.570442
     429000 -798.322541
     430000 -796.811128
     431000 -794.845614
     432000 -794.853083
     433000 -795.073369
     434000 -795.799672
     435000 -798.334448
     436000 -795.054502
     437000 -795.730112
     438000 -796.548858
     439000 -795.115393
     440000 -796.781832
     441000 -797.205542
     442000 -794.847848
     443000 -798.598638
     444000 -798.479676
     445000 -794.670733
     446000 -798.290884
     447000 -796.885214
     448000 -794.688029
     449000 -796.610351
     450000 -795.194279
     451000 -795.044477
     452000 -797.184093
     453000 -794.705888
     454000 -797.563405
     455000 -796.698701
     456000 -796.638229
     457000 -796.686068
     458000 -794.710920
     459000 -796.480977
     460000 -794.654323
     461000 -796.988673
     462000 -796.474247
     463000 -798.502165
     464000 -794.925814
     465000 -796.604766
     466000 -796.072465
     467000 -797.141634
     468000 -799.310678
     469000 -798.551653
     470000 -800.530557
     471000 -795.206287
     472000 -796.458494
     473000 -794.887719
     474000 -794.680496
     475000 -795.084858
     476000 -794.792978
     477000 -794.653792
     478000 -797.343353
     479000 -794.818541
     480000 -799.257101
     481000 -794.786594
     482000 -796.827120
     483000 -797.008510
     484000 -797.290789
     485000 -796.379740
     486000 -795.979847
     487000 -795.204453
     488000 -798.653043
     489000 -796.115508
     490000 -795.338795
     491000 -796.582833
     492000 -795.132409
     493000 -796.731512
     494000 -794.683951
     495000 -802.400402
     496000 -796.835947
     497000 -796.905801
     498000 -797.355798
     499000 -796.608793
     500000 -795.245821
     501000 -795.782241
     502000 -795.866261
     503000 -798.908500
     504000 -796.460241
     505000 -797.557536
     506000 -798.224270
     507000 -799.454780
     508000 -795.630124
     509000 -794.998277
     510000 -795.619361
     511000 -795.686818
     512000 -795.406572
     513000 -795.129082
     514000 -794.678352
     515000 -798.951516
     516000 -796.683525
     517000 -794.746059
     518000 -796.876703
     519000 -795.148770
     520000 -796.296586
     521000 -798.314450
     522000 -796.575270
     523000 -794.756593
     524000 -794.650023
     525000 -796.674696
     526000 -795.630665
     527000 -794.930150
     528000 -794.892777
     529000 -795.111461
     530000 -794.788903
     531000 -797.582554
     532000 -796.636669
     533000 -794.655969
     534000 -794.651687
     535000 -796.518590
     536000 -798.825292
     537000 -800.776499
     538000 -794.838250
     539000 -796.771883
     540000 -798.515603
     541000 -795.663285
     542000 -796.568381
     543000 -798.551057
     544000 -795.036220
     545000 -794.839680
     546000 -796.460796
     547000 -794.965516
     548000 -796.881241
     549000 -794.652000
     550000 -794.741115
     551000 -796.464998
     552000 -798.520277
     553000 -794.884909
     554000 -794.943949
     555000 -794.654279
     556000 -796.525460
     557000 -797.476504
     558000 -800.665707
     559000 -801.685636
     560000 -796.646277
     561000 -796.539137
     562000 -798.519431
     563000 -803.320852
     564000 -794.983407
     565000 -796.576629
     566000 -794.900254
     567000 -795.179140
     568000 -794.810203
     569000 -795.723676
     570000 -797.801613
     571000 -795.013258
     572000 -796.202142
     573000 -796.556327
     574000 -795.065301
     575000 -796.458754
     576000 -794.970134
     577000 -796.482500
     578000 -796.291950
     579000 -796.508577
     580000 -794.754888
     581000 -794.930105
     582000 -794.654744
     583000 -798.799926
     584000 -794.665314
     585000 -798.413969
     586000 -795.657109
     587000 -794.700952
     588000 -796.491124
     589000 -796.466509
     590000 -796.663305
     591000 -796.495529
     592000 -794.650091
     593000 -794.850100
     594000 -794.676527
     595000 -795.519676
     596000 -796.763426
     597000 -794.946737
     598000 -794.722659
     599000 -795.398135
     600000 -798.745123
     601000 -796.664365
     602000 -794.950708
     603000 -797.037552
     604000 -795.241115
     605000 -795.111684
     606000 -798.296664
     607000 -794.651132
     608000 -797.414056
     609000 -796.544371
     610000 -798.698577
     611000 -794.736278
     612000 -794.714959
     613000 -796.497098
     614000 -795.007467
     615000 -797.211502
     616000 -794.712060
     617000 -794.814386
     618000 -796.763101
     619000 -794.666736
     620000 -794.685547
     621000 -796.470499
     622000 -796.456507
     623000 -796.912337
     624000 -798.572201
     625000 -800.394564
     626000 -797.866226
     627000 -796.467627
     628000 -794.755669
     629000 -794.757348
     630000 -797.274841
     631000 -795.925332
     632000 -798.323970
     633000 -794.653712
     634000 -796.474048
     635000 -795.374920
     636000 -798.256827
     637000 -798.502826
     638000 -795.143433
     639000 -794.899760
     640000 -794.753996
     641000 -796.190700
     642000 -799.565219
     643000 -794.650199
     644000 -800.650679
     645000 -794.719873
     646000 -794.651241
     647000 -794.653711
     648000 -798.513979
     649000 -794.821086
     650000 -794.996335
     651000 -799.846463
     652000 -795.716224
     653000 -794.716619
     654000 -796.864768
     655000 -796.234176
     656000 -795.408128
     657000 -796.567537
     658000 -794.714440
     659000 -796.632612
     660000 -794.656238
     661000 -796.459090
     662000 -794.650023
     663000 -802.236378
     664000 -794.665870
     665000 -794.835818
     666000 -795.514574
     667000 -796.581735
     668000 -796.457199
     669000 -796.289199
     670000 -795.727288
     671000 -796.783056
     672000 -795.521078
     673000 -796.563989
     674000 -795.413361
     675000 -794.673640
     676000 -794.760518
     677000 -796.762372
     678000 -797.762728
     679000 -798.965715
     680000 -794.652999
     681000 -796.473222
     682000 -796.458490
     683000 -797.451151
     684000 -796.911332
     685000 -796.245310
     686000 -795.141023
     687000 -796.588679
     688000 -796.478106
     689000 -796.496054
     690000 -794.660829
     691000 -797.048573
     692000 -796.579167
     693000 -796.770346
     694000 -796.975290
     695000 -796.458550
     696000 -796.485162
     697000 -794.658591
     698000 -798.951861
     699000 -796.754613
     700000 -794.859946
     701000 -796.481739
     702000 -797.904718
     703000 -794.702153
     704000 -796.772723
     705000 -797.406504
     706000 -794.670784
     707000 -794.836691
     708000 -795.997104
     709000 -797.444977
     710000 -798.759538
     711000 -796.556510
     712000 -794.708902
     713000 -797.014961
     714000 -798.372438
     715000 -794.780191
     716000 -794.728484
     717000 -800.242423
     718000 -796.464617
     719000 -794.924527
     720000 -794.757960
     721000 -795.731196
     722000 -796.853372
     723000 -798.404691
     724000 -796.954705
     725000 -796.458665
     726000 -794.907242
     727000 -794.654539
     728000 -794.708144
     729000 -795.243707
     730000 -795.998596
     731000 -796.489749
     732000 -797.069978
     733000 -795.124064
     734000 -796.863975
     735000 -796.491467
     736000 -796.451683
     737000 -797.249714
     738000 -796.776126
     739000 -794.812984
     740000 -795.059825
     741000 -797.945843
     742000 -798.531413
     743000 -794.673557
     744000 -798.266884
     745000 -796.547512
     746000 -796.715245
     747000 -795.094500
     748000 -796.465116
     749000 -796.472476
     750000 -796.557466
     751000 -794.657614
     752000 -794.711933
     753000 -795.474661
     754000 -795.131183
     755000 -794.781183
     756000 -796.459245
     757000 -794.675574
     758000 -794.713845
     759000 -800.421265
     760000 -795.115802
     761000 -794.650106
     762000 -796.465101
     763000 -795.228892
     764000 -795.095237
     765000 -796.992017
     766000 -794.742239
     767000 -795.336290
     768000 -800.217730
     769000 -796.472306
     770000 -794.859051
     771000 -798.577213
     772000 -796.797260
     773000 -794.650924
     774000 -794.650025
     775000 -796.463676
     776000 -794.969290
     777000 -797.132306
     778000 -798.407353
     779000 -794.878002
     780000 -795.356272
     781000 -794.694723
     782000 -794.936552
     783000 -794.853989
     784000 -794.718512
     785000 -796.851214
     786000 -794.651063
     787000 -794.896730
     788000 -797.337421
     789000 -794.661166
     790000 -797.358008
     791000 -795.175717
     792000 -794.955943
     793000 -796.461740
     794000 -796.972015
     795000 -794.939362
     796000 -796.485972
     797000 -794.658696
     798000 -794.867483
     799000 -796.089740
     800000 -797.090591
     801000 -794.675878
     802000 -796.680397
     803000 -796.082505
     804000 -796.462684
     805000 -796.471421
     806000 -795.301010
     807000 -794.656655
     808000 -796.584929
     809000 -798.402885
     810000 -796.468075
     811000 -794.674995
     812000 -800.732468
     813000 -796.463836
     814000 -796.497151
     815000 -794.912011
     816000 -795.311643
     817000 -794.929576
     818000 -797.060524
     819000 -796.528865
     820000 -797.557704
     821000 -795.856949
     822000 -794.981779
     823000 -800.393313
     824000 -794.653904
     825000 -796.458647
     826000 -798.667553
     827000 -796.577202
     828000 -799.592255
     829000 -795.020826
     830000 -798.403108
     831000 -797.028911
     832000 -795.103107
     833000 -795.195057
     834000 -796.602245
     835000 -794.801271
     836000 -794.779002
     837000 -796.486748
     838000 -796.071652
     839000 -795.004638
     840000 -797.028074
     841000 -794.832043
     842000 -797.191333
     843000 -795.883767
     844000 -801.459331
     845000 -804.414077
     846000 -799.656775
     847000 -794.650019
     848000 -794.740402
     849000 -794.966792
     850000 -796.568041
     851000 -794.655817
     852000 -797.125864
     853000 -795.606941
     854000 -794.794568
     855000 -794.718098
     856000 -796.039314
     857000 -796.464991
     858000 -795.476901
     859000 -795.469634
     860000 -796.495203
     861000 -794.659954
     862000 -794.848485
     863000 -796.470394
     864000 -798.794604
     865000 -797.007275
     866000 -796.125983
     867000 -796.550517
     868000 -795.056174
     869000 -799.479933
     870000 -794.673925
     871000 -795.695000
     872000 -798.290975
     873000 -794.970958
     874000 -795.999312
     875000 -798.584259
     876000 -798.499239
     877000 -794.689880
     878000 -801.000528
     879000 -795.046764
     880000 -799.028801
     881000 -794.675383
     882000 -794.701690
     883000 -801.172084
     884000 -794.654588
     885000 -795.178602
     886000 -794.913979
     887000 -794.907375
     888000 -796.460729
     889000 -796.712214
     890000 -796.699035
     891000 -800.671861
     892000 -795.323990
     893000 -794.770017
     894000 -800.515691
     895000 -794.663005
     896000 -795.526224
     897000 -797.115345
     898000 -798.566434
     899000 -796.449775
     900000 -796.461643
     901000 -796.875289
     902000 -795.268829
     903000 -794.682183
     904000 -796.462922
     905000 -794.748052
     906000 -798.734871
     907000 -794.784216
     908000 -794.872972
     909000 -794.727393
     910000 -799.147951
     911000 -794.941626
     912000 -795.154269
     913000 -794.991786
     914000 -796.680612
     915000 -795.321929
     916000 -794.818880
     917000 -794.704352
     918000 -796.465359
     919000 -794.682224
     920000 -795.543566
     921000 -794.699019
     922000 -794.817778
     923000 -795.538984
     924000 -798.795639
     925000 -794.653553
     926000 -795.155443
     927000 -794.872807
     928000 -794.729519
     929000 -794.957772
     930000 -794.733765
     931000 -796.571419
     932000 -798.735695
     933000 -794.713281
     934000 -794.796348
     935000 -794.756397
     936000 -795.690101
     937000 -795.340187
     938000 -797.401272
     939000 -797.847241
     940000 -794.802049
     941000 -794.881050
     942000 -795.023127
     943000 -794.911522
     944000 -794.702845
     945000 -798.680759
     946000 -798.674093
     947000 -794.683592
     948000 -800.337938
     949000 -794.917674
     950000 -795.983938
     951000 -796.478892
     952000 -794.867414
     953000 -794.977814
     954000 -796.065179
     955000 -794.806803
     956000 -794.652075
     957000 -796.455414
     958000 -794.653227
     959000 -798.020131
     960000 -794.987068
     961000 -794.724889
     962000 -796.648319
     963000 -800.167274
     964000 -795.115858
     965000 -794.650602
     966000 -797.462327
     967000 -796.588556
     968000 -798.076882
     969000 -798.664751
     970000 -796.747764
     971000 -795.933359
     972000 -796.165184
     973000 -796.104079
     974000 -795.122727
     975000 -802.050360
     976000 -794.657474
     977000 -796.461229
     978000 -794.808723
     979000 -796.620792
     980000 -796.491528
     981000 -797.037237
     982000 -795.093524
     983000 -798.487598
     984000 -796.558092
     985000 -794.982369
     986000 -795.136146
     987000 -798.887771
     988000 -796.513189
     989000 -796.457258
     990000 -795.915879
     991000 -795.081364
     992000 -795.325386
     993000 -796.477540
     994000 -796.668196
     995000 -796.852557
     996000 -794.693975
     997000 -798.501986
     998000 -794.652773
     999000 -796.569119
    1000000 -795.245555
