    genPlus1     beta
        1000  0.938347
        2000  0.875228
        3000  0.991039
        4000  0.937931
        5000  0.891680
        6000  0.963918
        7000  0.868711
        8000  0.846451
        9000  0.958190
       10000  0.920101
       11000  0.935242
       12000  0.904980
       13000  0.950767
       14000  0.945737
       15000  0.976490
       16000  0.939556
       17000  0.893709
       18000  0.937970
       19000  0.857657
       20000  0.901844
       21000  0.901315
       22000  0.953038
       23000  0.828413
       24000  0.973650
       25000  0.912973
       26000  0.936087
       27000  0.971566
       28000  0.903164
       29000  0.984709
       30000  0.907069
       31000  0.940150
       32000  0.847096
       33000  0.873904
       34000  0.802889
       35000  0.974457
       36000  0.777432
       37000  0.823594
       38000  0.801311
       39000  0.856677
       40000  0.976404
       41000  0.773596
       42000  0.937663
       43000  0.872693
       44000  0.923639
       45000  0.979271
       46000  0.907867
       47000  0.922847
       48000  0.932832
       49000  0.889703
       50000  0.892991
       51000  0.991841
       52000  0.904191
       53000  0.968181
       54000  0.878013
       55000  0.976837
       56000  0.747275
       57000  0.743787
       58000  0.839549
       59000  0.941334
       60000  0.895541
       61000  0.838449
       62000  0.945877
       63000  0.884257
       64000  0.938472
       65000  0.727588
       66000  0.965860
       67000  0.957643
       68000  0.857118
       69000  0.866156
       70000  0.835055
       71000  0.975459
       72000  0.940739
       73000  0.920641
       74000  0.899107
       75000  0.915572
       76000  0.944481
       77000  0.880793
       78000  0.816749
       79000  0.900468
       80000  0.863387
       81000  0.895045
       82000  0.933707
       83000  0.696418
       84000  0.941047
       85000  0.784100
       86000  0.671867
       87000  0.974204
       88000  0.924006
       89000  0.895368
       90000  0.887385
       91000  0.759614
       92000  0.955530
       93000  0.829084
       94000  0.911340
       95000  0.934943
       96000  0.902087
       97000  0.888574
       98000  0.937578
       99000  0.965181
      100000  0.889997
      101000  0.915236
      102000  0.970227
      103000  0.918403
      104000  0.951018
      105000  0.862466
      106000  0.865679
      107000  0.936249
      108000  0.899655
      109000  0.970601
      110000  0.964300
      111000  0.921291
      112000  0.948680
      113000  0.961044
      114000  0.868246
      115000  0.964692
      116000  0.799702
      117000  0.959734
      118000  0.973487
      119000  0.861287
      120000  0.917694
      121000  0.957580
      122000  0.907594
      123000  0.926754
      124000  0.821714
      125000  0.813456
      126000  0.962583
      127000  0.711153
      128000  0.952534
      129000  0.896545
      130000  0.970813
      131000  0.947775
      132000  0.957790
      133000  0.722455
      134000  0.943283
      135000  0.903928
      136000  0.977012
      137000  0.900168
      138000  0.902051
      139000  0.933203
      140000  0.887527
      141000  0.908410
      142000  0.946515
      143000  0.940811
      144000  0.914099
      145000  0.730842
      146000  0.845048
      147000  0.937041
      148000  0.827632
      149000  0.886731
      150000  0.905033
      151000  0.916512
      152000  0.860240
      153000  0.858107
      154000  0.934031
      155000  0.814876
      156000  0.936738
      157000  0.928119
      158000  0.897154
      159000  0.963227
      160000  0.950832
      161000  0.857281
      162000  0.944810
      163000  0.937199
      164000  0.832554
      165000  0.907283
      166000  0.913339
      167000  0.882517
      168000  0.958134
      169000  0.873048
      170000  0.924351
      171000  0.827483
      172000  0.803564
      173000  0.885704
      174000  0.884381
      175000  0.953213
      176000  0.882036
      177000  0.958961
      178000  0.931232
      179000  0.919169
      180000  0.954150
      181000  0.973349
      182000  0.909665
      183000  0.893893
      184000  0.947696
      185000  0.886733
      186000  0.883935
      187000  0.850040
      188000  0.884514
      189000  0.944242
      190000  0.914847
      191000  0.943900
      192000  0.823844
      193000  0.880152
      194000  0.964105
      195000  0.867295
      196000  0.902307
      197000  0.838621
      198000  0.856663
      199000  0.947900
      200000  0.913206
      201000  0.897070
      202000  0.979566
      203000  0.968011
      204000  0.824947
      205000  0.925821
      206000  0.970747
      207000  0.859411
      208000  0.942985
      209000  0.927434
      210000  0.850050
      211000  0.940793
      212000  0.869263
      213000  0.882370
      214000  0.958179
      215000  0.874068
      216000  0.909114
      217000  0.969043
      218000  0.816877
      219000  0.929051
      220000  0.967823
      221000  0.870691
      222000  0.783054
      223000  0.957943
      224000  0.933462
      225000  0.925905
      226000  0.791068
      227000  0.949255
      228000  0.916173
      229000  0.940963
      230000  0.887868
      231000  0.894190
      232000  0.953235
      233000  0.902471
      234000  0.864192
      235000  0.940795
      236000  0.940224
      237000  0.879483
      238000  0.917790
      239000  0.927323
      240000  0.927964
      241000  0.914749
      242000  0.814116
      243000  0.967438
      244000  0.879215
      245000  0.756052
      246000  0.953368
      247000  0.926721
      248000  0.978662
      249000  0.760604
      250000  0.971067
      251000  0.879137
      252000  0.841849
      253000  0.946362
      254000  0.786418
      255000  0.814335
      256000  0.957977
      257000  0.919283
      258000  0.922002
      259000  0.946004
      260000  0.929079
      261000  0.856716
      262000  0.824085
      263000  0.928231
      264000  0.725401
      265000  0.981775
      266000  0.867567
      267000  0.968959
      268000  0.958338
      269000  0.918346
      270000  0.870101
      271000  0.964928
      272000  0.839414
      273000  0.885875
      274000  0.940255
      275000  0.959664
      276000  0.933733
      277000  0.972353
      278000  0.898903
      279000  0.888523
      280000  0.773498
      281000  0.973768
      282000  0.907419
      283000  0.903240
      284000  0.955454
      285000  0.944431
      286000  0.929941
      287000  0.943015
      288000  0.906491
      289000  0.959625
      290000  0.957778
      291000  0.873709
      292000  0.815962
      293000  0.919233
      294000  0.956882
      295000  0.968708
      296000  0.963850
      297000  0.921027
      298000  0.805178
      299000  0.954217
      300000  0.957745
      301000  0.958794
      302000  0.946269
      303000  0.977162
      304000  0.800804
      305000  0.914659
      306000  0.907736
      307000  0.911898
      308000  0.873893
      309000  0.977170
      310000  0.954954
      311000  0.963586
      312000  0.891763
      313000  0.929131
      314000  0.938937
      315000  0.993076
      316000  0.951509
      317000  0.909652
      318000  0.964290
      319000  0.962254
      320000  0.888632
      321000  0.874866
      322000  0.844810
      323000  0.911662
      324000  0.961613
      325000  0.921929
      326000  0.577966
      327000  0.902778
      328000  0.891367
      329000  0.933569
      330000  0.953710
      331000  0.960517
      332000  0.948946
      333000  0.923675
      334000  0.876154
      335000  0.963307
      336000  0.931843
      337000  0.888996
      338000  0.934609
      339000  0.927514
      340000  0.907291
      341000  0.934449
      342000  0.967652
      343000  0.933859
      344000  0.842984
      345000  0.974315
      346000  0.945838
      347000  0.844307
      348000  0.967228
      349000  0.953737
      350000  0.964328
      351000  0.889365
      352000  0.932367
      353000  0.944923
      354000  0.804562
      355000  0.970122
      356000  0.927679
      357000  0.971426
      358000  0.765636
      359000  0.935994
      360000  0.904022
      361000  0.686004
      362000  0.878246
      363000  0.956267
      364000  0.968005
      365000  0.985142
      366000  0.954288
      367000  0.954105
      368000  0.903884
      369000  0.928715
      370000  0.885148
      371000  0.801450
      372000  0.940531
      373000  0.944971
      374000  0.902771
      375000  0.844472
      376000  0.926728
      377000  0.874826
      378000  0.848759
      379000  0.872125
      380000  0.872922
      381000  0.877941
      382000  0.873519
      383000  0.891894
      384000  0.959636
      385000  0.901852
      386000  0.947863
      387000  0.981680
      388000  0.949599
      389000  0.917402
      390000  0.734987
      391000  0.879556
      392000  0.919923
      393000  0.956182
      394000  0.959024
      395000  0.946723
      396000  0.833807
      397000  0.858336
      398000  0.894996
      399000  0.946589
      400000  0.885166
      401000  0.969302
      402000  0.821656
      403000  0.945323
      404000  0.969154
      405000  0.885159
      406000  0.915913
      407000  0.935937
      408000  0.940939
      409000  0.928084
      410000  0.915100
      411000  0.918380
      412000  0.964089
      413000  0.861596
      414000  0.939583
      415000  0.954160
      416000  0.836775
      417000  0.945554
      418000  0.833062
      419000  0.969693
      420000  0.908723
      421000  0.853597
      422000  0.926752
      423000  0.973857
      424000  0.744889
      425000  0.881417
      426000  0.874701
      427000  0.940959
      428000  0.882736
      429000  0.839283
      430000  0.961165
      431000  0.898279
      432000  0.974115
      433000  0.826220
      434000  0.957540
      435000  0.911656
      436000  0.900678
      437000  0.967139
      438000  0.852580
      439000  0.967910
      440000  0.976493
      441000  0.772346
      442000  0.914789
      443000  0.902307
      444000  0.805161
      445000  0.905843
      446000  0.951140
      447000  0.799288
      448000  0.878232
      449000  0.956738
      450000  0.922305
      451000  0.948527
      452000  0.958239
      453000  0.891339
      454000  0.833409
      455000  0.845107
      456000  0.926004
      457000  0.906677
      458000  0.792593
      459000  0.939824
      460000  0.837562
      461000  0.889096
      462000  0.871125
      463000  0.997065
      464000  0.795186
      465000  0.894744
      466000  0.890803
      467000  0.903546
      468000  0.970406
      469000  0.916041
      470000  0.950857
      471000  0.875190
      472000  0.777102
      473000  1.000851
      474000  0.875936
      475000  0.739755
      476000  0.963612
      477000  0.946658
      478000  0.943354
      479000  0.930718
      480000  0.890831
      481000  0.962461
      482000  0.864112
      483000  0.951705
      484000  0.964599
      485000  0.883848
      486000  0.810925
      487000  0.954526
      488000  1.006612
      489000  0.915611
      490000  0.926175
      491000  0.890997
      492000  0.889905
      493000  0.909825
      494000  0.954960
      495000  0.953288
      496000  0.958528
      497000  0.945584
      498000  0.945480
      499000  0.930777
      500000  0.902968
      501000  0.894622
      502000  0.972413
      503000  0.908250
      504000  0.849303
      505000  0.969875
      506000  0.965567
      507000  0.973037
      508000  0.880395
      509000  0.874156
      510000  0.914391
      511000  0.938699
      512000  0.962509
      513000  0.986418
      514000  0.854472
      515000  0.972148
      516000  0.898451
      517000  0.970326
      518000  0.782485
      519000  0.842099
      520000  0.957632
      521000  0.932316
      522000  0.960522
      523000  0.939747
      524000  0.954283
      525000  0.871334
      526000  0.771136
      527000  0.968957
      528000  0.955746
      529000  0.917920
      530000  0.865155
      531000  0.943879
      532000  0.967940
      533000  0.919188
      534000  0.924642
      535000  0.853846
      536000  0.956025
      537000  0.982978
      538000  0.860733
      539000  0.957598
      540000  0.979197
      541000  0.924011
      542000  0.869051
      543000  0.913744
      544000  0.770544
      545000  0.856353
      546000  0.902019
      547000  0.969494
      548000  0.944019
      549000  0.915234
      550000  0.881817
      551000  0.865636
      552000  0.958478
      553000  0.863143
      554000  0.911685
      555000  0.981211
      556000  0.960862
      557000  0.958828
      558000  0.943234
      559000  0.956160
      560000  0.824404
      561000  0.895667
      562000  0.915413
      563000  0.802984
      564000  0.828388
      565000  0.974405
      566000  0.931772
      567000  0.856398
      568000  0.898429
      569000  0.927577
      570000  0.846056
      571000  0.907109
      572000  0.904204
      573000  0.864462
      574000  0.917044
      575000  0.951974
      576000  0.971947
      577000  0.836222
      578000  0.872361
      579000  0.805283
      580000  1.001172
      581000  0.937461
      582000  0.802457
      583000  0.855144
      584000  0.745630
      585000  0.885843
      586000  0.859245
      587000  0.900643
      588000  0.949145
      589000  0.941269
      590000  0.968596
      591000  0.941086
      592000  0.969497
      593000  0.938695
      594000  0.876608
      595000  0.964359
      596000  0.888315
      597000  0.863474
      598000  0.910369
      599000  0.968439
      600000  0.970340
      601000  0.892510
      602000  0.924095
      603000  0.964656
      604000  0.918299
      605000  0.954043
      606000  0.974827
      607000  0.950474
      608000  0.825988
      609000  0.933569
      610000  0.955273
      611000  0.946950
      612000  0.969078
      613000  0.886012
      614000  0.917609
      615000  0.959903
      616000  0.965801
      617000  0.876268
      618000  0.903501
      619000  0.797444
      620000  0.895021
      621000  0.904992
      622000  0.902543
      623000  0.890057
      624000  0.973368
      625000  0.968014
      626000  0.863190
      627000  0.954769
      628000  0.769435
      629000  0.965130
      630000  0.928317
      631000  0.909376
      632000  0.851254
      633000  0.850216
      634000  0.927664
      635000  0.922252
      636000  0.950890
      637000  0.972802
      638000  0.813121
      639000  0.957543
      640000  0.971902
      641000  0.954130
      642000  0.920825
      643000  0.970816
      644000  0.908588
      645000  0.938402
      646000  0.929788
      647000  0.919495
      648000  0.944038
      649000  0.864947
      650000  0.947275
      651000  0.973038
      652000  0.969585
      653000  0.925040
      654000  0.837115
      655000  0.971672
      656000  0.914103
      657000  0.973885
      658000  0.931900
      659000  0.818523
      660000  0.839663
      661000  0.911140
      662000  0.961081
      663000  0.889380
      664000  0.802205
      665000  0.977305
      666000  0.936286
      667000  0.862123
      668000  0.944762
      669000  0.917700
      670000  0.965616
      671000  0.977207
      672000  0.981441
      673000  0.926047
      674000  0.954538
      675000  0.872653
      676000  0.961925
      677000  0.806769
      678000  0.795330
      679000  0.978511
      680000  0.814613
      681000  0.914065
      682000  0.973748
      683000  0.921616
      684000  0.870885
      685000  0.911992
      686000  0.844290
      687000  0.882092
      688000  0.916631
      689000  0.937863
      690000  0.967137
      691000  0.880705
      692000  0.950566
      693000  0.844644
      694000  0.826165
      695000  0.951371
      696000  0.997541
      697000  0.904433
      698000  0.621174
      699000  0.934664
      700000  0.940490
      701000  0.919114
      702000  0.791324
      703000  0.932896
      704000  0.953240
      705000  0.832608
      706000  0.912058
      707000  0.903113
      708000  0.915707
      709000  0.914992
      710000  0.813156
      711000  0.956364
      712000  0.944497
      713000  0.956460
      714000  0.927427
      715000  0.925062
      716000  0.957078
      717000  0.954474
      718000  0.852935
      719000  0.918483
      720000  0.944838
      721000  0.884568
      722000  0.965324
      723000  0.973880
      724000  0.953938
      725000  0.912318
      726000  0.938090
      727000  0.927373
      728000  0.881085
      729000  0.886690
      730000  0.920176
      731000  0.909045
      732000  0.908131
      733000  0.940823
      734000  0.829011
      735000  0.862828
      736000  0.970839
      737000  0.929759
      738000  0.941341
      739000  0.904077
      740000  0.883026
      741000  0.873673
      742000  0.951478
      743000  0.864951
      744000  0.947355
      745000  0.948782
      746000  0.972642
      747000  0.877043
      748000  0.795232
      749000  0.868215
      750000  0.906623
      751000  0.903547
      752000  0.817348
      753000  0.903839
      754000  0.763284
      755000  0.882330
      756000  0.765304
      757000  0.891518
      758000  0.833457
      759000  0.971299
      760000  0.886852
      761000  0.879778
      762000  0.928078
      763000  0.952811
      764000  0.840826
      765000  0.873762
      766000  0.914286
      767000  0.907257
      768000  0.928090
      769000  0.951825
      770000  0.902969
      771000  0.985391
      772000  0.971870
      773000  0.917088
      774000  0.893689
      775000  0.907568
      776000  0.938883
      777000  0.944972
      778000  0.789219
      779000  0.888264
      780000  0.920300
      781000  0.957962
      782000  0.888763
      783000  0.931950
      784000  0.888804
      785000  0.923303
      786000  0.952825
      787000  0.946707
      788000  0.947956
      789000  0.966127
      790000  0.960848
      791000  0.841900
      792000  0.936555
      793000  0.956969
      794000  0.908080
      795000  0.972674
      796000  0.803134
      797000  0.911798
      798000  0.965183
      799000  0.951548
      800000  0.943346
      801000  0.974044
      802000  0.881143
      803000  0.824023
      804000  0.934865
      805000  0.957868
      806000  0.929012
      807000  0.820979
      808000  0.919238
      809000  0.965797
      810000  0.817792
      811000  0.872986
      812000  0.843258
      813000  0.941697
      814000  0.925957
      815000  0.948001
      816000  0.932838
      817000  0.968027
      818000  0.861531
      819000  0.800567
      820000  0.938954
      821000  0.915676
      822000  0.795112
      823000  0.859381
      824000  0.924758
      825000  0.956049
      826000  0.772575
      827000  0.889617
      828000  0.778254
      829000  0.825620
      830000  0.916323
      831000  0.924901
      832000  0.883364
      833000  0.987400
      834000  0.878738
      835000  0.829586
      836000  0.949096
      837000  0.940832
      838000  0.859348
      839000  0.981764
      840000  0.793393
      841000  0.954748
      842000  0.930651
      843000  0.974219
      844000  0.975965
      845000  0.977962
      846000  0.941547
      847000  0.919514
      848000  0.988435
      849000  0.972553
      850000  0.868789
      851000  0.941850
      852000  0.934195
      853000  0.927143
      854000  0.977544
      855000  0.898271
      856000  0.940635
      857000  0.922366
      858000  0.893866
      859000  0.889384
      860000  0.866077
      861000  0.824263
      862000  0.840392
      863000  0.936764
      864000  0.814271
      865000  0.913672
      866000  0.897069
      867000  0.949107
      868000  0.959098
      869000  0.901183
      870000  0.751171
      871000  0.955174
      872000  0.893623
      873000  0.950732
      874000  0.935021
      875000  0.937642
      876000  0.778521
      877000  0.960920
      878000  0.970072
      879000  0.802120
      880000  0.961175
      881000  0.915626
      882000  0.965116
      883000  0.919582
      884000  0.877861
      885000  0.941958
      886000  0.891137
      887000  0.924578
      888000  0.751955
      889000  0.846216
      890000  0.920264
      891000  0.906836
      892000  0.935869
      893000  0.969456
      894000  0.935078
      895000  0.970936
      896000  0.924596
      897000  0.900684
      898000  0.890609
      899000  0.927218
      900000  0.969789
      901000  0.941385
      902000  0.876526
      903000  0.886434
      904000  0.871150
      905000  0.968534
      906000  0.920124
      907000  0.837720
      908000  0.896865
      909000  0.854259
      910000  0.955470
      911000  0.900464
      912000  0.914165
      913000  0.905729
      914000  0.932781
      915000  0.965655
      916000  0.839362
      917000  0.963267
      918000  0.933321
      919000  0.942298
      920000  0.914505
      921000  0.902623
      922000  0.956447
      923000  0.920869
      924000  0.915300
      925000  0.921088
      926000  0.927334
      927000  0.965247
      928000  0.872362
      929000  0.926495
      930000  0.922015
      931000  0.811337
      932000  0.860258
      933000  0.933696
      934000  0.762832
      935000  0.908642
      936000  0.878467
      937000  0.963743
      938000  0.937189
      939000  0.975901
      940000  0.926763
      941000  0.895980
      942000  0.874699
      943000  0.910350
      944000  0.938438
      945000  0.826240
      946000  0.942062
      947000  0.894714
      948000  0.748481
      949000  0.936299
      950000  0.934451
      951000  0.977081
      952000  0.865369
      953000  0.817946
      954000  0.960014
      955000  0.875242
      956000  0.978091
      957000  0.942360
      958000  0.948684
      959000  0.698062
      960000  0.902973
      961000  0.901770
      962000  0.865934
      963000  0.945083
      964000  0.924007
      965000  0.939457
      966000  0.930215
      967000  0.907272
      968000  0.898996
      969000  0.974866
      970000  0.958777
      971000  0.932265
      972000  0.924804
      973000  0.911522
      974000  0.971524
      975000  0.911680
      976000  0.961507
      977000  0.957104
      978000  0.960660
      979000  0.714087
      980000  0.722164
      981000  0.928918
      982000  0.922637
      983000  0.895516
      984000  0.905603
      985000  0.900784
      986000  0.831055
      987000  0.948082
      988000  0.893702
      989000  0.809881
      990000  0.939459
      991000  0.914582
      992000  0.962364
      993000  0.757881
      994000  0.975145
      995000  0.960423
      996000  0.881050
      997000  0.886361
      998000  0.960908
      999000  0.875440
     1000000  0.937243
