    genPlus1     spaQ
        1000  0.134936
        2000  0.185266
        3000  0.208743
        4000  0.182171
        5000  0.079912
        6000  0.182686
        7000  0.228051
        8000  0.160167
        9000  0.212083
       10000  0.114694
       11000  0.144844
       12000  0.192314
       13000  0.164527
       14000  0.131204
       15000  0.126922
       16000  0.189314
       17000  0.162025
       18000  0.143795
       19000  0.152286
       20000  0.153352
       21000  0.179170
       22000  0.124318
       23000  0.206609
       24000  0.140752
       25000  0.161897
       26000  0.180607
       27000  0.183592
       28000  0.134596
       29000  0.129044
       30000  0.224498
       31000  0.277739
       32000  0.144697
       33000  0.247307
       34000  0.152321
       35000  0.237377
       36000  0.155830
       37000  0.131437
       38000  0.140195
       39000  0.205382
       40000  0.195591
       41000  0.212081
       42000  0.163001
       43000  0.103615
       44000  0.246915
       45000  0.106855
       46000  0.208331
       47000  0.203942
       48000  0.160749
       49000  0.121231
       50000  0.161558
       51000  0.130702
       52000  0.259489
       53000  0.211659
       54000  0.173245
       55000  0.125255
       56000  0.161925
       57000  0.240978
       58000  0.192243
       59000  0.136053
       60000  0.167409
       61000  0.191753
       62000  0.215652
       63000  0.184692
       64000  0.135308
       65000  0.228448
       66000  0.210534
       67000  0.115782
       68000  0.148453
       69000  0.209441
       70000  0.127277
       71000  0.242454
       72000  0.134935
       73000  0.163806
       74000  0.115218
       75000  0.161201
       76000  0.160504
       77000  0.194427
       78000  0.178452
       79000  0.144904
       80000  0.154952
       81000  0.132370
       82000  0.176509
       83000  0.163101
       84000  0.174844
       85000  0.204913
       86000  0.160380
       87000  0.117983
       88000  0.164496
       89000  0.139071
       90000  0.173217
       91000  0.117057
       92000  0.161389
       93000  0.171531
       94000  0.176936
       95000  0.162625
       96000  0.125357
       97000  0.224981
       98000  0.166300
       99000  0.151406
      100000  0.176474
      101000  0.153283
      102000  0.173551
      103000  0.184256
      104000  0.143803
      105000  0.231346
      106000  0.184020
      107000  0.201959
      108000  0.128326
      109000  0.146976
      110000  0.189365
      111000  0.140455
      112000  0.166681
      113000  0.128717
      114000  0.166630
      115000  0.209377
      116000  0.156697
      117000  0.199721
      118000  0.196114
      119000  0.191484
      120000  0.153002
      121000  0.182482
      122000  0.127911
      123000  0.138354
      124000  0.141594
      125000  0.178220
      126000  0.204620
      127000  0.123010
      128000  0.157874
      129000  0.153716
      130000  0.144870
      131000  0.196960
      132000  0.127515
      133000  0.183957
      134000  0.085597
      135000  0.115764
      136000  0.222231
      137000  0.185085
      138000  0.191448
      139000  0.182425
      140000  0.113810
      141000  0.182551
      142000  0.138495
      143000  0.151487
      144000  0.278404
      145000  0.150794
      146000  0.160006
      147000  0.201289
      148000  0.196201
      149000  0.177076
      150000  0.106608
      151000  0.223182
      152000  0.109396
      153000  0.128398
      154000  0.166286
      155000  0.186112
      156000  0.113160
      157000  0.175276
      158000  0.189140
      159000  0.173991
      160000  0.271373
      161000  0.133499
      162000  0.133238
      163000  0.155391
      164000  0.114026
      165000  0.200490
      166000  0.172465
      167000  0.152342
      168000  0.230187
      169000  0.201498
      170000  0.135046
      171000  0.228205
      172000  0.152121
      173000  0.192892
      174000  0.132822
      175000  0.228971
      176000  0.155064
      177000  0.172966
      178000  0.170524
      179000  0.165385
      180000  0.155685
      181000  0.201685
      182000  0.216019
      183000  0.185841
      184000  0.182434
      185000  0.130532
      186000  0.148467
      187000  0.145320
      188000  0.164877
      189000  0.174741
      190000  0.271330
      191000  0.189123
      192000  0.149350
      193000  0.177940
      194000  0.203684
      195000  0.108353
      196000  0.180548
      197000  0.166722
      198000  0.146181
      199000  0.149528
      200000  0.210835
      201000  0.212566
      202000  0.114415
      203000  0.215303
      204000  0.200605
      205000  0.131196
      206000  0.137815
      207000  0.182898
      208000  0.116909
      209000  0.173362
      210000  0.135947
      211000  0.176487
      212000  0.138045
      213000  0.161877
      214000  0.123154
      215000  0.121000
      216000  0.210803
      217000  0.183425
      218000  0.196781
      219000  0.175930
      220000  0.184746
      221000  0.164374
      222000  0.202361
      223000  0.162600
      224000  0.153069
      225000  0.141252
      226000  0.164048
      227000  0.153005
      228000  0.221072
      229000  0.191959
      230000  0.167101
      231000  0.185915
      232000  0.118764
      233000  0.229233
      234000  0.180583
      235000  0.219232
      236000  0.144552
      237000  0.128230
      238000  0.164458
      239000  0.140400
      240000  0.184116
      241000  0.153595
      242000  0.208167
      243000  0.174598
      244000  0.215906
      245000  0.156025
      246000  0.171412
      247000  0.176742
      248000  0.186362
      249000  0.126765
      250000  0.147470
      251000  0.108674
      252000  0.160949
      253000  0.136352
      254000  0.172549
      255000  0.081201
      256000  0.166220
      257000  0.196888
      258000  0.138248
      259000  0.143325
      260000  0.184205
      261000  0.150510
      262000  0.125505
      263000  0.223866
      264000  0.159127
      265000  0.225410
      266000  0.187322
      267000  0.131545
      268000  0.171759
      269000  0.258551
      270000  0.176944
      271000  0.186384
      272000  0.190234
      273000  0.224593
      274000  0.173561
      275000  0.198432
      276000  0.247650
      277000  0.119923
      278000  0.220250
      279000  0.087532
      280000  0.275422
      281000  0.210909
      282000  0.175776
      283000  0.147390
      284000  0.161306
      285000  0.131650
      286000  0.208666
      287000  0.214398
      288000  0.168968
      289000  0.174814
      290000  0.178278
      291000  0.146299
      292000  0.167628
      293000  0.101952
      294000  0.145514
      295000  0.165126
      296000  0.178626
      297000  0.237608
      298000  0.219990
      299000  0.249211
      300000  0.159540
      301000  0.127704
      302000  0.188971
      303000  0.101422
      304000  0.162544
      305000  0.158506
      306000  0.183784
      307000  0.153223
      308000  0.159136
      309000  0.167006
      310000  0.182906
      311000  0.163636
      312000  0.110238
      313000  0.199370
      314000  0.143663
      315000  0.164156
      316000  0.207513
      317000  0.119987
      318000  0.203603
      319000  0.197563
      320000  0.167835
      321000  0.114324
      322000  0.147065
      323000  0.143969
      324000  0.141428
      325000  0.109590
      326000  0.152286
      327000  0.180961
      328000  0.170650
      329000  0.163638
      330000  0.175686
      331000  0.161389
      332000  0.111778
      333000  0.105981
      334000  0.202173
      335000  0.159156
      336000  0.156008
      337000  0.157797
      338000  0.182886
      339000  0.141593
      340000  0.159052
      341000  0.150303
      342000  0.191404
      343000  0.108159
      344000  0.142657
      345000  0.164390
      346000  0.126953
      347000  0.123827
      348000  0.159503
      349000  0.155966
      350000  0.192087
      351000  0.147911
      352000  0.210857
      353000  0.126885
      354000  0.128491
      355000  0.149757
      356000  0.175434
      357000  0.174942
      358000  0.160872
      359000  0.149558
      360000  0.114308
      361000  0.159764
      362000  0.195546
      363000  0.144809
      364000  0.095075
      365000  0.109556
      366000  0.135429
      367000  0.162459
      368000  0.193745
      369000  0.137499
      370000  0.242626
      371000  0.110571
      372000  0.178863
      373000  0.145312
      374000  0.113494
      375000  0.210065
      376000  0.132676
      377000  0.080985
      378000  0.121295
      379000  0.141075
      380000  0.216969
      381000  0.180369
      382000  0.180061
      383000  0.197171
      384000  0.162032
      385000  0.162234
      386000  0.099646
      387000  0.165362
      388000  0.193745
      389000  0.163043
      390000  0.156411
      391000  0.179126
      392000  0.211982
      393000  0.187400
      394000  0.183039
      395000  0.217298
      396000  0.135243
      397000  0.159687
      398000  0.137466
      399000  0.157478
      400000  0.203204
      401000  0.184170
      402000  0.154221
      403000  0.171110
      404000  0.188340
      405000  0.149505
      406000  0.134170
      407000  0.127963
      408000  0.160950
      409000  0.134407
      410000  0.155516
      411000  0.156402
      412000  0.156745
      413000  0.129613
      414000  0.159896
      415000  0.148354
      416000  0.190738
      417000  0.155234
      418000  0.221207
      419000  0.202120
      420000  0.139501
      421000  0.254266
      422000  0.173000
      423000  0.217930
      424000  0.127889
      425000  0.115991
      426000  0.164233
      427000  0.148755
      428000  0.137912
      429000  0.125171
      430000  0.194236
      431000  0.134773
      432000  0.161635
      433000  0.152819
      434000  0.280261
      435000  0.192024
      436000  0.142596
      437000  0.158459
      438000  0.089185
      439000  0.156767
      440000  0.176938
      441000  0.176371
      442000  0.182773
      443000  0.170461
      444000  0.217140
      445000  0.219464
      446000  0.149270
      447000  0.132648
      448000  0.178955
      449000  0.163988
      450000  0.154878
      451000  0.173176
      452000  0.126933
      453000  0.151690
      454000  0.173380
      455000  0.193661
      456000  0.196635
      457000  0.159449
      458000  0.154360
      459000  0.155893
      460000  0.193367
      461000  0.179430
      462000  0.143446
      463000  0.190351
      464000  0.158790
      465000  0.190175
      466000  0.144211
      467000  0.156436
      468000  0.241668
      469000  0.152408
      470000  0.206613
      471000  0.126587
      472000  0.124450
      473000  0.152365
      474000  0.174335
      475000  0.181850
      476000  0.198507
      477000  0.117780
      478000  0.151762
      479000  0.176517
      480000  0.176524
      481000  0.232695
      482000  0.151043
      483000  0.202069
      484000  0.177232
      485000  0.154585
      486000  0.209189
      487000  0.112292
      488000  0.106801
      489000  0.177958
      490000  0.202673
      491000  0.221665
      492000  0.153281
      493000  0.158049
      494000  0.128620
      495000  0.169501
      496000  0.186175
      497000  0.173760
      498000  0.239962
      499000  0.177304
      500000  0.152726
      501000  0.177634
      502000  0.157785
      503000  0.148214
      504000  0.111508
      505000  0.155837
      506000  0.217346
      507000  0.188920
      508000  0.157799
      509000  0.161454
      510000  0.134319
      511000  0.149818
      512000  0.167437
      513000  0.206003
      514000  0.159020
      515000  0.152835
      516000  0.146001
      517000  0.110056
      518000  0.128251
      519000  0.132484
      520000  0.208251
      521000  0.119443
      522000  0.139072
      523000  0.191035
      524000  0.154807
      525000  0.155968
      526000  0.155624
      527000  0.192865
      528000  0.150511
      529000  0.196674
      530000  0.163559
      531000  0.170398
      532000  0.158252
      533000  0.242020
      534000  0.110709
      535000  0.123572
      536000  0.148134
      537000  0.131201
      538000  0.177995
      539000  0.209772
      540000  0.116895
      541000  0.260779
      542000  0.132993
      543000  0.168768
      544000  0.133593
      545000  0.169791
      546000  0.175021
      547000  0.192104
      548000  0.115221
      549000  0.126447
      550000  0.130520
      551000  0.187741
      552000  0.170227
      553000  0.169656
      554000  0.131207
      555000  0.201435
      556000  0.132061
      557000  0.127038
      558000  0.146066
      559000  0.248336
      560000  0.236381
      561000  0.193847
      562000  0.197591
      563000  0.142558
      564000  0.167667
      565000  0.165944
      566000  0.162152
      567000  0.124598
      568000  0.151612
      569000  0.189880
      570000  0.229049
      571000  0.178382
      572000  0.151256
      573000  0.209506
      574000  0.165081
      575000  0.180555
      576000  0.170482
      577000  0.184424
      578000  0.188942
      579000  0.223779
      580000  0.153661
      581000  0.145964
      582000  0.185407
      583000  0.186056
      584000  0.140502
      585000  0.132940
      586000  0.181714
      587000  0.176633
      588000  0.157288
      589000  0.187774
      590000  0.076886
      591000  0.201580
      592000  0.147593
      593000  0.155530
      594000  0.174604
      595000  0.207248
      596000  0.210868
      597000  0.115079
      598000  0.140502
      599000  0.105036
      600000  0.229102
      601000  0.197261
      602000  0.167404
      603000  0.146413
      604000  0.190975
      605000  0.193584
      606000  0.170760
      607000  0.170850
      608000  0.160952
      609000  0.153688
      610000  0.152438
      611000  0.160348
      612000  0.145032
      613000  0.122360
      614000  0.139818
      615000  0.208662
      616000  0.095596
      617000  0.174628
      618000  0.151378
      619000  0.215353
      620000  0.152805
      621000  0.127990
      622000  0.132239
      623000  0.155291
      624000  0.146639
      625000  0.150481
      626000  0.167637
      627000  0.225115
      628000  0.178490
      629000  0.184279
      630000  0.163150
      631000  0.119244
      632000  0.138388
      633000  0.108936
      634000  0.098182
      635000  0.151781
      636000  0.160138
      637000  0.162002
      638000  0.147491
      639000  0.101639
      640000  0.158526
      641000  0.186309
      642000  0.133435
      643000  0.147419
      644000  0.172336
      645000  0.198103
      646000  0.193478
      647000  0.181229
      648000  0.179827
      649000  0.192420
      650000  0.160993
      651000  0.229181
      652000  0.165114
      653000  0.155962
      654000  0.165275
      655000  0.172538
      656000  0.200265
      657000  0.172661
      658000  0.245251
      659000  0.174604
      660000  0.245131
      661000  0.135345
      662000  0.195721
      663000  0.131709
      664000  0.196457
      665000  0.191285
      666000  0.143178
      667000  0.176138
      668000  0.129799
      669000  0.158154
      670000  0.166015
      671000  0.130699
      672000  0.160029
      673000  0.207004
      674000  0.176279
      675000  0.167472
      676000  0.141223
      677000  0.169891
      678000  0.097098
      679000  0.220285
      680000  0.164174
      681000  0.176856
      682000  0.188159
      683000  0.157176
      684000  0.212222
      685000  0.147185
      686000  0.180812
      687000  0.134276
      688000  0.128524
      689000  0.177866
      690000  0.156436
      691000  0.170912
      692000  0.205114
      693000  0.133049
      694000  0.163063
      695000  0.161815
      696000  0.116021
      697000  0.207951
      698000  0.202379
      699000  0.133954
      700000  0.214343
      701000  0.148199
      702000  0.118371
      703000  0.220199
      704000  0.136743
      705000  0.135267
      706000  0.160634
      707000  0.177127
      708000  0.144144
      709000  0.208054
      710000  0.179831
      711000  0.102445
      712000  0.110156
      713000  0.191961
      714000  0.132515
      715000  0.167374
      716000  0.152382
      717000  0.161990
      718000  0.114723
      719000  0.202246
      720000  0.217781
      721000  0.203263
      722000  0.128195
      723000  0.169579
      724000  0.151146
      725000  0.193276
      726000  0.146644
      727000  0.218665
      728000  0.147718
      729000  0.146093
      730000  0.134180
      731000  0.222016
      732000  0.232339
      733000  0.169455
      734000  0.158921
      735000  0.210240
      736000  0.127015
      737000  0.201912
      738000  0.169243
      739000  0.155463
      740000  0.247912
      741000  0.090840
      742000  0.157957
      743000  0.176764
      744000  0.233337
      745000  0.128511
      746000  0.197827
      747000  0.137691
      748000  0.130904
      749000  0.214304
      750000  0.170876
      751000  0.161373
      752000  0.101095
      753000  0.171103
      754000  0.253114
      755000  0.144324
      756000  0.165862
      757000  0.185627
      758000  0.168982
      759000  0.164892
      760000  0.219497
      761000  0.122128
      762000  0.158434
      763000  0.205463
      764000  0.169199
      765000  0.181569
      766000  0.167026
      767000  0.163897
      768000  0.184923
      769000  0.085359
      770000  0.127092
      771000  0.172809
      772000  0.165471
      773000  0.191796
      774000  0.138634
      775000  0.173037
      776000  0.145224
      777000  0.185551
      778000  0.204931
      779000  0.187887
      780000  0.197435
      781000  0.163260
      782000  0.154960
      783000  0.130242
      784000  0.173963
      785000  0.183068
      786000  0.087999
      787000  0.164963
      788000  0.147797
      789000  0.213055
      790000  0.228516
      791000  0.169185
      792000  0.148593
      793000  0.178930
      794000  0.298027
      795000  0.165961
      796000  0.131676
      797000  0.182049
      798000  0.214745
      799000  0.157734
      800000  0.154309
      801000  0.170431
      802000  0.182068
      803000  0.155910
      804000  0.160824
      805000  0.150003
      806000  0.186336
      807000  0.186872
      808000  0.164640
      809000  0.128318
      810000  0.171593
      811000  0.164383
      812000  0.192038
      813000  0.172179
      814000  0.205493
      815000  0.205520
      816000  0.146104
      817000  0.142476
      818000  0.164826
      819000  0.160748
      820000  0.197507
      821000  0.190143
      822000  0.188397
      823000  0.129472
      824000  0.178999
      825000  0.197026
      826000  0.119016
      827000  0.182715
      828000  0.148261
      829000  0.152752
      830000  0.195239
      831000  0.178702
      832000  0.136413
      833000  0.233133
      834000  0.193729
      835000  0.134534
      836000  0.217976
      837000  0.205818
      838000  0.168963
      839000  0.203565
      840000  0.196653
      841000  0.170839
      842000  0.135611
      843000  0.236102
      844000  0.299425
      845000  0.128876
      846000  0.117458
      847000  0.177994
      848000  0.122210
      849000  0.095173
      850000  0.178162
      851000  0.188152
      852000  0.129484
      853000  0.145092
      854000  0.214731
      855000  0.162824
      856000  0.102201
      857000  0.143269
      858000  0.148345
      859000  0.173292
      860000  0.145606
      861000  0.235765
      862000  0.174503
      863000  0.164565
      864000  0.183429
      865000  0.101082
      866000  0.214000
      867000  0.084498
      868000  0.154358
      869000  0.169772
      870000  0.176268
      871000  0.143956
      872000  0.128199
      873000  0.140850
      874000  0.129489
      875000  0.178941
      876000  0.130885
      877000  0.170818
      878000  0.226334
      879000  0.135260
      880000  0.191576
      881000  0.162647
      882000  0.220470
      883000  0.186264
      884000  0.220944
      885000  0.172450
      886000  0.178325
      887000  0.188022
      888000  0.212261
      889000  0.187951
      890000  0.134481
      891000  0.105611
      892000  0.199643
      893000  0.216250
      894000  0.154587
      895000  0.176278
      896000  0.151590
      897000  0.212932
      898000  0.084124
      899000  0.188547
      900000  0.219461
      901000  0.177847
      902000  0.163195
      903000  0.170560
      904000  0.191619
      905000  0.162076
      906000  0.135927
      907000  0.195886
      908000  0.222027
      909000  0.143838
      910000  0.194434
      911000  0.172613
      912000  0.211523
      913000  0.167789
      914000  0.195322
      915000  0.162602
      916000  0.150141
      917000  0.116614
      918000  0.194739
      919000  0.239845
      920000  0.226032
      921000  0.183453
      922000  0.125727
      923000  0.177507
      924000  0.120876
      925000  0.096084
      926000  0.147580
      927000  0.172827
      928000  0.204070
      929000  0.127912
      930000  0.151715
      931000  0.177237
      932000  0.165679
      933000  0.218432
      934000  0.121224
      935000  0.123491
      936000  0.146709
      937000  0.147495
      938000  0.210163
      939000  0.194065
      940000  0.195482
      941000  0.141250
      942000  0.174431
      943000  0.170837
      944000  0.189680
      945000  0.191811
      946000  0.228991
      947000  0.147071
      948000  0.231045
      949000  0.130344
      950000  0.183488
      951000  0.189486
      952000  0.154477
      953000  0.160504
      954000  0.150116
      955000  0.217036
      956000  0.141612
      957000  0.182967
      958000  0.173551
      959000  0.154139
      960000  0.173943
      961000  0.179901
      962000  0.171235
      963000  0.144899
      964000  0.134416
      965000  0.181241
      966000  0.156203
      967000  0.148692
      968000  0.134891
      969000  0.178950
      970000  0.174587
      971000  0.162024
      972000  0.133585
      973000  0.171783
      974000  0.186539
      975000  0.241406
      976000  0.180395
      977000  0.210285
      978000  0.171214
      979000  0.108814
      980000  0.107655
      981000  0.188205
      982000  0.233188
      983000  0.143048
      984000  0.158504
      985000  0.167690
      986000  0.253845
      987000  0.210641
      988000  0.175823
      989000  0.132884
      990000  0.180847
      991000  0.149159
      992000  0.176898
      993000  0.121715
      994000  0.159430
      995000  0.216098
      996000  0.149689
      997000  0.179782
      998000  0.183827
      999000  0.100140
     1000000  0.180776
