       1000 -26723.609047
       2000 -26723.251289
       3000 -26723.772353
       4000 -26723.794002
       5000 -26722.594774
       6000 -26723.483195
       7000 -26723.873711
       8000 -26725.741077
       9000 -26722.666495
      10000 -26723.202107
      11000 -26722.634635
      12000 -26724.330142
      13000 -26722.543304
      14000 -26724.869113
      15000 -26723.392910
      16000 -26724.379478
      17000 -26723.684693
      18000 -26723.059149
      19000 -26723.443563
      20000 -26723.950793
      21000 -26724.048035
      22000 -26724.473828
      23000 -26724.419806
      24000 -26723.479575
      25000 -26723.482185
      26000 -26723.246492
      27000 -26722.441565
      28000 -26726.674706
      29000 -26722.432227
      30000 -26723.629191
      31000 -26723.479482
      32000 -26723.204336
      33000 -26723.424841
      34000 -26722.652022
      35000 -26724.444776
      36000 -26723.417338
      37000 -26724.708893
      38000 -26724.467808
      39000 -26722.645702
      40000 -26724.396823
      41000 -26724.580873
      42000 -26724.090456
      43000 -26722.431524
      44000 -26723.408015
      45000 -26722.919317
      46000 -26722.620326
      47000 -26722.501001
      48000 -26724.096227
      49000 -26723.386924
      50000 -26726.143104
      51000 -26722.460897
      52000 -26722.584245
      53000 -26723.466484
      54000 -26723.434207
      55000 -26722.691540
      56000 -26723.301703
      57000 -26723.788847
      58000 -26723.493573
      59000 -26722.443200
      60000 -26722.539067
      61000 -26723.818755
      62000 -26723.325066
      63000 -26724.545715
      64000 -26722.425239
      65000 -26722.797727
      66000 -26727.148875
      67000 -26726.116109
      68000 -26723.903533
      69000 -26723.424573
      70000 -26723.199024
      71000 -26724.787136
      72000 -26724.232439
      73000 -26722.524520
      74000 -26723.429705
      75000 -26722.736868
      76000 -26723.500762
      77000 -26723.576863
      78000 -26723.630256
      79000 -26724.146222
      80000 -26722.603401
      81000 -26726.261735
      82000 -26724.039143
      83000 -26723.268052
      84000 -26723.003944
      85000 -26723.444255
      86000 -26725.517996
      87000 -26723.895110
      88000 -26723.800108
      89000 -26722.599791
      90000 -26722.670331
      91000 -26723.472401
      92000 -26723.418364
      93000 -26723.395049
      94000 -26724.303169
      95000 -26723.266838
      96000 -26722.422855
      97000 -26723.660447
      98000 -26726.994514
      99000 -26723.204210
     100000 -26725.984431
     101000 -26723.573456
     102000 -26724.110976
     103000 -26727.491260
     104000 -26723.580011
     105000 -26723.457541
     106000 -26723.420706
     107000 -26722.594591
     108000 -26723.474594
     109000 -26723.484812
     110000 -26723.255926
     111000 -26723.655668
     112000 -26724.124236
     113000 -26724.020794
     114000 -26723.358982
     115000 -26723.498532
     116000 -26726.526593
     117000 -26725.676817
     118000 -26723.712322
     119000 -26723.918464
     120000 -26724.249976
     121000 -26723.289860
     122000 -26723.701094
     123000 -26726.088195
     124000 -26723.706699
     125000 -26723.924529
     126000 -26724.801434
     127000 -26723.070705
     128000 -26723.232991
     129000 -26723.538855
     130000 -26724.576365
     131000 -26724.293240
     132000 -26723.419940
     133000 -26723.429710
     134000 -26723.446157
     135000 -26723.229741
     136000 -26724.059353
     137000 -26722.427738
     138000 -26722.582027
     139000 -26724.367629
     140000 -26723.209415
     141000 -26724.644855
     142000 -26723.417583
     143000 -26724.489225
     144000 -26725.022820
     145000 -26723.534926
     146000 -26723.800935
     147000 -26723.462521
     148000 -26722.732097
     149000 -26723.532277
     150000 -26723.783276
     151000 -26723.892238
     152000 -26724.301443
     153000 -26722.419744
     154000 -26722.430345
     155000 -26723.422899
     156000 -26722.422013
     157000 -26723.222968
     158000 -26724.810978
     159000 -26723.053771
     160000 -26723.377684
     161000 -26722.426461
     162000 -26724.694288
     163000 -26723.443144
     164000 -26722.455498
     165000 -26722.505002
     166000 -26723.377849
     167000 -26723.219496
     168000 -26723.422340
     169000 -26723.528509
     170000 -26723.607674
     171000 -26723.357922
     172000 -26722.432878
     173000 -26723.302677
     174000 -26724.173007
     175000 -26723.445351
     176000 -26728.341190
     177000 -26723.156978
     178000 -26722.809484
     179000 -26722.959378
     180000 -26723.214691
     181000 -26722.469218
     182000 -26722.461994
     183000 -26723.468121
     184000 -26722.478641
     185000 -26723.473996
     186000 -26723.869883
     187000 -26723.111420
     188000 -26723.077570
     189000 -26724.983514
     190000 -26722.430815
     191000 -26723.383227
     192000 -26724.336074
     193000 -26722.796871
     194000 -26723.763554
     195000 -26722.871651
     196000 -26722.881029
     197000 -26722.485642
     198000 -26722.419971
     199000 -26724.496611
     200000 -26723.697089
     201000 -26723.449555
     202000 -26723.509738
     203000 -26723.433132
     204000 -26723.254588
     205000 -26723.657548
     206000 -26723.417397
     207000 -26724.043055
     208000 -26724.224763
     209000 -26723.540523
     210000 -26723.877535
     211000 -26724.814362
     212000 -26723.221245
     213000 -26723.521198
     214000 -26723.227301
     215000 -26723.201574
     216000 -26722.559307
     217000 -26724.705877
     218000 -26724.146792
     219000 -26723.594774
     220000 -26723.235421
     221000 -26723.559157
     222000 -26722.659570
     223000 -26723.206077
     224000 -26722.529421
     225000 -26723.199810
     226000 -26723.905472
     227000 -26722.771883
     228000 -26722.712973
     229000 -26722.470656
     230000 -26722.951758
     231000 -26724.310100
     232000 -26722.456856
     233000 -26723.210922
     234000 -26723.290568
     235000 -26723.791558
     236000 -26723.219859
     237000 -26723.526266
     238000 -26724.280358
     239000 -26722.476142
     240000 -26723.465359
     241000 -26723.693480
     242000 -26723.206774
     243000 -26724.888803
     244000 -26723.211372
     245000 -26724.358267
     246000 -26724.171994
     247000 -26724.861258
     248000 -26723.457192
     249000 -26727.645964
     250000 -26723.198890
     251000 -26723.293073
     252000 -26722.479580
     253000 -26723.066156
     254000 -26723.557323
     255000 -26723.377836
     256000 -26723.256737
     257000 -26723.206891
     258000 -26723.213032
     259000 -26723.864440
     260000 -26722.516475
     261000 -26723.701782
     262000 -26723.721102
     263000 -26724.508919
     264000 -26724.377203
     265000 -26724.853308
     266000 -26723.457804
     267000 -26724.487869
     268000 -26723.418643
     269000 -26723.997147
     270000 -26724.197165
     271000 -26723.864896
     272000 -26723.491675
     273000 -26723.732692
     274000 -26724.462746
     275000 -26723.494182
     276000 -26723.305679
     277000 -26724.330007
     278000 -26723.625736
     279000 -26723.767799
     280000 -26723.222002
     281000 -26722.436118
     282000 -26723.296625
     283000 -26722.712094
     284000 -26722.431020
     285000 -26723.452306
     286000 -26723.524639
     287000 -26723.546705
     288000 -26722.425116
     289000 -26723.356616
     290000 -26723.389162
     291000 -26722.449703
     292000 -26723.340742
     293000 -26723.670518
     294000 -26723.473874
     295000 -26725.146445
     296000 -26724.016661
     297000 -26722.434893
     298000 -26724.553290
     299000 -26723.422731
     300000 -26723.201212
     301000 -26723.669644
     302000 -26723.607962
     303000 -26725.554259
     304000 -26724.609392
     305000 -26723.789679
     306000 -26723.264506
     307000 -26723.421023
     308000 -26723.369910
     309000 -26723.228436
     310000 -26725.727188
     311000 -26724.049594
     312000 -26723.047004
     313000 -26722.658976
     314000 -26722.767932
     315000 -26722.423006
     316000 -26722.803661
     317000 -26725.132224
     318000 -26723.454705
     319000 -26723.443035
     320000 -26724.386432
     321000 -26724.193751
     322000 -26723.695941
     323000 -26725.311990
     324000 -26728.406212
     325000 -26723.708049
     326000 -26723.461477
     327000 -26728.161857
     328000 -26723.093964
     329000 -26723.277284
     330000 -26724.719912
     331000 -26723.305666
     332000 -26723.417555
     333000 -26723.951903
     334000 -26722.833754
     335000 -26723.964706
     336000 -26723.273488
     337000 -26723.520015
     338000 -26723.255347
     339000 -26722.822858
     340000 -26723.377673
     341000 -26723.426021
     342000 -26723.482531
     343000 -26727.488696
     344000 -26723.622879
     345000 -26723.435767
     346000 -26723.215805
     347000 -26722.420346
     348000 -26724.002203
     349000 -26722.494122
     350000 -26724.231547
     351000 -26724.244165
     352000 -26723.552398
     353000 -26723.311117
     354000 -26723.439100
     355000 -26723.671381
     356000 -26723.199014
     357000 -26724.957710
     358000 -26723.521814
     359000 -26724.360068
     360000 -26722.419631
     361000 -26723.577782
     362000 -26727.788577
     363000 -26723.968494
     364000 -26723.010087
     365000 -26723.442939
     366000 -26724.143924
     367000 -26725.084035
     368000 -26723.441207
     369000 -26725.618855
     370000 -26724.845782
     371000 -26724.022365
     372000 -26723.473095
     373000 -26724.179846
     374000 -26722.419457
     375000 -26723.199146
     376000 -26724.239897
     377000 -26723.204401
     378000 -26722.676960
     379000 -26724.356045
     380000 -26723.829794
     381000 -26723.208022
     382000 -26725.887680
     383000 -26723.638711
     384000 -26727.108308
     385000 -26723.294491
     386000 -26723.482474
     387000 -26724.090744
     388000 -26723.627655
     389000 -26723.409203
     390000 -26723.842165
     391000 -26723.575221
     392000 -26725.324846
     393000 -26723.417411
     394000 -26723.975682
     395000 -26723.502240
     396000 -26723.793395
     397000 -26722.448994
     398000 -26723.430427
     399000 -26722.440659
     400000 -26724.356832
     401000 -26723.457322
     402000 -26722.419843
     403000 -26724.117312
     404000 -26723.280364
     405000 -26723.399005
     406000 -26723.867791
     407000 -26723.670448
     408000 -26723.739689
     409000 -26723.400570
     410000 -26723.410976
     411000 -26723.409269
     412000 -26726.838772
     413000 -26723.506724
     414000 -26722.771043
     415000 -26722.544998
     416000 -26723.145727
     417000 -26726.244786
     418000 -26723.463315
     419000 -26723.385365
     420000 -26723.220244
     421000 -26723.403029
     422000 -26722.970970
     423000 -26723.503232
     424000 -26722.470071
     425000 -26723.392569
     426000 -26723.377676
     427000 -26724.043020
     428000 -26723.446401
     429000 -26724.551339
     430000 -26722.483920
     431000 -26722.429744
     432000 -26724.767048
     433000 -26723.055075
     434000 -26725.909692
     435000 -26726.101210
     436000 -26723.819173
     437000 -26723.593483
     438000 -26723.210525
     439000 -26722.655020
     440000 -26723.657746
     441000 -26723.377665
     442000 -26724.874157
     443000 -26723.225364
     444000 -26722.427169
     445000 -26723.307520
     446000 -26723.324479
     447000 -26723.590996
     448000 -26722.609925
     449000 -26723.636583
     450000 -26723.389689
     451000 -26723.384550
     452000 -26723.383080
     453000 -26723.228047
     454000 -26723.536117
     455000 -26722.428729
     456000 -26722.851573
     457000 -26724.631418
     458000 -26724.800349
     459000 -26723.453271
     460000 -26724.522618
     461000 -26723.468157
     462000 -26722.969228
     463000 -26724.606412
     464000 -26722.904116
     465000 -26724.533145
     466000 -26723.472400
     467000 -26723.490217
     468000 -26722.424685
     469000 -26723.940049
     470000 -26722.443077
     471000 -26723.423331
     472000 -26723.419728
     473000 -26723.271138
     474000 -26722.461640
     475000 -26723.854282
     476000 -26723.245527
     477000 -26724.406781
     478000 -26722.528376
     479000 -26722.605787
     480000 -26722.432913
     481000 -26722.984175
     482000 -26723.203326
     483000 -26723.420793
     484000 -26723.429297
     485000 -26724.308938
     486000 -26725.951432
     487000 -26723.560706
     488000 -26722.420106
     489000 -26725.624883
     490000 -26723.318338
     491000 -26723.556968
     492000 -26722.422226
     493000 -26724.175498
     494000 -26724.213452
     495000 -26722.705498
     496000 -26724.571860
     497000 -26723.379124
     498000 -26722.707818
     499000 -26723.425264
     500000 -26722.470808
     501000 -26723.202496
     502000 -26723.377693
     503000 -26722.434236
     504000 -26724.066218
     505000 -26723.424660
     506000 -26722.524850
     507000 -26723.242715
     508000 -26723.307602
     509000 -26724.033560
     510000 -26723.979139
     511000 -26723.433937
     512000 -26722.421995
     513000 -26722.452946
     514000 -26724.982774
     515000 -26722.466391
     516000 -26724.652991
     517000 -26722.810472
     518000 -26723.737146
     519000 -26723.523247
     520000 -26722.540979
     521000 -26723.448143
     522000 -26723.831522
     523000 -26723.201927
     524000 -26723.424089
     525000 -26724.330027
     526000 -26724.512091
     527000 -26724.810941
     528000 -26727.040078
     529000 -26723.498202
     530000 -26723.970914
     531000 -26722.601880
     532000 -26723.380631
     533000 -26723.416964
     534000 -26724.268311
     535000 -26722.942466
     536000 -26724.165907
     537000 -26723.302396
     538000 -26723.447295
     539000 -26724.183307
     540000 -26722.646316
     541000 -26723.388161
     542000 -26724.910407
     543000 -26723.454884
     544000 -26723.630607
     545000 -26723.280594
     546000 -26722.466296
     547000 -26724.889378
     548000 -26723.694303
     549000 -26722.539785
     550000 -26723.000101
     551000 -26726.305127
     552000 -26724.206576
     553000 -26724.922541
     554000 -26725.704851
     555000 -26723.835012
     556000 -26723.640247
     557000 -26724.254205
     558000 -26723.330587
     559000 -26722.548470
     560000 -26723.635990
     561000 -26725.583950
     562000 -26723.236270
     563000 -26722.734977
     564000 -26723.460470
     565000 -26723.388194
     566000 -26722.516960
     567000 -26724.055723
     568000 -26724.219018
     569000 -26722.428163
     570000 -26723.458459
     571000 -26723.223377
     572000 -26724.799540
     573000 -26723.049669
     574000 -26722.841078
     575000 -26723.350486
     576000 -26723.516540
     577000 -26723.549281
     578000 -26724.588958
     579000 -26722.427805
     580000 -26724.059238
     581000 -26723.212361
     582000 -26727.142645
     583000 -26723.218955
     584000 -26723.476419
     585000 -26723.901818
     586000 -26727.337434
     587000 -26722.604465
     588000 -26722.444860
     589000 -26723.692992
     590000 -26724.891175
     591000 -26723.426722
     592000 -26722.428949
     593000 -26722.569797
     594000 -26723.777860
     595000 -26724.910141
     596000 -26723.214648
     597000 -26724.646441
     598000 -26723.649524
     599000 -26724.109935
     600000 -26723.419613
     601000 -26722.591167
     602000 -26723.350486
     603000 -26725.332158
     604000 -26724.984271
     605000 -26722.750081
     606000 -26723.251731
     607000 -26723.508379
     608000 -26723.039585
     609000 -26723.891774
     610000 -26723.326176
     611000 -26723.380892
     612000 -26723.483675
     613000 -26722.514449
     614000 -26723.990955
     615000 -26723.230642
     616000 -26724.398899
     617000 -26723.381367
     618000 -26723.590834
     619000 -26723.452701
     620000 -26725.464996
     621000 -26723.198835
     622000 -26722.808583
     623000 -26722.702235
     624000 -26724.364354
     625000 -26723.659549
     626000 -26723.533956
     627000 -26723.235134
     628000 -26722.747117
     629000 -26723.068942
     630000 -26723.718177
     631000 -26724.126431
     632000 -26723.219061
     633000 -26723.200315
     634000 -26724.508852
     635000 -26723.258339
     636000 -26723.615078
     637000 -26722.489809
     638000 -26724.210990
     639000 -26723.766045
     640000 -26723.381205
     641000 -26723.653924
     642000 -26723.383305
     643000 -26723.484176
     644000 -26725.420618
     645000 -26723.733926
     646000 -26723.879586
     647000 -26727.524176
     648000 -26722.419509
     649000 -26723.462288
     650000 -26724.292263
     651000 -26723.809212
     652000 -26722.680581
     653000 -26724.627134
     654000 -26723.931339
     655000 -26722.460021
     656000 -26723.378050
     657000 -26723.646586
     658000 -26723.321766
     659000 -26723.227451
     660000 -26723.459725
     661000 -26724.426804
     662000 -26723.318358
     663000 -26723.404475
     664000 -26722.425577
     665000 -26723.512143
     666000 -26723.346828
     667000 -26723.271330
     668000 -26723.383734
     669000 -26723.687048
     670000 -26723.594619
     671000 -26724.712901
     672000 -26723.301726
     673000 -26722.495614
     674000 -26724.177751
     675000 -26723.303694
     676000 -26723.601086
     677000 -26723.730550
     678000 -26723.507169
     679000 -26723.677579
     680000 -26723.926653
     681000 -26723.439444
     682000 -26723.422502
     683000 -26722.424466
     684000 -26723.944842
     685000 -26723.532740
     686000 -26723.253139
     687000 -26723.388671
     688000 -26723.209486
     689000 -26723.875189
     690000 -26723.638844
     691000 -26724.059449
     692000 -26723.234291
     693000 -26722.692850
     694000 -26723.422551
     695000 -26723.391332
     696000 -26722.472994
     697000 -26722.604499
     698000 -26723.252760
     699000 -26723.234402
     700000 -26723.284883
     701000 -26723.791169
     702000 -26723.377868
     703000 -26723.960981
     704000 -26723.719975
     705000 -26723.621534
     706000 -26723.293055
     707000 -26723.421018
     708000 -26722.735230
     709000 -26722.783248
     710000 -26723.207757
     711000 -26723.261790
     712000 -26723.243447
     713000 -26722.487338
     714000 -26723.245773
     715000 -26723.528512
     716000 -26722.574562
     717000 -26723.558285
     718000 -26723.240975
     719000 -26723.623555
     720000 -26723.759936
     721000 -26723.626686
     722000 -26723.246996
     723000 -26723.274644
     724000 -26723.591503
     725000 -26723.377682
     726000 -26722.499772
     727000 -26723.584763
     728000 -26722.502165
     729000 -26723.250868
     730000 -26723.526004
     731000 -26723.254241
     732000 -26723.731567
     733000 -26723.217441
     734000 -26723.225769
     735000 -26723.202887
     736000 -26723.232055
     737000 -26723.238127
     738000 -26723.799406
     739000 -26722.745208
     740000 -26723.440659
     741000 -26722.520320
     742000 -26724.386903
     743000 -26723.232980
     744000 -26723.650067
     745000 -26723.523807
     746000 -26723.810225
     747000 -26723.469325
     748000 -26723.441947
     749000 -26722.759384
     750000 -26723.392798
     751000 -26723.968417
     752000 -26724.138276
     753000 -26723.502876
     754000 -26723.314377
     755000 -26723.276537
     756000 -26724.989760
     757000 -26725.357402
     758000 -26722.429442
     759000 -26722.637128
     760000 -26724.480508
     761000 -26723.424197
     762000 -26723.515372
     763000 -26723.600366
     764000 -26723.630147
     765000 -26722.461708
     766000 -26723.266758
     767000 -26723.199315
     768000 -26726.189073
     769000 -26722.700535
     770000 -26723.388604
     771000 -26723.288713
     772000 -26724.426457
     773000 -26723.900075
     774000 -26723.301332
     775000 -26723.853423
     776000 -26722.522343
     777000 -26722.439480
     778000 -26725.374397
     779000 -26722.656322
     780000 -26722.482032
     781000 -26723.633838
     782000 -26725.768535
     783000 -26723.546077
     784000 -26723.237657
     785000 -26723.963917
     786000 -26723.430264
     787000 -26723.495114
     788000 -26723.716018
     789000 -26723.302813
     790000 -26723.336313
     791000 -26730.579117
     792000 -26722.648823
     793000 -26725.384657
     794000 -26723.198938
     795000 -26724.844256
     796000 -26723.333852
     797000 -26723.516265
     798000 -26724.066562
     799000 -26723.687340
     800000 -26724.152311
     801000 -26722.579472
     802000 -26722.850255
     803000 -26723.417435
     804000 -26724.931000
     805000 -26723.669924
     806000 -26723.508870
     807000 -26723.258444
     808000 -26723.373166
     809000 -26725.630714
     810000 -26722.419599
     811000 -26723.386177
     812000 -26723.577390
     813000 -26723.579072
     814000 -26725.719286
     815000 -26723.202271
     816000 -26723.849488
     817000 -26722.732091
     818000 -26723.752440
     819000 -26723.126529
     820000 -26724.123921
     821000 -26723.337334
     822000 -26723.233433
     823000 -26723.820519
     824000 -26723.401151
     825000 -26723.445946
     826000 -26723.706039
     827000 -26722.766568
     828000 -26723.383939
     829000 -26724.256378
     830000 -26725.371861
     831000 -26723.825571
     832000 -26723.319142
     833000 -26723.417931
     834000 -26723.328927
     835000 -26723.379588
     836000 -26723.377787
     837000 -26723.229828
     838000 -26725.002537
     839000 -26723.716270
     840000 -26722.439016
     841000 -26723.868160
     842000 -26723.407747
     843000 -26724.215038
     844000 -26723.454764
     845000 -26723.565065
     846000 -26723.927808
     847000 -26723.679934
     848000 -26725.374845
     849000 -26723.568472
     850000 -26722.445548
     851000 -26723.785182
     852000 -26723.329027
     853000 -26724.437740
     854000 -26722.583893
     855000 -26722.467342
     856000 -26723.132620
     857000 -26723.433480
     858000 -26722.807318
     859000 -26723.314775
     860000 -26724.101378
     861000 -26723.568741
     862000 -26723.399621
     863000 -26723.867597
     864000 -26723.258557
     865000 -26723.378095
     866000 -26723.566792
     867000 -26722.570113
     868000 -26725.225050
     869000 -26724.400110
     870000 -26722.838462
     871000 -26723.547911
     872000 -26724.601210
     873000 -26722.907726
     874000 -26724.641552
     875000 -26723.351770
     876000 -26723.580627
     877000 -26724.038205
     878000 -26722.432418
     879000 -26723.637021
     880000 -26723.436544
     881000 -26723.408896
     882000 -26723.440538
     883000 -26724.091044
     884000 -26723.394858
     885000 -26723.504218
     886000 -26724.527209
     887000 -26723.497777
     888000 -26723.788728
     889000 -26723.198874
     890000 -26723.930128
     891000 -26723.224190
     892000 -26723.523964
     893000 -26723.621369
     894000 -26722.490433
     895000 -26723.461125
     896000 -26723.410672
     897000 -26727.515943
     898000 -26723.581535
     899000 -26723.286628
     900000 -26722.424688
     901000 -26722.885375
     902000 -26722.639380
     903000 -26723.419309
     904000 -26724.518153
     905000 -26723.199265
     906000 -26722.610330
     907000 -26723.825156
     908000 -26723.576518
     909000 -26723.606171
     910000 -26723.978500
     911000 -26722.516468
     912000 -26723.460712
     913000 -26723.552014
     914000 -26725.337288
     915000 -26723.676506
     916000 -26724.158422
     917000 -26723.099012
     918000 -26723.380054
     919000 -26723.434668
     920000 -26723.408618
     921000 -26724.198671
     922000 -26724.307230
     923000 -26724.122059
     924000 -26723.771955
     925000 -26724.277804
     926000 -26723.419144
     927000 -26723.379910
     928000 -26722.811117
     929000 -26726.623384
     930000 -26723.726088
     931000 -26722.448304
     932000 -26723.516479
     933000 -26723.833976
     934000 -26724.466054
     935000 -26724.587248
     936000 -26722.814256
     937000 -26722.496937
     938000 -26722.633438
     939000 -26723.411323
     940000 -26723.395914
     941000 -26723.403669
     942000 -26723.212657
     943000 -26723.428627
     944000 -26723.482164
     945000 -26724.541743
     946000 -26722.433958
     947000 -26723.421193
     948000 -26722.664159
     949000 -26723.388405
     950000 -26723.432075
     951000 -26723.393515
     952000 -26723.290888
     953000 -26723.422041
     954000 -26723.496720
     955000 -26724.731439
     956000 -26723.312017
     957000 -26723.490231
     958000 -26723.052701
     959000 -26723.423689
     960000 -26723.524426
     961000 -26722.445709
     962000 -26728.891724
     963000 -26723.658285
     964000 -26723.866154
     965000 -26723.390505
     966000 -26722.427477
     967000 -26723.202935
     968000 -26723.527546
     969000 -26723.783546
     970000 -26722.468503
     971000 -26723.534910
     972000 -26722.422529
     973000 -26723.441899
     974000 -26723.420897
     975000 -26723.430162
     976000 -26723.988434
     977000 -26722.443867
     978000 -26724.664897
     979000 -26722.452280
     980000 -26723.538242
     981000 -26723.377718
     982000 -26723.448171
     983000 -26725.146229
     984000 -26723.551243
     985000 -26724.252838
     986000 -26722.964784
     987000 -26723.434366
     988000 -26723.974767
     989000 -26723.228301
     990000 -26722.617671
     991000 -26723.436413
     992000 -26723.726561
     993000 -26723.452065
     994000 -26723.678054
     995000 -26724.067425
     996000 -26722.840723
     997000 -26723.470288
     998000 -26723.430195
     999000 -26723.448488
    1000000 -26725.003478
