       1000 -816.979606
       2000 -813.754758
       3000 -815.446964
       4000 -813.536243
       5000 -813.401424
       6000 -814.517754
       7000 -813.519236
       8000 -813.771670
       9000 -813.877202
      10000 -813.593663
      11000 -814.772207
      12000 -814.204997
      13000 -814.628297
      14000 -820.585036
      15000 -815.160496
      16000 -813.406843
      17000 -816.284093
      18000 -813.850312
      19000 -813.573772
      20000 -815.319770
      21000 -815.462199
      22000 -816.339560
      23000 -817.800216
      24000 -813.398222
      25000 -818.487573
      26000 -813.413809
      27000 -814.383500
      28000 -815.152578
      29000 -815.506499
      30000 -813.460375
      31000 -814.101199
      32000 -815.607034
      33000 -814.526787
      34000 -815.364947
      35000 -814.067097
      36000 -822.075297
      37000 -815.314707
      38000 -814.312351
      39000 -813.489392
      40000 -813.717016
      41000 -813.404835
      42000 -813.654799
      43000 -813.441040
      44000 -815.859927
      45000 -815.142103
      46000 -813.485734
      47000 -814.835699
      48000 -815.146612
      49000 -813.464207
      50000 -819.269046
      51000 -815.172165
      52000 -813.719066
      53000 -816.683612
      54000 -813.811237
      55000 -813.399408
      56000 -818.307112
      57000 -813.489098
      58000 -815.045774
      59000 -813.458869
      60000 -815.319115
      61000 -815.723265
      62000 -813.733902
      63000 -813.572552
      64000 -813.602559
      65000 -814.145994
      66000 -815.351958
      67000 -813.417981
      68000 -815.195508
      69000 -813.459201
      70000 -813.489711
      71000 -813.422829
      72000 -813.548494
      73000 -814.490994
      74000 -818.141262
      75000 -813.933398
      76000 -813.540066
      77000 -814.625399
      78000 -813.500854
      79000 -813.431819
      80000 -813.965589
      81000 -815.141448
      82000 -815.303283
      83000 -813.499769
      84000 -814.526299
      85000 -813.403928
      86000 -813.398235
      87000 -813.400621
      88000 -813.461503
      89000 -813.591851
      90000 -819.564721
      91000 -813.824786
      92000 -813.564239
      93000 -813.481461
      94000 -815.515541
      95000 -813.529021
      96000 -813.974428
      97000 -813.497399
      98000 -815.196902
      99000 -815.333215
     100000 -816.456179
     101000 -813.398053
     102000 -813.398322
     103000 -814.001845
     104000 -814.811052
     105000 -813.838047
     106000 -813.398269
     107000 -813.414904
     108000 -813.452556
     109000 -816.533881
     110000 -813.472819
     111000 -815.941485
     112000 -813.398007
     113000 -813.466986
     114000 -815.907071
     115000 -813.482333
     116000 -813.405497
     117000 -813.441489
     118000 -815.735874
     119000 -815.603321
     120000 -813.415731
     121000 -813.443333
     122000 -815.145953
     123000 -814.992101
     124000 -813.474982
     125000 -814.208914
     126000 -813.570848
     127000 -814.470792
     128000 -815.137715
     129000 -814.293895
     130000 -815.260317
     131000 -814.692978
     132000 -814.411093
     133000 -815.504034
     134000 -814.889134
     135000 -815.158746
     136000 -815.157224
     137000 -819.294332
     138000 -813.520405
     139000 -813.720669
     140000 -813.580608
     141000 -818.182428
     142000 -813.412022
     143000 -814.110640
     144000 -815.524441
     145000 -816.081828
     146000 -815.456019
     147000 -813.520305
     148000 -813.714961
     149000 -814.721636
     150000 -813.463281
     151000 -816.077551
     152000 -813.568517
     153000 -813.969378
     154000 -813.522402
     155000 -813.520124
     156000 -816.404322
     157000 -813.565863
     158000 -815.302290
     159000 -816.467264
     160000 -813.489111
     161000 -817.132147
     162000 -816.748125
     163000 -815.739809
     164000 -813.546116
     165000 -818.943753
     166000 -813.506698
     167000 -813.551719
     168000 -813.764419
     169000 -814.552457
     170000 -815.225921
     171000 -814.877589
     172000 -816.694239
     173000 -815.146712
     174000 -814.365066
     175000 -814.103845
     176000 -813.476631
     177000 -815.424098
     178000 -813.515993
     179000 -815.142407
     180000 -816.467786
     181000 -815.344464
     182000 -813.440202
     183000 -813.398596
     184000 -817.947816
     185000 -816.111926
     186000 -813.557754
     187000 -815.140840
     188000 -813.429030
     189000 -813.408355
     190000 -813.978629
     191000 -813.526512
     192000 -813.444688
     193000 -816.665220
     194000 -818.375060
     195000 -816.635989
     196000 -813.729889
     197000 -813.397559
     198000 -816.726315
     199000 -813.436950
     200000 -813.456616
     201000 -813.397390
     202000 -813.410384
     203000 -817.231011
     204000 -813.562611
     205000 -813.960791
     206000 -813.446975
     207000 -813.424051
     208000 -813.729553
     209000 -814.131840
     210000 -821.187413
     211000 -813.928630
     212000 -814.121006
     213000 -814.072403
     214000 -815.159044
     215000 -813.812934
     216000 -813.562142
     217000 -815.161707
     218000 -814.787795
     219000 -813.432770
     220000 -813.614241
     221000 -813.397906
     222000 -814.081532
     223000 -817.053231
     224000 -815.136075
     225000 -814.711669
     226000 -813.406755
     227000 -813.402204
     228000 -818.252316
     229000 -813.709327
     230000 -813.973171
     231000 -815.158451
     232000 -814.341470
     233000 -814.411830
     234000 -815.539492
     235000 -813.429597
     236000 -813.713227
     237000 -818.172335
     238000 -813.435103
     239000 -813.398865
     240000 -813.408449
     241000 -815.669788
     242000 -814.295472
     243000 -815.136515
     244000 -813.504483
     245000 -814.538931
     246000 -815.241191
     247000 -814.725109
     248000 -814.087096
     249000 -820.266691
     250000 -815.272905
     251000 -814.366856
     252000 -816.753544
     253000 -814.011503
     254000 -813.412692
     255000 -813.450729
     256000 -813.401131
     257000 -813.408635
     258000 -816.970322
     259000 -813.448089
     260000 -819.246716
     261000 -815.248305
     262000 -815.460564
     263000 -815.370092
     264000 -813.567668
     265000 -813.472702
     266000 -813.866703
     267000 -813.934945
     268000 -815.581562
     269000 -816.054773
     270000 -815.149975
     271000 -814.576904
     272000 -815.270539
     273000 -818.288409
     274000 -813.477879
     275000 -813.399365
     276000 -817.506262
     277000 -813.412247
     278000 -813.399110
     279000 -814.859150
     280000 -817.446631
     281000 -820.802509
     282000 -816.777230
     283000 -815.659504
     284000 -813.535180
     285000 -815.252084
     286000 -815.398739
     287000 -813.541065
     288000 -819.695622
     289000 -813.542295
     290000 -813.488978
     291000 -814.313357
     292000 -813.486485
     293000 -813.487684
     294000 -814.267933
     295000 -813.422668
     296000 -813.496825
     297000 -815.734376
     298000 -814.263593
     299000 -814.690800
     300000 -815.494593
     301000 -813.929092
     302000 -814.027366
     303000 -814.356697
     304000 -815.861148
     305000 -815.630260
     306000 -821.122379
     307000 -816.665484
     308000 -813.691593
     309000 -813.616288
     310000 -814.663225
     311000 -813.870394
     312000 -814.594887
     313000 -813.722699
     314000 -813.950778
     315000 -816.665697
     316000 -813.464922
     317000 -816.654428
     318000 -813.433352
     319000 -817.270841
     320000 -813.608469
     321000 -815.402999
     322000 -814.203047
     323000 -825.468056
     324000 -814.347777
     325000 -813.405099
     326000 -813.637463
     327000 -815.305879
     328000 -815.641255
     329000 -816.492009
     330000 -813.685719
     331000 -813.611403
     332000 -818.196580
     333000 -813.562918
     334000 -814.929763
     335000 -813.472774
     336000 -815.674763
     337000 -814.532787
     338000 -813.404281
     339000 -815.562353
     340000 -813.804315
     341000 -813.411500
     342000 -822.085127
     343000 -813.607737
     344000 -813.675776
     345000 -814.462070
     346000 -814.778409
     347000 -813.400974
     348000 -816.447148
     349000 -813.789135
     350000 -815.246345
     351000 -813.700503
     352000 -813.416261
     353000 -815.138800
     354000 -816.009692
     355000 -813.409030
     356000 -819.476065
     357000 -813.497201
     358000 -815.445935
     359000 -813.572610
     360000 -813.873023
     361000 -815.499747
     362000 -815.163018
     363000 -813.400777
     364000 -815.648901
     365000 -814.583097
     366000 -813.528359
     367000 -815.583308
     368000 -817.143701
     369000 -813.585059
     370000 -814.641924
     371000 -814.094357
     372000 -813.836909
     373000 -815.638697
     374000 -815.548559
     375000 -814.737004
     376000 -816.688096
     377000 -814.460363
     378000 -816.205176
     379000 -815.501007
     380000 -813.399505
     381000 -813.492358
     382000 -814.704574
     383000 -813.828624
     384000 -813.441041
     385000 -813.627522
     386000 -816.185589
     387000 -813.398172
     388000 -813.397985
     389000 -814.601803
     390000 -814.704463
     391000 -813.709172
     392000 -817.174769
     393000 -819.619579
     394000 -815.920994
     395000 -813.408643
     396000 -813.410937
     397000 -814.314470
     398000 -813.437289
     399000 -813.422810
     400000 -814.514804
     401000 -813.830471
     402000 -813.506712
     403000 -813.401915
     404000 -815.138847
     405000 -814.522794
     406000 -815.271099
     407000 -817.002148
     408000 -813.958207
     409000 -816.734308
     410000 -813.399038
     411000 -817.858761
     412000 -813.914477
     413000 -813.634362
     414000 -813.696108
     415000 -813.399612
     416000 -818.140082
     417000 -813.417235
     418000 -813.518199
     419000 -816.929121
     420000 -813.844442
     421000 -813.648935
     422000 -816.937238
     423000 -813.425543
     424000 -813.860161
     425000 -813.400896
     426000 -813.466655
     427000 -816.448246
     428000 -813.454455
     429000 -815.154607
     430000 -813.403213
     431000 -813.810307
     432000 -814.212106
     433000 -816.467545
     434000 -813.559383
     435000 -813.435104
     436000 -813.416067
     437000 -816.118104
     438000 -813.416086
     439000 -813.823248
     440000 -816.267905
     441000 -815.288057
     442000 -813.529403
     443000 -818.374772
     444000 -813.489212
     445000 -819.893733
     446000 -815.136147
     447000 -813.756066
     448000 -814.468639
     449000 -814.992720
     450000 -813.420939
     451000 -813.540532
     452000 -813.710847
     453000 -814.800431
     454000 -815.960742
     455000 -813.706888
     456000 -813.723551
     457000 -815.234536
     458000 -813.480297
     459000 -816.327381
     460000 -815.206165
     461000 -815.934613
     462000 -815.847100
     463000 -813.849509
     464000 -814.366475
     465000 -813.495007
     466000 -814.389424
     467000 -813.571615
     468000 -813.416191
     469000 -819.245559
     470000 -815.993561
     471000 -816.263415
     472000 -814.495843
     473000 -813.895775
     474000 -813.400745
     475000 -813.515683
     476000 -813.900486
     477000 -813.538862
     478000 -816.103775
     479000 -819.408944
     480000 -816.526058
     481000 -813.480184
     482000 -813.433192
     483000 -813.405138
     484000 -816.399040
     485000 -813.431956
     486000 -813.550796
     487000 -813.464986
     488000 -816.324030
     489000 -814.033936
     490000 -814.079547
     491000 -813.427870
     492000 -814.446750
     493000 -813.413840
     494000 -813.607948
     495000 -815.185731
     496000 -813.741222
     497000 -813.922947
     498000 -815.136133
     499000 -813.871118
     500000 -815.138814
     501000 -813.833448
     502000 -815.346336
     503000 -813.428792
     504000 -815.213044
     505000 -815.523111
     506000 -815.610818
     507000 -818.191995
     508000 -813.716643
     509000 -813.700603
     510000 -815.633246
     511000 -813.518568
     512000 -818.426552
     513000 -815.158241
     514000 -814.754619
     515000 -814.038898
     516000 -814.222511
     517000 -816.356487
     518000 -813.632739
     519000 -813.817047
     520000 -814.425526
     521000 -813.522316
     522000 -813.752392
     523000 -815.454188
     524000 -813.420203
     525000 -814.027342
     526000 -815.197306
     527000 -813.497939
     528000 -814.097824
     529000 -813.430016
     530000 -813.403906
     531000 -813.518359
     532000 -813.445567
     533000 -815.251946
     534000 -813.692334
     535000 -816.802487
     536000 -813.513474
     537000 -813.804077
     538000 -813.882896
     539000 -813.613236
     540000 -813.399067
     541000 -815.440908
     542000 -813.464282
     543000 -813.509854
     544000 -816.619617
     545000 -814.295790
     546000 -815.381737
     547000 -816.877429
     548000 -815.056940
     549000 -813.554199
     550000 -814.635133
     551000 -815.149619
     552000 -813.609806
     553000 -813.596998
     554000 -819.555835
     555000 -813.817897
     556000 -814.056958
     557000 -814.416162
     558000 -813.635279
     559000 -814.547488
     560000 -813.443602
     561000 -813.397408
     562000 -813.628662
     563000 -815.665455
     564000 -813.455704
     565000 -819.741101
     566000 -813.459591
     567000 -813.409900
     568000 -814.304907
     569000 -815.153250
     570000 -818.189215
     571000 -815.222827
     572000 -813.451736
     573000 -813.478409
     574000 -813.531670
     575000 -813.411333
     576000 -813.545824
     577000 -814.142795
     578000 -816.693339
     579000 -815.218991
     580000 -815.158319
     581000 -814.591946
     582000 -814.445182
     583000 -813.421932
     584000 -816.205124
     585000 -813.407667
     586000 -816.808281
     587000 -815.453892
     588000 -813.479404
     589000 -813.544569
     590000 -815.151218
     591000 -815.136592
     592000 -816.764994
     593000 -815.679365
     594000 -813.431327
     595000 -818.636889
     596000 -816.192382
     597000 -813.666255
     598000 -813.862048
     599000 -815.056892
     600000 -815.284693
     601000 -813.438541
     602000 -813.398728
     603000 -815.920489
     604000 -813.567904
     605000 -813.622207
     606000 -815.284419
     607000 -813.455317
     608000 -814.484326
     609000 -816.746893
     610000 -816.898216
     611000 -815.202042
     612000 -813.687361
     613000 -814.221651
     614000 -813.471122
     615000 -815.234072
     616000 -813.405639
     617000 -813.397745
     618000 -813.515595
     619000 -814.086864
     620000 -815.263341
     621000 -813.402185
     622000 -816.400640
     623000 -814.151707
     624000 -821.395686
     625000 -814.079100
     626000 -813.764745
     627000 -815.183483
     628000 -815.818246
     629000 -813.758656
     630000 -813.654172
     631000 -813.526613
     632000 -814.613208
     633000 -815.287626
     634000 -815.297519
     635000 -814.144038
     636000 -813.853768
     637000 -813.401099
     638000 -813.397395
     639000 -814.195759
     640000 -813.523575
     641000 -815.146308
     642000 -818.268019
     643000 -813.418774
     644000 -817.069841
     645000 -813.398707
     646000 -813.608410
     647000 -813.431878
     648000 -813.433246
     649000 -813.456030
     650000 -813.411541
     651000 -815.294138
     652000 -818.149853
     653000 -813.400692
     654000 -813.526421
     655000 -816.462696
     656000 -813.416336
     657000 -813.398925
     658000 -813.785413
     659000 -813.397407
     660000 -817.036262
     661000 -813.576789
     662000 -813.397389
     663000 -813.791143
     664000 -813.781456
     665000 -813.422037
     666000 -815.843577
     667000 -815.240476
     668000 -813.823238
     669000 -816.458765
     670000 -813.894412
     671000 -819.444237
     672000 -813.912772
     673000 -813.603936
     674000 -820.487823
     675000 -813.414489
     676000 -815.209312
     677000 -813.423474
     678000 -813.406030
     679000 -813.945285
     680000 -813.402409
     681000 -813.415518
     682000 -813.402276
     683000 -813.400832
     684000 -813.461284
     685000 -813.516894
     686000 -813.414083
     687000 -813.699673
     688000 -814.655021
     689000 -813.939941
     690000 -813.585449
     691000 -814.013611
     692000 -813.451026
     693000 -816.444094
     694000 -813.437139
     695000 -815.463819
     696000 -818.800831
     697000 -815.415183
     698000 -815.160808
     699000 -815.294925
     700000 -813.854267
     701000 -816.590602
     702000 -813.607359
     703000 -815.493969
     704000 -815.425830
     705000 -813.664998
     706000 -813.397780
     707000 -818.383313
     708000 -815.160511
     709000 -814.222314
     710000 -814.136172
     711000 -816.342706
     712000 -814.910143
     713000 -815.251393
     714000 -817.099268
     715000 -815.136219
     716000 -813.525626
     717000 -813.679132
     718000 -815.702127
     719000 -816.367331
     720000 -819.317617
     721000 -816.272265
     722000 -813.932073
     723000 -815.298138
     724000 -814.648080
     725000 -817.835062
     726000 -813.626226
     727000 -816.927803
     728000 -815.530137
     729000 -813.521155
     730000 -818.159229
     731000 -815.142602
     732000 -813.505873
     733000 -813.464278
     734000 -815.646215
     735000 -813.468549
     736000 -813.429122
     737000 -813.579149
     738000 -817.447547
     739000 -813.402212
     740000 -813.773167
     741000 -815.787611
     742000 -816.378026
     743000 -813.558789
     744000 -814.681948
     745000 -813.632839
     746000 -815.201869
     747000 -814.672424
     748000 -813.412945
     749000 -815.147587
     750000 -815.152020
     751000 -818.275295
     752000 -813.597954
     753000 -815.501655
     754000 -819.234011
     755000 -814.038956
     756000 -824.017897
     757000 -815.931307
     758000 -816.437822
     759000 -815.871128
     760000 -813.749603
     761000 -813.514158
     762000 -815.357553
     763000 -813.930503
     764000 -815.218602
     765000 -815.136094
     766000 -815.648276
     767000 -815.136273
     768000 -815.960824
     769000 -813.838550
     770000 -814.914824
     771000 -813.459429
     772000 -815.172974
     773000 -813.892926
     774000 -813.397701
     775000 -813.431354
     776000 -813.424544
     777000 -813.538003
     778000 -813.475353
     779000 -813.539312
     780000 -813.414428
     781000 -815.152242
     782000 -813.403542
     783000 -816.284451
     784000 -815.285737
     785000 -815.622206
     786000 -813.985964
     787000 -813.486317
     788000 -814.390132
     789000 -813.440423
     790000 -813.498586
     791000 -813.719705
     792000 -813.402350
     793000 -813.418023
     794000 -813.492684
     795000 -816.733274
     796000 -813.516028
     797000 -818.386678
     798000 -814.741984
     799000 -813.614354
     800000 -813.401915
     801000 -813.485104
     802000 -813.980264
     803000 -815.176906
     804000 -814.464859
     805000 -816.498842
     806000 -813.436119
     807000 -815.697267
     808000 -813.717267
     809000 -816.943158
     810000 -815.328797
     811000 -816.680550
     812000 -813.464935
     813000 -813.477346
     814000 -813.857941
     815000 -813.600488
     816000 -813.560630
     817000 -813.397426
     818000 -813.442525
     819000 -813.518821
     820000 -815.787480
     821000 -813.809220
     822000 -813.628874
     823000 -814.947962
     824000 -813.635817
     825000 -813.627787
     826000 -816.422284
     827000 -817.406273
     828000 -818.443234
     829000 -815.382385
     830000 -816.729937
     831000 -814.133428
     832000 -814.083864
     833000 -814.581686
     834000 -815.515007
     835000 -814.906635
     836000 -813.644167
     837000 -814.302209
     838000 -815.530549
     839000 -813.562601
     840000 -814.519811
     841000 -816.352216
     842000 -815.139530
     843000 -813.804491
     844000 -813.560874
     845000 -813.510117
     846000 -816.333966
     847000 -815.306362
     848000 -813.612777
     849000 -814.040835
     850000 -813.910406
     851000 -814.261416
     852000 -813.488601
     853000 -814.925065
     854000 -813.805918
     855000 -813.842183
     856000 -815.726848
     857000 -813.431906
     858000 -816.303284
     859000 -815.137931
     860000 -813.789222
     861000 -813.398969
     862000 -816.156910
     863000 -817.074761
     864000 -813.420663
     865000 -813.399405
     866000 -813.531475
     867000 -815.227276
     868000 -813.644920
     869000 -813.473131
     870000 -814.491769
     871000 -813.424375
     872000 -815.023803
     873000 -813.807158
     874000 -813.460868
     875000 -813.452676
     876000 -814.157349
     877000 -815.532075
     878000 -813.687214
     879000 -815.272883
     880000 -821.245795
     881000 -813.416563
     882000 -817.293161
     883000 -813.405110
     884000 -818.202746
     885000 -813.436547
     886000 -815.257577
     887000 -813.501478
     888000 -813.398819
     889000 -815.257321
     890000 -814.394793
     891000 -814.904443
     892000 -815.204543
     893000 -813.405246
     894000 -816.429349
     895000 -815.884302
     896000 -819.424319
     897000 -815.146163
     898000 -815.154853
     899000 -815.250324
     900000 -813.419048
     901000 -814.111476
     902000 -813.592907
     903000 -813.813833
     904000 -813.403329
     905000 -814.153042
     906000 -813.512874
     907000 -815.962533
     908000 -815.382302
     909000 -813.829825
     910000 -816.383973
     911000 -814.463028
     912000 -813.791119
     913000 -813.407678
     914000 -813.450161
     915000 -813.628861
     916000 -813.407000
     917000 -813.397398
     918000 -818.341936
     919000 -813.444524
     920000 -814.180092
     921000 -815.188039
     922000 -813.950050
     923000 -815.232826
     924000 -814.092327
     925000 -814.851310
     926000 -813.973203
     927000 -815.183233
     928000 -813.649805
     929000 -815.189628
     930000 -813.485698
     931000 -813.415707
     932000 -817.002542
     933000 -813.700282
     934000 -816.447483
     935000 -816.334190
     936000 -813.441763
     937000 -813.403271
     938000 -815.428713
     939000 -816.468188
     940000 -815.221742
     941000 -813.618202
     942000 -813.732817
     943000 -817.001247
     944000 -814.104938
     945000 -815.644037
     946000 -820.631067
     947000 -813.441966
     948000 -813.490847
     949000 -818.424101
     950000 -814.406203
     951000 -813.423122
     952000 -813.478309
     953000 -820.505900
     954000 -813.414129
     955000 -813.777099
     956000 -815.163407
     957000 -813.486084
     958000 -813.441958
     959000 -813.635124
     960000 -813.670219
     961000 -813.678775
     962000 -815.365083
     963000 -815.343745
     964000 -814.676867
     965000 -815.807463
     966000 -813.414852
     967000 -813.739741
     968000 -813.821255
     969000 -813.974020
     970000 -813.587840
     971000 -814.383851
     972000 -813.413375
     973000 -816.643635
     974000 -813.399440
     975000 -815.835826
     976000 -813.398769
     977000 -813.477254
     978000 -813.511892
     979000 -816.348650
     980000 -813.708294
     981000 -814.446851
     982000 -816.867255
     983000 -815.428738
     984000 -815.315297
     985000 -816.062067
     986000 -815.256998
     987000 -813.931279
     988000 -813.545947
     989000 -813.605332
     990000 -815.291199
     991000 -813.400626
     992000 -813.401889
     993000 -815.172274
     994000 -817.087259
     995000 -813.551984
     996000 -815.537603
     997000 -815.497228
     998000 -817.832592
     999000 -813.397399
    1000000 -813.422111
