       1000 -855.987322
       2000 -861.778557
       3000 -858.784439
       4000 -854.812975
       5000 -851.813820
       6000 -863.395225
       7000 -855.543926
       8000 -852.112670
       9000 -859.518603
      10000 -855.057791
      11000 -854.007038
      12000 -852.317335
      13000 -858.011919
      14000 -863.892283
      15000 -852.807312
      16000 -856.215381
      17000 -853.813303
      18000 -866.257964
      19000 -852.324505
      20000 -853.213126
      21000 -852.138561
      22000 -858.008671
      23000 -853.478604
      24000 -860.932481
      25000 -855.882830
      26000 -857.619483
      27000 -852.953730
      28000 -852.118441
      29000 -860.581312
      30000 -852.947021
      31000 -851.603134
      32000 -859.256072
      33000 -859.837972
      34000 -863.745534
      35000 -858.079503
      36000 -856.683531
      37000 -854.829747
      38000 -855.641676
      39000 -855.021242
      40000 -858.858903
      41000 -851.611796
      42000 -855.442700
      43000 -854.847088
      44000 -854.850163
      45000 -852.289551
      46000 -855.372351
      47000 -852.842867
      48000 -857.702208
      49000 -854.675425
      50000 -851.831136
      51000 -857.360611
      52000 -854.999898
      53000 -856.621000
      54000 -855.740332
      55000 -852.226233
      56000 -871.587383
      57000 -861.194709
      58000 -853.642410
      59000 -854.443105
      60000 -853.482953
      61000 -853.067112
      62000 -853.670128
      63000 -855.194928
      64000 -852.592777
      65000 -853.413428
      66000 -853.145907
      67000 -854.339225
      68000 -852.321942
      69000 -855.148980
      70000 -854.744794
      71000 -859.555934
      72000 -854.727202
      73000 -858.447408
      74000 -853.434589
      75000 -856.406147
      76000 -858.693300
      77000 -859.209235
      78000 -856.229812
      79000 -855.338921
      80000 -857.552112
      81000 -851.603407
      82000 -853.085001
      83000 -855.173169
      84000 -857.870892
      85000 -855.496706
      86000 -859.450567
      87000 -856.249177
      88000 -854.890327
      89000 -854.845629
      90000 -852.186769
      91000 -859.303612
      92000 -853.419622
      93000 -852.458125
      94000 -855.451084
      95000 -857.091936
      96000 -855.184396
      97000 -854.871093
      98000 -854.701333
      99000 -862.156903
     100000 -854.990152
     101000 -856.014176
     102000 -859.176549
     103000 -855.539824
     104000 -859.854835
     105000 -851.828412
     106000 -854.702825
     107000 -858.471516
     108000 -860.319669
     109000 -854.848133
     110000 -854.464872
     111000 -858.809095
     112000 -857.020611
     113000 -854.398376
     114000 -857.517578
     115000 -857.223291
     116000 -853.825111
     117000 -862.418710
     118000 -857.970827
     119000 -864.935081
     120000 -855.049475
     121000 -859.161000
     122000 -862.374994
     123000 -854.577966
     124000 -862.949965
     125000 -857.714129
     126000 -852.815764
     127000 -860.296278
     128000 -864.001312
     129000 -855.962473
     130000 -852.859042
     131000 -857.305579
     132000 -854.495015
     133000 -854.636986
     134000 -857.928962
     135000 -852.221165
     136000 -856.841036
     137000 -856.291515
     138000 -858.299934
     139000 -856.852915
     140000 -852.523098
     141000 -854.483554
     142000 -859.534806
     143000 -851.859258
     144000 -855.653959
     145000 -862.354082
     146000 -858.481093
     147000 -861.206578
     148000 -855.375845
     149000 -855.170006
     150000 -854.964498
     151000 -852.276200
     152000 -853.339521
     153000 -861.765605
     154000 -854.371955
     155000 -864.483466
     156000 -858.894995
     157000 -853.471539
     158000 -856.841492
     159000 -852.313701
     160000 -853.637130
     161000 -861.149074
     162000 -854.325087
     163000 -858.259225
     164000 -863.587649
     165000 -856.091273
     166000 -852.470723
     167000 -855.857343
     168000 -861.492473
     169000 -863.131822
     170000 -855.998414
     171000 -860.925890
     172000 -858.091584
     173000 -855.575706
     174000 -854.290757
     175000 -851.913201
     176000 -853.197445
     177000 -851.768252
     178000 -855.246633
     179000 -852.846993
     180000 -855.737205
     181000 -855.151917
     182000 -854.368356
     183000 -857.715551
     184000 -860.504846
     185000 -854.719965
     186000 -852.481564
     187000 -855.842425
     188000 -853.836163
     189000 -855.309812
     190000 -852.815786
     191000 -853.943750
     192000 -857.550223
     193000 -854.196051
     194000 -857.324962
     195000 -854.531673
     196000 -853.304036
     197000 -852.493469
     198000 -859.088692
     199000 -854.454711
     200000 -853.308593
     201000 -855.560776
     202000 -856.926637
     203000 -860.902171
     204000 -855.878368
     205000 -859.692700
     206000 -861.395590
     207000 -860.013906
     208000 -851.740936
     209000 -858.555920
     210000 -854.446224
     211000 -855.561339
     212000 -855.277403
     213000 -856.404974
     214000 -852.896961
     215000 -856.550741
     216000 -857.568264
     217000 -858.832333
     218000 -854.749741
     219000 -856.045667
     220000 -851.854178
     221000 -860.229411
     222000 -853.912292
     223000 -852.119433
     224000 -852.626235
     225000 -851.844034
     226000 -856.593022
     227000 -862.059808
     228000 -860.916131
     229000 -853.213978
     230000 -862.304717
     231000 -853.068257
     232000 -855.759770
     233000 -858.714035
     234000 -854.466742
     235000 -852.129172
     236000 -856.717536
     237000 -853.270564
     238000 -852.221656
     239000 -862.348856
     240000 -855.485468
     241000 -854.386120
     242000 -857.953245
     243000 -857.899320
     244000 -855.517870
     245000 -853.150881
     246000 -857.500298
     247000 -853.855438
     248000 -855.366839
     249000 -859.798939
     250000 -854.104833
     251000 -852.335153
     252000 -851.837579
     253000 -853.399866
     254000 -854.350111
     255000 -862.641886
     256000 -865.043636
     257000 -853.993082
     258000 -857.053706
     259000 -861.117306
     260000 -861.486771
     261000 -852.315770
     262000 -856.682033
     263000 -858.821850
     264000 -859.261085
     265000 -854.375433
     266000 -852.561345
     267000 -852.314917
     268000 -854.096115
     269000 -856.080830
     270000 -858.966751
     271000 -857.295320
     272000 -856.093710
     273000 -857.158809
     274000 -856.943881
     275000 -857.414442
     276000 -852.359406
     277000 -857.174210
     278000 -853.112602
     279000 -854.196949
     280000 -854.599030
     281000 -853.093712
     282000 -855.876341
     283000 -857.225476
     284000 -851.841556
     285000 -855.535432
     286000 -867.187311
     287000 -853.741556
     288000 -858.771610
     289000 -853.157167
     290000 -852.193503
     291000 -857.517232
     292000 -856.786970
     293000 -860.209966
     294000 -853.635768
     295000 -854.175361
     296000 -855.596674
     297000 -855.503243
     298000 -856.995236
     299000 -852.850832
     300000 -858.252366
     301000 -854.452997
     302000 -856.344116
     303000 -855.899260
     304000 -854.494336
     305000 -854.440398
     306000 -855.705249
     307000 -854.651473
     308000 -856.123861
     309000 -854.505688
     310000 -855.364008
     311000 -854.778650
     312000 -865.939061
     313000 -852.316413
     314000 -865.642093
     315000 -851.861792
     316000 -856.630466
     317000 -858.745659
     318000 -858.271541
     319000 -853.266663
     320000 -858.528292
     321000 -854.984147
     322000 -854.840642
     323000 -852.837728
     324000 -853.378409
     325000 -851.834299
     326000 -852.166393
     327000 -852.637671
     328000 -857.909479
     329000 -857.510519
     330000 -858.914727
     331000 -855.599541
     332000 -854.230290
     333000 -857.907299
     334000 -854.798780
     335000 -858.540616
     336000 -856.386452
     337000 -854.630638
     338000 -863.958846
     339000 -857.134440
     340000 -862.235915
     341000 -851.811964
     342000 -852.144796
     343000 -856.125086
     344000 -856.844873
     345000 -855.662287
     346000 -855.878842
     347000 -853.610885
     348000 -859.754321
     349000 -852.115425
     350000 -863.900257
     351000 -854.160417
     352000 -853.110562
     353000 -851.684704
     354000 -857.223902
     355000 -860.675452
     356000 -853.143148
     357000 -857.909337
     358000 -859.156182
     359000 -858.355159
     360000 -852.350280
     361000 -853.684978
     362000 -853.482207
     363000 -858.471671
     364000 -858.787432
     365000 -861.627589
     366000 -851.836429
     367000 -854.643878
     368000 -854.276905
     369000 -856.350370
     370000 -857.837354
     371000 -854.473809
     372000 -855.197149
     373000 -857.070798
     374000 -858.512898
     375000 -857.367181
     376000 -858.386526
     377000 -856.577336
     378000 -857.841156
     379000 -866.552240
     380000 -858.900546
     381000 -852.811281
     382000 -859.021976
     383000 -859.148894
     384000 -853.928465
     385000 -860.993277
     386000 -857.249802
     387000 -854.760817
     388000 -861.063074
     389000 -855.248511
     390000 -852.654834
     391000 -860.184602
     392000 -854.441087
     393000 -858.575597
     394000 -861.876047
     395000 -854.328182
     396000 -851.797495
     397000 -857.053987
     398000 -852.424700
     399000 -867.724427
     400000 -862.343599
     401000 -852.317215
     402000 -856.089788
     403000 -852.753033
     404000 -851.934487
     405000 -858.508827
     406000 -858.292852
     407000 -855.305773
     408000 -864.401367
     409000 -856.718940
     410000 -855.397467
     411000 -860.018599
     412000 -857.062221
     413000 -862.135936
     414000 -852.440948
     415000 -853.091088
     416000 -855.746431
     417000 -861.574103
     418000 -865.351941
     419000 -857.321395
     420000 -853.491417
     421000 -860.123367
     422000 -853.579880
     423000 -853.554793
     424000 -852.815518
     425000 -861.018887
     426000 -862.864067
     427000 -853.553591
     428000 -852.100909
     429000 -852.966130
     430000 -854.069310
     431000 -861.101288
     432000 -854.143944
     433000 -853.739593
     434000 -856.991540
     435000 -855.788919
     436000 -856.210873
     437000 -863.831356
     438000 -853.149756
     439000 -852.443336
     440000 -857.852668
     441000 -855.106868
     442000 -856.057312
     443000 -861.307124
     444000 -855.406436
     445000 -858.086733
     446000 -854.477237
     447000 -852.274630
     448000 -854.513517
     449000 -851.808465
     450000 -851.878766
     451000 -857.014906
     452000 -863.367598
     453000 -864.930150
     454000 -856.493683
     455000 -858.377365
     456000 -867.447743
     457000 -852.644752
     458000 -857.073370
     459000 -864.452669
     460000 -853.933150
     461000 -857.896869
     462000 -856.265598
     463000 -854.676555
     464000 -855.766117
     465000 -856.277865
     466000 -857.465659
     467000 -857.491271
     468000 -861.474353
     469000 -852.831636
     470000 -858.416456
     471000 -852.842132
     472000 -858.201315
     473000 -854.450522
     474000 -856.857480
     475000 -853.909589
     476000 -852.498511
     477000 -856.902421
     478000 -859.290658
     479000 -861.249734
     480000 -870.668257
     481000 -859.731480
     482000 -852.670367
     483000 -852.991776
     484000 -851.983779
     485000 -859.056174
     486000 -857.247479
     487000 -857.265389
     488000 -855.241935
     489000 -857.853971
     490000 -859.422808
     491000 -857.462104
     492000 -859.546197
     493000 -852.293714
     494000 -859.567667
     495000 -854.367335
     496000 -853.705729
     497000 -854.372810
     498000 -853.791584
     499000 -861.878896
     500000 -853.729757
     501000 -859.550587
     502000 -856.755699
     503000 -855.419710
     504000 -860.680232
     505000 -859.842492
     506000 -851.959129
     507000 -855.766247
     508000 -854.601136
     509000 -858.366236
     510000 -853.411990
     511000 -856.997949
     512000 -856.285567
     513000 -851.815881
     514000 -853.861716
     515000 -860.302366
     516000 -857.012283
     517000 -856.900792
     518000 -852.104716
     519000 -854.884117
     520000 -857.341951
     521000 -854.383837
     522000 -853.482279
     523000 -854.180554
     524000 -852.691583
     525000 -854.223550
     526000 -853.055204
     527000 -855.201914
     528000 -853.530843
     529000 -861.324971
     530000 -859.980551
     531000 -858.706030
     532000 -852.048620
     533000 -856.957607
     534000 -855.142768
     535000 -855.663140
     536000 -852.323119
     537000 -854.470063
     538000 -852.897095
     539000 -856.736971
     540000 -853.818995
     541000 -851.623204
     542000 -854.258949
     543000 -859.397271
     544000 -855.893936
     545000 -858.413889
     546000 -859.495768
     547000 -857.053016
     548000 -852.944883
     549000 -852.731684
     550000 -854.077619
     551000 -856.147349
     552000 -871.723753
     553000 -854.841669
     554000 -856.821817
     555000 -856.207646
     556000 -852.195520
     557000 -856.104860
     558000 -855.090090
     559000 -853.400555
     560000 -855.180446
     561000 -854.846398
     562000 -855.834730
     563000 -858.653180
     564000 -856.150320
     565000 -852.858768
     566000 -853.644348
     567000 -860.451001
     568000 -857.191905
     569000 -857.112659
     570000 -851.817897
     571000 -852.757347
     572000 -855.610413
     573000 -855.194723
     574000 -857.339877
     575000 -851.857544
     576000 -852.436744
     577000 -857.661486
     578000 -853.658537
     579000 -855.509404
     580000 -857.733580
     581000 -851.623284
     582000 -855.155093
     583000 -856.751556
     584000 -856.132025
     585000 -858.813025
     586000 -852.194514
     587000 -858.068505
     588000 -854.635096
     589000 -852.539791
     590000 -860.193425
     591000 -851.780214
     592000 -852.913508
     593000 -855.373122
     594000 -867.309420
     595000 -853.209199
     596000 -857.756752
     597000 -851.609715
     598000 -852.302931
     599000 -863.091530
     600000 -856.143887
     601000 -853.462599
     602000 -852.940378
     603000 -857.441026
     604000 -854.227212
     605000 -857.613953
     606000 -852.137816
     607000 -857.769968
     608000 -855.206940
     609000 -857.492849
     610000 -855.940565
     611000 -858.131493
     612000 -855.362653
     613000 -851.846032
     614000 -854.672265
     615000 -860.296205
     616000 -857.204254
     617000 -855.732243
     618000 -859.319124
     619000 -853.617970
     620000 -853.491494
     621000 -852.139976
     622000 -852.115149
     623000 -854.856381
     624000 -857.108214
     625000 -854.442042
     626000 -857.547767
     627000 -863.490370
     628000 -853.482306
     629000 -852.996356
     630000 -858.020445
     631000 -853.140605
     632000 -855.881482
     633000 -861.936856
     634000 -852.811449
     635000 -861.377857
     636000 -855.794596
     637000 -855.579232
     638000 -856.160889
     639000 -855.594908
     640000 -854.489092
     641000 -852.313942
     642000 -860.494709
     643000 -856.847939
     644000 -856.080562
     645000 -854.859899
     646000 -857.676068
     647000 -855.773180
     648000 -857.919708
     649000 -855.083661
     650000 -857.227465
     651000 -852.314096
     652000 -870.320341
     653000 -853.124339
     654000 -855.491278
     655000 -859.752525
     656000 -861.755315
     657000 -853.716510
     658000 -857.438708
     659000 -853.893117
     660000 -859.408768
     661000 -852.899450
     662000 -854.613796
     663000 -855.435537
     664000 -861.946960
     665000 -854.872047
     666000 -853.189153
     667000 -857.195309
     668000 -852.978946
     669000 -855.250256
     670000 -857.173535
     671000 -855.021751
     672000 -851.950011
     673000 -863.093452
     674000 -852.406479
     675000 -856.332612
     676000 -854.111299
     677000 -854.922581
     678000 -856.501712
     679000 -855.269328
     680000 -851.951970
     681000 -856.548970
     682000 -854.596711
     683000 -856.332110
     684000 -852.621303
     685000 -854.937275
     686000 -851.610925
     687000 -853.789099
     688000 -856.471226
     689000 -854.456952
     690000 -854.841881
     691000 -855.208539
     692000 -858.061898
     693000 -855.008352
     694000 -852.619944
     695000 -852.673367
     696000 -857.351453
     697000 -859.517598
     698000 -860.541004
     699000 -857.521339
     700000 -854.130785
     701000 -851.741301
     702000 -852.637460
     703000 -856.103420
     704000 -856.188756
     705000 -853.089171
     706000 -852.551036
     707000 -853.829652
     708000 -853.647112
     709000 -855.392279
     710000 -857.679390
     711000 -855.177032
     712000 -851.699807
     713000 -853.017019
     714000 -855.280796
     715000 -856.621361
     716000 -853.085646
     717000 -854.424741
     718000 -857.572448
     719000 -852.304346
     720000 -868.273371
     721000 -858.562804
     722000 -856.134829
     723000 -856.248938
     724000 -852.123470
     725000 -856.213177
     726000 -859.613176
     727000 -855.211100
     728000 -854.162705
     729000 -856.011783
     730000 -851.853608
     731000 -851.666657
     732000 -856.935751
     733000 -852.645474
     734000 -852.635773
     735000 -857.806079
     736000 -851.817610
     737000 -859.467793
     738000 -856.010685
     739000 -851.668003
     740000 -854.417814
     741000 -856.811602
     742000 -855.304094
     743000 -853.132178
     744000 -856.154338
     745000 -854.314209
     746000 -858.881411
     747000 -854.482524
     748000 -851.907966
     749000 -854.264426
     750000 -853.006329
     751000 -857.921564
     752000 -852.564581
     753000 -852.644151
     754000 -855.172572
     755000 -858.435427
     756000 -861.785082
     757000 -861.434289
     758000 -857.722091
     759000 -853.508872
     760000 -861.039468
     761000 -864.980689
     762000 -854.934633
     763000 -851.992351
     764000 -852.839881
     765000 -853.663505
     766000 -868.225659
     767000 -856.280865
     768000 -860.673345
     769000 -856.853087
     770000 -862.787410
     771000 -858.420883
     772000 -851.942496
     773000 -856.616372
     774000 -857.711793
     775000 -856.663137
     776000 -861.645491
     777000 -866.376855
     778000 -851.810396
     779000 -857.701281
     780000 -855.161359
     781000 -860.470145
     782000 -853.310854
     783000 -854.612903
     784000 -852.636023
     785000 -851.868079
     786000 -854.173096
     787000 -856.088340
     788000 -851.826789
     789000 -856.137113
     790000 -856.245194
     791000 -852.468233
     792000 -858.125467
     793000 -857.854200
     794000 -859.763293
     795000 -855.180414
     796000 -852.444607
     797000 -857.621459
     798000 -853.367589
     799000 -851.837042
     800000 -861.603210
     801000 -863.896217
     802000 -855.348879
     803000 -853.504841
     804000 -861.241700
     805000 -851.901286
     806000 -855.918291
     807000 -852.132347
     808000 -861.945256
     809000 -864.752647
     810000 -864.478456
     811000 -855.971660
     812000 -855.589768
     813000 -858.341931
     814000 -855.464696
     815000 -857.063727
     816000 -854.933180
     817000 -856.469651
     818000 -857.392857
     819000 -853.457065
     820000 -855.947571
     821000 -854.501672
     822000 -861.471809
     823000 -853.065029
     824000 -857.016044
     825000 -857.732375
     826000 -856.708326
     827000 -855.189308
     828000 -852.189725
     829000 -855.255018
     830000 -853.320141
     831000 -858.039389
     832000 -854.744572
     833000 -854.667953
     834000 -856.717366
     835000 -862.118151
     836000 -857.680088
     837000 -854.449549
     838000 -854.697303
     839000 -859.919348
     840000 -860.451792
     841000 -852.634268
     842000 -857.245134
     843000 -855.853220
     844000 -854.698110
     845000 -852.043166
     846000 -860.142955
     847000 -859.091355
     848000 -852.841278
     849000 -858.150941
     850000 -854.265895
     851000 -854.841987
     852000 -851.605288
     853000 -857.534590
     854000 -856.790675
     855000 -857.184901
     856000 -858.319243
     857000 -853.664554
     858000 -862.406019
     859000 -855.428202
     860000 -854.273366
     861000 -854.072450
     862000 -854.891724
     863000 -857.536108
     864000 -861.854851
     865000 -852.199186
     866000 -858.015466
     867000 -856.766997
     868000 -853.278123
     869000 -858.485393
     870000 -857.881970
     871000 -857.687072
     872000 -861.153883
     873000 -860.633654
     874000 -851.865439
     875000 -852.644892
     876000 -862.601807
     877000 -851.869499
     878000 -854.559663
     879000 -854.021046
     880000 -860.790376
     881000 -858.238360
     882000 -856.182993
     883000 -854.558676
     884000 -853.128629
     885000 -852.978550
     886000 -854.649518
     887000 -857.423648
     888000 -857.049017
     889000 -855.847533
     890000 -858.070623
     891000 -854.931485
     892000 -852.913206
     893000 -859.339393
     894000 -857.595454
     895000 -871.431948
     896000 -853.030934
     897000 -859.693320
     898000 -851.735240
     899000 -853.579059
     900000 -854.277800
     901000 -856.031060
     902000 -857.901280
     903000 -856.664839
     904000 -859.524859
     905000 -867.344690
     906000 -857.131819
     907000 -851.810228
     908000 -851.953155
     909000 -860.174331
     910000 -863.872449
     911000 -853.084708
     912000 -856.596938
     913000 -853.297359
     914000 -853.700639
     915000 -852.354278
     916000 -855.506501
     917000 -856.947581
     918000 -853.906150
     919000 -855.574445
     920000 -853.331686
     921000 -852.109245
     922000 -853.707903
     923000 -852.313859
     924000 -858.245591
     925000 -855.369259
     926000 -853.866441
     927000 -854.977044
     928000 -852.441612
     929000 -856.194647
     930000 -851.853064
     931000 -855.678599
     932000 -852.339075
     933000 -855.077740
     934000 -855.971975
     935000 -855.707540
     936000 -857.887915
     937000 -857.542054
     938000 -853.419464
     939000 -855.028855
     940000 -856.168289
     941000 -854.458044
     942000 -858.143236
     943000 -857.718752
     944000 -851.802949
     945000 -855.915408
     946000 -854.593771
     947000 -852.104860
     948000 -861.397754
     949000 -854.471246
     950000 -858.214315
     951000 -856.653973
     952000 -852.161116
     953000 -860.105231
     954000 -853.992238
     955000 -854.926771
     956000 -854.856791
     957000 -853.392998
     958000 -858.625898
     959000 -856.740458
     960000 -857.852313
     961000 -855.570638
     962000 -855.624538
     963000 -853.712446
     964000 -867.662349
     965000 -857.080402
     966000 -855.288684
     967000 -854.214371
     968000 -852.691419
     969000 -855.436925
     970000 -852.379694
     971000 -852.266147
     972000 -854.498155
     973000 -858.301003
     974000 -854.526353
     975000 -855.339783
     976000 -855.325687
     977000 -855.024489
     978000 -852.318906
     979000 -853.360504
     980000 -858.894708
     981000 -852.108507
     982000 -851.655598
     983000 -856.801018
     984000 -858.146205
     985000 -852.682840
     986000 -858.989485
     987000 -852.059857
     988000 -860.566123
     989000 -856.277754
     990000 -853.209135
     991000 -853.277703
     992000 -854.372630
     993000 -859.260751
     994000 -855.240616
     995000 -855.369554
     996000 -857.597516
     997000 -853.126362
     998000 -855.610704
     999000 -854.709544
    1000000 -858.098343
