       1000 -273.633498
       2000 -268.080950
       3000 -267.859512
       4000 -269.897489
       5000 -267.848214
       6000 -271.973948
       7000 -274.964166
       8000 -268.721322
       9000 -267.889256
      10000 -271.462041
      11000 -269.635738
      12000 -273.535267
      13000 -270.016324
      14000 -267.945804
      15000 -269.737958
      16000 -271.244952
      17000 -271.198345
      18000 -267.959778
      19000 -272.788918
      20000 -267.672487
      21000 -283.927716
      22000 -271.370954
      23000 -269.647118
      24000 -267.902411
      25000 -269.519948
      26000 -271.371202
      27000 -268.150391
      28000 -267.580017
      29000 -267.996922
      30000 -271.701008
      31000 -267.580396
      32000 -269.626177
      33000 -269.528190
      34000 -273.823135
      35000 -267.756026
      36000 -273.518616
      37000 -268.221493
      38000 -280.598552
      39000 -269.894192
      40000 -267.828133
      41000 -271.255261
      42000 -269.609782
      43000 -271.911346
      44000 -268.069625
      45000 -271.036398
      46000 -269.286107
      47000 -273.199070
      48000 -270.053935
      49000 -268.161396
      50000 -274.099982
      51000 -273.378470
      52000 -267.665650
      53000 -269.969598
      54000 -268.288991
      55000 -270.466484
      56000 -267.907497
      57000 -271.379898
      58000 -268.749509
      59000 -269.499683
      60000 -269.585974
      61000 -267.648013
      62000 -272.788557
      63000 -267.899319
      64000 -268.431796
      65000 -268.106760
      66000 -273.576084
      67000 -275.342968
      68000 -273.267450
      69000 -273.603643
      70000 -284.141796
      71000 -268.780587
      72000 -269.717131
      73000 -271.632085
      74000 -270.281998
      75000 -272.824588
      76000 -267.925277
      77000 -270.412511
      78000 -270.000394
      79000 -270.729639
      80000 -270.972065
      81000 -271.415973
      82000 -269.616909
      83000 -271.468751
      84000 -270.008828
      85000 -273.281236
      86000 -270.725554
      87000 -270.632412
      88000 -269.932202
      89000 -270.377611
      90000 -269.567122
      91000 -271.497515
      92000 -267.668400
      93000 -270.538430
      94000 -269.582338
      95000 -270.308042
      96000 -271.527191
      97000 -267.578483
      98000 -275.324893
      99000 -269.669474
     100000 -269.542077
     101000 -271.721881
     102000 -272.111829
     103000 -270.256548
     104000 -267.923578
     105000 -271.404458
     106000 -273.232355
     107000 -271.132749
     108000 -272.272257
     109000 -273.251814
     110000 -270.349274
     111000 -273.205752
     112000 -269.877940
     113000 -273.588638
     114000 -269.501965
     115000 -271.373454
     116000 -270.365744
     117000 -268.530596
     118000 -274.608995
     119000 -269.499947
     120000 -270.425407
     121000 -267.605291
     122000 -269.823972
     123000 -269.994294
     124000 -268.272845
     125000 -269.725876
     126000 -271.476481
     127000 -271.372602
     128000 -271.065018
     129000 -267.734693
     130000 -272.289168
     131000 -268.142712
     132000 -272.166703
     133000 -273.329480
     134000 -267.746331
     135000 -271.769980
     136000 -270.323536
     137000 -271.991981
     138000 -273.002181
     139000 -270.224337
     140000 -272.076835
     141000 -272.855787
     142000 -267.720069
     143000 -269.083496
     144000 -273.529134
     145000 -275.333658
     146000 -270.528965
     147000 -269.528287
     148000 -271.470451
     149000 -273.195719
     150000 -268.704327
     151000 -271.399928
     152000 -271.101524
     153000 -272.777568
     154000 -271.374013
     155000 -273.542788
     156000 -269.402808
     157000 -271.404758
     158000 -271.480843
     159000 -267.836499
     160000 -268.224822
     161000 -268.534218
     162000 -267.902537
     163000 -269.937183
     164000 -267.577739
     165000 -267.616508
     166000 -275.012103
     167000 -274.268169
     168000 -271.401573
     169000 -267.802605
     170000 -270.246677
     171000 -268.371917
     172000 -268.389093
     173000 -271.668995
     174000 -268.997955
     175000 -270.937696
     176000 -276.216599
     177000 -270.346014
     178000 -272.411716
     179000 -268.545324
     180000 -275.285297
     181000 -271.050396
     182000 -275.015966
     183000 -268.200997
     184000 -272.325748
     185000 -271.197745
     186000 -271.380271
     187000 -268.144450
     188000 -270.041405
     189000 -268.333692
     190000 -269.010820
     191000 -270.020332
     192000 -269.501403
     193000 -269.509337
     194000 -270.361499
     195000 -269.730234
     196000 -267.759202
     197000 -271.470786
     198000 -269.522128
     199000 -270.032796
     200000 -268.014590
     201000 -270.094076
     202000 -269.560164
     203000 -267.616255
     204000 -269.765821
     205000 -272.146452
     206000 -270.086743
     207000 -269.535355
     208000 -267.859055
     209000 -272.349228
     210000 -271.794436
     211000 -276.843201
     212000 -267.728311
     213000 -274.987010
     214000 -273.324889
     215000 -277.816792
     216000 -267.598293
     217000 -270.898564
     218000 -270.084385
     219000 -271.853710
     220000 -275.235415
     221000 -271.840930
     222000 -270.768425
     223000 -273.812684
     224000 -273.210831
     225000 -269.519582
     226000 -271.427028
     227000 -272.841198
     228000 -272.561948
     229000 -267.609781
     230000 -275.329349
     231000 -269.503537
     232000 -267.753509
     233000 -271.438155
     234000 -271.257496
     235000 -268.310529
     236000 -268.195589
     237000 -267.743332
     238000 -273.320856
     239000 -269.499270
     240000 -269.567576
     241000 -269.830211
     242000 -271.574854
     243000 -267.734644
     244000 -270.363042
     245000 -267.788271
     246000 -269.150047
     247000 -270.510036
     248000 -268.025442
     249000 -268.027911
     250000 -270.073176
     251000 -269.500915
     252000 -274.970636
     253000 -268.290732
     254000 -271.665571
     255000 -267.951654
     256000 -268.131382
     257000 -275.582526
     258000 -271.792034
     259000 -273.398417
     260000 -267.577487
     261000 -269.898213
     262000 -268.019220
     263000 -271.978720
     264000 -274.517076
     265000 -267.914567
     266000 -267.589557
     267000 -272.452351
     268000 -269.513183
     269000 -267.685715
     270000 -267.578271
     271000 -270.953668
     272000 -274.067754
     273000 -269.959928
     274000 -267.947767
     275000 -269.487102
     276000 -278.532692
     277000 -272.241941
     278000 -271.371625
     279000 -279.152901
     280000 -268.849526
     281000 -267.915139
     282000 -270.922899
     283000 -269.514541
     284000 -267.577818
     285000 -268.382818
     286000 -271.514692
     287000 -269.500018
     288000 -274.001049
     289000 -269.209699
     290000 -269.505305
     291000 -273.086930
     292000 -268.013560
     293000 -271.717405
     294000 -271.374975
     295000 -269.798610
     296000 -269.610504
     297000 -269.598149
     298000 -269.562859
     299000 -273.875643
     300000 -268.608795
     301000 -268.333848
     302000 -269.531772
     303000 -270.011696
     304000 -270.349748
     305000 -272.199208
     306000 -271.787023
     307000 -275.094726
     308000 -269.945221
     309000 -269.519663
     310000 -267.577769
     311000 -267.741119
     312000 -267.821998
     313000 -273.191688
     314000 -273.366830
     315000 -267.581954
     316000 -267.654016
     317000 -273.976263
     318000 -271.471083
     319000 -269.890655
     320000 -269.114879
     321000 -275.086353
     322000 -269.511071
     323000 -270.495929
     324000 -267.965005
     325000 -268.659336
     326000 -267.577701
     327000 -269.535077
     328000 -271.160632
     329000 -269.499207
     330000 -269.532471
     331000 -273.223991
     332000 -269.732761
     333000 -267.577525
     334000 -270.450332
     335000 -269.756693
     336000 -274.958216
     337000 -271.766588
     338000 -271.330037
     339000 -267.802003
     340000 -271.468018
     341000 -267.705313
     342000 -272.620079
     343000 -269.508633
     344000 -273.196250
     345000 -273.478061
     346000 -269.787998
     347000 -267.789965
     348000 -270.209501
     349000 -267.590077
     350000 -267.580785
     351000 -269.837038
     352000 -270.286411
     353000 -270.551379
     354000 -273.451060
     355000 -277.211068
     356000 -273.022864
     357000 -274.040406
     358000 -271.954754
     359000 -269.914646
     360000 -282.175988
     361000 -272.779003
     362000 -270.307047
     363000 -269.049137
     364000 -271.648186
     365000 -279.980847
     366000 -269.850894
     367000 -269.499903
     368000 -280.218908
     369000 -269.277201
     370000 -268.220856
     371000 -273.191413
     372000 -276.725875
     373000 -273.965607
     374000 -271.764793
     375000 -269.618818
     376000 -276.748780
     377000 -271.671989
     378000 -271.945715
     379000 -280.820395
     380000 -271.025303
     381000 -272.991623
     382000 -268.125682
     383000 -272.335875
     384000 -269.523771
     385000 -271.500587
     386000 -267.724144
     387000 -272.005916
     388000 -271.374612
     389000 -273.927003
     390000 -267.647793
     391000 -268.548870
     392000 -267.593839
     393000 -268.223921
     394000 -269.503440
     395000 -270.809864
     396000 -271.465015
     397000 -274.156493
     398000 -271.396672
     399000 -279.982857
     400000 -270.495270
     401000 -270.603264
     402000 -269.751725
     403000 -267.630525
     404000 -271.557112
     405000 -268.079544
     406000 -268.229731
     407000 -271.372535
     408000 -269.510914
     409000 -270.767737
     410000 -269.737587
     411000 -272.975746
     412000 -273.248256
     413000 -269.501007
     414000 -267.812482
     415000 -267.580639
     416000 -268.244063
     417000 -269.802203
     418000 -270.599958
     419000 -267.660556
     420000 -269.733780
     421000 -271.436056
     422000 -270.823410
     423000 -270.158869
     424000 -268.058531
     425000 -267.823164
     426000 -269.507148
     427000 -269.883123
     428000 -269.821973
     429000 -271.371719
     430000 -272.246118
     431000 -269.523033
     432000 -271.728352
     433000 -269.670689
     434000 -268.244017
     435000 -281.558790
     436000 -268.353527
     437000 -272.831094
     438000 -271.485901
     439000 -271.866992
     440000 -269.605794
     441000 -279.927044
     442000 -271.373497
     443000 -273.026447
     444000 -273.572627
     445000 -272.262267
     446000 -269.592964
     447000 -269.383812
     448000 -269.608402
     449000 -274.684315
     450000 -272.277466
     451000 -268.709540
     452000 -268.107923
     453000 -272.148941
     454000 -270.097881
     455000 -267.849430
     456000 -271.090691
     457000 -267.859607
     458000 -271.506280
     459000 -269.502080
     460000 -267.857984
     461000 -268.718703
     462000 -268.258651
     463000 -267.649125
     464000 -268.511450
     465000 -267.587108
     466000 -269.602523
     467000 -269.957100
     468000 -275.110485
     469000 -269.533870
     470000 -267.622073
     471000 -267.749377
     472000 -269.501534
     473000 -270.043499
     474000 -269.347255
     475000 -269.516007
     476000 -267.638797
     477000 -272.693700
     478000 -272.401190
     479000 -269.329203
     480000 -270.325293
     481000 -268.209374
     482000 -276.364537
     483000 -269.507432
     484000 -268.097589
     485000 -270.271592
     486000 -268.971270
     487000 -267.925696
     488000 -271.395810
     489000 -267.942703
     490000 -269.523593
     491000 -267.835547
     492000 -269.396893
     493000 -271.501288
     494000 -271.955706
     495000 -268.244924
     496000 -270.758655
     497000 -269.697678
     498000 -270.476666
     499000 -267.598791
     500000 -267.664380
     501000 -277.178532
     502000 -267.741409
     503000 -269.504637
     504000 -271.765444
     505000 -268.140536
     506000 -269.665598
     507000 -271.984326
     508000 -268.260305
     509000 -267.841155
     510000 -270.473771
     511000 -270.187641
     512000 -269.555474
     513000 -271.762057
     514000 -271.372230
     515000 -267.581028
     516000 -272.007650
     517000 -269.523305
     518000 -273.282593
     519000 -267.898950
     520000 -267.952270
     521000 -272.071292
     522000 -273.508155
     523000 -269.865938
     524000 -268.232537
     525000 -267.922045
     526000 -267.681334
     527000 -269.523553
     528000 -279.172667
     529000 -267.786641
     530000 -269.515709
     531000 -267.578249
     532000 -267.788343
     533000 -276.989657
     534000 -273.439782
     535000 -267.578298
     536000 -267.863809
     537000 -269.725818
     538000 -272.054719
     539000 -267.837202
     540000 -271.372588
     541000 -269.664003
     542000 -273.305104
     543000 -273.465098
     544000 -270.497493
     545000 -276.743166
     546000 -271.635105
     547000 -268.717727
     548000 -272.759713
     549000 -271.409167
     550000 -271.814414
     551000 -267.578914
     552000 -273.048532
     553000 -271.391603
     554000 -271.103652
     555000 -267.596311
     556000 -274.998686
     557000 -271.749708
     558000 -271.562020
     559000 -270.954489
     560000 -275.436715
     561000 -275.867400
     562000 -268.307481
     563000 -275.909608
     564000 -271.164360
     565000 -279.114867
     566000 -268.034440
     567000 -269.535814
     568000 -274.970265
     569000 -273.298970
     570000 -280.185730
     571000 -273.214404
     572000 -269.887642
     573000 -268.594779
     574000 -273.567213
     575000 -268.314519
     576000 -268.574769
     577000 -267.920739
     578000 -271.405170
     579000 -273.267109
     580000 -267.800283
     581000 -269.824012
     582000 -267.688659
     583000 -275.571908
     584000 -270.097619
     585000 -271.652118
     586000 -269.804034
     587000 -267.984080
     588000 -269.929780
     589000 -273.256988
     590000 -269.656505
     591000 -268.022003
     592000 -274.971097
     593000 -269.580009
     594000 -274.298457
     595000 -271.371264
     596000 -269.777993
     597000 -268.510029
     598000 -270.246488
     599000 -267.825934
     600000 -271.395339
     601000 -270.256491
     602000 -267.902536
     603000 -269.862279
     604000 -273.228269
     605000 -272.276082
     606000 -269.690972
     607000 -267.712230
     608000 -273.271612
     609000 -269.631633
     610000 -270.091865
     611000 -272.620134
     612000 -267.597727
     613000 -269.545429
     614000 -270.534842
     615000 -273.340106
     616000 -269.555273
     617000 -267.747510
     618000 -272.082450
     619000 -274.980393
     620000 -268.358158
     621000 -267.582150
     622000 -273.289816
     623000 -267.600303
     624000 -268.619526
     625000 -269.499199
     626000 -272.750573
     627000 -274.961661
     628000 -273.034893
     629000 -269.774883
     630000 -269.988664
     631000 -269.199539
     632000 -268.336696
     633000 -273.194935
     634000 -267.630676
     635000 -270.124229
     636000 -269.935402
     637000 -272.730730
     638000 -268.091729
     639000 -268.792425
     640000 -269.788588
     641000 -269.523784
     642000 -271.911536
     643000 -268.945231
     644000 -269.517239
     645000 -268.563323
     646000 -270.793873
     647000 -270.047598
     648000 -267.981113
     649000 -273.576301
     650000 -271.463370
     651000 -268.574304
     652000 -269.610306
     653000 -269.991939
     654000 -270.063857
     655000 -270.234779
     656000 -269.698757
     657000 -269.499489
     658000 -268.123154
     659000 -275.241994
     660000 -270.340253
     661000 -271.446015
     662000 -267.724928
     663000 -272.640980
     664000 -268.486497
     665000 -274.967129
     666000 -280.561937
     667000 -272.318903
     668000 -267.815474
     669000 -274.973207
     670000 -278.901341
     671000 -269.833001
     672000 -269.974403
     673000 -271.769980
     674000 -275.837007
     675000 -271.376146
     676000 -273.352446
     677000 -268.326439
     678000 -281.242045
     679000 -267.653970
     680000 -273.252761
     681000 -269.910667
     682000 -275.030606
     683000 -269.754780
     684000 -269.052071
     685000 -267.592186
     686000 -271.402113
     687000 -268.004625
     688000 -270.284666
     689000 -269.499911
     690000 -269.551535
     691000 -272.113276
     692000 -269.599972
     693000 -277.018671
     694000 -269.780649
     695000 -270.493268
     696000 -274.377155
     697000 -272.826613
     698000 -269.503868
     699000 -269.561023
     700000 -267.636288
     701000 -267.624181
     702000 -270.361434
     703000 -270.303043
     704000 -269.984772
     705000 -273.294180
     706000 -271.015868
     707000 -271.435979
     708000 -268.484089
     709000 -269.499208
     710000 -267.840985
     711000 -271.119386
     712000 -269.889370
     713000 -270.967624
     714000 -272.161994
     715000 -269.544401
     716000 -268.080589
     717000 -267.999396
     718000 -271.387221
     719000 -269.614844
     720000 -269.795203
     721000 -268.418773
     722000 -271.430356
     723000 -267.787796
     724000 -269.934618
     725000 -269.940944
     726000 -270.309041
     727000 -269.552594
     728000 -269.537682
     729000 -276.783218
     730000 -268.021072
     731000 -269.599892
     732000 -270.047935
     733000 -268.500966
     734000 -267.800965
     735000 -271.447115
     736000 -273.894987
     737000 -267.579711
     738000 -272.690481
     739000 -267.608626
     740000 -275.764561
     741000 -271.524739
     742000 -268.130055
     743000 -267.773919
     744000 -273.777573
     745000 -268.004607
     746000 -269.567623
     747000 -269.610400
     748000 -268.582387
     749000 -268.096975
     750000 -267.880677
     751000 -267.823877
     752000 -270.067043
     753000 -271.599916
     754000 -267.641759
     755000 -273.222458
     756000 -267.839388
     757000 -269.778297
     758000 -268.729218
     759000 -271.994619
     760000 -269.632483
     761000 -271.411337
     762000 -267.697869
     763000 -268.230886
     764000 -268.160547
     765000 -271.616820
     766000 -269.555423
     767000 -273.303152
     768000 -271.389915
     769000 -268.186426
     770000 -267.652032
     771000 -276.873781
     772000 -276.659095
     773000 -268.174251
     774000 -268.764437
     775000 -276.737393
     776000 -269.660269
     777000 -267.588850
     778000 -273.281926
     779000 -267.982788
     780000 -269.865744
     781000 -275.353389
     782000 -271.693869
     783000 -267.585346
     784000 -273.227040
     785000 -271.458217
     786000 -267.785953
     787000 -267.613515
     788000 -273.211943
     789000 -271.686930
     790000 -271.592473
     791000 -272.356653
     792000 -269.724684
     793000 -275.015139
     794000 -268.847619
     795000 -267.577494
     796000 -273.413678
     797000 -275.908208
     798000 -271.205506
     799000 -278.300712
     800000 -269.517368
     801000 -271.878346
     802000 -269.506985
     803000 -277.492647
     804000 -273.652887
     805000 -271.379152
     806000 -270.132988
     807000 -272.152182
     808000 -272.072379
     809000 -267.581618
     810000 -269.531961
     811000 -267.826398
     812000 -271.501266
     813000 -267.629272
     814000 -268.138957
     815000 -270.268778
     816000 -269.690304
     817000 -271.016052
     818000 -270.825107
     819000 -270.059724
     820000 -272.658249
     821000 -268.598211
     822000 -270.332050
     823000 -270.300423
     824000 -268.345950
     825000 -275.247160
     826000 -269.511024
     827000 -271.390487
     828000 -268.246824
     829000 -271.085786
     830000 -269.520417
     831000 -270.450101
     832000 -270.064537
     833000 -267.894717
     834000 -268.938086
     835000 -270.033840
     836000 -271.660239
     837000 -274.959374
     838000 -269.998709
     839000 -271.776523
     840000 -275.712572
     841000 -269.336836
     842000 -273.936682
     843000 -275.711320
     844000 -269.753724
     845000 -278.801286
     846000 -275.021618
     847000 -267.937932
     848000 -267.736476
     849000 -271.631413
     850000 -272.689835
     851000 -269.753380
     852000 -269.942948
     853000 -273.192815
     854000 -274.228064
     855000 -269.776728
     856000 -269.601761
     857000 -276.765153
     858000 -269.511701
     859000 -269.499682
     860000 -269.872059
     861000 -267.970429
     862000 -267.640376
     863000 -267.633152
     864000 -269.576071
     865000 -273.979882
     866000 -273.518283
     867000 -273.249655
     868000 -268.026921
     869000 -273.204019
     870000 -269.547770
     871000 -268.871464
     872000 -271.949578
     873000 -272.018768
     874000 -270.046120
     875000 -267.612647
     876000 -271.371404
     877000 -269.805790
     878000 -275.065885
     879000 -268.229955
     880000 -271.391426
     881000 -276.729197
     882000 -270.109555
     883000 -269.505486
     884000 -271.103399
     885000 -270.331208
     886000 -267.645643
     887000 -269.221428
     888000 -270.143335
     889000 -269.506067
     890000 -270.224482
     891000 -270.510850
     892000 -268.260689
     893000 -271.037688
     894000 -268.171304
     895000 -267.612098
     896000 -268.316881
     897000 -272.223958
     898000 -275.214011
     899000 -267.681940
     900000 -267.584832
     901000 -268.110888
     902000 -276.777593
     903000 -270.640825
     904000 -268.229410
     905000 -271.416152
     906000 -271.733293
     907000 -272.708862
     908000 -269.499320
     909000 -269.499596
     910000 -277.402206
     911000 -275.602201
     912000 -267.658157
     913000 -267.835464
     914000 -270.259339
     915000 -271.472326
     916000 -267.679986
     917000 -271.470438
     918000 -272.086221
     919000 -269.515010
     920000 -269.520310
     921000 -268.666720
     922000 -269.389193
     923000 -271.494886
     924000 -271.698123
     925000 -268.847231
     926000 -272.601380
     927000 -280.114130
     928000 -270.926867
     929000 -271.139661
     930000 -268.719326
     931000 -276.874853
     932000 -269.226301
     933000 -267.793680
     934000 -269.688367
     935000 -269.557953
     936000 -269.508100
     937000 -271.052802
     938000 -276.659741
     939000 -271.552013
     940000 -273.422091
     941000 -269.525283
     942000 -268.263029
     943000 -267.586046
     944000 -272.782787
     945000 -274.006676
     946000 -269.652060
     947000 -273.221319
     948000 -270.975739
     949000 -270.300876
     950000 -275.037354
     951000 -269.511964
     952000 -269.509262
     953000 -271.447726
     954000 -268.172030
     955000 -269.536938
     956000 -269.786351
     957000 -269.687999
     958000 -271.886427
     959000 -267.978048
     960000 -270.979988
     961000 -268.377865
     962000 -271.694468
     963000 -267.585620
     964000 -275.767862
     965000 -268.221892
     966000 -269.568621
     967000 -273.361751
     968000 -267.838303
     969000 -273.606847
     970000 -269.861733
     971000 -276.710708
     972000 -268.119483
     973000 -270.762031
     974000 -268.059525
     975000 -269.642802
     976000 -273.362217
     977000 -273.212029
     978000 -269.943361
     979000 -269.882090
     980000 -271.793368
     981000 -271.373161
     982000 -269.980630
     983000 -273.352888
     984000 -267.585216
     985000 -268.949247
     986000 -271.384238
     987000 -271.898760
     988000 -269.585225
     989000 -271.390902
     990000 -271.407027
     991000 -269.864297
     992000 -269.645518
     993000 -269.537247
     994000 -276.617176
     995000 -268.813757
     996000 -267.577704
     997000 -267.896832
     998000 -273.998973
     999000 -268.107088
    1000000 -267.607675
    1001000 -273.684149
    1002000 -269.500367
    1003000 -277.108178
    1004000 -269.500836
    1005000 -271.371170
    1006000 -268.237630
    1007000 -274.956722
    1008000 -269.565021
    1009000 -272.397385
    1010000 -269.449900
    1011000 -269.512332
    1012000 -267.664234
    1013000 -268.140726
    1014000 -273.395374
    1015000 -276.791455
    1016000 -269.873451
    1017000 -274.281623
    1018000 -269.350620
    1019000 -272.762953
    1020000 -275.549945
    1021000 -273.390055
    1022000 -267.890516
    1023000 -267.766995
    1024000 -274.097432
    1025000 -273.210003
    1026000 -272.110031
    1027000 -267.799305
    1028000 -268.065770
    1029000 -268.731254
    1030000 -270.719379
    1031000 -268.094346
    1032000 -273.196732
    1033000 -270.409106
    1034000 -269.664134
    1035000 -271.322902
    1036000 -267.661614
    1037000 -270.805973
    1038000 -267.725402
    1039000 -269.294655
    1040000 -271.380667
    1041000 -274.999518
    1042000 -268.797822
    1043000 -269.671010
    1044000 -273.793772
    1045000 -271.793292
    1046000 -275.255284
    1047000 -270.285946
    1048000 -268.962187
    1049000 -267.842472
    1050000 -271.510054
    1051000 -270.139157
    1052000 -268.285566
    1053000 -268.289816
    1054000 -271.725973
    1055000 -267.965301
    1056000 -267.753049
    1057000 -271.767578
    1058000 -271.380924
    1059000 -269.500557
    1060000 -267.886329
    1061000 -275.705372
    1062000 -275.556369
    1063000 -268.468818
    1064000 -267.927045
    1065000 -270.323147
    1066000 -271.785989
    1067000 -270.082090
    1068000 -269.591110
    1069000 -270.901663
    1070000 -268.341870
    1071000 -267.628635
    1072000 -267.926632
    1073000 -269.774129
    1074000 -267.758242
    1075000 -270.367636
    1076000 -275.249525
    1077000 -269.921135
    1078000 -275.312779
    1079000 -269.215334
    1080000 -272.338060
    1081000 -271.426353
    1082000 -272.351598
    1083000 -269.539606
    1084000 -269.370548
    1085000 -269.512531
    1086000 -269.212946
    1087000 -269.902718
    1088000 -268.641468
    1089000 -273.310442
    1090000 -268.210562
    1091000 -269.212064
    1092000 -267.764723
    1093000 -267.920810
    1094000 -269.574701
    1095000 -267.831304
    1096000 -269.639855
    1097000 -276.057840
    1098000 -273.511060
    1099000 -269.608402
    1100000 -271.409904
    1101000 -267.784272
    1102000 -273.651752
    1103000 -275.629691
    1104000 -275.380304
    1105000 -269.525570
    1106000 -272.939601
    1107000 -267.615999
    1108000 -273.704022
    1109000 -271.807067
    1110000 -267.673404
    1111000 -271.571214
    1112000 -271.517372
    1113000 -269.769224
    1114000 -267.916878
    1115000 -267.706392
    1116000 -267.942170
    1117000 -269.560033
    1118000 -278.375508
    1119000 -270.615385
    1120000 -269.507964
    1121000 -269.499389
    1122000 -267.988678
    1123000 -267.669401
    1124000 -268.636419
    1125000 -267.918291
    1126000 -277.377018
    1127000 -271.287251
    1128000 -267.874187
    1129000 -267.616203
    1130000 -267.865312
    1131000 -269.877718
    1132000 -269.776796
    1133000 -269.574367
    1134000 -267.792784
    1135000 -273.215616
    1136000 -268.366074
    1137000 -269.256740
    1138000 -271.477682
    1139000 -268.352362
    1140000 -269.502454
    1141000 -279.058282
    1142000 -273.205597
    1143000 -271.371055
    1144000 -270.854511
    1145000 -267.697747
    1146000 -267.649455
    1147000 -267.580474
    1148000 -271.281430
    1149000 -272.026078
    1150000 -269.956052
    1151000 -271.907024
    1152000 -272.126436
    1153000 -268.025303
    1154000 -269.557687
    1155000 -271.606655
    1156000 -274.567178
    1157000 -275.002326
    1158000 -272.312663
    1159000 -276.715199
    1160000 -267.878019
    1161000 -269.873651
    1162000 -269.547845
    1163000 -276.899783
    1164000 -272.550533
    1165000 -270.097065
    1166000 -273.521667
    1167000 -270.616094
    1168000 -267.958129
    1169000 -267.985792
    1170000 -269.989113
    1171000 -270.125553
    1172000 -269.788830
    1173000 -269.517492
    1174000 -271.475790
    1175000 -268.987520
    1176000 -267.579634
    1177000 -276.867984
    1178000 -269.862533
    1179000 -268.160832
    1180000 -271.785468
    1181000 -267.848981
    1182000 -269.777124
    1183000 -269.722458
    1184000 -268.252948
    1185000 -278.432132
    1186000 -269.499230
    1187000 -270.360798
    1188000 -274.972674
    1189000 -267.927552
    1190000 -269.630828
    1191000 -267.633122
    1192000 -271.677929
    1193000 -269.508795
    1194000 -269.873174
    1195000 -267.693491
    1196000 -267.726568
    1197000 -267.749129
    1198000 -269.499263
    1199000 -272.488971
    1200000 -269.560800
    1201000 -270.247744
    1202000 -271.544782
    1203000 -270.023265
    1204000 -270.510319
    1205000 -272.614489
    1206000 -271.026104
    1207000 -273.232809
    1208000 -275.341346
    1209000 -273.776797
    1210000 -269.767283
    1211000 -267.668444
    1212000 -272.601262
    1213000 -269.767892
    1214000 -268.249953
    1215000 -271.371517
    1216000 -269.597928
    1217000 -273.339349
    1218000 -271.427735
    1219000 -277.416089
    1220000 -277.333013
    1221000 -269.001185
    1222000 -269.210561
    1223000 -267.617580
    1224000 -269.693489
    1225000 -267.835620
    1226000 -269.511284
    1227000 -267.579014
    1228000 -273.619506
    1229000 -271.424887
    1230000 -273.194047
    1231000 -268.905366
    1232000 -267.656595
    1233000 -276.802662
    1234000 -269.500492
    1235000 -269.589787
    1236000 -270.202030
    1237000 -273.190293
    1238000 -271.371217
    1239000 -271.565400
    1240000 -268.555562
    1241000 -269.548731
    1242000 -269.614281
    1243000 -268.521473
    1244000 -267.886564
    1245000 -267.579781
    1246000 -268.156938
    1247000 -267.836008
    1248000 -271.371084
    1249000 -271.842720
    1250000 -270.878723
    1251000 -271.007223
    1252000 -270.030159
    1253000 -268.055717
    1254000 -270.168905
    1255000 -269.502988
    1256000 -271.807699
    1257000 -272.619294
    1258000 -275.691531
    1259000 -268.329330
    1260000 -273.589111
    1261000 -268.273170
    1262000 -268.511306
    1263000 -268.382161
    1264000 -267.834202
    1265000 -269.684000
    1266000 -269.741274
    1267000 -268.926772
    1268000 -268.257922
    1269000 -273.239764
    1270000 -271.273781
    1271000 -267.844522
    1272000 -271.884498
    1273000 -270.646593
    1274000 -269.096284
    1275000 -267.580116
    1276000 -269.505880
    1277000 -269.641649
    1278000 -269.797237
    1279000 -267.620495
    1280000 -273.814873
    1281000 -269.776698
    1282000 -275.862371
    1283000 -268.628059
    1284000 -269.431150
    1285000 -267.868939
    1286000 -267.673453
    1287000 -271.371289
    1288000 -272.085251
    1289000 -267.928945
    1290000 -267.903354
    1291000 -267.679468
    1292000 -275.370362
    1293000 -267.654046
    1294000 -272.325777
    1295000 -272.652655
    1296000 -271.043978
    1297000 -269.565227
    1298000 -269.502057
    1299000 -268.091406
    1300000 -271.395171
    1301000 -269.506607
    1302000 -273.573711
    1303000 -267.684055
    1304000 -268.068119
    1305000 -267.580704
    1306000 -275.980631
    1307000 -271.466229
    1308000 -268.041174
    1309000 -267.971602
    1310000 -275.842427
    1311000 -270.937139
    1312000 -269.696551
    1313000 -267.612656
    1314000 -269.566369
    1315000 -267.655600
    1316000 -273.464665
    1317000 -271.447138
    1318000 -273.193397
    1319000 -269.611036
    1320000 -271.726492
    1321000 -269.563742
    1322000 -273.212248
    1323000 -268.392578
    1324000 -272.612991
    1325000 -269.503256
    1326000 -268.199706
    1327000 -275.474475
    1328000 -273.369790
    1329000 -267.615821
    1330000 -267.697852
    1331000 -267.653078
    1332000 -271.731153
    1333000 -267.828948
    1334000 -269.861779
    1335000 -271.139408
    1336000 -267.952670
    1337000 -268.680733
    1338000 -268.056764
    1339000 -269.932010
    1340000 -271.093441
    1341000 -273.376223
    1342000 -269.875587
    1343000 -269.221770
    1344000 -267.687421
    1345000 -273.541776
    1346000 -271.535686
    1347000 -268.001453
    1348000 -271.392297
    1349000 -268.082971
    1350000 -270.551561
    1351000 -274.054418
    1352000 -268.083162
    1353000 -270.532013
    1354000 -273.235373
    1355000 -267.592374
    1356000 -269.696532
    1357000 -269.556934
    1358000 -271.399999
    1359000 -273.393771
    1360000 -270.048129
    1361000 -274.953709
    1362000 -270.062663
    1363000 -268.820535
    1364000 -268.497732
    1365000 -273.192030
    1366000 -273.330811
    1367000 -269.534905
    1368000 -269.916577
    1369000 -270.147552
    1370000 -268.622978
    1371000 -267.823000
    1372000 -267.777367
    1373000 -273.220261
    1374000 -268.551928
    1375000 -267.769719
    1376000 -271.545904
    1377000 -275.824323
    1378000 -267.998107
    1379000 -271.706988
    1380000 -267.813728
    1381000 -272.850918
    1382000 -267.653283
    1383000 -275.118032
    1384000 -267.815595
    1385000 -276.964029
    1386000 -274.980644
    1387000 -267.580098
    1388000 -270.987732
    1389000 -271.217746
    1390000 -269.642218
    1391000 -272.591462
    1392000 -274.819279
    1393000 -272.025626
    1394000 -269.578990
    1395000 -267.721091
    1396000 -274.190043
    1397000 -271.687663
    1398000 -271.160832
    1399000 -270.759707
    1400000 -269.822072
    1401000 -269.519218
    1402000 -270.750600
    1403000 -269.627309
    1404000 -269.520770
    1405000 -270.155149
    1406000 -271.388085
    1407000 -271.838919
    1408000 -274.394493
    1409000 -277.135726
    1410000 -273.264537
    1411000 -278.191772
    1412000 -268.116682
    1413000 -270.636817
    1414000 -271.373760
    1415000 -267.929786
    1416000 -269.517766
    1417000 -268.003349
    1418000 -268.284716
    1419000 -269.963444
    1420000 -268.994573
    1421000 -271.041593
    1422000 -268.225297
    1423000 -269.515243
    1424000 -269.502807
    1425000 -269.625975
    1426000 -271.277659
    1427000 -270.977864
    1428000 -269.796091
    1429000 -276.000181
    1430000 -276.658571
    1431000 -271.592389
    1432000 -271.510345
    1433000 -269.612210
    1434000 -269.296617
    1435000 -267.640402
    1436000 -271.449058
    1437000 -267.952133
    1438000 -268.052946
    1439000 -270.015659
    1440000 -267.636068
    1441000 -273.745718
    1442000 -268.199090
    1443000 -267.598139
    1444000 -269.420535
    1445000 -273.212355
    1446000 -268.208414
    1447000 -270.402323
    1448000 -270.786687
    1449000 -275.228253
    1450000 -269.606554
    1451000 -269.500301
    1452000 -270.099022
    1453000 -274.679430
    1454000 -271.378671
    1455000 -271.412806
    1456000 -273.517323
    1457000 -269.943817
    1458000 -274.252840
    1459000 -272.708175
    1460000 -269.917482
    1461000 -269.643212
    1462000 -271.382205
    1463000 -267.918174
    1464000 -271.371466
    1465000 -270.132105
    1466000 -270.940786
    1467000 -273.339854
    1468000 -270.939047
    1469000 -271.075035
    1470000 -267.593325
    1471000 -268.310816
    1472000 -268.326356
    1473000 -270.463640
    1474000 -269.619203
    1475000 -271.636170
    1476000 -271.466500
    1477000 -269.613612
    1478000 -268.471977
    1479000 -269.590638
    1480000 -275.285830
    1481000 -274.741281
    1482000 -271.754334
    1483000 -270.444139
    1484000 -268.382221
    1485000 -269.500470
    1486000 -274.953743
    1487000 -268.640643
    1488000 -269.503683
    1489000 -267.965227
    1490000 -270.913018
    1491000 -269.945966
    1492000 -269.559260
    1493000 -271.416576
    1494000 -269.590758
    1495000 -269.681112
    1496000 -268.199098
    1497000 -271.557533
    1498000 -270.280736
    1499000 -273.210692
    1500000 -267.932099
    1501000 -270.672533
    1502000 -267.652397
    1503000 -271.370904
    1504000 -267.917042
    1505000 -273.379139
    1506000 -269.543877
    1507000 -274.966162
    1508000 -271.795705
    1509000 -272.580995
    1510000 -271.034653
    1511000 -269.562405
    1512000 -269.782180
    1513000 -269.608636
    1514000 -270.039273
    1515000 -270.035051
    1516000 -267.604267
    1517000 -273.365161
    1518000 -270.121647
    1519000 -267.690359
    1520000 -270.108401
    1521000 -269.671182
    1522000 -274.966680
    1523000 -269.532228
    1524000 -272.708323
    1525000 -268.033499
    1526000 -267.584681
    1527000 -269.943281
    1528000 -267.682161
    1529000 -275.472212
    1530000 -270.813499
    1531000 -271.326629
    1532000 -275.129730
    1533000 -273.242351
    1534000 -270.399442
    1535000 -271.254382
    1536000 -276.835542
    1537000 -276.785383
    1538000 -271.117316
    1539000 -275.470146
    1540000 -269.513341
    1541000 -267.680159
    1542000 -267.627238
    1543000 -269.955768
    1544000 -269.706714
    1545000 -273.191652
    1546000 -268.920971
    1547000 -273.420790
    1548000 -271.630775
    1549000 -268.013235
    1550000 -271.932466
    1551000 -280.304172
    1552000 -268.990225
    1553000 -282.349822
    1554000 -284.426863
    1555000 -272.486867
    1556000 -270.154598
    1557000 -269.386615
    1558000 -271.965798
    1559000 -269.490203
    1560000 -272.235804
    1561000 -271.049555
    1562000 -267.848232
    1563000 -279.024573
    1564000 -269.507347
    1565000 -271.891369
    1566000 -272.659942
    1567000 -267.625986
    1568000 -271.395340
    1569000 -267.609757
    1570000 -269.555253
    1571000 -269.791771
    1572000 -270.724665
    1573000 -267.831588
    1574000 -267.755758
    1575000 -274.954268
    1576000 -268.728882
    1577000 -275.211045
    1578000 -268.051420
    1579000 -273.340934
    1580000 -267.689979
    1581000 -267.799289
    1582000 -270.241040
    1583000 -271.213409
    1584000 -271.445536
    1585000 -269.251323
    1586000 -269.561248
    1587000 -267.937026
    1588000 -267.750226
    1589000 -267.760378
    1590000 -267.701442
    1591000 -268.360217
    1592000 -270.196624
    1593000 -270.104231
    1594000 -270.169013
    1595000 -269.777515
    1596000 -267.838351
    1597000 -269.583193
    1598000 -271.015791
    1599000 -278.941167
    1600000 -267.762776
    1601000 -269.597868
    1602000 -269.167018
    1603000 -273.579687
    1604000 -270.950700
    1605000 -273.828363
    1606000 -268.079083
    1607000 -268.422633
    1608000 -268.865617
    1609000 -271.376757
    1610000 -267.710878
    1611000 -268.235348
    1612000 -271.415313
    1613000 -271.256042
    1614000 -269.513814
    1615000 -267.868925
    1616000 -275.639463
    1617000 -273.620444
    1618000 -267.877773
    1619000 -269.522592
    1620000 -269.513244
    1621000 -276.185296
    1622000 -268.976432
    1623000 -270.092352
    1624000 -273.214657
    1625000 -273.012576
    1626000 -269.500284
    1627000 -273.278265
    1628000 -269.522993
    1629000 -267.696999
    1630000 -267.743673
    1631000 -268.256001
    1632000 -272.420784
    1633000 -269.721421
    1634000 -269.508182
    1635000 -270.955190
    1636000 -269.703099
    1637000 -271.423820
    1638000 -267.617590
    1639000 -277.151153
    1640000 -271.380201
    1641000 -267.579315
    1642000 -271.575636
    1643000 -271.600086
    1644000 -275.029844
    1645000 -274.954142
    1646000 -275.850029
    1647000 -274.446953
    1648000 -271.053607
    1649000 -271.492619
    1650000 -269.552912
    1651000 -267.889699
    1652000 -268.721037
    1653000 -269.500195
    1654000 -267.847145
    1655000 -271.385244
    1656000 -277.234332
    1657000 -274.820199
    1658000 -269.695328
    1659000 -267.657613
    1660000 -270.504853
    1661000 -271.693226
    1662000 -269.612875
    1663000 -267.666386
    1664000 -268.294786
    1665000 -275.836996
    1666000 -271.183806
    1667000 -271.099830
    1668000 -271.447567
    1669000 -276.389392
    1670000 -271.157025
    1671000 -273.554781
    1672000 -267.899113
    1673000 -268.599931
    1674000 -269.878783
    1675000 -272.254766
    1676000 -267.805569
    1677000 -271.401942
    1678000 -270.994505
    1679000 -267.579277
    1680000 -269.204856
    1681000 -273.515729
    1682000 -267.788612
    1683000 -273.224058
    1684000 -268.315448
    1685000 -271.986265
    1686000 -271.890418
    1687000 -273.333197
    1688000 -269.540195
    1689000 -275.283981
    1690000 -269.502385
    1691000 -267.966599
    1692000 -278.763667
    1693000 -271.928324
    1694000 -271.521143
    1695000 -269.524899
    1696000 -267.737143
    1697000 -270.427365
    1698000 -274.505904
    1699000 -267.835720
    1700000 -271.678417
    1701000 -269.923697
    1702000 -270.371093
    1703000 -270.993291
    1704000 -271.528612
    1705000 -269.503264
    1706000 -277.123919
    1707000 -267.659443
    1708000 -268.183020
    1709000 -270.927457
    1710000 -269.663225
    1711000 -273.219241
    1712000 -272.918799
    1713000 -268.253032
    1714000 -269.502613
    1715000 -273.792222
    1716000 -269.994576
    1717000 -267.599046
    1718000 -267.634693
    1719000 -271.494304
    1720000 -267.624259
    1721000 -271.786653
    1722000 -269.730652
    1723000 -273.182783
    1724000 -267.783542
    1725000 -269.248183
    1726000 -267.627081
    1727000 -267.600989
    1728000 -267.746143
    1729000 -267.706755
    1730000 -269.688736
    1731000 -269.885504
    1732000 -268.039977
    1733000 -269.502784
    1734000 -270.273733
    1735000 -269.502992
    1736000 -269.508919
    1737000 -267.588906
    1738000 -269.499262
    1739000 -273.689763
    1740000 -271.749761
    1741000 -268.904474
    1742000 -269.501432
    1743000 -270.472807
    1744000 -267.864974
    1745000 -267.660831
    1746000 -267.671277
    1747000 -270.063715
    1748000 -268.161706
    1749000 -271.380413
    1750000 -269.577122
    1751000 -269.913426
    1752000 -269.796148
    1753000 -269.489796
    1754000 -273.606396
    1755000 -268.858585
    1756000 -274.048781
    1757000 -272.172871
    1758000 -269.634979
    1759000 -270.005880
    1760000 -269.798256
    1761000 -268.462130
    1762000 -273.516384
    1763000 -269.500111
    1764000 -269.921879
    1765000 -267.794608
    1766000 -271.427914
    1767000 -276.902337
    1768000 -267.608478
    1769000 -273.213629
    1770000 -270.673827
    1771000 -270.848250
    1772000 -283.249708
    1773000 -269.238159
    1774000 -270.440783
    1775000 -272.623181
    1776000 -277.170003
    1777000 -271.379266
    1778000 -269.705130
    1779000 -267.956604
    1780000 -267.868498
    1781000 -267.653109
    1782000 -271.581566
    1783000 -268.412435
    1784000 -267.915377
    1785000 -271.052495
    1786000 -269.377193
    1787000 -268.249393
    1788000 -273.583590
    1789000 -269.211120
    1790000 -271.816528
    1791000 -271.307424
    1792000 -269.622645
    1793000 -267.867582
    1794000 -269.802374
    1795000 -269.586806
    1796000 -270.084135
    1797000 -267.706703
    1798000 -269.508526
    1799000 -271.519827
    1800000 -268.129631
    1801000 -273.431040
    1802000 -269.313805
    1803000 -272.406370
    1804000 -268.322750
    1805000 -273.762302
    1806000 -281.790906
    1807000 -269.510338
    1808000 -275.615390
    1809000 -267.605696
    1810000 -274.959867
    1811000 -269.902341
    1812000 -267.928952
    1813000 -271.702484
    1814000 -269.341679
    1815000 -268.299975
    1816000 -273.412872
    1817000 -269.640477
    1818000 -271.579912
    1819000 -270.379244
    1820000 -272.420069
    1821000 -269.856191
    1822000 -270.747030
    1823000 -269.613097
    1824000 -271.214513
    1825000 -272.965073
    1826000 -275.916492
    1827000 -268.522266
    1828000 -269.515743
    1829000 -276.554274
    1830000 -271.756291
    1831000 -271.824760
    1832000 -269.506190
    1833000 -275.006436
    1834000 -270.563461
    1835000 -269.634065
    1836000 -269.585455
    1837000 -268.121881
    1838000 -267.846516
    1839000 -273.470762
    1840000 -268.311586
    1841000 -271.382009
    1842000 -274.937117
    1843000 -267.579630
    1844000 -271.340754
    1845000 -271.397102
    1846000 -271.651052
    1847000 -272.482656
    1848000 -276.663219
    1849000 -271.094111
    1850000 -267.739792
    1851000 -269.674337
    1852000 -271.438082
    1853000 -267.985836
    1854000 -268.344873
    1855000 -278.973901
    1856000 -271.450510
    1857000 -271.982280
    1858000 -267.921261
    1859000 -270.270293
    1860000 -271.488608
    1861000 -274.729492
    1862000 -269.505388
    1863000 -271.460253
    1864000 -271.752101
    1865000 -270.469508
    1866000 -272.779150
    1867000 -270.163539
    1868000 -274.994186
    1869000 -269.834287
    1870000 -267.954537
    1871000 -269.954084
    1872000 -267.590612
    1873000 -268.596681
    1874000 -271.450349
    1875000 -267.663787
    1876000 -269.272121
    1877000 -270.913593
    1878000 -268.478319
    1879000 -269.500309
    1880000 -269.547872
    1881000 -275.728811
    1882000 -269.563017
    1883000 -268.562104
    1884000 -273.224251
    1885000 -269.490751
    1886000 -267.685586
    1887000 -269.503806
    1888000 -276.737132
    1889000 -271.757054
    1890000 -270.422048
    1891000 -276.868175
    1892000 -269.761742
    1893000 -267.755523
    1894000 -267.953419
    1895000 -270.955821
    1896000 -270.609833
    1897000 -269.502586
    1898000 -271.416416
    1899000 -273.219815
    1900000 -269.777610
    1901000 -269.731707
    1902000 -268.977118
    1903000 -269.268525
    1904000 -269.599742
    1905000 -271.942192
    1906000 -271.440755
    1907000 -273.652802
    1908000 -268.336630
    1909000 -269.907397
    1910000 -273.339951
    1911000 -268.985562
    1912000 -269.631721
    1913000 -269.803356
    1914000 -274.086540
    1915000 -273.235579
    1916000 -272.634515
    1917000 -270.944682
    1918000 -278.890808
    1919000 -270.548973
    1920000 -272.101153
    1921000 -267.583109
    1922000 -268.201068
    1923000 -271.923645
    1924000 -273.089759
    1925000 -269.331962
    1926000 -272.323455
    1927000 -269.542815
    1928000 -272.133336
    1929000 -269.726352
    1930000 -275.287941
    1931000 -269.249297
    1932000 -270.038134
    1933000 -273.255261
    1934000 -271.147520
    1935000 -269.253314
    1936000 -269.741958
    1937000 -269.370701
    1938000 -269.544752
    1939000 -278.765952
    1940000 -270.916719
    1941000 -269.677643
    1942000 -269.525227
    1943000 -267.687871
    1944000 -267.919172
    1945000 -267.723225
    1946000 -267.652087
    1947000 -271.423170
    1948000 -267.889206
    1949000 -271.375735
    1950000 -274.407756
    1951000 -269.741378
    1952000 -273.225545
    1953000 -270.112472
    1954000 -270.047222
    1955000 -269.689277
    1956000 -268.351689
    1957000 -271.377874
    1958000 -277.096904
    1959000 -272.732907
    1960000 -269.622313
    1961000 -272.083988
    1962000 -273.238807
    1963000 -270.380891
    1964000 -271.995721
    1965000 -268.005864
    1966000 -271.553513
    1967000 -269.849674
    1968000 -278.331613
    1969000 -270.088848
    1970000 -271.667311
    1971000 -270.410117
    1972000 -270.964243
    1973000 -268.770717
    1974000 -268.419874
    1975000 -276.982432
    1976000 -267.605514
    1977000 -272.419982
    1978000 -268.169373
    1979000 -269.667591
    1980000 -268.085796
    1981000 -269.575029
    1982000 -268.204574
    1983000 -277.437377
    1984000 -269.519442
    1985000 -269.503181
    1986000 -269.499789
    1987000 -271.687434
    1988000 -274.068419
    1989000 -267.582487
    1990000 -270.072405
    1991000 -268.074853
    1992000 -269.567836
    1993000 -269.512327
    1994000 -274.446936
    1995000 -269.523032
    1996000 -272.010121
    1997000 -269.969700
    1998000 -269.499365
    1999000 -273.354479
    2000000 -268.336545
