    genPlus1     spaQ
        1000  0.276348
        2000  0.228765
        3000  0.233828
        4000  0.222657
        5000  0.248339
        6000  0.221617
        7000  0.279592
        8000  0.315165
        9000  0.183563
       10000  0.283157
       11000  0.280679
       12000  0.159496
       13000  0.206363
       14000  0.217177
       15000  0.192663
       16000  0.162533
       17000  0.211511
       18000  0.195765
       19000  0.215550
       20000  0.184674
       21000  0.162826
       22000  0.214092
       23000  0.137105
       24000  0.216968
       25000  0.340549
       26000  0.206406
       27000  0.218549
       28000  0.246587
       29000  0.214552
       30000  0.221460
       31000  0.210219
       32000  0.220814
       33000  0.260990
       34000  0.224610
       35000  0.233179
       36000  0.307392
       37000  0.275004
       38000  0.230510
       39000  0.223251
       40000  0.260866
       41000  0.211148
       42000  0.181583
       43000  0.238257
       44000  0.229114
       45000  0.201032
       46000  0.219536
       47000  0.244972
       48000  0.272291
       49000  0.179970
       50000  0.198616
       51000  0.245826
       52000  0.243822
       53000  0.204686
       54000  0.220738
       55000  0.172794
       56000  0.286194
       57000  0.245057
       58000  0.216545
       59000  0.217358
       60000  0.218868
       61000  0.316604
       62000  0.282211
       63000  0.235558
       64000  0.239883
       65000  0.223765
       66000  0.196256
       67000  0.238062
       68000  0.209106
       69000  0.175722
       70000  0.247710
       71000  0.250449
       72000  0.183896
       73000  0.209484
       74000  0.294970
       75000  0.263690
       76000  0.222467
       77000  0.236804
       78000  0.202301
       79000  0.294908
       80000  0.190522
       81000  0.210319
       82000  0.296308
       83000  0.296747
       84000  0.175178
       85000  0.272482
       86000  0.230402
       87000  0.200424
       88000  0.187576
       89000  0.169468
       90000  0.252077
       91000  0.253510
       92000  0.221673
       93000  0.258376
       94000  0.193655
       95000  0.204053
       96000  0.205788
       97000  0.255751
       98000  0.235219
       99000  0.296338
      100000  0.203079
      101000  0.220449
      102000  0.318556
      103000  0.229256
      104000  0.196833
      105000  0.277353
      106000  0.333309
      107000  0.301081
      108000  0.234960
      109000  0.163864
      110000  0.205339
      111000  0.260750
      112000  0.244448
      113000  0.204929
      114000  0.257857
      115000  0.242980
      116000  0.171750
      117000  0.306129
      118000  0.232527
      119000  0.170849
      120000  0.163066
      121000  0.253809
      122000  0.214776
      123000  0.197892
      124000  0.328403
      125000  0.246667
      126000  0.237114
      127000  0.199541
      128000  0.225779
      129000  0.233632
      130000  0.228020
      131000  0.211569
      132000  0.202459
      133000  0.188440
      134000  0.232691
      135000  0.127547
      136000  0.206779
      137000  0.291032
      138000  0.257854
      139000  0.222720
      140000  0.274544
      141000  0.243269
      142000  0.239220
      143000  0.181511
      144000  0.180361
      145000  0.226593
      146000  0.236490
      147000  0.203389
      148000  0.237265
      149000  0.232869
      150000  0.163954
      151000  0.214963
      152000  0.236841
      153000  0.176891
      154000  0.153614
      155000  0.181217
      156000  0.118847
      157000  0.246509
      158000  0.252778
      159000  0.189613
      160000  0.367578
      161000  0.189377
      162000  0.219644
      163000  0.242602
      164000  0.270974
      165000  0.188605
      166000  0.210410
      167000  0.167561
      168000  0.195701
      169000  0.258201
      170000  0.250222
      171000  0.241029
      172000  0.291217
      173000  0.206777
      174000  0.279505
      175000  0.257107
      176000  0.181731
      177000  0.195521
      178000  0.191014
      179000  0.167212
      180000  0.248919
      181000  0.190171
      182000  0.240857
      183000  0.240061
      184000  0.194460
      185000  0.232358
      186000  0.198664
      187000  0.192506
      188000  0.220231
      189000  0.264734
      190000  0.312212
      191000  0.230373
      192000  0.195065
      193000  0.238314
      194000  0.277015
      195000  0.183452
      196000  0.237891
      197000  0.258266
      198000  0.227242
      199000  0.185547
      200000  0.204043
      201000  0.191828
      202000  0.289668
      203000  0.251469
      204000  0.185859
      205000  0.212082
      206000  0.231719
      207000  0.273775
      208000  0.233104
      209000  0.270339
      210000  0.229880
      211000  0.198170
      212000  0.202448
      213000  0.230917
      214000  0.274595
      215000  0.208935
      216000  0.213434
      217000  0.255898
      218000  0.213863
      219000  0.264895
      220000  0.228668
      221000  0.214479
      222000  0.222792
      223000  0.328108
      224000  0.175647
      225000  0.222055
      226000  0.210298
      227000  0.256149
      228000  0.238044
      229000  0.262840
      230000  0.189306
      231000  0.194922
      232000  0.226642
      233000  0.285733
      234000  0.211930
      235000  0.217406
      236000  0.178480
      237000  0.242750
      238000  0.249358
      239000  0.253812
      240000  0.185578
      241000  0.282746
      242000  0.206829
      243000  0.195185
      244000  0.270384
      245000  0.201013
      246000  0.261848
      247000  0.155320
      248000  0.231363
      249000  0.191763
      250000  0.235378
      251000  0.271833
      252000  0.226845
      253000  0.215590
      254000  0.202449
      255000  0.269199
      256000  0.274660
      257000  0.178535
      258000  0.266677
      259000  0.201951
      260000  0.253481
      261000  0.236261
      262000  0.235560
      263000  0.217039
      264000  0.259504
      265000  0.235364
      266000  0.200327
      267000  0.225017
      268000  0.222454
      269000  0.248210
      270000  0.219667
      271000  0.239075
      272000  0.245375
      273000  0.249625
      274000  0.225918
      275000  0.227939
      276000  0.234344
      277000  0.226116
      278000  0.200646
      279000  0.318518
      280000  0.195587
      281000  0.206253
      282000  0.263842
      283000  0.247853
      284000  0.262036
      285000  0.252145
      286000  0.241015
      287000  0.234249
      288000  0.222742
      289000  0.281403
      290000  0.220079
      291000  0.195725
      292000  0.144994
      293000  0.206227
      294000  0.268133
      295000  0.255829
      296000  0.266257
      297000  0.211899
      298000  0.312029
      299000  0.261731
      300000  0.256275
      301000  0.217659
      302000  0.171622
      303000  0.169871
      304000  0.267934
      305000  0.231005
      306000  0.218025
      307000  0.293741
      308000  0.212214
      309000  0.195372
      310000  0.243105
      311000  0.140766
      312000  0.257564
      313000  0.259469
      314000  0.219244
      315000  0.231835
      316000  0.282342
      317000  0.279450
      318000  0.223711
      319000  0.185684
      320000  0.216862
      321000  0.199738
      322000  0.243757
      323000  0.235191
      324000  0.219478
      325000  0.196851
      326000  0.265839
      327000  0.255447
      328000  0.216358
      329000  0.239042
      330000  0.221376
      331000  0.195995
      332000  0.213128
      333000  0.225127
      334000  0.200937
      335000  0.163198
      336000  0.234746
      337000  0.238847
      338000  0.258583
      339000  0.290507
      340000  0.233672
      341000  0.214346
      342000  0.242934
      343000  0.201289
      344000  0.276694
      345000  0.226612
      346000  0.179090
      347000  0.224648
      348000  0.277142
      349000  0.237660
      350000  0.254088
      351000  0.165228
      352000  0.196911
      353000  0.211400
      354000  0.278111
      355000  0.219090
      356000  0.266631
      357000  0.222627
      358000  0.267046
      359000  0.276142
      360000  0.223608
      361000  0.265693
      362000  0.203729
      363000  0.238027
      364000  0.248032
      365000  0.291445
      366000  0.177273
      367000  0.211821
      368000  0.232397
      369000  0.216880
      370000  0.202393
      371000  0.218317
      372000  0.240150
      373000  0.283595
      374000  0.285666
      375000  0.249086
      376000  0.217968
      377000  0.207801
      378000  0.238770
      379000  0.177961
      380000  0.202328
      381000  0.219697
      382000  0.280680
      383000  0.229749
      384000  0.195696
      385000  0.267480
      386000  0.205937
      387000  0.304995
      388000  0.237601
      389000  0.214287
      390000  0.182765
      391000  0.233190
      392000  0.242627
      393000  0.213844
      394000  0.215753
      395000  0.249676
      396000  0.203719
      397000  0.232929
      398000  0.248315
      399000  0.233153
      400000  0.235662
      401000  0.277476
      402000  0.311016
      403000  0.251492
      404000  0.253506
      405000  0.258774
      406000  0.234713
      407000  0.164154
      408000  0.244544
      409000  0.287601
      410000  0.222737
      411000  0.239082
      412000  0.204078
      413000  0.248357
      414000  0.225086
      415000  0.207169
      416000  0.180003
      417000  0.314719
      418000  0.229589
      419000  0.214577
      420000  0.231918
      421000  0.236456
      422000  0.281396
      423000  0.237957
      424000  0.155629
      425000  0.164611
      426000  0.203911
      427000  0.172191
      428000  0.200418
      429000  0.200317
      430000  0.272574
      431000  0.224914
      432000  0.183744
      433000  0.184741
      434000  0.210807
      435000  0.188706
      436000  0.210159
      437000  0.173620
      438000  0.242708
      439000  0.241543
      440000  0.200067
      441000  0.198851
      442000  0.181066
      443000  0.280836
      444000  0.284137
      445000  0.223301
      446000  0.232646
      447000  0.252911
      448000  0.238908
      449000  0.314634
      450000  0.204928
      451000  0.209210
      452000  0.239471
      453000  0.189319
      454000  0.218093
      455000  0.263094
      456000  0.184036
      457000  0.235994
      458000  0.241915
      459000  0.226192
      460000  0.197397
      461000  0.210312
      462000  0.226909
      463000  0.229162
      464000  0.198352
      465000  0.244179
      466000  0.177006
      467000  0.216440
      468000  0.255000
      469000  0.164139
      470000  0.244312
      471000  0.229941
      472000  0.175292
      473000  0.320387
      474000  0.195108
      475000  0.211851
      476000  0.215437
      477000  0.260296
      478000  0.310860
      479000  0.201111
      480000  0.229066
      481000  0.215172
      482000  0.261793
      483000  0.249563
      484000  0.226020
      485000  0.205408
      486000  0.170587
      487000  0.242309
      488000  0.248984
      489000  0.304435
      490000  0.279190
      491000  0.304312
      492000  0.197417
      493000  0.217398
      494000  0.285900
      495000  0.220038
      496000  0.187201
      497000  0.167407
      498000  0.310231
      499000  0.223434
      500000  0.274635
      501000  0.198140
      502000  0.206580
      503000  0.277854
      504000  0.234122
      505000  0.185967
      506000  0.217415
      507000  0.216305
      508000  0.259165
      509000  0.228954
      510000  0.240663
      511000  0.218841
      512000  0.214938
      513000  0.282772
      514000  0.221844
      515000  0.240107
      516000  0.205817
      517000  0.266139
      518000  0.200282
      519000  0.203686
      520000  0.203038
      521000  0.266311
      522000  0.227584
      523000  0.193732
      524000  0.273300
      525000  0.279311
      526000  0.199762
      527000  0.177732
      528000  0.201596
      529000  0.237880
      530000  0.289584
      531000  0.264390
      532000  0.264210
      533000  0.189482
      534000  0.318959
      535000  0.244094
      536000  0.210966
      537000  0.201495
      538000  0.219977
      539000  0.196269
      540000  0.278931
      541000  0.192688
      542000  0.257888
      543000  0.204176
      544000  0.187030
      545000  0.269358
      546000  0.235424
      547000  0.183352
      548000  0.224031
      549000  0.229430
      550000  0.292211
      551000  0.174992
      552000  0.208268
      553000  0.259138
      554000  0.147224
      555000  0.168684
      556000  0.253186
      557000  0.240882
      558000  0.204587
      559000  0.249255
      560000  0.265796
      561000  0.202995
      562000  0.189651
      563000  0.207077
      564000  0.163768
      565000  0.259671
      566000  0.252093
      567000  0.138077
      568000  0.248852
      569000  0.181346
      570000  0.221604
      571000  0.267393
      572000  0.227331
      573000  0.274527
      574000  0.252946
      575000  0.226040
      576000  0.212621
      577000  0.226312
      578000  0.279932
      579000  0.295816
      580000  0.168135
      581000  0.233307
      582000  0.215252
      583000  0.205751
      584000  0.246737
      585000  0.248809
      586000  0.206891
      587000  0.255327
      588000  0.256256
      589000  0.221536
      590000  0.252724
      591000  0.243384
      592000  0.205374
      593000  0.265775
      594000  0.116102
      595000  0.250850
      596000  0.259119
      597000  0.170407
      598000  0.212005
      599000  0.202157
      600000  0.250555
      601000  0.254265
      602000  0.265223
      603000  0.190330
      604000  0.265003
      605000  0.213009
      606000  0.218829
      607000  0.227771
      608000  0.252532
      609000  0.250061
      610000  0.224666
      611000  0.224540
      612000  0.199822
      613000  0.264152
      614000  0.266903
      615000  0.184268
      616000  0.201480
      617000  0.222573
      618000  0.216126
      619000  0.271190
      620000  0.222996
      621000  0.189250
      622000  0.257404
      623000  0.246137
      624000  0.273047
      625000  0.266461
      626000  0.181458
      627000  0.175687
      628000  0.229626
      629000  0.227562
      630000  0.237739
      631000  0.217618
      632000  0.227323
      633000  0.182187
      634000  0.255097
      635000  0.228545
      636000  0.223225
      637000  0.210656
      638000  0.202996
      639000  0.163950
      640000  0.220479
      641000  0.242922
      642000  0.148187
      643000  0.187050
      644000  0.250628
      645000  0.278260
      646000  0.241356
      647000  0.248976
      648000  0.283449
      649000  0.186775
      650000  0.279484
      651000  0.248046
      652000  0.218372
      653000  0.253023
      654000  0.215800
      655000  0.187536
      656000  0.198011
      657000  0.189740
      658000  0.203095
      659000  0.222733
      660000  0.236452
      661000  0.178558
      662000  0.195375
      663000  0.209363
      664000  0.207745
      665000  0.259061
      666000  0.246740
      667000  0.222864
      668000  0.165528
      669000  0.327009
      670000  0.168994
      671000  0.200089
      672000  0.195341
      673000  0.181996
      674000  0.183374
      675000  0.192985
      676000  0.226589
      677000  0.256483
      678000  0.235525
      679000  0.209817
      680000  0.178343
      681000  0.265344
      682000  0.242844
      683000  0.232398
      684000  0.224520
      685000  0.186268
      686000  0.226419
      687000  0.212418
      688000  0.206383
      689000  0.274099
      690000  0.214773
      691000  0.257410
      692000  0.240529
      693000  0.232924
      694000  0.247632
      695000  0.222190
      696000  0.209696
      697000  0.167811
      698000  0.216556
      699000  0.174167
      700000  0.174491
      701000  0.297754
      702000  0.157713
      703000  0.218625
      704000  0.241833
      705000  0.197580
      706000  0.225080
      707000  0.201985
      708000  0.223707
      709000  0.235267
      710000  0.240432
      711000  0.246210
      712000  0.230602
      713000  0.295339
      714000  0.204520
      715000  0.251109
      716000  0.153989
      717000  0.293459
      718000  0.250199
      719000  0.195031
      720000  0.316896
      721000  0.256232
      722000  0.267009
      723000  0.231345
      724000  0.199963
      725000  0.173699
      726000  0.188939
      727000  0.230651
      728000  0.223498
      729000  0.246233
      730000  0.268446
      731000  0.250479
      732000  0.225962
      733000  0.223266
      734000  0.174071
      735000  0.207828
      736000  0.175717
      737000  0.196621
      738000  0.227634
      739000  0.209465
      740000  0.197860
      741000  0.208168
      742000  0.168588
      743000  0.216669
      744000  0.205186
      745000  0.215316
      746000  0.279237
      747000  0.225653
      748000  0.232598
      749000  0.187521
      750000  0.185771
      751000  0.229651
      752000  0.299639
      753000  0.214483
      754000  0.215236
      755000  0.280329
      756000  0.255764
      757000  0.284674
      758000  0.195826
      759000  0.199047
      760000  0.229861
      761000  0.208962
      762000  0.217188
      763000  0.199107
      764000  0.246487
      765000  0.216057
      766000  0.222188
      767000  0.238017
      768000  0.212072
      769000  0.253993
      770000  0.233453
      771000  0.178443
      772000  0.250693
      773000  0.209403
      774000  0.186523
      775000  0.162435
      776000  0.189295
      777000  0.275940
      778000  0.188971
      779000  0.154678
      780000  0.268045
      781000  0.269282
      782000  0.179543
      783000  0.225519
      784000  0.234925
      785000  0.229003
      786000  0.196516
      787000  0.239687
      788000  0.211129
      789000  0.212649
      790000  0.187679
      791000  0.217828
      792000  0.230491
      793000  0.274137
      794000  0.225156
      795000  0.251090
      796000  0.235112
      797000  0.225494
      798000  0.199343
      799000  0.300873
      800000  0.177094
      801000  0.237822
      802000  0.251706
      803000  0.189159
      804000  0.217107
      805000  0.156196
      806000  0.227138
      807000  0.206702
      808000  0.221086
      809000  0.247200
      810000  0.175008
      811000  0.176583
      812000  0.248036
      813000  0.213302
      814000  0.205902
      815000  0.212789
      816000  0.208354
      817000  0.204580
      818000  0.204827
      819000  0.199291
      820000  0.200851
      821000  0.249754
      822000  0.139323
      823000  0.227273
      824000  0.272085
      825000  0.253732
      826000  0.283718
      827000  0.200655
      828000  0.230364
      829000  0.252487
      830000  0.224578
      831000  0.173092
      832000  0.187338
      833000  0.243906
      834000  0.212310
      835000  0.204269
      836000  0.235019
      837000  0.264704
      838000  0.233845
      839000  0.179588
      840000  0.191053
      841000  0.260835
      842000  0.280534
      843000  0.223486
      844000  0.291369
      845000  0.169321
      846000  0.236166
      847000  0.219549
      848000  0.266417
      849000  0.249186
      850000  0.265514
      851000  0.214954
      852000  0.225101
      853000  0.272193
      854000  0.198248
      855000  0.225007
      856000  0.285976
      857000  0.259840
      858000  0.285743
      859000  0.251885
      860000  0.251098
      861000  0.280984
      862000  0.242200
      863000  0.205371
      864000  0.268488
      865000  0.260793
      866000  0.238288
      867000  0.250668
      868000  0.202847
      869000  0.238729
      870000  0.242397
      871000  0.189128
      872000  0.212568
      873000  0.202071
      874000  0.273807
      875000  0.242473
      876000  0.152199
      877000  0.188636
      878000  0.215904
      879000  0.183101
      880000  0.216220
      881000  0.217208
      882000  0.258735
      883000  0.204712
      884000  0.251725
      885000  0.168725
      886000  0.294296
      887000  0.241760
      888000  0.175115
      889000  0.245007
      890000  0.235649
      891000  0.202326
      892000  0.195483
      893000  0.206928
      894000  0.302325
      895000  0.136678
      896000  0.236883
      897000  0.238669
      898000  0.223636
      899000  0.192193
      900000  0.208997
      901000  0.221217
      902000  0.261632
      903000  0.209045
      904000  0.233688
      905000  0.251771
      906000  0.187765
      907000  0.217187
      908000  0.198478
      909000  0.218367
      910000  0.307193
      911000  0.256859
      912000  0.282582
      913000  0.250352
      914000  0.211686
      915000  0.226879
      916000  0.228509
      917000  0.262097
      918000  0.232401
      919000  0.228242
      920000  0.251758
      921000  0.175744
      922000  0.264157
      923000  0.206249
      924000  0.172573
      925000  0.196928
      926000  0.228793
      927000  0.138491
      928000  0.202084
      929000  0.182387
      930000  0.267267
      931000  0.214898
      932000  0.188932
      933000  0.223222
      934000  0.246063
      935000  0.249331
      936000  0.167217
      937000  0.183480
      938000  0.208768
      939000  0.234090
      940000  0.239124
      941000  0.269425
      942000  0.217519
      943000  0.147300
      944000  0.247298
      945000  0.207767
      946000  0.288311
      947000  0.219850
      948000  0.176323
      949000  0.250602
      950000  0.223166
      951000  0.204998
      952000  0.233664
      953000  0.258493
      954000  0.221525
      955000  0.225587
      956000  0.229113
      957000  0.255543
      958000  0.192069
      959000  0.207551
      960000  0.175100
      961000  0.128484
      962000  0.237412
      963000  0.197441
      964000  0.275576
      965000  0.256208
      966000  0.234954
      967000  0.161891
      968000  0.171393
      969000  0.207586
      970000  0.237593
      971000  0.274174
      972000  0.239665
      973000  0.262342
      974000  0.287063
      975000  0.234053
      976000  0.182417
      977000  0.197726
      978000  0.219030
      979000  0.247290
      980000  0.216225
      981000  0.314082
      982000  0.205997
      983000  0.177184
      984000  0.272231
      985000  0.289676
      986000  0.233848
      987000  0.217351
      988000  0.287365
      989000  0.263798
      990000  0.293640
      991000  0.192891
      992000  0.275314
      993000  0.174233
      994000  0.215181
      995000  0.202503
      996000  0.202819
      997000  0.226435
      998000  0.267614
      999000  0.187960
     1000000  0.239274
