       1000 -26895.175979
       2000 -26896.265667
       3000 -26895.230960
       4000 -26895.505701
       5000 -26895.308303
       6000 -26895.554577
       7000 -26896.008840
       8000 -26895.161358
       9000 -26895.378126
      10000 -26895.173416
      11000 -26896.241229
      12000 -26897.179777
      13000 -26896.225382
      14000 -26895.748542
      15000 -26896.109788
      16000 -26896.148455
      17000 -26896.152374
      18000 -26897.659513
      19000 -26895.761228
      20000 -26898.881247
      21000 -26895.749228
      22000 -26896.070995
      23000 -26895.163834
      24000 -26896.573379
      25000 -26900.427755
      26000 -26895.859599
      27000 -26896.157040
      28000 -26896.265363
      29000 -26895.755527
      30000 -26897.582801
      31000 -26896.050077
      32000 -26900.392394
      33000 -26896.225743
      34000 -26895.225507
      35000 -26895.264002
      36000 -26896.611459
      37000 -26897.438287
      38000 -26896.908086
      39000 -26896.512260
      40000 -26897.346813
      41000 -26895.556428
      42000 -26897.061856
      43000 -26896.245316
      44000 -26896.148142
      45000 -26896.147956
      46000 -26895.868759
      47000 -26903.089337
      48000 -26896.294408
      49000 -26895.750274
      50000 -26896.147837
      51000 -26896.214678
      52000 -26896.634386
      53000 -26897.777416
      54000 -26895.163414
      55000 -26896.474808
      56000 -26895.183147
      57000 -26895.231957
      58000 -26895.892682
      59000 -26895.785357
      60000 -26895.488802
      61000 -26896.422557
      62000 -26897.232840
      63000 -26896.527403
      64000 -26895.443020
      65000 -26896.192285
      66000 -26895.175212
      67000 -26896.226155
      68000 -26895.231818
      69000 -26896.293684
      70000 -26895.914671
      71000 -26895.207032
      72000 -26897.214519
      73000 -26895.270716
      74000 -26897.102194
      75000 -26896.287925
      76000 -26897.082087
      77000 -26896.261601
      78000 -26895.315352
      79000 -26895.279581
      80000 -26895.208295
      81000 -26896.152083
      82000 -26895.871072
      83000 -26896.155025
      84000 -26896.296534
      85000 -26895.893538
      86000 -26896.961207
      87000 -26895.246718
      88000 -26896.305707
      89000 -26896.030331
      90000 -26897.148296
      91000 -26895.814859
      92000 -26896.614134
      93000 -26895.170594
      94000 -26896.147224
      95000 -26896.600565
      96000 -26895.870115
      97000 -26896.417798
      98000 -26896.462473
      99000 -26896.466288
     100000 -26898.171904
     101000 -26896.664544
     102000 -26896.944568
     103000 -26895.195269
     104000 -26896.146088
     105000 -26896.124999
     106000 -26897.212017
     107000 -26896.150398
     108000 -26896.497571
     109000 -26895.794905
     110000 -26896.204187
     111000 -26895.412897
     112000 -26898.145321
     113000 -26897.503171
     114000 -26896.562856
     115000 -26895.727658
     116000 -26896.652775
     117000 -26895.630564
     118000 -26897.723384
     119000 -26896.189904
     120000 -26895.962616
     121000 -26895.165029
     122000 -26896.009141
     123000 -26896.154507
     124000 -26895.171622
     125000 -26897.308677
     126000 -26898.613163
     127000 -26896.148971
     128000 -26896.313737
     129000 -26897.068022
     130000 -26895.908587
     131000 -26895.946665
     132000 -26895.324677
     133000 -26896.019613
     134000 -26895.899238
     135000 -26897.237173
     136000 -26896.184995
     137000 -26896.687063
     138000 -26897.077966
     139000 -26896.339158
     140000 -26896.187704
     141000 -26896.561154
     142000 -26898.452603
     143000 -26895.196221
     144000 -26896.881452
     145000 -26896.168098
     146000 -26895.500143
     147000 -26896.441048
     148000 -26895.828669
     149000 -26898.429562
     150000 -26897.114683
     151000 -26896.616339
     152000 -26895.725742
     153000 -26896.625048
     154000 -26895.893057
     155000 -26896.327614
     156000 -26895.164127
     157000 -26895.750468
     158000 -26896.148401
     159000 -26895.461519
     160000 -26897.198654
     161000 -26896.273748
     162000 -26895.181329
     163000 -26895.999353
     164000 -26896.945321
     165000 -26895.563374
     166000 -26895.759350
     167000 -26895.446082
     168000 -26896.613188
     169000 -26896.326061
     170000 -26895.758626
     171000 -26896.736693
     172000 -26896.168635
     173000 -26895.825222
     174000 -26896.399308
     175000 -26900.320292
     176000 -26895.823241
     177000 -26896.175448
     178000 -26895.170579
     179000 -26895.161289
     180000 -26896.151322
     181000 -26896.708478
     182000 -26898.510580
     183000 -26895.231542
     184000 -26896.521598
     185000 -26895.362758
     186000 -26898.063896
     187000 -26896.147245
     188000 -26895.160521
     189000 -26896.249153
     190000 -26898.306350
     191000 -26895.985629
     192000 -26902.474203
     193000 -26896.211537
     194000 -26898.007283
     195000 -26896.161308
     196000 -26895.163472
     197000 -26895.298998
     198000 -26896.691104
     199000 -26896.799388
     200000 -26896.600739
     201000 -26896.504407
     202000 -26896.334493
     203000 -26896.283383
     204000 -26896.537456
     205000 -26896.149534
     206000 -26896.282572
     207000 -26895.380556
     208000 -26896.928539
     209000 -26896.180002
     210000 -26896.148951
     211000 -26896.327120
     212000 -26895.329522
     213000 -26895.919338
     214000 -26896.158372
     215000 -26897.504582
     216000 -26896.187895
     217000 -26895.615519
     218000 -26897.222798
     219000 -26896.157399
     220000 -26898.017454
     221000 -26897.002219
     222000 -26896.254704
     223000 -26896.182089
     224000 -26895.423755
     225000 -26895.161739
     226000 -26895.788062
     227000 -26896.550639
     228000 -26896.369775
     229000 -26895.340610
     230000 -26895.619734
     231000 -26896.195952
     232000 -26896.189379
     233000 -26895.788392
     234000 -26896.755624
     235000 -26896.724124
     236000 -26897.567719
     237000 -26895.896441
     238000 -26895.160525
     239000 -26895.346505
     240000 -26895.830911
     241000 -26895.605074
     242000 -26895.708539
     243000 -26896.355331
     244000 -26895.192023
     245000 -26896.237822
     246000 -26896.221026
     247000 -26896.394441
     248000 -26895.322827
     249000 -26897.292666
     250000 -26895.930068
     251000 -26896.634019
     252000 -26896.203862
     253000 -26898.870805
     254000 -26897.101682
     255000 -26895.799324
     256000 -26895.780587
     257000 -26895.448893
     258000 -26895.189809
     259000 -26895.311553
     260000 -26895.443976
     261000 -26896.538062
     262000 -26896.369226
     263000 -26896.085513
     264000 -26896.258432
     265000 -26895.352589
     266000 -26895.602913
     267000 -26897.693800
     268000 -26896.592558
     269000 -26895.365335
     270000 -26895.464524
     271000 -26897.310698
     272000 -26895.898708
     273000 -26896.889127
     274000 -26896.349369
     275000 -26896.225628
     276000 -26896.152320
     277000 -26896.919817
     278000 -26895.757894
     279000 -26895.440188
     280000 -26896.993620
     281000 -26895.163482
     282000 -26895.850010
     283000 -26896.148162
     284000 -26895.260238
     285000 -26896.215080
     286000 -26895.572456
     287000 -26896.521991
     288000 -26896.157800
     289000 -26898.078590
     290000 -26895.160553
     291000 -26895.218340
     292000 -26896.004864
     293000 -26896.217731
     294000 -26896.510077
     295000 -26896.822654
     296000 -26895.450735
     297000 -26896.002250
     298000 -26895.803444
     299000 -26896.682641
     300000 -26895.279342
     301000 -26896.156867
     302000 -26896.601620
     303000 -26895.893646
     304000 -26898.213130
     305000 -26899.043714
     306000 -26896.626881
     307000 -26896.482244
     308000 -26896.152770
     309000 -26896.188094
     310000 -26895.821123
     311000 -26896.317674
     312000 -26902.085633
     313000 -26901.544347
     314000 -26895.750609
     315000 -26896.258348
     316000 -26895.918855
     317000 -26896.442025
     318000 -26895.769707
     319000 -26896.192539
     320000 -26899.491863
     321000 -26895.160544
     322000 -26896.263203
     323000 -26895.240931
     324000 -26896.156338
     325000 -26895.828576
     326000 -26895.202779
     327000 -26897.158572
     328000 -26895.162984
     329000 -26896.158616
     330000 -26897.976027
     331000 -26898.183024
     332000 -26895.172367
     333000 -26895.795323
     334000 -26895.270229
     335000 -26899.256973
     336000 -26895.847424
     337000 -26896.411332
     338000 -26895.169221
     339000 -26896.060608
     340000 -26895.217008
     341000 -26895.760488
     342000 -26895.179973
     343000 -26896.010083
     344000 -26895.603954
     345000 -26896.396286
     346000 -26896.312025
     347000 -26896.202878
     348000 -26896.230565
     349000 -26895.318854
     350000 -26895.762882
     351000 -26896.005928
     352000 -26896.170110
     353000 -26896.203201
     354000 -26895.870005
     355000 -26895.751506
     356000 -26895.748330
     357000 -26900.579658
     358000 -26897.851194
     359000 -26896.218925
     360000 -26895.409827
     361000 -26896.247312
     362000 -26896.308894
     363000 -26896.244836
     364000 -26895.466432
     365000 -26896.158557
     366000 -26895.750997
     367000 -26896.150609
     368000 -26895.223320
     369000 -26900.330221
     370000 -26895.166557
     371000 -26897.968351
     372000 -26895.731649
     373000 -26899.538192
     374000 -26895.904606
     375000 -26896.245390
     376000 -26900.453626
     377000 -26896.190321
     378000 -26896.426035
     379000 -26898.905754
     380000 -26897.016100
     381000 -26896.192544
     382000 -26895.263343
     383000 -26895.597891
     384000 -26895.773168
     385000 -26896.148153
     386000 -26895.403332
     387000 -26896.198747
     388000 -26896.159362
     389000 -26896.719183
     390000 -26896.247667
     391000 -26896.002534
     392000 -26899.668852
     393000 -26896.637082
     394000 -26896.301547
     395000 -26895.615862
     396000 -26896.814698
     397000 -26895.884736
     398000 -26895.209302
     399000 -26895.808036
     400000 -26896.276196
     401000 -26895.369132
     402000 -26895.905915
     403000 -26895.842702
     404000 -26895.872595
     405000 -26896.204584
     406000 -26895.213305
     407000 -26895.328945
     408000 -26900.194497
     409000 -26896.147905
     410000 -26895.782399
     411000 -26895.178370
     412000 -26896.702122
     413000 -26895.605020
     414000 -26897.018695
     415000 -26895.279118
     416000 -26896.126694
     417000 -26896.368733
     418000 -26895.204861
     419000 -26896.524046
     420000 -26896.148841
     421000 -26896.148970
     422000 -26895.160515
     423000 -26895.912079
     424000 -26896.222374
     425000 -26895.452047
     426000 -26895.540831
     427000 -26897.817538
     428000 -26895.802867
     429000 -26896.461833
     430000 -26896.151065
     431000 -26896.425578
     432000 -26896.207913
     433000 -26896.900256
     434000 -26895.370178
     435000 -26897.835650
     436000 -26896.821653
     437000 -26899.969706
     438000 -26895.829179
     439000 -26896.378322
     440000 -26895.280221
     441000 -26896.553977
     442000 -26899.096112
     443000 -26896.052920
     444000 -26896.568531
     445000 -26895.952816
     446000 -26901.785800
     447000 -26896.425620
     448000 -26895.992441
     449000 -26896.929536
     450000 -26895.578573
     451000 -26895.852193
     452000 -26895.671452
     453000 -26895.387388
     454000 -26895.931940
     455000 -26895.985234
     456000 -26896.148913
     457000 -26895.176673
     458000 -26895.163333
     459000 -26896.377320
     460000 -26895.288133
     461000 -26896.656787
     462000 -26897.024047
     463000 -26896.029297
     464000 -26896.179411
     465000 -26895.909586
     466000 -26895.495548
     467000 -26897.135846
     468000 -26895.251443
     469000 -26896.237277
     470000 -26896.427675
     471000 -26895.908517
     472000 -26896.167792
     473000 -26897.857808
     474000 -26898.890396
     475000 -26896.360111
     476000 -26896.377442
     477000 -26895.791774
     478000 -26895.169148
     479000 -26896.298091
     480000 -26896.284028
     481000 -26897.628091
     482000 -26897.629734
     483000 -26895.752813
     484000 -26896.427718
     485000 -26895.903927
     486000 -26895.170897
     487000 -26895.612849
     488000 -26896.263076
     489000 -26898.944975
     490000 -26895.215056
     491000 -26896.331556
     492000 -26896.949027
     493000 -26895.161818
     494000 -26895.227662
     495000 -26899.850739
     496000 -26895.765675
     497000 -26895.298472
     498000 -26895.795822
     499000 -26896.483985
     500000 -26897.262632
     501000 -26898.910752
     502000 -26897.110657
     503000 -26895.420781
     504000 -26896.637278
     505000 -26895.863402
     506000 -26895.306140
     507000 -26896.624619
     508000 -26895.592547
     509000 -26896.202674
     510000 -26895.750322
     511000 -26897.326365
     512000 -26896.303562
     513000 -26896.353994
     514000 -26895.165262
     515000 -26895.830969
     516000 -26897.340759
     517000 -26897.113101
     518000 -26899.267793
     519000 -26899.145848
     520000 -26895.614441
     521000 -26895.615419
     522000 -26896.382080
     523000 -26895.477638
     524000 -26896.175863
     525000 -26895.683276
     526000 -26896.362629
     527000 -26895.510987
     528000 -26895.792843
     529000 -26896.489986
     530000 -26896.713403
     531000 -26895.816372
     532000 -26895.549058
     533000 -26895.758594
     534000 -26895.324953
     535000 -26896.874233
     536000 -26895.854220
     537000 -26896.160284
     538000 -26896.388611
     539000 -26901.585614
     540000 -26896.958456
     541000 -26897.211083
     542000 -26895.292761
     543000 -26895.287266
     544000 -26896.669231
     545000 -26895.469115
     546000 -26895.979896
     547000 -26897.133012
     548000 -26895.647737
     549000 -26899.372666
     550000 -26896.166510
     551000 -26895.985787
     552000 -26896.147290
     553000 -26896.220954
     554000 -26895.434861
     555000 -26896.187368
     556000 -26896.249933
     557000 -26896.261778
     558000 -26896.658091
     559000 -26897.044463
     560000 -26896.411094
     561000 -26895.255560
     562000 -26895.166716
     563000 -26898.106181
     564000 -26895.841946
     565000 -26896.441141
     566000 -26895.749836
     567000 -26895.160629
     568000 -26895.468954
     569000 -26896.342506
     570000 -26895.167887
     571000 -26895.440212
     572000 -26895.353114
     573000 -26895.218777
     574000 -26895.321331
     575000 -26895.192691
     576000 -26898.051695
     577000 -26897.177339
     578000 -26896.149886
     579000 -26898.699013
     580000 -26896.359012
     581000 -26896.374707
     582000 -26895.182924
     583000 -26895.224857
     584000 -26896.453276
     585000 -26895.576734
     586000 -26896.177769
     587000 -26895.163162
     588000 -26896.092737
     589000 -26895.767629
     590000 -26895.748901
     591000 -26896.544111
     592000 -26896.312474
     593000 -26895.932832
     594000 -26895.328339
     595000 -26895.210041
     596000 -26896.906207
     597000 -26895.464691
     598000 -26895.198459
     599000 -26896.238948
     600000 -26895.918101
     601000 -26895.438722
     602000 -26896.398666
     603000 -26897.556731
     604000 -26896.219570
     605000 -26896.761978
     606000 -26895.295903
     607000 -26896.534252
     608000 -26895.181275
     609000 -26899.664099
     610000 -26895.416952
     611000 -26895.242801
     612000 -26895.596952
     613000 -26895.165912
     614000 -26895.420192
     615000 -26896.346961
     616000 -26895.809038
     617000 -26896.993085
     618000 -26896.432432
     619000 -26895.566960
     620000 -26895.255419
     621000 -26895.887038
     622000 -26896.159618
     623000 -26897.613250
     624000 -26897.962807
     625000 -26897.188062
     626000 -26900.207326
     627000 -26895.306522
     628000 -26896.653679
     629000 -26897.247058
     630000 -26895.738229
     631000 -26898.855771
     632000 -26896.150249
     633000 -26895.258925
     634000 -26895.804943
     635000 -26895.175405
     636000 -26896.185579
     637000 -26896.340254
     638000 -26896.719634
     639000 -26895.754614
     640000 -26898.135315
     641000 -26896.016819
     642000 -26896.717207
     643000 -26896.427104
     644000 -26895.793049
     645000 -26895.975441
     646000 -26895.844049
     647000 -26896.152870
     648000 -26896.661057
     649000 -26895.833701
     650000 -26895.415564
     651000 -26895.433914
     652000 -26895.763887
     653000 -26899.643798
     654000 -26896.217461
     655000 -26896.174422
     656000 -26896.573303
     657000 -26895.840916
     658000 -26896.156132
     659000 -26895.421702
     660000 -26895.327017
     661000 -26896.331992
     662000 -26897.003079
     663000 -26896.129804
     664000 -26896.230122
     665000 -26896.652641
     666000 -26895.392527
     667000 -26896.222644
     668000 -26895.426468
     669000 -26896.519930
     670000 -26896.472809
     671000 -26895.169978
     672000 -26896.148977
     673000 -26896.687982
     674000 -26895.393070
     675000 -26896.171295
     676000 -26896.299858
     677000 -26895.486557
     678000 -26895.232292
     679000 -26896.374487
     680000 -26895.297619
     681000 -26898.026309
     682000 -26896.760454
     683000 -26896.856915
     684000 -26895.470255
     685000 -26895.645238
     686000 -26896.278493
     687000 -26896.432960
     688000 -26897.888315
     689000 -26895.291567
     690000 -26896.316742
     691000 -26895.523449
     692000 -26896.518638
     693000 -26897.093934
     694000 -26895.777574
     695000 -26895.754614
     696000 -26895.192227
     697000 -26895.422540
     698000 -26895.585872
     699000 -26895.822837
     700000 -26897.266371
     701000 -26896.001696
     702000 -26895.749972
     703000 -26896.542671
     704000 -26895.330693
     705000 -26895.468514
     706000 -26896.098870
     707000 -26896.357515
     708000 -26896.500636
     709000 -26896.716768
     710000 -26895.282066
     711000 -26895.583061
     712000 -26896.952997
     713000 -26896.308762
     714000 -26896.629827
     715000 -26896.815085
     716000 -26896.435400
     717000 -26895.952830
     718000 -26895.842159
     719000 -26895.376413
     720000 -26897.219736
     721000 -26895.212525
     722000 -26895.452964
     723000 -26895.883996
     724000 -26896.393755
     725000 -26895.942091
     726000 -26896.149258
     727000 -26897.469122
     728000 -26895.334036
     729000 -26895.228826
     730000 -26896.173084
     731000 -26898.780647
     732000 -26895.781121
     733000 -26895.457471
     734000 -26896.501158
     735000 -26896.309949
     736000 -26895.160586
     737000 -26901.890850
     738000 -26896.393702
     739000 -26895.165788
     740000 -26896.189204
     741000 -26895.829002
     742000 -26895.762708
     743000 -26897.040719
     744000 -26895.980284
     745000 -26896.258658
     746000 -26896.291721
     747000 -26897.069343
     748000 -26895.859282
     749000 -26899.665728
     750000 -26896.793767
     751000 -26895.167011
     752000 -26896.541389
     753000 -26896.413832
     754000 -26898.330453
     755000 -26896.148697
     756000 -26895.217366
     757000 -26896.147647
     758000 -26896.269697
     759000 -26896.184556
     760000 -26896.018065
     761000 -26895.748764
     762000 -26895.823807
     763000 -26895.449864
     764000 -26895.184605
     765000 -26895.160535
     766000 -26895.160615
     767000 -26897.217454
     768000 -26895.366237
     769000 -26895.161023
     770000 -26896.392798
     771000 -26895.172370
     772000 -26896.178755
     773000 -26896.332558
     774000 -26895.363267
     775000 -26896.761754
     776000 -26896.389687
     777000 -26895.214867
     778000 -26896.994966
     779000 -26896.440125
     780000 -26895.756213
     781000 -26898.382020
     782000 -26897.920775
     783000 -26896.817205
     784000 -26895.767425
     785000 -26895.480863
     786000 -26896.506291
     787000 -26898.130525
     788000 -26898.148110
     789000 -26895.208873
     790000 -26895.236571
     791000 -26896.880960
     792000 -26895.529710
     793000 -26895.867667
     794000 -26896.156117
     795000 -26896.274841
     796000 -26897.040717
     797000 -26895.184058
     798000 -26896.209154
     799000 -26895.773601
     800000 -26895.180574
     801000 -26896.227092
     802000 -26896.335762
     803000 -26896.169033
     804000 -26895.837236
     805000 -26895.749307
     806000 -26895.186168
     807000 -26895.833473
     808000 -26895.848050
     809000 -26900.188046
     810000 -26896.007364
     811000 -26897.027833
     812000 -26896.435743
     813000 -26896.221251
     814000 -26896.414531
     815000 -26897.659104
     816000 -26901.170565
     817000 -26895.237316
     818000 -26895.185325
     819000 -26895.167350
     820000 -26895.276307
     821000 -26895.934833
     822000 -26895.790946
     823000 -26896.480567
     824000 -26895.327975
     825000 -26895.748542
     826000 -26895.891089
     827000 -26896.499149
     828000 -26895.771937
     829000 -26895.420738
     830000 -26896.346010
     831000 -26895.991032
     832000 -26896.216633
     833000 -26895.695386
     834000 -26895.756190
     835000 -26895.757882
     836000 -26895.830039
     837000 -26895.296189
     838000 -26895.170001
     839000 -26896.490629
     840000 -26901.356725
     841000 -26896.427393
     842000 -26896.247916
     843000 -26901.616677
     844000 -26899.291419
     845000 -26895.378176
     846000 -26896.178865
     847000 -26895.221309
     848000 -26897.035574
     849000 -26895.768876
     850000 -26897.250401
     851000 -26896.231118
     852000 -26896.445357
     853000 -26895.162681
     854000 -26897.256150
     855000 -26898.304211
     856000 -26895.487124
     857000 -26895.752451
     858000 -26895.301002
     859000 -26896.296855
     860000 -26895.160780
     861000 -26895.198302
     862000 -26896.717738
     863000 -26896.157133
     864000 -26896.290479
     865000 -26895.959476
     866000 -26896.475590
     867000 -26896.160364
     868000 -26896.397213
     869000 -26896.004559
     870000 -26895.870901
     871000 -26896.224353
     872000 -26895.163880
     873000 -26895.896054
     874000 -26897.157315
     875000 -26896.164415
     876000 -26895.161104
     877000 -26895.766141
     878000 -26897.653787
     879000 -26896.157818
     880000 -26897.357432
     881000 -26895.569935
     882000 -26895.160906
     883000 -26898.784960
     884000 -26896.197711
     885000 -26895.788517
     886000 -26898.098742
     887000 -26897.639196
     888000 -26896.188948
     889000 -26895.966760
     890000 -26895.846230
     891000 -26895.547286
     892000 -26897.570541
     893000 -26896.585334
     894000 -26896.147558
     895000 -26902.685774
     896000 -26895.179397
     897000 -26895.483528
     898000 -26897.403643
     899000 -26898.084160
     900000 -26895.638885
     901000 -26897.338572
     902000 -26896.701443
     903000 -26895.392868
     904000 -26895.169460
     905000 -26895.568601
     906000 -26896.251785
     907000 -26897.549636
     908000 -26895.807203
     909000 -26896.050684
     910000 -26895.878436
     911000 -26895.175500
     912000 -26895.262987
     913000 -26895.749063
     914000 -26896.513388
     915000 -26896.249926
     916000 -26896.249561
     917000 -26897.046684
     918000 -26896.331246
     919000 -26895.366446
     920000 -26895.874123
     921000 -26895.293819
     922000 -26895.971380
     923000 -26898.405064
     924000 -26895.758014
     925000 -26895.170689
     926000 -26895.998391
     927000 -26895.599470
     928000 -26895.228127
     929000 -26896.210414
     930000 -26895.750684
     931000 -26895.523634
     932000 -26896.280077
     933000 -26895.761274
     934000 -26896.216033
     935000 -26897.841193
     936000 -26896.420803
     937000 -26895.160869
     938000 -26896.694624
     939000 -26895.884192
     940000 -26896.356603
     941000 -26895.270122
     942000 -26895.550750
     943000 -26895.855662
     944000 -26897.007945
     945000 -26895.748486
     946000 -26896.151462
     947000 -26895.773874
     948000 -26896.652239
     949000 -26896.352102
     950000 -26895.167772
     951000 -26895.940799
     952000 -26897.213790
     953000 -26896.161009
     954000 -26895.990503
     955000 -26895.186059
     956000 -26896.171077
     957000 -26896.312284
     958000 -26896.094291
     959000 -26895.213428
     960000 -26898.719219
     961000 -26896.173912
     962000 -26896.155527
     963000 -26896.834657
     964000 -26895.379797
     965000 -26895.914262
     966000 -26896.993636
     967000 -26896.307249
     968000 -26895.497935
     969000 -26896.158809
     970000 -26896.633843
     971000 -26896.596481
     972000 -26896.151674
     973000 -26897.458033
     974000 -26895.548438
     975000 -26895.877485
     976000 -26896.742759
     977000 -26895.749997
     978000 -26896.120440
     979000 -26895.841504
     980000 -26896.147224
     981000 -26896.911570
     982000 -26895.262282
     983000 -26896.679705
     984000 -26895.210449
     985000 -26896.190229
     986000 -26896.399970
     987000 -26896.003749
     988000 -26896.198290
     989000 -26895.183321
     990000 -26896.150142
     991000 -26896.433073
     992000 -26897.502147
     993000 -26897.269513
     994000 -26895.775295
     995000 -26895.808228
     996000 -26895.785901
     997000 -26895.316473
     998000 -26897.183249
     999000 -26896.364161
    1000000 -26896.726573
